0 0.10488509278603902 0.8258117313264677 0.01953125 0.028901734104046242
0 0.15299864815042394 0.6755070856666295 0.01953125 0.028901734104046242
0 0.1989738232763917 0.6343710773807789 0.01953125 0.028901734104046242
0 0.21501167506451999 0.5837421441058861 0.01953125 0.028901734104046242
0 0.15299864815042394 0.5821599899410455 0.01953125 0.028901734104046242
0 0.09953914218999627 0.5568455233035993 0.01953125 0.028901734104046242
0 0.11236942362049891 0.5252024400067912 0.01953125 0.028901734104046242
0 0.03218016467985735 0.5315310566661526 0.01953125 0.028901734104046242
0 0.05035639670640281 0.5157095150177486 0.01953125 0.028901734104046242
0 0.05784072754086265 0.7118966314579586 0.01953125 0.028901734104046242
0 0.3165847363893326 0.8732763562716799 0.01953125 0.028901734104046242
0 0.3625599115153004 0.75619694807349 0.01953125 0.028901734104046242
0 0.47375568391299 0.7451218689196072 0.01953125 0.028901734104046242
0 0.6009893080988079 0.7815114147109364 0.01953125 0.028901734104046242
0 0.8597333169472778 0.6802535481611506 0.01953125 0.028901734104046242
0 0.9367150055302937 0.6248781523917366 0.01953125 0.028901734104046242
0 0.9196079636229569 0.5647562941278013 0.01953125 0.028901734104046242
0 0.833003563967064 0.5283667483364719 0.01953125 0.028901734104046242
0 0.9709290893449675 0.5647562941278013 0.01953125 0.028901734104046242
0 0.5218692392773749 0.5869064524355667 0.01953125 0.028901734104046242
0 0.5496681823767973 0.5489347524793972 0.01953125 0.028901734104046242
0 0.5806746958338455 0.6090566107433326 0.01953125 0.028901734104046242
0 0.47161730367457283 0.6375353857104598 0.01953125 0.028901734104046242
0 0.3507988202040063 0.567920602457482 0.01953125 0.028901734104046242
0 0.3272766375814182 0.6011458399191306 0.01953125 0.028901734104046242
0 0.29520093400516156 0.6755070856666295 0.01953125 0.028901734104046242
0 0.31551554627012407 0.658103389853385 0.01953125 0.028901734104046242
0 0.2588484699520707 0.5869064524355667 0.01953125 0.028901734104046242
0 0.3016160747204129 0.5457704441497164 0.01953125 0.028901734104046242
0 0.1519294580312154 0.5346953649958336 0.01953125 0.028901734104046242
0 0.13482241612387852 0.49197720254514277 0.01953125 0.028901734104046242
0 0.18614354184588908 0.4983058192045043 0.01953125 0.028901734104046242
0 0.1658289295809266 0.49039504838030223 0.01953125 0.028901734104046242
0 0.2620560403096964 0.5014701275341852 0.01953125 0.028901734104046242
0 0.31551554627012407 0.5157095150177486 0.01953125 0.028901734104046242
0 0.44381836057515045 0.5505169066442377 0.01953125 0.028901734104046242
0 0.4545102617672361 0.5030522816990255 0.01953125 0.028901734104046242
0 0.3679058621113432 0.5204559775122699 0.01953125 0.028901734104046242
0 0.7378456433575028 0.56000983163328 0.01953125 0.028901734104046242
0 0.7763364876490106 0.5647562941278013 0.01953125 0.028901734104046242
0 0.782751628364262 0.5394418274903547 0.01953125 0.028901734104046242
0 0.8789787390930318 0.4793199692264195 0.01953125 0.028901734104046242
0 0.8169657121789358 0.6138030732378537 0.01953125 0.028901734104046242
0 0.8351419442054812 0.567920602457482 0.01953125 0.028901734104046242
0 0.8533181762320267 0.6122209190730133 0.01953125 0.028901734104046242
0 0.8821863094506575 0.7593612564031708 0.01953125 0.028901734104046242
0 0.7870283888410962 0.7039858606337567 0.01953125 0.028901734104046242
0 0.9527528573184221 0.803661573018702 0.01953125 0.028901734104046242
0 0.8362111343246897 0.9080837478981686 0.01953125 0.028901734104046242
0 0.5325611404694603 0.6454461565346618 0.01953125 0.028901734104046242
0 0.40853508664126825 0.5125452066880679 0.01953125 0.028901734104046242
0 0.4309880791446479 0.5125452066880679 0.01953125 0.028901734104046242
0 0.4192269878333538 0.49355935670998313 0.01953125 0.028901734104046242
0 0.42136536807177083 0.4729913525670578 0.01953125 0.028901734104046242
0 0.43312645938306493 0.4729913525670578 0.01953125 0.028901734104046242
0 0.29947769448199574 0.4729913525670578 0.01953125 0.028901734104046242
0 0.22570357625660561 0.4809021233912599 0.01953125 0.028901734104046242
0 0.2267727663758141 0.45400550258897304 0.01953125 0.028901734104046242
0 0.2599176600712793 0.4587519650834943 0.01953125 0.028901734104046242
0 0.1519294580312154 0.4429304234350902 0.01953125 0.028901734104046242
0 0.12947646552783573 0.45400550258897304 0.01953125 0.028901734104046242
0 0.11557699397812453 0.4650805817428558 0.01953125 0.028901734104046242
0 0.10274671254762188 0.46982704423737703 0.01953125 0.028901734104046242
0 0.10381590266683048 0.49039504838030223 0.01953125 0.028901734104046242
0 0.07815533980582519 0.4872307400506215 0.01953125 0.028901734104046242
0 0.056771537421654104 0.46982704423737703 0.01953125 0.028901734104046242
0 0.03324935479906595 0.4571698109186538 0.01953125 0.028901734104046242
0 0.031110974560648808 0.4872307400506215 0.01953125 0.028901734104046242
0 0.021488263487771837 0.47140919840221746 0.01953125 0.028901734104046242
0 0.16689811970013513 0.4650805817428558 0.01953125 0.028901734104046242
0 0.17438245053459503 0.4571698109186538 0.01953125 0.028901734104046242
0 0.18935111220351475 0.4809021233912599 0.01953125 0.028901734104046242
0 0.08884724099791069 0.6153852274026942 0.01953125 0.028901734104046242
0 0.024695833845397513 0.6343710773807789 0.01953125 0.028901734104046242
0 0.07708614968661665 0.642281848204981 0.01953125 0.028901734104046242
0 0.064255868256114 0.5457704441497164 0.01953125 0.028901734104046242
0 0.3411761091311294 0.5125452066880679 0.01953125 0.028901734104046242
0 0.3486604399655892 0.4951415108748235 0.01953125 0.028901734104046242
0 0.3005468846012043 0.49039504838030223 0.01953125 0.028901734104046242
0 0.2852341157674818 0.4797155077676295 0.01953125 0.028901734104046242
0 0.2846995207078775 0.4686404286137466 0.01953125 0.028901734104046242
0 0.2446048912375568 0.497910280663294 0.01953125 0.028901734104046242
0 0.2440702961779525 0.4686404286137466 0.01953125 0.028901734104046242
0 0.2077178321248617 0.4520278098829224 0.01953125 0.028901734104046242
0 0.28951087624431604 0.44649027030598104 0.01953125 0.028901734104046242
0 0.29218385154233745 0.4369973453169386 0.01953125 0.028901734104046242
0 0.23872434558190975 0.42987765157515684 0.01953125 0.028901734104046242
0 0.31517143910532136 0.44807242447082135 0.01953125 0.028901734104046242
0 0.32372496005898976 0.44095273072903957 0.01953125 0.028901734104046242
0 0.3322784810126582 0.4369973453169386 0.01953125 0.028901734104046242
0 0.3370898365490967 0.4520278098829224 0.01953125 0.028901734104046242
0 0.34297038220474374 0.44649027030598104 0.01953125 0.028901734104046242
0 0.3477817377411822 0.4551921182126032 0.01953125 0.028901734104046242
0 0.2756114046946049 0.4369973453169386 0.01953125 0.028901734104046242
0 0.2713346442177706 0.4369973453169386 0.01953125 0.028901734104046242
0 0.26866166891974924 0.4520278098829224 0.01953125 0.028901734104046242
0 0.2119945926016959 0.43541519115209815 0.01953125 0.028901734104046242
0 0.24032813076072257 0.44095273072903957 0.01953125 0.028901734104046242
0 0.20611404694604885 0.42196688075095473 0.01953125 0.028901734104046242
0 0.22268649379378147 0.42196688075095473 0.01953125 0.028901734104046242
0 0.19007619515792057 0.4314598057399971 0.01953125 0.028901734104046242
0 0.19488755069435904 0.42196688075095473 0.01953125 0.028901734104046242
0 0.2510200319528081 0.43541519115209815 0.01953125 0.028901734104046242
0 0.258504362787268 0.4314598057399971 0.01953125 0.028901734104046242
0 0.30501413297284 0.4425348848938801 0.01953125 0.028901734104046242
0 0.30394494285363155 0.4536099640477628 0.01953125 0.028901734104046242
0 0.299133587317193 0.4536099640477628 0.01953125 0.028901734104046242
0 0.31142927368809137 0.47576012235552856 0.01953125 0.028901734104046242
0 0.3258633402974069 0.48920843275667186 0.01953125 0.028901734104046242
0 0.07888042276023102 0.5224336702183204 0.01953125 0.028901734104046242
0 0.07139609192577115 0.5034478202402355 0.01953125 0.028901734104046242
0 0.07674204252181391 0.4654761202840658 0.01953125 0.028901734104046242
0 0.4605812953176846 0.45440104113018304 0.01953125 0.028901734104046242
0 0.47875752734422994 0.4520278098829224 0.01953125 0.028901734104046242
0 0.48998402359591975 0.4520278098829224 0.01953125 0.028901734104046242
0 0.4958645692515668 0.4662671973664861 0.01953125 0.028901734104046242
0 0.4686002212117487 0.47180473694342745 0.01953125 0.028901734104046242
0 0.4760845520462086 0.4797155077676295 0.01953125 0.028901734104046242
0 0.47394617180779147 0.5113585910644375 0.01953125 0.028901734104046242
0 0.48624185817868976 0.5255979785480013 0.01953125 0.028901734104046242
0 0.4081909794764654 0.4868352015094113 0.01953125 0.028901734104046242
0 0.4076563844168611 0.4686404286137466 0.01953125 0.028901734104046242
0 0.4076563844168611 0.44332596197630025 0.01953125 0.028901734104046242
0 0.4028450288804227 0.4449081161411406 0.01953125 0.028901734104046242
0 0.1686923927737495 0.512940745229278 0.01953125 0.028901734104046242
0 0.22215189873417718 0.5295533639601022 0.01953125 0.028901734104046242
0 0.4712731965097701 0.5928395305537183 0.01953125 0.028901734104046242
0 0.6380668551063046 0.5113585910644375 0.01953125 0.028901734104046242
0 0.6182868379009463 0.5002835119105548 0.01953125 0.028901734104046242
0 0.5637581418213101 0.46468504320164555 0.01953125 0.028901734104046242
0 0.5552046208676418 0.45677427237744356 0.01953125 0.028901734104046242
0 0.5931608700995453 0.5477481368557667 0.01953125 0.028901734104046242
0 0.6284441440334275 0.5240158243831607 0.01953125 0.028901734104046242
0 0.706495022735652 0.5461659826909264 0.01953125 0.028901734104046242
0 0.7155831387489248 0.497910280663294 0.01953125 0.028901734104046242
0 0.7364323460734914 0.4765511994379487 0.01953125 0.028901734104046242
0 0.7695772397689568 0.4781333536027891 0.01953125 0.028901734104046242
0 0.6156138626029249 0.5880930680591971 0.01953125 0.028901734104046242
0 0.5931608700995453 0.5991681472130799 0.01953125 0.028901734104046242
0 0.5359591987218877 0.508985359817177 0.01953125 0.028901734104046242
0 0.546116504854369 0.489999509839092 0.01953125 0.028901734104046242
0 0.5648273319405187 0.49949243482813455 0.01953125 0.028901734104046242
0 0.5787268034902299 0.5161050535589587 0.01953125 0.028901734104046242
0 0.8214329605505715 0.5216425931359002 0.01953125 0.028901734104046242
0 0.8192945803121543 0.497910280663294 0.01953125 0.028901734104046242
0 0.8567162344844539 0.516896130641379 0.01953125 0.028901734104046242
0 0.8695465159149564 0.5667339868338517 0.01953125 0.028901734104046242
0 0.7695772397689568 0.6173629201087445 0.01953125 0.028901734104046242
0 0.7113063782720904 0.5754358347404739 0.01953125 0.028901734104046242
0 0.6680041784441441 0.5738536805756334 0.01953125 0.028901734104046242
0 0.6332554995698662 0.4765511994379487 0.01953125 0.028901734104046242
0 0.6455511859407644 0.4812976619324698 0.01953125 0.028901734104046242
0 0.6562430871328501 0.48920843275667186 0.01953125 0.028901734104046242
0 0.6209598131989678 0.46389396611922545 0.01953125 0.028901734104046242
0 0.49158780877473274 0.48367089317973055 0.01953125 0.028901734104046242
0 0.5183175617549467 0.48920843275667186 0.01953125 0.028901734104046242
0 0.530613248125845 0.4733868911082678 0.01953125 0.028901734104046242
0 0.5990414157551924 0.4955370494160335 0.01953125 0.028901734104046242
0 0.4990721396091927 0.5437927514436658 0.01953125 0.028901734104046242
0 0.4798267174634387 0.5493302910206073 0.01953125 0.028901734104046242
0 0.6321863094506576 0.6561256971473344 0.01953125 0.028901734104046242
0 0.3750460857810004 0.567920602457482 0.01953125 0.028901734104046242
0 0.40819097947646554 0.5789956816113647 0.01953125 0.028901734104046242
0 0.4327823522182623 0.5695027566223223 0.01953125 0.028901734104046242
0 0.23177460980705417 0.7229717106118413 0.01953125 0.028901734104046242
0 0.5386321740199091 0.7118966314579586 0.01953125 0.028901734104046242
0 0.4937261890131499 0.9555483728433806 0.01953125 0.028901734104046242
0 0.6209598131989679 0.9555483728433806 0.01953125 0.028901734104046242
0 0.21476281184711807 0.42849326668092136 0.01953125 0.028901734104046242
0 0.29174450043013395 0.4273066510572911 0.01953125 0.028901734104046242
0 0.14683908324685027 0.6196814353501036 0.01953125 0.028901734104046242
0 0.11087504728281432 0.640377502288945 0.01953125 0.028901734104046242
0 0.09688903329680033 0.6891610886447858 0.01953125 0.028901734104046242
0 0.7442416806494478 0.5295057151165798 0.01953125 0.028901734104046242
0 0.7582276946354617 0.5117662291690015 0.01953125 0.028901734104046242
0 0.6843016207093878 0.49698332421268604 0.01953125 0.028901734104046242
0 0.679306615714383 0.48367870975200217 0.01953125 0.028901734104046242
0 0.6862996227073898 0.474808966778213 0.01953125 0.028901734104046242
0 0.555430491838259 0.4792438382651075 0.01953125 0.028901734104046242
0 0.1208650572728243 0.4851570002476337 0.01953125 0.028901734104046242
0 0.14883708524485226 0.4644609333087922 0.01953125 0.028901734104046242
0 0.618367554775322 0.5575932345335791 0.01953125 0.028901734104046242
0 0.17381211021987725 0.42306879943110914 0.01953125 0.028901734104046242
0 0.06392200032976736 0.4629826428131607 0.01953125 0.028901734104046242
0 0.397588333996101 0.643334083280208 0.01953125 0.028901734104046242
0 0.579406515814283 0.48959187173452834 0.01953125 0.028901734104046242
0 0.7951907315984987 0.5102879386733699 0.01953125 0.028901734104046242
0 0.3446412810490481 0.6359426308020505 0.01953125 0.028901734104046242
0 0.39059532700309413 0.4851570002476337 0.01953125 0.028901734104046242
0 0.428557364965132 0.44967802835247683 0.01953125 0.028901734104046242
0 0.2278419564950227 0.5900707607652473 0.01953125 0.028901734104046242
0 0.2139424849453115 0.4729913525670576 0.01953125 0.028901734104046242
0 0.20645815411085155 0.49355935670998297 0.01953125 0.028901734104046242
0 0.22356519601818842 0.5046344358638658 0.01953125 0.028901734104046242
0 0.7838208184834706 0.5030522816990253 0.01953125 0.028901734104046242
0 0.6576563844168613 0.5125452066880678 0.01953125 0.028901734104046242
0 0.6662099053705297 0.5125452066880678 0.01953125 0.028901734104046242
0 0.5069005776084552 0.4650805817428556 0.01953125 0.028901734104046242
0 0.04714882634877713 0.4729913525670576 0.01953125 0.028901734104046242
0 0.28450903281307605 0.5125452066880678 0.01953125 0.028901734104046242
0 0.7112746476824149 0.6773347646797335 0.01953125 0.028901734104046242
0 0.20478114118890825 0.3515564967049337 0.01953125 0.028901734104046242
0 0.21227364868141574 0.3504477788332101 0.01953125 0.028901734104046242
0 0.24099492740269446 0.3456433347224076 0.01953125 0.028901734104046242
