0 0.023246753246753234 0.8096462361168241 0.03076923076923077 0.04524886877828054
0 0.05821178821178816 0.7332520420755716 0.03076923076923077 0.04524886877828054
0 0.025244755244755196 0.6157225127813365 0.03076923076923077 0.04524886877828054
0 0.10716283716283712 0.5613651054827526 0.03076923076923077 0.04524886877828054
0 0.04922077922077918 0.5099459364165247 0.03076923076923077 0.04524886877828054
0 0.06320679320679316 0.42473702767820426 0.03076923076923077 0.04524886877828054
0 0.024245754245754196 0.41004583651642484 0.03076923076923077 0.04524886877828054
0 0.015254745254745176 0.3674413821472646 0.03076923076923077 0.04524886877828054
0 0.045224775224775166 0.30280014103543523 0.03076923076923077 0.04524886877828054
0 0.06520479520479518 0.27341775871187635 0.03076923076923077 0.04524886877828054
0 0.023246753246753193 0.29251630722218963 0.03076923076923077 0.04524886877828054
0 0.008261738261738202 0.29986190280307934 0.03076923076923077 0.04524886877828054
0 0.08918081918081915 0.29986190280307934 0.03076923076923077 0.04524886877828054
0 0.1331368631368631 0.3160222130810366 0.03076923076923077 0.04524886877828054
0 0.1371328671328671 0.382132573309044 0.03076923076923077 0.04524886877828054
0 0.0931768231768231 0.4027002409355351 0.03076923076923077 0.04524886877828054
0 0.1221478521478521 0.44236645707233957 0.03076923076923077 0.04524886877828054
0 0.17809190809190806 0.5701798201798204 0.03076923076923077 0.04524886877828054
0 0.16910089910089904 0.4908473879062116 0.03076923076923077 0.04524886877828054
0 0.17109890109890105 0.3865399306575777 0.03076923076923077 0.04524886877828054
0 0.16510489510489504 0.333651642475172 0.03076923076923077 0.04524886877828054
0 0.20706293706293707 0.3645031439149087 0.03076923076923077 0.04524886877828054
0 0.21205794205794207 0.41004583651642484 0.03076923076923077 0.04524886877828054
0 0.18408591408591407 0.3380589998237058 0.03076923076923077 0.04524886877828054
0 0.19807192807192806 0.3189604513133925 0.03076923076923077 0.04524886877828054
0 0.213056943056943 0.8067079978844686 0.03076923076923077 0.04524886877828054
0 0.16610389610389603 0.7126843744490805 0.03076923076923077 0.04524886877828054
0 0.11415584415584412 0.6906475877064112 0.03076923076923077 0.04524886877828054
0 0.11215784215784212 0.750881471469707 0.03076923076923077 0.04524886877828054
0 0.23403596403596405 0.6215989892460482 0.03076923076923077 0.04524886877828054
0 0.22804195804195804 0.944805194805195 0.03076923076923077 0.04524886877828054
0 0.2999700299700299 0.8845713110418995 0.03076923076923077 0.04524886877828054
0 0.3689010989010989 0.8096462361168245 0.03076923076923077 0.04524886877828054
0 0.34192807192807184 0.6803637538931657 0.03076923076923077 0.04524886877828054
0 0.30196803196803196 0.6127842745489805 0.03076923076923077 0.04524886877828054
0 0.3609090909090909 0.5275753658106601 0.03076923076923077 0.04524886877828054
0 0.259010989010989 0.5114150555327027 0.03076923076923077 0.04524886877828054
0 0.249020979020979 0.42767526591056015 0.03076923076923077 0.04524886877828054
0 0.270999000999001 0.39388552623846756 0.03076923076923077 0.04524886877828054
0 0.243026973026973 0.37772521596051006 0.03076923076923077 0.04524886877828054
0 0.23403596403596405 0.3277751660104602 0.03076923076923077 0.04524886877828054
0 0.4008691308691309 0.6318828230592937 0.03076923076923077 0.04524886877828054
0 0.40486513486513487 0.7082770171005466 0.03076923076923077 0.04524886877828054
0 0.4737962037962038 0.6671416818475644 0.03076923076923077 0.04524886877828054
0 0.5367332667332668 0.5584268672503968 0.03076923076923077 0.04524886877828054
0 0.4688011988011988 0.5128841746488806 0.03076923076923077 0.04524886877828054
0 0.40486513486513487 0.49672386437092336 0.03076923076923077 0.04524886877828054
0 0.4068631368631369 0.4497120526532293 0.03076923076923077 0.04524886877828054
0 0.3848851148851149 0.432082623259094 0.03076923076923077 0.04524886877828054
0 0.3409290709290709 0.4526502908855851 0.03076923076923077 0.04524886877828054
0 0.30596403596403593 0.42767526591056015 0.03076923076923077 0.04524886877828054
0 0.29297702297702294 0.38066345419286596 0.03076923076923077 0.04524886877828054
0 0.34792207792207785 0.4027002409355351 0.03076923076923077 0.04524886877828054
0 0.286983016983017 0.3160222130810366 0.03076923076923077 0.04524886877828054
0 0.26300699300699304 0.3130839748486807 0.03076923076923077 0.04524886877828054
0 0.252017982017982 0.24991185285302936 0.03076923076923077 0.04524886877828054
0 0.217052947052947 0.2440353763883177 0.03076923076923077 0.04524886877828054
0 0.33693306693306696 0.3498119527531292 0.03076923076923077 0.04524886877828054
0 0.35091908091908086 0.30426926015161304 0.03076923076923077 0.04524886877828054
0 0.38888111888111887 0.38066345419286596 0.03076923076923077 0.04524886877828054
0 0.4138561438561439 0.3571575483340191 0.03076923076923077 0.04524886877828054
0 0.4038661338661339 0.308676617500147 0.03076923076923077 0.04524886877828054
0 0.4378321678321679 0.28957806898983374 0.03076923076923077 0.04524886877828054
0 0.3728971028971029 0.06039548686607514 0.03076923076923077 0.04524886877828054
0 0.44882117882117883 0.0383587001234061 0.03076923076923077 0.04524886877828054
0 0.4688011988011988 0.02954398542633843 0.03076923076923077 0.04524886877828054
0 0.4737962037962038 0.05745724863371925 0.03076923076923077 0.04524886877828054
0 0.48878121878121883 0.06039548686607514 0.03076923076923077 0.04524886877828054
0 0.5157542457542458 0.055988129517541306 0.03076923076923077 0.04524886877828054
0 0.5007692307692307 0.02954398542633843 0.03076923076923077 0.04524886877828054
0 0.5217482517482517 0.01044543691602515 0.03076923076923077 0.04524886877828054
0 0.5567132867132868 0.032482223658694326 0.03076923076923077 0.04524886877828054
0 0.5497202797202797 0.051580772169007603 0.03076923076923077 0.04524886877828054
0 0.5886813186813187 0.06774108244696486 0.03076923076923077 0.04524886877828054
0 0.6386313686313687 0.051580772169007603 0.03076923076923077 0.04524886877828054
0 0.7255444555444556 0.37772521596051006 0.03076923076923077 0.04524886877828054
0 0.7515184815184816 0.38066345419286596 0.03076923076923077 0.04524886877828054
0 0.6965734265734266 0.3894781688899336 0.03076923076923077 0.04524886877828054
0 0.6705994005994007 0.4453046953046954 0.03076923076923077 0.04524886877828054
0 0.6456243756243756 0.38066345419286596 0.03076923076923077 0.04524886877828054
0 0.6166533466533466 0.4408973379561616 0.03076923076923077 0.04524886877828054
0 0.5876823176823176 0.3865399306575777 0.03076923076923077 0.04524886877828054
0 0.5587112887112886 0.42767526591056015 0.03076923076923077 0.04524886877828054
0 0.5317382617382618 0.39829288358700127 0.03076923076923077 0.04524886877828054
0 0.5527172827172828 0.37037962037962047 0.03076923076923077 0.04524886877828054
0 0.5017682317682318 0.39829288358700127 0.03076923076923077 0.04524886877828054
0 0.4767932067932068 0.3718487394957984 0.03076923076923077 0.04524886877828054
0 0.45681318681318683 0.42767526591056015 0.03076923076923077 0.04524886877828054
0 0.42784215784215784 0.42032967032967034 0.03076923076923077 0.04524886877828054
0 0.4997702297702298 0.46440324381500864 0.03076923076923077 0.04524886877828054
0 0.5507192807192808 0.48644003055767776 0.03076923076923077 0.04524886877828054
0 0.5966733266733267 0.5422665569724394 0.03076923076923077 0.04524886877828054
0 0.5806893106893106 0.7126843744490805 0.03076923076923077 0.04524886877828054
0 0.5806893106893106 0.8640036434154084 0.03076923076923077 0.04524886877828054
0 0.4428271728271728 0.9536199095022626 0.03076923076923077 0.04524886877828054
0 0.6486213786213787 0.9403978374566612 0.03076923076923077 0.04524886877828054
0 0.7375324675324675 0.9624346241993302 0.03076923076923077 0.04524886877828054
0 0.7115584415584415 0.8155227125815363 0.03076923076923077 0.04524886877828054
0 0.6426273726273727 0.7361902803079275 0.03076923076923077 0.04524886877828054
0 0.6985714285714286 0.6612652053828526 0.03076923076923077 0.04524886877828054
0 0.6446253746253747 0.5789945348768879 0.03076923076923077 0.04524886877828054
0 0.7085614385614386 0.5745871775283541 0.03076923076923077 0.04524886877828054
0 0.7425274725274725 0.5452047952047953 0.03076923076923077 0.04524886877828054
0 0.5437262737262737 0.28223247340894403 0.03076923076923077 0.04524886877828054
0 0.5697002997002999 0.2778251160604103 0.03076923076923077 0.04524886877828054
0 0.5107592407592408 0.26460304401480866 0.03076923076923077 0.04524886877828054
0 0.4907792207792208 0.2851707116412999 0.03076923076923077 0.04524886877828054
0 0.4797902097902098 0.2807633542927662 0.03076923076923077 0.04524886877828054
0 0.3349350649350649 0.2807633542927662 0.03076923076923077 0.04524886877828054
0 0.8524175824175826 0.3689105012634425 0.03076923076923077 0.04524886877828054
0 0.8933766233766234 0.3865399306575777 0.03076923076923077 0.04524886877828054
0 0.8723976023976024 0.5172915319974145 0.03076923076923077 0.04524886877828054
0 0.8254445554445556 0.529044484926838 0.03076923076923077 0.04524886877828054
0 0.7764935064935065 0.6406975377563614 0.03076923076923077 0.04524886877828054
0 0.8364335664335665 0.6715490391960981 0.03076923076923077 0.04524886877828054
0 0.7804895104895104 0.7655726626314863 0.03076923076923077 0.04524886877828054
0 0.9303396603396604 0.7993624023035789 0.03076923076923077 0.04524886877828054
0 0.9882817182817184 0.7303138038432158 0.03076923076923077 0.04524886877828054
0 0.8963736263736265 0.9756566962449318 0.03076923076923077 0.04524886877828054
0 0.9203496503496503 0.5745871775283541 0.03076923076923077 0.04524886877828054
0 0.9802897102897103 0.5892783686901334 0.03076923076923077 0.04524886877828054
0 0.8993706293706294 0.4688106011635425 0.03076923076923077 0.04524886877828054
0 0.9453246753246753 0.48497091144149984 0.03076923076923077 0.04524886877828054
0 0.9832867132867135 0.41004583651642484 0.03076923076923077 0.04524886877828054
0 0.9882817182817184 0.4879091496738557 0.03076923076923077 0.04524886877828054
0 0.9732967032967034 0.30426926015161304 0.03076923076923077 0.04524886877828054
0 0.9463236763236764 0.28370159252512195 0.03076923076923077 0.04524886877828054
0 0.9683016983016983 0.26901040136334264 0.03076923076923077 0.04524886877828054
0 0.6416283716283717 0.24550449550449555 0.03076923076923077 0.04524886877828054
0 0.5926773226773226 0.27488687782805443 0.03076923076923077 0.04524886877828054
0 0.7135564435564435 0.4871745901157668 0.03076923076923077 0.04524886877828054
