0 0.07662835249042145 0.9303043353430952 0.034482758620689655 0.05167958656330749
0 0.08733716475095782 0.8500574217628482 0.034482758620689655 0.05167958656330749
0 0.01896551724137931 0.8414154464542062 0.034482758620689655 0.05167958656330749
0 0.0898084291187739 0.6969710020097618 0.034482758620689655 0.05167958656330749
0 0.24549808429118763 0.9253660637381568 0.034482758620689655 0.05167958656330749
0 0.22819923371647505 0.8624031007751938 0.034482758620689655 0.05167958656330749
0 0.29821839080459756 0.9290697674418605 0.034482758620689655 0.05167958656330749
0 0.36164750957854397 0.9315389032443296 0.034482758620689655 0.05167958656330749
0 0.3525862068965516 0.8821561871949469 0.034482758620689655 0.05167958656330749
0 0.40860153256704973 0.936477174849268 0.034482758620689655 0.05167958656330749
0 0.39047892720306504 0.8611685328739592 0.034482758620689655 0.05167958656330749
0 0.44072796934865893 0.9784524834912433 0.034482758620689655 0.05167958656330749
0 0.5280459770114942 0.9759833476887741 0.034482758620689655 0.05167958656330749
0 0.683735632183908 0.9759833476887741 0.034482758620689655 0.05167958656330749
0 0.6532567049808428 0.990798162503589 0.034482758620689655 0.05167958656330749
0 0.6343103448275863 0.9377117427505024 0.034482758620689655 0.05167958656330749
0 0.7026819923371648 0.9241314958369222 0.034482758620689655 0.05167958656330749
0 0.7603448275862067 0.8833907550961816 0.034482758620689655 0.05167958656330749
0 0.8180076628352488 0.9685759402813666 0.034482758620689655 0.05167958656330749
0 0.8361302681992336 0.9772179155900086 0.034482758620689655 0.05167958656330749
0 0.8707279693486588 0.899440137812231 0.034482758620689655 0.05167958656330749
0 0.8987356321839078 0.8512919896640828 0.034482758620689655 0.05167958656330749
0 0.8707279693486588 0.8327734711455642 0.034482758620689655 0.05167958656330749
0 0.901206896551724 0.7957364341085272 0.034482758620689655 0.05167958656330749
0 0.8880268199233714 0.7685759402813668 0.034482758620689655 0.05167958656330749
0 0.8460153256704981 0.7537611254665518 0.034482758620689655 0.05167958656330749
0 0.7965900383141761 0.7858598908986506 0.034482758620689655 0.05167958656330749
0 0.7249233716475095 0.7475882859603791 0.034482758620689655 0.05167958656330749
0 0.7002107279693486 0.7858598908986506 0.034482758620689655 0.05167958656330749
0 0.6969157088122605 0.8611685328739592 0.034482758620689655 0.05167958656330749
0 0.6458429118773945 0.830304335343095 0.034482758620689655 0.05167958656330749
0 0.6128927203065134 0.7858598908986506 0.034482758620689655 0.05167958656330749
0 0.5717049808429118 0.7784524834912433 0.034482758620689655 0.05167958656330749
0 0.544521072796935 0.7907981625035889 0.034482758620689655 0.05167958656330749
0 0.49015325670498067 0.7957364341085272 0.034482758620689655 0.05167958656330749
0 0.46873563218390785 0.8241314958369222 0.034482758620689655 0.05167958656330749
0 0.4464942528735631 0.7414154464542062 0.034482758620689655 0.05167958656330749
0 0.335287356321839 0.8130203847258112 0.034482758620689655 0.05167958656330749
0 0.3435249042145593 0.7599339649727246 0.034482758620689655 0.05167958656330749
0 0.3023371647509578 0.7426500143554408 0.034482758620689655 0.05167958656330749
0 0.32128352490421447 0.710551248923342 0.034482758620689655 0.05167958656330749
0 0.25455938697318004 0.6759833476887742 0.034482758620689655 0.05167958656330749
0 0.25291187739463594 0.6142549526270458 0.034482758620689655 0.05167958656330749
0 0.17712643678160914 0.5833907550961817 0.034482758620689655 0.05167958656330749
0 0.0321455938697318 0.5883290267011199 0.034482758620689655 0.05167958656330749
0 0.009080459770114917 0.54511915015791 0.034482758620689655 0.05167958656330749
0 0.05603448275862064 0.48092161929371247 0.034482758620689655 0.05167958656330749
0 0.06921455938697313 0.42906976744186065 0.034482758620689655 0.05167958656330749
0 0.049444444444444444 0.3969710020097619 0.034482758620689655 0.05167958656330749
0 0.01896551724137931 0.42413149583692233 0.034482758620689655 0.05167958656330749
0 0.030498084291187704 0.38215618719494704 0.034482758620689655 0.05167958656330749
0 0.005785440613026818 0.38585989089865075 0.034482758620689655 0.05167958656330749
0 0.05191570881226049 0.30314384151593465 0.034482758620689655 0.05167958656330749
0 0.07909961685823752 0.325366063738157 0.034482758620689655 0.05167958656330749
0 0.09145593869731797 0.32166236003445325 0.034482758620689655 0.05167958656330749
0 0.10957854406130266 0.41548952052828036 0.034482758620689655 0.05167958656330749
0 0.13429118773946355 0.6204277921332186 0.034482758620689655 0.05167958656330749
0 0.1482950191570881 0.45252655756531746 0.034482758620689655 0.05167958656330749
0 0.16641762452107273 0.4426500143554408 0.034482758620689655 0.05167958656330749
0 0.010727969348658965 0.2747487797875397 0.034482758620689655 0.05167958656330749
0 0.028026819923371606 0.25869939707149026 0.034482758620689655 0.05167958656330749
0 0.06097701149425284 0.26734137238013217 0.034482758620689655 0.05167958656330749
0 0.10298850574712641 0.28215618719494706 0.034482758620689655 0.05167958656330749
0 0.09063218390804592 0.23647717484926814 0.034482758620689655 0.05167958656330749
0 0.049444444444444444 0.17227964398507048 0.034482758620689655 0.05167958656330749
0 0.16559386973180074 0.22783519954062603 0.034482758620689655 0.05167958656330749
0 0.14499999999999993 0.22042779213321861 0.034482758620689655 0.05167958656330749
0 0.12275862068965515 0.18215618719494708 0.034482758620689655 0.05167958656330749
0 0.10545977011494251 0.18709445879988532 0.034482758620689655 0.05167958656330749
0 0.18042145593869727 0.19820556991099647 0.034482758620689655 0.05167958656330749
0 0.19689655172413786 0.1759833476887742 0.034482758620689655 0.05167958656330749
0 0.22902298850574704 0.17474877978753967 0.034482758620689655 0.05167958656330749
0 0.22902298850574704 0.23030433534309522 0.034482758620689655 0.05167958656330749
0 0.19030651340996163 0.23647717484926814 0.034482758620689655 0.05167958656330749
0 0.19854406130268196 0.25746482917025576 0.034482758620689655 0.05167958656330749
0 0.19442528735632175 0.30314384151593465 0.034482758620689655 0.05167958656330749
0 0.1301724137931034 0.2895635946023545 0.034482758620689655 0.05167958656330749
0 0.13676245210727964 0.3093166810221076 0.034482758620689655 0.05167958656330749
0 0.1384099616858237 0.34388458225667545 0.034482758620689655 0.05167958656330749
0 0.15241379310344824 0.37227964398507046 0.034482758620689655 0.05167958656330749
0 0.17959770114942522 0.34018087855297174 0.034482758620689655 0.05167958656330749
0 0.20019157088122602 0.35005742176284826 0.034482758620689655 0.05167958656330749
0 0.21996168582375475 0.29944013781223094 0.034482758620689655 0.05167958656330749
0 0.2726819923371647 0.23524260694803345 0.034482758620689655 0.05167958656330749
0 0.27103448275862063 0.18956359460235453 0.034482758620689655 0.05167958656330749
0 0.2949233716475095 0.19326729830605824 0.034482758620689655 0.05167958656330749
0 0.31798850574712645 0.19820556991099647 0.034482758620689655 0.05167958656330749
0 0.24796934865900375 0.3327734711455644 0.034482758620689655 0.05167958656330749
0 0.2141954022988505 0.39203273040482356 0.034482758620689655 0.05167958656330749
0 0.24302681992337163 0.4204277921332186 0.034482758620689655 0.05167958656330749
0 0.23478927203065125 0.38462532299741625 0.034482758620689655 0.05167958656330749
0 0.22819923371647505 0.48092161929371247 0.034482758620689655 0.05167958656330749
0 0.26114942528735624 0.45746482917025566 0.034482758620689655 0.05167958656330749
0 0.28668582375478924 0.41672408842951497 0.034482758620689655 0.05167958656330749
0 0.3113984674329501 0.2982055699109965 0.034482758620689655 0.05167958656330749
0 0.3097509578544061 0.2525265575653175 0.034482758620689655 0.05167958656330749
0 0.33116858237547886 0.2661068044788977 0.034482758620689655 0.05167958656330749
0 0.3484674329501915 0.25869939707149026 0.034482758620689655 0.05167958656330749
0 0.40283524904214557 0.2266006316393915 0.034482758620689655 0.05167958656330749
0 0.40283524904214557 0.19203273040482358 0.034482758620689655 0.05167958656330749
0 0.43084291187739454 0.20190927361470018 0.034482758620689655 0.05167958656330749
0 0.38141762452107275 0.2488228538616138 0.034482758620689655 0.05167958656330749
0 0.3591762452107279 0.2982055699109965 0.034482758620689655 0.05167958656330749
0 0.36247126436781596 0.3747487797875396 0.034482758620689655 0.05167958656330749
0 0.35588122605363975 0.38832902670111985 0.034482758620689655 0.05167958656330749
0 0.36164750957854397 0.3994401378122309 0.034482758620689655 0.05167958656330749
0 0.3385823754789271 0.42166236003445323 0.034482758620689655 0.05167958656330749
0 0.3105747126436781 0.44758828596037914 0.034482758620689655 0.05167958656330749
0 0.31634099616858224 0.49203273040482354 0.034482758620689655 0.05167958656330749
0 0.30810344827586206 0.5340080390467987 0.034482758620689655 0.05167958656330749
0 0.36329501915708806 0.5068475452196385 0.034482758620689655 0.05167958656330749
0 0.33775862068965506 0.4858598908986507 0.034482758620689655 0.05167958656330749
0 0.3567049808429118 0.5772179155900088 0.034482758620689655 0.05167958656330749
0 0.3270498084291187 0.5636376686764285 0.034482758620689655 0.05167958656330749
0 0.059329501915708786 0.7883290267011198 0.034482758620689655 0.05167958656330749
0 0.05273946360153254 0.6858598908986506 0.034482758620689655 0.05167958656330749
0 0.40530651340996154 0.46981050818260134 0.034482758620689655 0.05167958656330749
0 0.40530651340996154 0.3525265575653174 0.034482758620689655 0.05167958656330749
0 0.43001915708812255 0.32906976744186067 0.034482758620689655 0.05167958656330749
0 0.4473180076628351 0.36610680447889765 0.034482758620689655 0.05167958656330749
0 0.47697318007662826 0.2870944587998853 0.034482758620689655 0.05167958656330749
0 0.48768199233716464 0.22413149583692232 0.034482758620689655 0.05167958656330749
0 0.48356321839080446 0.18215618719494708 0.034482758620689655 0.05167958656330749
0 0.5115708812260534 0.2290697674418607 0.034482758620689655 0.05167958656330749
0 0.5082758620689656 0.19820556991099647 0.034482758620689655 0.05167958656330749
0 0.551934865900383 0.20190927361470018 0.034482758620689655 0.05167958656330749
0 0.5453448275862068 0.3179586563307495 0.034482758620689655 0.05167958656330749
0 0.48438697318007645 0.35869939707149023 0.034482758620689655 0.05167958656330749
0 0.47779693486590025 0.38585989089865075 0.034482758620689655 0.05167958656330749
0 0.49015325670498067 0.41672408842951497 0.034482758620689655 0.05167958656330749
0 0.49756704980842903 0.46981050818260134 0.034482758620689655 0.05167958656330749
0 0.5099233716475094 0.5105512489233421 0.034482758620689655 0.05167958656330749
0 0.44319923371647507 0.5512919896640828 0.034482758620689655 0.05167958656330749
0 0.44237547892720286 0.5130203847258112 0.034482758620689655 0.05167958656330749
0 0.40201149425287347 0.5377117427505026 0.034482758620689655 0.05167958656330749
0 0.45061302681992327 0.6488228538616138 0.034482758620689655 0.05167958656330749
0 0.5016858237547892 0.7019092736147 0.034482758620689655 0.05167958656330749
0 0.5321647509578542 0.7056129773184038 0.034482758620689655 0.05167958656330749
0 0.5692337164750956 0.699440137812231 0.034482758620689655 0.05167958656330749
0 0.8806130268199234 0.7154895205282804 0.034482758620689655 0.05167958656330749
0 0.849310344827586 0.6784524834912432 0.034482758620689655 0.05167958656330749
0 0.8072988505747125 0.6747487797875397 0.034482758620689655 0.05167958656330749
0 0.769406130268199 0.6982055699109965 0.034482758620689655 0.05167958656330749
0 0.7537547892720305 0.6290697674418606 0.034482758620689655 0.05167958656330749
0 0.6895019157088121 0.6969710020097618 0.034482758620689655 0.05167958656330749
0 0.6441954022988504 0.7154895205282804 0.034482758620689655 0.05167958656330749
0 0.7051532567049807 0.6204277921332186 0.034482758620689655 0.05167958656330749
0 0.6491379310344826 0.5858598908986506 0.034482758620689655 0.05167958656330749
0 0.6639655172413792 0.6154895205282802 0.034482758620689655 0.05167958656330749
0 0.6161877394636014 0.5932672983060581 0.034482758620689655 0.05167958656330749
0 0.5898275862068963 0.5969710020097617 0.034482758620689655 0.05167958656330749
0 0.550287356321839 0.5846253229974162 0.034482758620689655 0.05167958656330749
0 0.5165134099616856 0.5883290267011199 0.034482758620689655 0.05167958656330749
0 0.48603448275862066 0.6080821131208729 0.034482758620689655 0.05167958656330749
0 0.46461685823754784 0.5759833476887742 0.034482758620689655 0.05167958656330749
0 0.5404022988505747 0.49697100200976185 0.034482758620689655 0.05167958656330749
0 0.5634674329501914 0.5253660637381569 0.034482758620689655 0.05167958656330749
0 0.5997126436781608 0.536477174849268 0.034482758620689655 0.05167958656330749
0 0.6499616858237546 0.5241314958369223 0.034482758620689655 0.05167958656330749
0 0.632662835249042 0.5068475452196385 0.034482758620689655 0.05167958656330749
0 0.6095977011494251 0.482156187194947 0.034482758620689655 0.05167958656330749
0 0.629367816091954 0.43400803904679885 0.034482758620689655 0.05167958656330749
0 0.6532567049808428 0.4512919896640828 0.034482758620689655 0.05167958656330749
0 0.6128927203065134 0.40437840941716924 0.034482758620689655 0.05167958656330749
0 0.630191570881226 0.36610680447889765 0.034482758620689655 0.05167958656330749
0 0.5749999999999998 0.34882285386161377 0.034482758620689655 0.05167958656330749
0 0.5642911877394634 0.3142549526270458 0.034482758620689655 0.05167958656330749
0 0.5782950191570879 0.3130203847258113 0.034482758620689655 0.05167958656330749
0 0.6186590038314176 0.17845248349124337 0.034482758620689655 0.05167958656330749
0 0.6268965517241378 0.17845248349124337 0.034482758620689655 0.05167958656330749
0 0.6491379310344826 0.1833907550961816 0.034482758620689655 0.05167958656330749
0 0.6680842911877395 0.21548952052828038 0.034482758620689655 0.05167958656330749
0 0.6845593869731799 0.18092161929371256 0.034482758620689655 0.05167958656330749
0 0.7175095785440612 0.23771174275050264 0.034482758620689655 0.05167958656330749
0 0.7545785440613024 0.2512919896640829 0.034482758620689655 0.05167958656330749
0 0.7809386973180075 0.25746482917025576 0.034482758620689655 0.05167958656330749
0 0.7702298850574711 0.17474877978753967 0.034482758620689655 0.05167958656330749
0 0.8097701149425287 0.23894631065173716 0.034482758620689655 0.05167958656330749
0 0.8188314176245208 0.32660063163939146 0.034482758620689655 0.05167958656330749
0 0.8311877394636015 0.3117858168245766 0.034482758620689655 0.05167958656330749
0 0.8937931034482758 0.27845248349124335 0.034482758620689655 0.05167958656330749
0 0.8913218390804596 0.3179586563307495 0.034482758620689655 0.05167958656330749
0 0.8888505747126436 0.3574648291702557 0.034482758620689655 0.05167958656330749
0 0.8666091954022986 0.41055124892334205 0.034482758620689655 0.05167958656330749
0 0.7809386973180075 0.47351421188630505 0.034482758620689655 0.05167958656330749
0 0.736455938697318 0.49573643410852725 0.034482758620689655 0.05167958656330749
0 0.7290421455938697 0.39573643410852727 0.034482758620689655 0.05167958656330749
0 0.655727969348659 0.39326729830605817 0.034482758620689655 0.05167958656330749
0 0.7035057471264367 0.3525265575653174 0.034482758620689655 0.05167958656330749
0 0.682911877394636 0.32660063163939146 0.034482758620689655 0.05167958656330749
0 0.6870306513409961 0.2982055699109965 0.034482758620689655 0.05167958656330749
0 0.7051532567049807 0.2945018662072927 0.034482758620689655 0.05167958656330749
0 0.7199808429118774 0.30684754521963836 0.034482758620689655 0.05167958656330749
0 0.7051532567049807 0.5167240884295149 0.034482758620689655 0.05167958656330749
0 0.6804406130268198 0.5340080390467987 0.034482758620689655 0.05167958656330749
0 0.7059770114942527 0.47721791559000876 0.034482758620689655 0.05167958656330749
0 0.7199808429118774 0.5031438415159347 0.034482758620689655 0.05167958656330749
0 0.682911877394636 0.5747487797875396 0.034482758620689655 0.05167958656330749
0 0.7199808429118774 0.553761125466552 0.034482758620689655 0.05167958656330749
0 0.8633141762452106 0.6266006316393915 0.034482758620689655 0.05167958656330749
0 0.8789655172413793 0.6352426069480334 0.034482758620689655 0.05167958656330749
0 0.8410727969348658 0.5969710020097617 0.034482758620689655 0.05167958656330749
0 0.8155363984674329 0.6117858168245766 0.034482758620689655 0.05167958656330749
0 0.8484865900383141 0.5685759402813668 0.034482758620689655 0.05167958656330749
0 0.8097701149425287 0.5648722365776632 0.034482758620689655 0.05167958656330749
0 0.8649616858237547 0.5266006316393913 0.034482758620689655 0.05167958656330749
0 0.8781417624521072 0.5056129773184038 0.034482758620689655 0.05167958656330749
0 0.8262452107279693 0.5228969279356879 0.034482758620689655 0.05167958656330749
0 0.7974137931034481 0.5228969279356879 0.034482758620689655 0.05167958656330749
0 0.8245977011494252 0.49573643410852725 0.034482758620689655 0.05167958656330749
0 0.822126436781609 0.45252655756531746 0.034482758620689655 0.05167958656330749
0 0.8287164750957853 0.4784524834912433 0.034482758620689655 0.05167958656330749
0 0.7117337164750959 0.13616853287395944 0.034482758620689655 0.05167958656330749
0 0.7455076628352492 0.14172408842951503 0.034482758620689655 0.05167958656330749
0 0.6466570881226054 0.12505742176284831 0.034482758620689655 0.05167958656330749
0 0.5317432950191572 0.1355512489233422 0.034482758620689655 0.05167958656330749
0 0.5745785440613027 0.11703273040482362 0.034482758620689655 0.05167958656330749
0 0.9098467432950191 0.10530433534309522 0.034482758620689655 0.05167958656330749
0 0.8686590038314177 0.15406976744186068 0.034482758620689655 0.05167958656330749
0 0.9156130268199235 0.20962532299741624 0.034482758620689655 0.05167958656330749
0 0.22655172413793104 0.10406976744186049 0.034482758620689655 0.05167958656330749
0 0.2627969348659004 0.14542779213321852 0.034482758620689655 0.05167958656330749
0 0.29451149425287354 0.10468705139247773 0.034482758620689655 0.05167958656330749
0 0.40777777777777774 0.12937840941716913 0.034482758620689655 0.05167958656330749
0 0.4172509578544062 0.15962532299741602 0.034482758620689655 0.05167958656330749
0 0.42466475095785433 0.13616853287395922 0.034482758620689655 0.05167958656330749
0 0.45308429118773946 0.10715618719494693 0.034482758620689655 0.05167958656330749
0 0.11411877394636026 0.8232055699109961 0.034482758620689655 0.05167958656330749
0 0.9554075235109721 0.8711030571495689 0.034482758620689655 0.05167958656330749
0 0.2930698611733095 0.9714161807185064 0.034482758620689655 0.05167958656330749
0 0.012350580454028759 0.12998371137906012 0.034482758620689655 0.05167958656330749
0 0.012350580454028759 0.08207296579389588 0.034482758620689655 0.05167958656330749
0 0.04931361741706572 0.08357017659343223 0.034482758620689655 0.05167958656330749
0 0.03832460642805475 0.06260922539992292 0.034482758620689655 0.05167958656330749
0 0.06429863240208074 0.04314548500594995 0.034482758620689655 0.05167958656330749
0 0.15820472630817464 0.038653852607340874 0.034482758620689655 0.05167958656330749
0 0.16619673430018267 0.08357017659343223 0.034482758620689655 0.05167958656330749
0 0.4948680629715114 0.08357017659343223 0.034482758620689655 0.05167958656330749
0 0.44491801302146144 0.041648274206413594 0.034482758620689655 0.05167958656330749
0 0.5148480829515314 0.04613990660502282 0.034482758620689655 0.05167958656330749
0 0.6017611698646184 0.040151063406877234 0.034482758620689655 0.05167958656330749
0 0.6107521788556273 0.053625960602704616 0.034482758620689655 0.05167958656330749
0 0.5598031279065764 0.06560364699899578 0.034482758620689655 0.05167958656330749
0 0.7216412897447381 0.08357017659343223 0.034482758620689655 0.05167958656330749
0 0.6696932377966863 0.05811759300131384 0.034482758620689655 0.05167958656330749
0 0.7506123187157673 0.053625960602704616 0.034482758620689655 0.05167958656330749
0 0.7635993317027803 0.05512317140224112 0.034482758620689655 0.05167958656330749
0 0.7795833476867962 0.05961480380085019 0.034482758620689655 0.05167958656330749
0 0.8145483826518312 0.12249765738137815 0.034482758620689655 0.05167958656330749
0 0.8734894415928902 0.06560364699899578 0.034482758620689655 0.05167958656330749
0 0.9314314995349482 0.08057575499435951 0.034482758620689655 0.05167958656330749
0 0.9384245065279553 0.09704507378925975 0.034482758620689655 0.05167958656330749
0 0.9494135175169662 0.0955478629897234 0.034482758620689655 0.05167958656330749
0 0.9014614695649182 0.07907854419482316 0.034482758620689655 0.05167958656330749
0 0.9773855454889943 0.041648274206413594 0.034482758620689655 0.05167958656330749
0 0.969393537496986 0.053625960602704616 0.034482758620689655 0.05167958656330749
0 0.94341951152296 0.2033470405563427 0.034482758620689655 0.05167958656330749
0 0.9643985325019813 0.26323547253779794 0.034482758620689655 0.05167958656330749
0 0.9643985325019813 0.3021629533257439 0.034482758620689655 0.05167958656330749
0 0.9703925384959872 0.447392400880773 0.034482758620689655 0.05167958656330749
0 0.9224404905439391 0.5222529408575919 0.034482758620689655 0.05167958656330749
0 0.915447483550932 0.6031023240325566 0.034482758620689655 0.05167958656330749
0 0.9703925384959872 0.636040961622357 0.034482758620689655 0.05167958656330749
0 0.9184444865479352 0.7243763987950036 0.034482758620689655 0.05167958656330749
0 0.9494135175169662 0.7842648307764588 0.034482758620689655 0.05167958656330749
0 0.9713915394949879 0.7573150363848039 0.034482758620689655 0.05167958656330749
0 0.9763865444899931 0.7228791879954671 0.034482758620689655 0.05167958656330749
0 0.9753875434909922 0.6764656532098393 0.034482758620689655 0.05167958656330749
0 0.9933695614730099 0.6345437508228207 0.034482758620689655 0.05167958656330749
0 0.9963665644700131 0.5536943676478561 0.034482758620689655 0.05167958656330749
0 0.978384546487995 0.5417166812515649 0.034482758620689655 0.05167958656330749
0 0.956406524509973 0.4099621308923635 0.034482758620689655 0.05167958656330749
0 0.9793835474869962 0.3875039688993177 0.034482758620689655 0.05167958656330749
0 0.9364265045299532 0.3186322721206441 0.034482758620689655 0.05167958656330749
0 0.847515415618864 0.08057575499435951 0.034482758620689655 0.05167958656330749
0 0.824538392641841 0.07608412259575044 0.034482758620689655 0.05167958656330749
0 0.7775853456887942 0.12249765738137815 0.034482758620689655 0.05167958656330749
0 0.5847781528816013 0.037156641807804515 0.034482758620689655 0.05167958656330749
0 0.49287006097350944 0.04314548500594995 0.034482758620689655 0.05167958656330749
0 0.2211417892452376 0.03565943100826816 0.034482758620689655 0.05167958656330749
0 0.31904388714733545 0.07758133339528679 0.034482758620689655 0.05167958656330749
0 0.33302990113334946 0.041648274206413594 0.034482758620689655 0.05167958656330749
0 0.34801491611836455 0.08506738739296874 0.034482758620689655 0.05167958656330749
0 0.876486444589893 0.041648274206413594 0.034482758620689655 0.05167958656330749
0 0.25410882221227066 0.07458691179621407 0.034482758620689655 0.05167958656330749
0 0.1272356953391437 0.05512317140224112 0.034482758620689655 0.05167958656330749
0 0.08927365737710574 0.041648274206413594 0.034482758620689655 0.05167958656330749
0 0.03707585517930344 0.13226373110094036 0.034482758620689655 0.05167958656330749
0 0.06954338764683592 0.16520236869074081 0.034482758620689655 0.05167958656330749
0 0.08902390712735539 0.15097886609514516 0.034482758620689655 0.05167958656330749
0 0.15745547555892378 0.15322468229444972 0.034482758620689655 0.05167958656330749
0 0.14996296806641632 0.11205138530719926 0.034482758620689655 0.05167958656330749
0 0.24237056047400873 0.030453396732466515 0.034482758620689655 0.05167958656330749
0 0.2753375934410417 0.030453396732466515 0.034482758620689655 0.05167958656330749
0 0.3048081229115711 0.03494502913107566 0.034482758620689655 0.05167958656330749
0 0.38073219883564696 0.025213158934089184 0.034482758620689655 0.05167958656330749
0 0.3557571738606221 0.030453396732466515 0.034482758620689655 0.05167958656330749
0 0.1919210100244583 0.061146218122962316 0.034482758620689655 0.05167958656330749
0 0.5757871438905923 0.1958951900812366 0.034482758620689655 0.05167958656330749
0 0.6002626683661166 0.18541471448448194 0.034482758620689655 0.05167958656330749
0 0.6487142168176651 0.315672054044147 0.034482758620689655 0.05167958656330749
0 0.6761867442901928 0.028956185932930156 0.034482758620689655 0.05167958656330749
0 0.8557571738606221 0.05366016412528044 0.034482758620689655 0.05167958656330749
0 0.7788340969375452 0.03195060753200287 0.034482758620689655 0.05167958656330749
0 0.9836293017327499 0.18990634688309105 0.034482758620689655 0.05167958656330749
0 0.9681447862482344 0.24904617346477811 0.034482758620689655 0.05167958656330749
0 0.9062067243101726 0.022218737335016395 0.034482758620689655 0.05167958656330749
0 0.8902227083261566 0.025961764333857364 0.034482758620689655 0.05167958656330749
0 0.9521607702642184 0.024464553534321008 0.034482758620689655 0.05167958656330749
0 0.938674256777705 0.031202002132234695 0.034482758620689655 0.05167958656330749
0 0.7973156154190637 0.020721526535480036 0.034482758620689655 0.05167958656330749
0 0.6979150160184643 0.043179688528525786 0.034482758620689655 0.05167958656330749
0 0.6844285025319508 0.05291155872551219 0.034482758620689655 0.05167958656330749
0 0.8093036274070757 0.1884091360835547 0.034482758620689655 0.05167958656330749
0 0.8477651658686141 0.16819679028981352 0.034482758620689655 0.05167958656330749
0 0.7036592717627201 0.022184533812440635 0.034482758620689655 0.05167958656330749
0 0.7246382927417413 0.010206847416149616 0.034482758620689655 0.05167958656330749
0 0.862500430603879 0.010206847416149616 0.034482758620689655 0.05167958656330749
0 0.04032260842605676 0.025178955411513354 0.034482758620689655 0.05167958656330749
0 0.41994298804643654 0.013201269015222335 0.034482758620689655 0.05167958656330749
