0 0.15104689291857792 0.9148897410168195 0.01953125 0.026041666666666668
0 0.18717074612958706 0.8598438694571865 0.01953125 0.026041666666666668
0 0.09686111310206413 0.7864493740443425 0.01953125 0.026041666666666668
0 0.059017076404816404 0.7887429520259938 0.01953125 0.026041666666666668
0 0.00913175530389898 0.6981466217507645 0.01953125 0.026041666666666668
0 0.057296892918577924 0.6683301079892966 0.01953125 0.026041666666666668
0 0.07277854429472469 0.6671833189984708 0.01953125 0.026041666666666668
0 0.2542579020928898 0.677504419915902 0.01953125 0.026041666666666668
0 0.22759505805619257 0.6717704749617736 0.01953125 0.026041666666666668
0 0.15276707640481646 0.7142016676223241 0.01953125 0.026041666666666668
0 0.12008359016628434 0.6511282731269112 0.01953125 0.026041666666666668
0 0.17856982869839444 0.6820915758792049 0.01953125 0.026041666666666668
0 0.10374184704701828 0.6178713923929663 0.01953125 0.026041666666666668
0 0.08912028741399075 0.597229190558104 0.01953125 0.026041666666666668
0 0.0960010213589449 0.5674126767966361 0.01953125 0.026041666666666668
0 0.15276707640481646 0.5777337777140672 0.01953125 0.026041666666666668
0 0.016012489248853123 0.585761300649847 0.01953125 0.026041666666666668
0 0.0031111131020641336 0.6178713923929663 0.01953125 0.026041666666666668
0 0.0426753332855504 0.5697062547782874 0.01953125 0.026041666666666668
0 0.05471661768922009 0.5960824015672782 0.01953125 0.026041666666666668
0 0.09686111310206413 0.6935594657874616 0.01953125 0.026041666666666668
0 0.15018680117545863 0.6419539612003057 0.01953125 0.026041666666666668
0 0.16738863603784399 0.6075502914755351 0.01953125 0.026041666666666668
0 0.21297349842316504 0.5834677226681957 0.01953125 0.026041666666666668
0 0.2172739571387614 0.6098438694571865 0.01953125 0.026041666666666668
0 0.2792005626433486 0.6098438694571865 0.01953125 0.026041666666666668
0 0.24135652594610085 0.6178713923929663 0.01953125 0.026041666666666668
0 0.2998427644782109 0.6201649703746176 0.01953125 0.026041666666666668
0 0.3471478103497706 0.7084677226681956 0.01953125 0.026041666666666668
0 0.29468221401949535 0.6671833189984708 0.01953125 0.026041666666666668
0 0.3144643241112385 0.6981466217507645 0.01953125 0.026041666666666668
0 0.3127441406249999 0.655715429090214 0.01953125 0.026041666666666668
0 0.358329003010321 0.6339264382645259 0.01953125 0.026041666666666668
0 0.32736570025802747 0.6029631355122324 0.01953125 0.026041666666666668
0 0.34112716814793576 0.5811741446865443 0.01953125 0.026041666666666668
0 0.32736570025802747 0.5674126767966361 0.01953125 0.026041666666666668
0 0.358329003010321 0.5444768969801222 0.01953125 0.026041666666666668
0 0.37811111310206413 0.8128255208333331 0.01953125 0.026041666666666668
0 0.43745744337729353 0.8965411171636085 0.01953125 0.026041666666666668
0 0.45723955346903666 0.7497521263379204 0.01953125 0.026041666666666668
0 0.47272120484518343 0.6843851538608562 0.01953125 0.026041666666666668
0 0.47960193879013757 0.7405778144113149 0.01953125 0.026041666666666668
0 0.4288565259461009 0.6258989153287461 0.01953125 0.026041666666666668
0 0.3824115718176605 0.6534218511085627 0.01953125 0.026041666666666668
0 0.4030537736525228 0.6075502914755351 0.01953125 0.026041666666666668
0 0.4761615718176605 0.6339264382645259 0.01953125 0.026041666666666668
0 0.4503588195240825 0.6018163465214067 0.01953125 0.026041666666666668
0 0.4176753332855504 0.5892016676223241 0.01953125 0.026041666666666668
0 0.4090744158543578 0.5238346951452599 0.01953125 0.026041666666666668
0 0.4297166176892201 0.5112200162461772 0.01953125 0.026041666666666668
0 0.3927326727350917 0.530715429090214 0.01953125 0.026041666666666668
0 0.4082143241112385 0.4859906584480121 0.01953125 0.026041666666666668
0 0.3733806085149081 0.6055434107415901 0.01953125 0.026041666666666668
0 0.3695101956708714 0.5579516676223241 0.01953125 0.026041666666666668
0 0.4705709754873852 0.5487773556957185 0.01953125 0.026041666666666668
0 0.4460583608084861 0.5482039612003057 0.01953125 0.026041666666666668
0 0.3978932231938072 0.47997001624617724 0.01953125 0.026041666666666668
0 0.36563978282683474 0.4862773556957185 0.01953125 0.026041666666666668
0 0.4563794617259173 0.49201130064984694 0.01953125 0.026041666666666668
0 0.4950835901662843 0.5046259795489295 0.01953125 0.026041666666666668
0 0.5191661589736236 0.5189608419342506 0.01953125 0.026041666666666668
0 0.4826122598910549 0.5023324015672782 0.01953125 0.026041666666666668
0 0.5045445993405961 0.47194249331039734 0.01953125 0.026041666666666668
0 0.4568095075974769 0.46792873184250755 0.01953125 0.026041666666666668
0 0.4374574433772935 0.45818102542048916 0.01953125 0.026041666666666668
0 0.4193955167717888 0.4363920345948011 0.01953125 0.026041666666666668
0 0.23576592961582554 0.5866213923929663 0.01953125 0.026041666666666668
0 0.5561501039277521 0.6760709336773699 0.01953125 0.026041666666666668
0 0.5277670764048163 0.6571489153287461 0.01953125 0.026041666666666668
0 0.49895400301032095 0.6370801079892966 0.01953125 0.026041666666666668
0 0.503684507597477 0.6600158878058103 0.01953125 0.026041666666666668
0 0.5230365718176604 0.7276764382645259 0.01953125 0.026041666666666668
0 0.5273370305332568 0.811392034594801 0.01953125 0.026041666666666668
0 0.5621707461295871 0.786162676796636 0.01953125 0.026041666666666668
0 0.5681913883314218 0.5424700162461772 0.01953125 0.026041666666666668
0 0.5011042323681192 0.5281351538608562 0.01953125 0.026041666666666668
0 0.5049746452121557 0.5126535024847093 0.01953125 0.026041666666666668
0 0.5281971222763759 0.5264149703746176 0.01953125 0.026041666666666668
0 0.5385182231938073 0.5241213923929662 0.01953125 0.026041666666666668
0 0.5673312965883026 0.4776764382645258 0.01953125 0.026041666666666668
0 0.6017349663130733 0.5109333189984708 0.01953125 0.026041666666666668
0 0.5273370305332568 0.5631122180810396 0.01953125 0.026041666666666668
0 0.5759322140194953 0.5246947868883791 0.01953125 0.026041666666666668
0 0.6154964342029814 0.5413232272553515 0.01953125 0.026041666666666668
0 0.38069138833142185 0.5000388235856268 0.01953125 0.026041666666666668
0 0.3660698286983944 0.4358186400993882 0.01953125 0.026041666666666668
0 0.5673312965883026 0.4105892823012231 0.01953125 0.026041666666666668
0 0.6369987277809632 0.5745801079892966 0.01953125 0.026041666666666668
0 0.5329276268635319 0.6101305667048929 0.01953125 0.026041666666666668
0 0.5217464342029816 0.6112773556957185 0.01953125 0.026041666666666668
0 0.502394369982798 0.5906351538608562 0.01953125 0.026041666666666668
0 0.5755021681479355 0.7288232272553515 0.01953125 0.026041666666666668
0 0.6874574433772935 0.7712544199159019 0.01953125 0.026041666666666668
0 0.6104792323681193 0.8211397410168194 0.01953125 0.026041666666666668
0 0.5971478103497706 0.8108186400993883 0.01953125 0.026041666666666668
0 0.677566388331422 0.9128828602828745 0.01953125 0.026041666666666668
0 0.748954003010321 0.8773324015672781 0.01953125 0.026041666666666668
0 0.7437934525516054 0.8039379061544342 0.01953125 0.026041666666666668
0 0.8358232690653671 0.8509562547782874 0.01953125 0.026041666666666668
0 0.7919585901662844 0.9662085483562689 0.01953125 0.026041666666666668
0 0.8672166176892202 0.9707957043195717 0.01953125 0.026041666666666668
0 0.9188221222763762 0.8893736859709479 0.01953125 0.026041666666666668
0 0.9682773975057339 0.9318048786314983 0.01953125 0.026041666666666668
0 0.9781684525516054 0.8412085483562689 0.01953125 0.026041666666666668
0 0.9162418470470184 0.7896030437691129 0.01953125 0.026041666666666668
0 0.9179620305332568 0.7156351538608562 0.01953125 0.026041666666666668
0 0.8814081314506881 0.8400617593654434 0.01953125 0.026041666666666668
0 0.7880881773222477 0.7391443281727827 0.01953125 0.026041666666666668
0 0.7403530855791285 0.7534791905581039 0.01953125 0.026041666666666668
0 0.6706856543864679 0.8251535024847093 0.01953125 0.026041666666666668
0 0.7850778562213303 0.8102452456039755 0.01953125 0.026041666666666668
0 0.8835583608084863 0.6697635942278287 0.01953125 0.026041666666666668
0 0.8353932231938073 0.7557727685397553 0.01953125 0.026041666666666668
0 0.8869987277809632 0.7219424933103974 0.01953125 0.026041666666666668
0 0.941184507597477 0.7202223098241589 0.01953125 0.026041666666666668
0 0.9407544617259174 0.6829516676223241 0.01953125 0.026041666666666668
0 0.9549459754873852 0.6508415758792048 0.01953125 0.026041666666666668
0 0.9059207461295871 0.6433874474388378 0.01953125 0.026041666666666668
0 0.8095904709002293 0.7018736859709479 0.01953125 0.026041666666666668
0 0.8095904709002293 0.7448782731269112 0.01953125 0.026041666666666668
0 0.819481525946101 0.660589282301223 0.01953125 0.026041666666666668
0 0.842704003010321 0.6187314841360855 0.01953125 0.026041666666666668
0 0.8723771681479358 0.5935021263379203 0.01953125 0.026041666666666668
0 0.7906684525516054 0.668616805237003 0.01953125 0.026041666666666668
0 0.7468037736525229 0.6646030437691129 0.01953125 0.026041666666666668
0 0.677566388331422 0.6250388235856268 0.01953125 0.026041666666666668
0 0.7519643241112386 0.642814052943425 0.01953125 0.026041666666666668
0 0.751534278239679 0.624465429090214 0.01953125 0.026041666666666668
0 0.7154104250286697 0.6548553373470947 0.01953125 0.026041666666666668
0 0.6926179938360091 0.6548553373470947 0.01953125 0.026041666666666668
0 0.6311214342029816 0.6525617593654433 0.01953125 0.026041666666666668
0 0.6294012507167431 0.6892590070718653 0.01953125 0.026041666666666668
0 0.6530537736525229 0.697859924503058 0.01953125 0.026041666666666668
0 0.6547739571387614 0.731116805237003 0.01953125 0.026041666666666668
0 0.6001581314506881 0.742011300649847 0.01953125 0.026041666666666668
0 0.6018783149369266 0.6588690988149846 0.01953125 0.026041666666666668
0 0.583816388331422 0.6531351538608562 0.01953125 0.026041666666666668
0 0.5666145534690367 0.6124241446865443 0.01953125 0.026041666666666668
0 0.596717764478211 0.624465429090214 0.01953125 0.026041666666666668
0 0.6164998745699541 0.5831810254204891 0.01953125 0.026041666666666668
0 0.9390342782396788 0.5642590070718653 0.01953125 0.026041666666666668
0 0.9958003332855505 0.576300291475535 0.01953125 0.026041666666666668
0 0.9970904709002293 0.6084103832186544 0.01953125 0.026041666666666668
0 0.9179620305332568 0.550497539181957 0.01953125 0.026041666666666668
0 0.8577556085149083 0.572859924503058 0.01953125 0.026041666666666668
0 0.8478645534690368 0.5631122180810396 0.01953125 0.026041666666666668
0 0.8332429938360091 0.5642590070718653 0.01953125 0.026041666666666668
0 0.8164712048451834 0.5665525850535167 0.01953125 0.026041666666666668
0 0.8044299204415137 0.6032498327599387 0.01953125 0.026041666666666668
0 0.776046892918578 0.6370801079892965 0.01953125 0.026041666666666668
0 0.7657257920011469 0.5642590070718653 0.01953125 0.026041666666666668
0 0.7480939112672018 0.5527911171636084 0.01953125 0.026041666666666668
0 0.6861673057626146 0.5722865300076451 0.01953125 0.026041666666666668
0 0.7257315259461009 0.60955717220948 0.01953125 0.026041666666666668
0 0.7124001039277523 0.5963690988149846 0.01953125 0.026041666666666668
0 0.9760182231938073 0.7081810254204891 0.01953125 0.026041666666666668
0 0.8581856543864679 0.7288232272553516 0.01953125 0.026041666666666668
0 0.8818381773222477 0.7477452456039755 0.01953125 0.026041666666666668
0 0.650473498423165 0.5424700162461772 0.01953125 0.026041666666666668
0 0.6607945993405964 0.5218278144113149 0.01953125 0.026041666666666668
0 0.6590744158543578 0.499465429090214 0.01953125 0.026041666666666668
0 0.6371420764048166 0.48226359422782866 0.01953125 0.026041666666666668
0 0.6534838195240826 0.4352452456039755 0.01953125 0.026041666666666668
0 0.690467764478211 0.495451667622324 0.01953125 0.026041666666666668
0 0.723151250716743 0.4685021263379204 0.01953125 0.026041666666666668
0 0.7511042323681192 0.4742360712920488 0.01953125 0.026041666666666668
0 0.7313221222763762 0.5057727685397553 0.01953125 0.026041666666666668
0 0.7235812965883027 0.5327223098241589 0.01953125 0.026041666666666668
0 0.6805767094323394 0.5413232272553516 0.01953125 0.026041666666666668
0 0.6977785442947247 0.5281351538608562 0.01953125 0.026041666666666668
0 0.6943381773222477 0.5482039612003057 0.01953125 0.026041666666666668
0 0.7945388653956422 0.4862773556957185 0.01953125 0.026041666666666668
0 0.8052900121846329 0.5115067134938837 0.01953125 0.026041666666666668
0 0.7786271681479358 0.5390296492737002 0.01953125 0.026041666666666668
0 0.7609952874139909 0.532148915328746 0.01953125 0.026041666666666668
0 0.8108806085149083 0.5459103832186543 0.01953125 0.026041666666666668
0 0.8366833608084863 0.5006122180810396 0.01953125 0.026041666666666668
0 0.8577556085149083 0.5023324015672782 0.01953125 0.026041666666666668
0 0.8758175351204127 0.499465429090214 0.01953125 0.026041666666666668
0 0.8779677644782109 0.5441901997324158 0.01953125 0.026041666666666668
0 0.9063507920011467 0.5063461630351681 0.01953125 0.026041666666666668
0 0.9205423057626148 0.49717185110856255 0.01953125 0.026041666666666668
0 0.9308634066800459 0.5224012089067277 0.01953125 0.026041666666666668
0 0.9687074433772935 0.5195342364296636 0.01953125 0.026041666666666668
0 0.9764482690653669 0.5780204749617736 0.01953125 0.026041666666666668
0 0.7472338195240825 0.5843278144113149 0.01953125 0.026041666666666668
0 0.729171892918578 0.5843278144113149 0.01953125 0.026041666666666668
0 0.7592751039277523 0.5963690988149847 0.01953125 0.026041666666666668
0 0.7743267094323394 0.5946489153287461 0.01953125 0.026041666666666668
0 0.7928186819094036 0.6164379061544342 0.01953125 0.026041666666666668
0 0.8083003332855505 0.628479190558104 0.01953125 0.026041666666666668
0 0.5971478103497706 0.41288286028287446 0.01953125 0.026041666666666668
0 0.5717751039277523 0.39912139239296623 0.01953125 0.026041666666666668
0 0.6943381773222477 0.41116267679663593 0.01953125 0.026041666666666668
0 0.8078702874139909 0.3257268969801222 0.01953125 0.026041666666666668
0 0.7605652415424311 0.3205663465214066 0.01953125 0.026041666666666668
0 0.36606982869839444 0.5717131355122321 0.01953125 0.026041666666666668
0 0.3849918470470183 0.575726896980122 0.01953125 0.026041666666666668
0 0.40133359016628434 0.5659791905581036 0.01953125 0.026041666666666668
0 0.8933060672305047 0.6270457043195719 0.01953125 0.026041666666666668
0 0.7496707461295871 0.6958530437691129 0.01953125 0.026041666666666668
0 0.720427626863532 0.7004401997324159 0.01953125 0.026041666666666668
0 0.22157441585435772 0.8437888235856268 0.01953125 0.026041666666666668
0 0.8305193699827982 0.6098438694571865 0.01953125 0.026041666666666668
0 0.6731225809919724 0.38163286028287446 0.01953125 0.026041666666666668
0 0.7126868011754587 0.3185594657874617 0.01953125 0.026041666666666668
0 0.6679620305332569 0.3047979978975534 0.01953125 0.026041666666666668
0 0.49078313145068797 0.43438515386085613 0.01953125 0.026041666666666668
0 0.18545056264334853 0.5869080896406728 0.01953125 0.026041666666666668
0 0.25855836080848615 0.5995227685397553 0.01953125 0.026041666666666668
0 0.28092074612958706 0.5811741446865443 0.01953125 0.026041666666666668
0 0.4314368011754587 0.7749814841360855 0.01953125 0.026041666666666668
0 0.943191388331422 0.7703943281727827 0.01953125 0.026041666666666668
0 0.9965170764048166 0.722229190558104 0.01953125 0.026041666666666668
0 0.9879161589736238 0.6476879061544342 0.01953125 0.026041666666666668
0 0.968994140625 0.6396603832186544 0.01953125 0.026041666666666668
0 0.9715744158543578 0.5995227685397553 0.01953125 0.026041666666666668
0 0.8623427644782109 0.5433301079892966 0.01953125 0.026041666666666668
0 0.7496707461295871 0.5181007501911314 0.01953125 0.026041666666666668
0 0.6765629479644495 0.5238346951452599 0.01953125 0.026041666666666668
0 0.6189368011754587 0.6075502914755351 0.01953125 0.026041666666666668
0 0.6481799204415137 0.6213117593654434 0.01953125 0.026041666666666668
0 0.5363679938360091 0.5869080896406728 0.01953125 0.026041666666666668
0 0.5097051497993119 0.5754401997324159 0.01953125 0.026041666666666668
0 0.6154964342029816 0.519247539181957 0.01953125 0.026041666666666668
0 0.6215170764048165 0.4963117593654433 0.01953125 0.026041666666666668
0 0.43573725989105494 0.4825502914755351 0.01953125 0.026041666666666668
0 0.3488679938360091 0.39998148413608553 0.01953125 0.026041666666666668
0 0.1940514800745412 0.6362200162461772 0.01953125 0.026041666666666668
0 0.41337487456995403 0.5444768969801222 0.01953125 0.026041666666666668
0 0.42369597548738525 0.5605319428516818 0.01953125 0.026041666666666668
0 0.44863863603784393 0.5639723098241589 0.01953125 0.026041666666666668
0 0.8614826727350917 0.7119080896406728 0.01953125 0.026041666666666668
0 0.8709436819094036 0.6912658878058103 0.01953125 0.026041666666666668
0 0.8520216635607798 0.6396603832186544 0.01953125 0.026041666666666668
0 0.4667005626433486 0.5719998327599387 0.01953125 0.026041666666666668
0 0.44777854429472475 0.5226879061544342 0.01953125 0.026041666666666668
0 0.8176179938360091 0.3231466217507644 0.01953125 0.026041666666666668
0 0.8244987277809632 0.3896603832186543 0.01953125 0.026041666666666668
0 0.5743182146990742 0.3614366319444446 0.01953125 0.026041666666666668
0 0.49931821469907406 0.29353539737654327 0.01953125 0.026041666666666668
