0 0.03936054180194809 0.9045132590872815 0.01953125 0.027932960893854747
0 0.0779537844967533 0.8769158564898789 0.01953125 0.027932960893854747
0 0.09781795353084419 0.869610661684684 0.01953125 0.027932960893854747
0 0.10519607345779222 0.9256171551911776 0.01953125 0.027932960893854747
0 0.16138329443993513 0.8931496227236451 0.01953125 0.027932960893854747
0 0.1653561282467533 0.8655522201262424 0.01953125 0.027932960893854747
0 0.14605950689935068 0.8598704019444243 0.01953125 0.027932960893854747
0 0.15400517451298704 0.8412015707755931 0.01953125 0.027932960893854747
0 0.1857878449675325 0.8834093629833853 0.01953125 0.027932960893854747
0 0.20678710937500003 0.8801626097366322 0.01953125 0.027932960893854747
0 0.23289430296266236 0.8817859863600087 0.01953125 0.027932960893854747
0 0.22097580154220783 0.811980791554814 0.01953125 0.027932960893854747
0 0.2527584719967533 0.8322729993470217 0.01953125 0.027932960893854747
0 0.2879464285714286 0.8493184538924763 0.01953125 0.027932960893854747
0 0.30497285917207795 0.7892535188275411 0.01953125 0.027932960893854747
0 0.18465274959415587 0.7559742980483204 0.01953125 0.027932960893854747
0 0.16762631899350652 0.7787015707755931 0.01953125 0.027932960893854747
0 0.14322176846590914 0.7746431292171516 0.01953125 0.027932960893854747
0 0.13414100547889615 0.811980791554814 0.01953125 0.027932960893854747
0 0.1233575994318182 0.8030522201262424 0.01953125 0.027932960893854747
0 0.10633116883116886 0.734058713632736 0.01953125 0.027932960893854747
0 0.07738623681006498 0.7778898824639049 0.01953125 0.027932960893854747
0 0.04787375710227276 0.7478574149314373 0.01953125 0.027932960893854747
0 0.03198242187500003 0.7673379344119567 0.01953125 0.027932960893854747
0 0.06603528307629875 0.8176626097366321 0.01953125 0.027932960893854747
0 0.030847326501623418 0.8136041681781905 0.01953125 0.027932960893854747
0 0.02063146814123379 0.859058713632736 0.01953125 0.027932960893854747
0 0.011550705154220797 0.8687989733729957 0.01953125 0.027932960893854747
0 0.068305473823052 0.8493184538924763 0.01953125 0.027932960893854747
0 0.10065569196428573 0.846071700645723 0.01953125 0.027932960893854747
0 0.09952059659090914 0.7722080642820867 0.01953125 0.027932960893854747
0 0.08135907061688316 0.6796755967496191 0.01953125 0.027932960893854747
0 0.030847326501623418 0.6699353370093594 0.01953125 0.027932960893854747
0 0.04957640016233769 0.622045726619749 0.01953125 0.027932960893854747
0 0.03765789874188313 0.5993184538924762 0.01953125 0.027932960893854747
0 0.12733043323863638 0.7113314409054633 0.01953125 0.027932960893854747
0 0.13470855316558447 0.6675002720742944 0.01953125 0.027932960893854747
0 0.155707817573052 0.6204223499963724 0.01953125 0.027932960893854747
0 0.1324383624188312 0.5920132590872814 0.01953125 0.027932960893854747
0 0.112006645698052 0.6293509214249438 0.01953125 0.027932960893854747
0 0.09043983360389615 0.6390911811652035 0.01953125 0.027932960893854747
0 0.06433264001623379 0.6082470253210477 0.01953125 0.027932960893854747
0 0.0637650923295455 0.5798379344119567 0.01953125 0.027932960893854747
0 0.06660283076298704 0.5392535188275411 0.01953125 0.027932960893854747
0 0.10235833502435068 0.5709093629833853 0.01953125 0.027932960893854747
0 0.10406097808441564 0.5489937785678008 0.01953125 0.027932960893854747
0 0.14549195921266236 0.5538639084379308 0.01953125 0.027932960893854747
0 0.1698965097402598 0.5838963759703983 0.01953125 0.027932960893854747
0 0.19373351258116886 0.5709093629833853 0.01953125 0.027932960893854747
0 0.2090573001217533 0.5733444279184502 0.01953125 0.027932960893854747
0 0.19657125101461045 0.5968833889574113 0.01953125 0.027932960893854747
0 0.19713879870129877 0.6285392331132555 0.01953125 0.027932960893854747
0 0.2232459922889611 0.6390911811652035 0.01953125 0.027932960893854747
0 0.21246258624188316 0.6244807915548138 0.01953125 0.027932960893854747
0 0.25048828125 0.658571700645723 0.01953125 0.027932960893854747
0 0.2590014965503247 0.6147405318145541 0.01953125 0.027932960893854747
0 0.23970487520292214 0.5806496227236451 0.01953125 0.027932960893854747
0 0.23459694602272732 0.6050002720742944 0.01953125 0.027932960893854747
0 0.17386934354707798 0.8144158564898789 0.01953125 0.027932960893854747
0 0.21927315848214288 0.7673379344119567 0.01953125 0.027932960893854747
0 0.3503766741071429 0.7624678045418269 0.01953125 0.027932960893854747
0 0.36456536627435066 0.7519158564898789 0.01953125 0.027932960893854747
0 0.34186345880681823 0.7275652071392296 0.01953125 0.027932960893854747
0 0.31462116984577926 0.7072729993470217 0.01953125 0.027932960893854747
0 0.294189453125 0.684545726619749 0.01953125 0.027932960893854747
0 0.26127168729707795 0.6829223499963724 0.01953125 0.027932960893854747
0 0.24594789975649353 0.6861691032431256 0.01953125 0.027932960893854747
0 0.23346185064935068 0.6886041681781905 0.01953125 0.027932960893854747
0 0.21132749086850652 0.6853574149314373 0.01953125 0.027932960893854747
0 0.2277863737824676 0.6577600123340347 0.01953125 0.027932960893854747
0 0.17046405742694812 0.6796755967496191 0.01953125 0.027932960893854747
0 0.17216670048701302 0.7024028694768919 0.01953125 0.027932960893854747
0 0.181247463474026 0.6918509214249438 0.01953125 0.027932960893854747
0 0.3776189630681819 0.807110661684684 0.01953125 0.027932960893854747
0 0.36399781858766234 0.8079223499963724 0.01953125 0.027932960893854747
0 0.33562043425324684 0.9175002720742944 0.01953125 0.027932960893854747
0 0.3129185267857143 0.9077600123340347 0.01953125 0.027932960893854747
0 0.27659547483766234 0.8874678045418269 0.01953125 0.027932960893854747
0 0.2782981178977273 0.8314613110353334 0.01953125 0.027932960893854747
0 0.41394201501623384 0.932110661684684 0.01953125 0.027932960893854747
0 0.4122393719561689 0.8347080642820867 0.01953125 0.027932960893854747
0 0.4275631594967533 0.7892535188275411 0.01953125 0.027932960893854747
0 0.4633186637581169 0.8249678045418269 0.01953125 0.027932960893854747
0 0.48318283279220786 0.8030522201262424 0.01953125 0.027932960893854747
0 0.48602057122564934 0.7592210512950737 0.01953125 0.027932960893854747
0 0.4877232142857143 0.7024028694768919 0.01953125 0.027932960893854747
0 0.48034509435876627 0.6999678045418269 0.01953125 0.027932960893854747
0 0.47069678368506496 0.7162015707755931 0.01953125 0.027932960893854747
0 0.4655888545048702 0.697532739606762 0.01953125 0.027932960893854747
0 0.44572468547077926 0.6910392331132554 0.01953125 0.027932960893854747
0 0.46388621144480524 0.6561366357106581 0.01953125 0.027932960893854747
0 0.4468597808441559 0.648019752593775 0.01953125 0.027932960893854747
0 0.4349412794237013 0.6261041681781905 0.01953125 0.027932960893854747
0 0.408834085836039 0.622045726619749 0.01953125 0.027932960893854747
0 0.41791484882305197 0.6463963759703983 0.01953125 0.027932960893854747
0 0.42075258725649356 0.673993778567801 0.01953125 0.027932960893854747
0 0.3935102982954546 0.6861691032431256 0.01953125 0.027932960893854747
0 0.3946453936688312 0.6683119603859827 0.01953125 0.027932960893854747
0 0.365132913961039 0.6675002720742944 0.01953125 0.027932960893854747
0 0.33562043425324684 0.6642535188275411 0.01953125 0.027932960893854747
0 0.356052150974026 0.6244807915548138 0.01953125 0.027932960893854747
0 0.3594574370941559 0.6033768954509179 0.01953125 0.027932960893854747
0 0.3435661018668832 0.5903898824639049 0.01953125 0.027932960893854747
0 0.328809862012987 0.5903898824639049 0.01953125 0.027932960893854747
0 0.30837814529220786 0.5709093629833853 0.01953125 0.027932960893854747
0 0.2964596438717533 0.5895781941522165 0.01953125 0.027932960893854747
0 0.2964596438717533 0.606623648697671 0.01953125 0.027932960893854747
0 0.27943321327110393 0.6488314409054633 0.01953125 0.027932960893854747
0 0.29872983461850655 0.6366561162301385 0.01953125 0.027932960893854747
0 0.27319018871753253 0.5838963759703983 0.01953125 0.027932960893854747
0 0.32086419439935066 0.7608444279184503 0.01953125 0.027932960893854747
0 0.28681133319805197 0.7762665058405283 0.01953125 0.027932960893854747
0 0.27943321327110393 0.7437989733729957 0.01953125 0.027932960893854747
0 0.43891411323051954 0.7421755967496191 0.01953125 0.027932960893854747
0 0.3940778459821429 0.7592210512950737 0.01953125 0.027932960893854747
0 0.4167797534496753 0.7137665058405281 0.01953125 0.027932960893854747
0 0.26808225953733766 0.710519752593775 0.01953125 0.027932960893854747
0 0.15968065137987017 0.7324353370093594 0.01953125 0.027932960893854747
0 0.08362926136363638 0.744610661684684 0.01953125 0.027932960893854747
0 0.05071149553571433 0.6918509214249438 0.01953125 0.027932960893854747
0 0.4218876826298702 0.8834093629833853 0.01953125 0.027932960893854747
0 0.40769899046266234 0.8769158564898789 0.01953125 0.027932960893854747
0 0.4411843039772728 0.861493778567801 0.01953125 0.027932960893854747
0 0.4882907619724026 0.8525652071392296 0.01953125 0.027932960893854747
0 0.0021814123376623362 0.7076788435028658 0.01953125 0.027932960893854747
0 0.004451603084415556 0.6200165058405281 0.01953125 0.027932960893854747
0 0.007010323660714302 0.4994807915548139 0.01953125 0.027932960893854747
0 0.03765789874188313 0.4864937785678009 0.01953125 0.027932960893854747
0 0.05184659090909094 0.4653898824639048 0.01953125 0.027932960893854747
0 0.00644277597402601 0.44590936298338535 0.01953125 0.027932960893854747
0 0.024604301948051965 0.4069483240223464 0.01953125 0.027932960893854747
0 0.011550705154220797 0.3752924798665021 0.01953125 0.027932960893854747
0 0.030847326501623418 0.3769158564898788 0.01953125 0.027932960893854747
0 0.035387707995129886 0.3623054668794891 0.01953125 0.027932960893854747
0 0.0552518770292208 0.32415611623013857 0.01953125 0.027932960893854747
0 0.04163073254870134 0.3338963759703983 0.01953125 0.027932960893854747
0 0.056386972402597435 0.34282494739896974 0.01953125 0.027932960893854747
0 0.06319754464285718 0.35905871363273595 0.01953125 0.027932960893854747
0 0.09157492897727273 0.35256520713922945 0.01953125 0.027932960893854747
0 0.12449269480519484 0.3614937785678009 0.01953125 0.027932960893854747
0 0.10179078733766236 0.3639288435028658 0.01953125 0.027932960893854747
0 0.14605950689935068 0.39314962272364506 0.01953125 0.027932960893854747
0 0.13641119622564937 0.44590936298338535 0.01953125 0.027932960893854747
0 0.13187081473214288 0.4248054668794891 0.01953125 0.027932960893854747
0 0.11030400263798704 0.4304872850613074 0.01953125 0.027932960893854747
0 0.10065569196428573 0.45159118116520347 0.01953125 0.027932960893854747
0 0.08646699979707798 0.43454572661974894 0.01953125 0.027932960893854747
0 0.06660283076298704 0.42886390843793076 0.01953125 0.027932960893854747
0 0.0824941659902598 0.3874678045418268 0.01953125 0.027932960893854747
0 0.05979225852272729 0.3907145577885801 0.01953125 0.027932960893854747
0 0.09725040584415587 0.3322729993470216 0.01953125 0.027932960893854747
0 0.10689871651785718 0.31035741493143726 0.01953125 0.027932960893854747
0 0.13187081473214288 0.3257794928535152 0.01953125 0.027932960893854747
0 0.18295010653409097 0.32983793441195675 0.01953125 0.027932960893854747
0 0.1670587713068182 0.35256520713922945 0.01953125 0.027932960893854747
0 0.14322176846590914 0.5067859863600087 0.01953125 0.027932960893854747
0 0.1137092887581169 0.4897405318145541 0.01953125 0.027932960893854747
0 0.09271002435064937 0.5100327396067619 0.01953125 0.027932960893854747
0 0.07568359375000003 0.4856820902561126 0.01953125 0.027932960893854747
0 0.19146332183441564 0.5270781941522165 0.01953125 0.027932960893854747
0 0.21473277698863644 0.5392535188275411 0.01953125 0.027932960893854747
0 0.24481280438311695 0.4921755967496191 0.01953125 0.027932960893854747
0 0.2572988534902598 0.4856820902561126 0.01953125 0.027932960893854747
0 0.2726226410308442 0.5254548175288398 0.01953125 0.027932960893854747
0 0.2845411424512988 0.5579223499963724 0.01953125 0.027932960893854747
0 0.24140751826298704 0.5546755967496191 0.01953125 0.027932960893854747
0 0.22721882609577929 0.47431845389247623 0.01953125 0.027932960893854747
0 0.20338182325487017 0.4897405318145541 0.01953125 0.027932960893854747
0 0.19657125101461045 0.4800002720742944 0.01953125 0.027932960893854747
0 0.20735465706168835 0.471071700645723 0.01953125 0.027932960893854747
0 0.19884144176136367 0.45564962272364506 0.01953125 0.027932960893854747
0 0.190328226461039 0.41506520713922945 0.01953125 0.027932960893854747
0 0.19373351258116886 0.4012665058405281 0.01953125 0.027932960893854747
0 0.20962484780844162 0.37935092142494375 0.01953125 0.027932960893854747
0 0.22835392146915587 0.39558468765871 0.01953125 0.027932960893854747
0 0.23459694602272732 0.41263014220416444 0.01953125 0.027932960893854747
0 0.23913732751623382 0.42886390843793076 0.01953125 0.027932960893854747
0 0.2601365919237013 0.4037015707755931 0.01953125 0.027932960893854747
0 0.2782981178977273 0.4045132590872814 0.01953125 0.027932960893854747
0 0.2817034040178572 0.4248054668794891 0.01953125 0.027932960893854747
0 0.2873788808847403 0.37853923311325544 0.01953125 0.027932960893854747
0 0.294189453125 0.3550002720742944 0.01953125 0.027932960893854747
0 0.3066755022321429 0.34363663571065794 0.01953125 0.027932960893854747
0 0.2748928317775975 0.35337689545091777 0.01953125 0.027932960893854747
0 0.2533260196834416 0.3152275448015671 0.01953125 0.027932960893854747
0 0.24481280438311695 0.3485067655807879 0.01953125 0.027932960893854747
0 0.23629958908279228 0.37204572661974894 0.01953125 0.027932960893854747
0 0.2187056107954546 0.33064962272364506 0.01953125 0.027932960893854747
0 0.20565201400162345 0.2989937785678009 0.01953125 0.027932960893854747
0 0.22097580154220783 0.2851950772690996 0.01953125 0.027932960893854747
0 0.23346185064935068 0.29006520713922945 0.01953125 0.027932960893854747
0 0.23573204139610396 0.2762665058405281 0.01953125 0.027932960893854747
0 0.2624067826704546 0.27383144090546324 0.01953125 0.027932960893854747
0 0.2590014965503247 0.29006520713922945 0.01953125 0.027932960893854747
0 0.2720550933441559 0.28844183051585276 0.01953125 0.027932960893854747
0 0.2697849025974026 0.3071106616846839 0.01953125 0.027932960893854747
0 0.27716302252435066 0.3257794928535152 0.01953125 0.027932960893854747
0 0.2947570008116883 0.3282145577885801 0.01953125 0.027932960893854747
0 0.2964596438717533 0.3014288435028658 0.01953125 0.027932960893854747
0 0.32767476663961037 0.3022405318145541 0.01953125 0.027932960893854747
0 0.321431742086039 0.32415611623013857 0.01953125 0.027932960893854747
0 0.33278269581980524 0.33957819415221646 0.01953125 0.027932960893854747
0 0.3509442217938312 0.3184742980483203 0.01953125 0.027932960893854747
0 0.36399781858766234 0.27707819415221646 0.01953125 0.027932960893854747
0 0.3498091264204546 0.2657145577885801 0.01953125 0.027932960893854747
0 0.38669972605519487 0.3192859863600086 0.01953125 0.027932960893854747
0 0.37932160612824684 0.3355197525937749 0.01953125 0.027932960893854747
0 0.3532144125405845 0.35256520713922945 0.01953125 0.027932960893854747
0 0.346971387987013 0.37853923311325544 0.01953125 0.027932960893854747
0 0.365132913961039 0.39233793441195675 0.01953125 0.027932960893854747
0 0.3753487723214286 0.37204572661974894 0.01953125 0.027932960893854747
0 0.3912401075487013 0.3761041681781904 0.01953125 0.027932960893854747
0 0.4122393719561689 0.3761041681781904 0.01953125 0.027932960893854747
0 0.3293774096996753 0.4442859863600087 0.01953125 0.027932960893854747
0 0.35151176948051954 0.4637665058405281 0.01953125 0.027932960893854747
0 0.3100807883522728 0.3712340383080606 0.01953125 0.027932960893854747
0 0.31972909902597413 0.35824702532104763 0.01953125 0.027932960893854747
0 0.2975947392451299 0.47431845389247623 0.01953125 0.027932960893854747
0 0.2998649299918832 0.4856820902561126 0.01953125 0.027932960893854747
0 0.2811358563311689 0.47513014220416444 0.01953125 0.027932960893854747
0 0.2748928317775975 0.48243533700935937 0.01953125 0.027932960893854747
0 0.2692173549107143 0.48243533700935937 0.01953125 0.027932960893854747
0 0.2572988534902598 0.45808468765871 0.01953125 0.027932960893854747
0 0.3810242491883117 0.46133144090546324 0.01953125 0.027932960893854747
0 0.3946453936688312 0.44103923311325544 0.01953125 0.027932960893854747
0 0.3759163200081169 0.43535741493143726 0.01953125 0.027932960893854747
0 0.39294275060876627 0.4110067655807879 0.01953125 0.027932960893854747
0 0.4025910612824676 0.39883144090546324 0.01953125 0.027932960893854747
0 0.41167182426948057 0.4069483240223464 0.01953125 0.027932960893854747
0 0.42018503956980524 0.4248054668794891 0.01953125 0.027932960893854747
0 0.41394201501623384 0.45159118116520347 0.01953125 0.027932960893854747
0 0.43550882711038963 0.4386041681781904 0.01953125 0.027932960893854747
0 0.4400492086038962 0.46295481752883977 0.01953125 0.027932960893854747
0 0.45423790077110393 0.44834442791845025 0.01953125 0.027932960893854747
0 0.4627511160714286 0.44753273960676193 0.01953125 0.027932960893854747
0 0.459913377637987 0.43292234999637236 0.01953125 0.027932960893854747
0 0.45140016233766234 0.4093833889574113 0.01953125 0.027932960893854747
0 0.4661564021915585 0.3907145577885801 0.01953125 0.027932960893854747
0 0.48658811891233766 0.4077600123340347 0.01953125 0.027932960893854747
0 0.4372114701704546 0.35337689545091777 0.01953125 0.027932960893854747
0 0.43948166091720786 0.3379548175288399 0.01953125 0.027932960893854747
0 0.441751851663961 0.33064962272364506 0.01953125 0.027932960893854747
0 0.43664392248376627 0.3022405318145541 0.01953125 0.027932960893854747
0 0.41791484882305197 0.2998054668794892 0.01953125 0.027932960893854747
0 0.4281307071834416 0.3014288435028658 0.01953125 0.027932960893854747
0 0.4037261566558442 0.28844183051585276 0.01953125 0.027932960893854747
0 0.39237520292207795 0.29412364869767094 0.01953125 0.027932960893854747
0 0.3838619876217533 0.28763014220416455 0.01953125 0.027932960893854747
0 0.372511033887987 0.3046755967496191 0.01953125 0.027932960893854747
0 0.3781865107548702 0.2649028694768918 0.01953125 0.027932960893854747
0 0.3963480367288962 0.27058468765870997 0.01953125 0.027932960893854747
0 0.3963480367288962 0.2567859863600086 0.01953125 0.027932960893854747
0 0.4218876826298702 0.2624678045418269 0.01953125 0.027932960893854747
0 0.43664392248376627 0.2697729993470216 0.01953125 0.027932960893854747
0 0.45764318689123384 0.2713963759703983 0.01953125 0.027932960893854747
0 0.45480544845779225 0.2998054668794892 0.01953125 0.027932960893854747
0 0.4809126420454546 0.29737040194442427 0.01953125 0.027932960893854747
0 0.4814801897321429 0.3338963759703983 0.01953125 0.027932960893854747
0 0.4939662388392858 0.3712340383080606 0.01953125 0.027932960893854747
0 0.46104847301136365 0.35905871363273595 0.01953125 0.027932960893854747
0 0.47693980823863635 0.3761041681781904 0.01953125 0.027932960893854747
0 0.48942585734577926 0.2592210512950736 0.01953125 0.027932960893854747
0 0.4877232142857143 0.24136390843793074 0.01953125 0.027932960893854747
0 0.31802645596590917 0.5027275448015671 0.01953125 0.027932960893854747
0 0.3061079545454546 0.4800002720742944 0.01953125 0.027932960893854747
0 0.3344853388798702 0.5254548175288398 0.01953125 0.027932960893854747
0 0.3600249847808442 0.5011041681781905 0.01953125 0.027932960893854747
0 0.36172762784090917 0.5213963759703983 0.01953125 0.027932960893854747
0 0.3662680093344156 0.5425002720742944 0.01953125 0.027932960893854747
0 0.36172762784090917 0.5692859863600087 0.01953125 0.027932960893854747
0 0.3498091264204546 0.5449353370093594 0.01953125 0.027932960893854747
0 0.3316476004464286 0.5619807915548138 0.01953125 0.027932960893854747
0 0.38953746448863635 0.5522405318145541 0.01953125 0.027932960893854747
0 0.40486125202922085 0.5498054668794892 0.01953125 0.027932960893854747
0 0.40145596590909094 0.5181496227236451 0.01953125 0.027932960893854747
0 0.3963480367288962 0.5027275448015671 0.01953125 0.027932960893854747
0 0.3821593445616883 0.5027275448015671 0.01953125 0.027932960893854747
0 0.4309684456168832 0.4921755967496191 0.01953125 0.027932960893854747
0 0.42359032568993515 0.47837689545091777 0.01953125 0.027932960893854747
0 0.42699561181006496 0.5157145577885801 0.01953125 0.027932960893854747
0 0.4411843039772728 0.5351950772690995 0.01953125 0.027932960893854747
0 0.47012923599837664 0.5051626097366321 0.01953125 0.027932960893854747
0 0.4633186637581169 0.484058713632736 0.01953125 0.027932960893854747
0 0.4468597808441559 0.5140911811652035 0.01953125 0.027932960893854747
0 0.48034509435876627 0.47431845389247623 0.01953125 0.027932960893854747
0 0.42075258725649356 0.3899028694768918 0.01953125 0.027932960893854747
0 0.4281307071834416 0.4069483240223464 0.01953125 0.027932960893854747
0 0.24992073356331176 0.3761041681781904 0.01953125 0.027932960893854747
0 0.25786640117694815 0.3606820902561126 0.01953125 0.027932960893854747
0 0.1653561282467533 0.29574702532104763 0.01953125 0.027932960893854747
0 0.181247463474026 0.2981820902561126 0.01953125 0.027932960893854747
0 0.1948686079545455 0.28763014220416455 0.01953125 0.027932960893854747
0 0.19713879870129877 0.2559742980483203 0.01953125 0.027932960893854747
0 0.17784217735389615 0.2697729993470216 0.01953125 0.027932960893854747
0 0.14095157771915587 0.26165611623013857 0.01953125 0.027932960893854747
0 0.1233575994318182 0.26165611623013857 0.01953125 0.027932960893854747
0 0.10860135957792214 0.2657145577885801 0.01953125 0.027932960893854747
0 0.11597947950487017 0.28844183051585276 0.01953125 0.027932960893854747
0 0.0824941659902598 0.3014288435028658 0.01953125 0.027932960893854747
0 0.07852133218344157 0.2624678045418269 0.01953125 0.027932960893854747
0 0.04844130478896108 0.24785741493143723 0.01953125 0.027932960893854747
0 0.03992808948863638 0.2730197525937749 0.01953125 0.027932960893854747
0 0.056954520089285754 0.2933119603859826 0.01953125 0.027932960893854747
0 0.010415609780844187 0.32983793441195675 0.01953125 0.027932960893854747
0 0.15287007913961045 0.47431845389247623 0.01953125 0.027932960893854747
0 0.17557198660714288 0.4361691032431256 0.01953125 0.027932960893854747
0 0.15457272219967536 0.3387665058405281 0.01953125 0.027932960893854747
0 0.14946479301948054 0.2843833889574113 0.01953125 0.027932960893854747
0 0.16932896205357148 0.25435092142494375 0.01953125 0.027932960893854747
0 0.09498021509740265 0.26165611623013857 0.01953125 0.027932960893854747
0 0.09554776278409097 0.2364937785678009 0.01953125 0.027932960893854747
0 0.4820477374188312 0.5238314409054632 0.01953125 0.027932960893854747
0 0.5070150796469154 0.3633200772690996 0.01953125 0.027932960893854747
0 0.5126905565137985 0.3385635837626061 0.01953125 0.027932960893854747
0 0.5291494394277596 0.31867722012624244 0.01953125 0.027932960893854747
0 0.5416354885349024 0.3211122850613074 0.01953125 0.027932960893854747
0 0.5649049436891231 0.33694020713922945 0.01953125 0.027932960893854747
0 0.5779585404829544 0.3458687785678009 0.01953125 0.027932960893854747
0 0.5779585404829544 0.3641317655807879 0.01953125 0.027932960893854747
0 0.5674589082792205 0.3641317655807879 0.01953125 0.027932960893854747
0 0.5407841670048699 0.3677843629833853 0.01953125 0.027932960893854747
0 0.5180822595373374 0.3803655318145541 0.01953125 0.027932960893854747
0 0.5282981178977271 0.41323890843793076 0.01953125 0.027932960893854747
0 0.5419192623782465 0.4055278694768918 0.01953125 0.027932960893854747
0 0.5617834314123374 0.39781683051585276 0.01953125 0.027932960893854747
0 0.5776747666396103 0.39781683051585276 0.01953125 0.027932960893854747
0 0.597255161830357 0.4075570902561126 0.01953125 0.027932960893854747
0 0.5092852703936687 0.424196700645723 0.01953125 0.027932960893854747
0 0.6043495079139609 0.38117722012624244 0.01953125 0.027932960893854747
0 0.591863458806818 0.35276812921715156 0.01953125 0.027932960893854747
0 0.5938498757102271 0.33694020713922945 0.01953125 0.027932960893854747
0 0.5986740310470777 0.32801163571065806 0.01953125 0.027932960893854747
0 0.595552518770292 0.2805278694768918 0.01953125 0.027932960893854747
0 0.573701932832792 0.26794670064572296 0.01953125 0.027932960893854747
0 0.5510000253652596 0.25617722012624244 0.01953125 0.027932960893854747
0 0.5328384993912336 0.27728111623013857 0.01953125 0.027932960893854747
0 0.5160958426339284 0.2545538435028658 0.01953125 0.027932960893854747
0 0.5050286627435063 0.26551163571065806 0.01953125 0.027932960893854747
0 0.5132581042004868 0.2898622850613074 0.01953125 0.027932960893854747
0 0.451679180194805 0.24846618116520347 0.01953125 0.027932960893854747
0 0.4369229403409089 0.24319020713922948 0.01953125 0.027932960893854747
0 0.42443689123376604 0.24156683051585282 0.01953125 0.027932960893854747
0 0.4082617821631492 0.23872592142494373 0.01953125 0.027932960893854747
0 0.38896516081574656 0.22289799934702165 0.01953125 0.027932960893854747
0 0.378749302455357 0.2444077396067619 0.01953125 0.027932960893854747
0 0.5013396027800323 0.2233038435028658 0.01953125 0.027932960893854747
0 0.5240415102475647 0.22046293441195672 0.01953125 0.027932960893854747
0 0.5546890853287336 0.21883955778858014 0.01953125 0.027932960893854747
0 0.5884581726866881 0.22289799934702165 0.01953125 0.027932960893854747
0 0.579093635856331 0.31867722012624244 0.01953125 0.027932960893854747
0 0.5952687449269478 0.30690773960676193 0.01953125 0.027932960893854747
0 0.6103087586241881 0.3016317655807879 0.01953125 0.027932960893854747
0 0.5558241807021103 0.3158363110353334 0.01953125 0.027932960893854747
0 0.5373788808847401 0.29919670064572296 0.01953125 0.027932960893854747
0 0.5072988534902596 0.30893696038598273 0.01953125 0.027932960893854747
0 0.49651544744318166 0.33166423311325544 0.01953125 0.027932960893854747
0 0.1628021636566558 0.4233850123340347 0.01953125 0.027932960893854747
0 0.17159915280032462 0.39335254480156717 0.01953125 0.027932960893854747
0 0.036234273538961026 0.4154710512950736 0.01953125 0.027932960893854747
0 0.37137118252840895 0.5922161811652034 0.01953125 0.027932960893854747
0 0.39691082842938297 0.5978979993470216 0.01953125 0.027932960893854747
0 0.4448686079545453 0.5694889084379307 0.01953125 0.027932960893854747
0 0.5197849025974025 0.5818671551911775 0.01953125 0.027932960893854747
0 0.5203524502840908 0.5591398824639048 0.01953125 0.027932960893854747
0 0.5038935673701298 0.5656333889574112 0.01953125 0.027932960893854747
0 0.4914075182629869 0.5656333889574112 0.01953125 0.027932960893854747
0 0.4732459922889609 0.5599515707755931 0.01953125 0.027932960893854747
0 0.5010558289366882 0.5339775448015671 0.01953125 0.027932960893854747
0 0.5373788808847402 0.5567048175288398 0.01953125 0.027932960893854747
0 0.5458920961850648 0.5575165058405281 0.01953125 0.027932960893854747
0 0.5668913605925324 0.5420944279184502 0.01953125 0.027932960893854747
0 0.5719992897727272 0.5599515707755931 0.01953125 0.027932960893854747
0 0.5180822595373376 0.6110879344119566 0.01953125 0.027932960893854747
0 0.49594789975649345 0.6362502720742943 0.01953125 0.027932960893854747
0 0.4811916599025974 0.6192048175288398 0.01953125 0.027932960893854747
0 0.5850528865665583 0.6078411811652035 0.01953125 0.027932960893854747
0 0.5935661018668831 0.5761853370093593 0.01953125 0.027932960893854747
0 0.6060521509740259 0.5591398824639048 0.01953125 0.027932960893854747
0 0.6230785815746752 0.5688801422041645 0.01953125 0.027932960893854747
0 0.6344295353084415 0.5534580642820865 0.01953125 0.027932960893854747
0 0.6384023691152596 0.5786204019444242 0.01953125 0.027932960893854747
0 0.6185382000811688 0.6021593629833852 0.01953125 0.027932960893854747
0 0.5470271915584415 0.5932307915548138 0.01953125 0.027932960893854747
0 0.5663238129058441 0.6265100123340346 0.01953125 0.027932960893854747
0 0.5521351207386362 0.6646593629833852 0.01953125 0.027932960893854747
0 0.5356762378246752 0.6703411811652035 0.01953125 0.027932960893854747
0 0.5090014965503246 0.6719645577885801 0.01953125 0.027932960893854747
0 0.5759721235795454 0.6662827396067619 0.01953125 0.027932960893854747
0 0.6077547940340908 0.6192048175288398 0.01953125 0.027932960893854747
0 0.6236461292613635 0.6532957266197489 0.01953125 0.027932960893854747
0 0.6315917968749999 0.6362502720742943 0.01953125 0.027932960893854747
0 0.6412401075487012 0.6305684538924762 0.01953125 0.027932960893854747
0 0.6440778459821428 0.6135229993470216 0.01953125 0.027932960893854747
0 0.6639420150162337 0.611899622723645 0.01953125 0.027932960893854747
0 0.6594016335227272 0.5875489733729956 0.01953125 0.027932960893854747
0 0.6611042765827921 0.572938583762606 0.01953125 0.027932960893854747
0 0.6588340858360389 0.5461528694768918 0.01953125 0.027932960893854747
0 0.6349970829951298 0.5193671551911775 0.01953125 0.027932960893854747
0 0.6225110338879869 0.5218022201262423 0.01953125 0.027932960893854747
0 0.6009442217938311 0.5282957266197489 0.01953125 0.027932960893854747
0 0.5918634588068181 0.5063801422041645 0.01953125 0.027932960893854747
0 0.5685940036525973 0.5120619603859826 0.01953125 0.027932960893854747
0 0.5436219054383116 0.510438583762606 0.01953125 0.027932960893854747
0 0.5101365919237012 0.5177437785678008 0.01953125 0.027932960893854747
0 0.49538035206980513 0.48284118116520347 0.01953125 0.027932960893854747
0 0.5124067826704545 0.47310092142494364 0.01953125 0.027932960893854747
0 0.5220550933441558 0.46011390843793065 0.01953125 0.027932960893854747
0 0.5351086901379869 0.48608793441195663 0.01953125 0.027932960893854747
0 0.5447570008116882 0.4706658564898788 0.01953125 0.027932960893854747
0 0.5992415787337662 0.4576788435028658 0.01953125 0.027932960893854747
0 0.6134302709009739 0.4487502720742943 0.01953125 0.027932960893854747
0 0.6321593445616882 0.44063338895741117 0.01953125 0.027932960893854747
0 0.6514559659090908 0.4081658564898787 0.01953125 0.027932960893854747
0 0.6701850395698051 0.4252113110353333 0.01953125 0.027932960893854747
0 0.6594016335227272 0.4495619603859826 0.01953125 0.027932960893854747
0 0.6662122057629869 0.471477544801567 0.01953125 0.027932960893854747
0 0.6781307071834415 0.47310092142494364 0.01953125 0.027932960893854747
0 0.6860763747970778 0.4990749473989696 0.01953125 0.027932960893854747
0 0.6531586089691558 0.5047567655807879 0.01953125 0.027932960893854747
0 0.6321593445616882 0.4820294928535151 0.01953125 0.027932960893854747
0 0.6389699168019479 0.45930222012624233 0.01953125 0.027932960893854747
0 0.6185382000811688 0.49582819415221646 0.01953125 0.027932960893854747
0 0.6270514153814934 0.41060092142494364 0.01953125 0.027932960893854747
0 0.6423752029220778 0.3919320902561125 0.01953125 0.027932960893854747
0 0.6611042765827921 0.38787364869767094 0.01953125 0.027932960893854747
0 0.6815359933035714 0.4081658564898787 0.01953125 0.027932960893854747
0 0.6242136769480519 0.38787364869767094 0.01953125 0.027932960893854747
0 0.6151329139610389 0.40086066168468387 0.01953125 0.027932960893854747
0 0.5527026684253246 0.49582819415221646 0.01953125 0.027932960893854747
0 0.5623509790990259 0.4706658564898788 0.01953125 0.027932960893854747
0 0.5492973823051948 0.4390100123340345 0.01953125 0.027932960893854747
0 0.48913732751623373 0.4252113110353333 0.01953125 0.027932960893854747
0 0.5135418780438311 0.7003736486976709 0.01953125 0.027932960893854747
0 0.5334060470779219 0.7231009214249438 0.01953125 0.027932960893854747
0 0.5924310064935064 0.6914450772690995 0.01953125 0.027932960893854747
0 0.5998091264204545 0.6735879344119566 0.01953125 0.027932960893854747
0 0.6293216061282466 0.7133606616846839 0.01953125 0.027932960893854747
0 0.6338619876217532 0.6898217006457229 0.01953125 0.027932960893854747
0 0.6497533228490259 0.6606009214249438 0.01953125 0.027932960893854747
0 0.6559963474025973 0.6687178045418268 0.01953125 0.027932960893854747
0 0.6656446580762986 0.6476139084379308 0.01953125 0.027932960893854747
0 0.6815359933035714 0.6224515707755931 0.01953125 0.027932960893854747
0 0.5317034040178571 0.8237502720742944 0.01953125 0.027932960893854747
0 0.5203524502840908 0.7742372850613072 0.01953125 0.027932960893854747
0 0.5510000253652596 0.7661204019444243 0.01953125 0.027932960893854747
0 0.5833502435064934 0.7498866357106578 0.01953125 0.027932960893854747
0 0.6071872463474025 0.814821700645723 0.01953125 0.027932960893854747
0 0.6287540584415584 0.7896593629833852 0.01953125 0.027932960893854747
0 0.6287540584415584 0.8375489733729957 0.01953125 0.027932960893854747
0 0.6645095627029219 0.8091398824639048 0.01953125 0.027932960893854747
0 0.6713201349431818 0.7953411811652035 0.01953125 0.027932960893854747
0 0.6611042765827921 0.7117372850613073 0.01953125 0.027932960893854747
0 0.6730227780032467 0.7442048175288398 0.01953125 0.027932960893854747
0 0.6457804890422078 0.7490749473989697 0.01953125 0.027932960893854747
0 0.6809684456168831 0.762873648697671 0.01953125 0.027932960893854747
0 0.6032144125405843 0.7734255967496191 0.01953125 0.027932960893854747
0 0.6128627232142856 0.7433931292171515 0.01953125 0.027932960893854747
0 0.08731356534090898 0.8026463759703983 0.01953125 0.027932960893854747
0 0.47665127840909094 0.9199353370093594 0.01953125 0.027932960893854747
0 0.5004882812500001 0.9248054668794893 0.01953125 0.027932960893854747
0 0.4970829951298702 0.8874678045418269 0.01953125 0.027932960893854747
0 0.5163796164772728 0.89558468765871 0.01953125 0.027932960893854747
0 0.5300007609577922 0.8631171551911776 0.01953125 0.027932960893854747
0 0.5107041396103897 0.8290262461002684 0.01953125 0.027932960893854747
0 0.5589456929788962 0.8517535188275411 0.01953125 0.027932960893854747
0 0.6321593445616884 0.8834093629833853 0.01953125 0.027932960893854747
0 0.6111600801542209 0.8728574149314373 0.01953125 0.027932960893854747
0 0.6276189630681819 0.921558713632736 0.01953125 0.027932960893854747
0 0.5481622869318182 0.9304872850613075 0.01953125 0.027932960893854747
0 0.5504324776785715 0.7933119603859827 0.01953125 0.027932960893854747
0 0.6843737317370131 0.9061366357106582 0.01953125 0.027932960893854747
0 0.6707525872564936 0.8842210512950737 0.01953125 0.027932960893854747
0 0.6554287997159092 0.8858444279184503 0.01953125 0.027932960893854747
0 0.7127511160714286 0.7665262461002684 0.01953125 0.027932960893854747
0 0.7127511160714286 0.7072729993470217 0.01953125 0.027932960893854747
0 0.7116160206980521 0.6967210512950737 0.01953125 0.027932960893854747
0 0.6826710886769481 0.6886041681781905 0.01953125 0.027932960893854747
0 0.7819919338474027 0.869610661684684 0.01953125 0.027932960893854747
0 0.7626953125000001 0.9264288435028658 0.01953125 0.027932960893854747
0 0.7371556665990261 0.9101950772690997 0.01953125 0.027932960893854747
0 0.7581549310064936 0.8874678045418269 0.01953125 0.027932960893854747
0 0.7382907619724027 0.8525652071392296 0.01953125 0.027932960893854747
0 0.7155888545048702 0.8761041681781905 0.01953125 0.027932960893854747
0 0.7070756392045455 0.8655522201262424 0.01953125 0.027932960893854747
0 0.7110484730113638 0.8387665058405283 0.01953125 0.027932960893854747
0 0.7643979555600651 0.7681496227236451 0.01953125 0.027932960893854747
0 0.7683707893668832 0.7381171551911776 0.01953125 0.027932960893854747
0 0.7553171925730521 0.7381171551911776 0.01953125 0.027932960893854747
0 0.7468039772727274 0.7032145577885802 0.01953125 0.027932960893854747
0 0.7360205712256495 0.7024028694768919 0.01953125 0.027932960893854747
0 0.7723436231737014 0.6991561162301386 0.01953125 0.027932960893854747
0 0.7683707893668832 0.6618184538924762 0.01953125 0.027932960893854747
0 0.7819919338474027 0.671558713632736 0.01953125 0.027932960893854747
0 0.7451013342126624 0.673993778567801 0.01953125 0.027932960893854747
0 0.7530470018262988 0.6399028694768919 0.01953125 0.027932960893854747
0 0.7416960480925325 0.6390911811652035 0.01953125 0.027932960893854747
0 0.7127511160714286 0.6285392331132555 0.01953125 0.027932960893854747
0 0.7138862114448052 0.6561366357106581 0.01953125 0.027932960893854747
0 0.6962922331574676 0.6772405318145541 0.01953125 0.027932960893854747
0 0.7121835683847403 0.606623648697671 0.01953125 0.027932960893854747
0 0.6889141132305195 0.5676626097366321 0.01953125 0.027932960893854747
0 0.7229669744318182 0.5433119603859827 0.01953125 0.027932960893854747
0 0.7235345221185066 0.5798379344119567 0.01953125 0.027932960893854747
0 0.7473715249594156 0.5838963759703983 0.01953125 0.027932960893854747
0 0.7530470018262988 0.5619807915548138 0.01953125 0.027932960893854747
0 0.7553171925730521 0.546558713632736 0.01953125 0.027932960893854747
0 0.7740462662337663 0.5392535188275411 0.01953125 0.027932960893854747
0 0.7831270292207793 0.5603574149314373 0.01953125 0.027932960893854747
0 0.7717760754870131 0.5733444279184502 0.01953125 0.027932960893854747
0 0.7785866477272728 0.6025652071392296 0.01953125 0.027932960893854747
0 0.7939104352678572 0.5944483240223464 0.01953125 0.027932960893854747
0 0.6906167562905845 0.5400652071392296 0.01953125 0.027932960893854747
0 0.6928869470373378 0.5238314409054632 0.01953125 0.027932960893854747
0 0.7689383370535715 0.8144158564898789 0.01953125 0.027932960893854747
0 0.7933428875811689 0.8127924798665023 0.01953125 0.027932960893854747
0 0.7382907619724027 0.8087340383080607 0.01953125 0.027932960893854747
0 0.7451013342126624 0.7851950772690997 0.01953125 0.027932960893854747
0 0.7087782822646105 0.8176626097366321 0.01953125 0.027932960893854747
0 0.6974273285308442 0.8087340383080607 0.01953125 0.027932960893854747
0 0.5674589082792209 0.7819483240223464 0.01953125 0.027932960893854747
0 0.3761953378652598 0.7608444279184503 0.01953125 0.027932960893854747
0 0.7161564021915585 0.6179872850613074 0.01953125 0.027932960893854747
0 0.7286424512987014 0.6025652071392296 0.01953125 0.027932960893854747
0 0.7096248478084416 0.46295481752883977 0.01953125 0.027932960893854747
0 0.7011116325081169 0.4856820902561125 0.01953125 0.027932960893854747
0 0.7374346844561689 0.4946106616846839 0.01953125 0.027932960893854747
0 0.7357320413961039 0.4588963759703983 0.01953125 0.027932960893854747
0 0.7260837307224026 0.42886390843793076 0.01953125 0.027932960893854747
0 0.7198407061688312 0.45564962272364506 0.01953125 0.027932960893854747
0 0.7215433492288962 0.3834093629833853 0.01953125 0.027932960893854747
0 0.7170029677353896 0.4118184538924761 0.01953125 0.027932960893854747
0 0.6874904880275975 0.38909118116520347 0.01953125 0.027932960893854747
0 0.6908957741477273 0.36636390843793076 0.01953125 0.027932960893854747
0 0.6999765371347403 0.35500027207429435 0.01953125 0.027932960893854747
0 0.7135976816152598 0.3428249473989696 0.01953125 0.027932960893854747
0 0.7550286627435066 0.4231820902561125 0.01953125 0.027932960893854747
0 0.7419750659496753 0.40776001233403464 0.01953125 0.027932960893854747
0 0.7459478997564936 0.3972080642820865 0.01953125 0.027932960893854747
0 0.7658120687905845 0.4954223499963723 0.01953125 0.027932960893854747
0 0.7748928317775975 0.47026001233403464 0.01953125 0.027932960893854747
0 0.7652445211038962 0.4532145577885801 0.01953125 0.027932960893854747
0 0.7817034040178572 0.44915611623013846 0.01953125 0.027932960893854747
0 0.7697849025974026 0.4321106616846839 0.01953125 0.027932960893854747
0 0.7641094257305195 0.3980197525937748 0.01953125 0.027932960893854747
0 0.7709199979707793 0.38665611623013846 0.01953125 0.027932960893854747
0 0.7811358563311689 0.3834093629833853 0.01953125 0.027932960893854747
0 0.7953245484983766 0.39558468765870997 0.01953125 0.027932960893854747
0 0.8106483360389611 0.4118184538924761 0.01953125 0.027932960893854747
0 0.8259721235795455 0.4248054668794891 0.01953125 0.027932960893854747
0 0.8265396712662338 0.44185092142494375 0.01953125 0.027932960893854747
0 0.8089456929788962 0.4312989733729957 0.01953125 0.027932960893854747
0 0.8055404068587663 0.4459093629833853 0.01953125 0.027932960893854747
0 0.7975947392451299 0.46457819415221646 0.01953125 0.027932960893854747
0 0.7964596438717533 0.49136390843793076 0.01953125 0.027932960893854747
0 0.8089456929788962 0.48811715519117743 0.01953125 0.027932960893854747
0 0.8526468648538962 0.4426626097366321 0.01953125 0.027932960893854747
0 0.8963480367288962 0.4475327396067618 0.01953125 0.027932960893854747
0 0.8668355570211039 0.4873054668794891 0.01953125 0.027932960893854747
0 0.8583223417207793 0.5238314409054632 0.01953125 0.027932960893854747
0 0.8691057477678572 0.5157145577885801 0.01953125 0.027932960893854747
0 0.8481064833603896 0.49866910324312547 0.01953125 0.027932960893854747
0 0.836187981939935 0.48162364869767105 0.01953125 0.027932960893854747
0 0.8429985541801949 0.47026001233403464 0.01953125 0.027932960893854747
0 0.8151887175324676 0.5157145577885801 0.01953125 0.027932960893854747
0 0.8021351207386365 0.5627924798665022 0.01953125 0.027932960893854747
0 0.8163238129058442 0.5985067655807879 0.01953125 0.027932960893854747
0 0.8350528865665585 0.6277275448015671 0.01953125 0.027932960893854747
0 0.8163238129058442 0.6277275448015671 0.01953125 0.027932960893854747
0 0.8066755022321429 0.6399028694768918 0.01953125 0.027932960893854747
0 0.8373230773133117 0.6512665058405281 0.01953125 0.027932960893854747
0 0.8719434862012987 0.6504548175288398 0.01953125 0.027932960893854747
0 0.8628627232142857 0.6447729993470216 0.01953125 0.027932960893854747
0 0.8509442217938312 0.6642535188275411 0.01953125 0.027932960893854747
0 0.8855646306818182 0.6350327396067619 0.01953125 0.027932960893854747
0 0.8991857751623377 0.6447729993470216 0.01953125 0.027932960893854747
0 0.907131442775974 0.6390911811652035 0.01953125 0.027932960893854747
0 0.9150771103896105 0.6252924798665022 0.01953125 0.027932960893854747
0 0.9247254210633117 0.6431496227236451 0.01953125 0.027932960893854747
0 0.9457246854707793 0.6196106616846839 0.01953125 0.027932960893854747
0 0.9196174918831169 0.5944483240223463 0.01953125 0.027932960893854747
0 0.9355088271103896 0.6017535188275411 0.01953125 0.027932960893854747
0 0.9099691812094156 0.5895781941522165 0.01953125 0.027932960893854747
0 0.9025910612824676 0.6050002720742944 0.01953125 0.027932960893854747
0 0.8844295353084416 0.5952600123340346 0.01953125 0.027932960893854747
0 0.8849970829951299 0.5725327396067619 0.01953125 0.027932960893854747
0 0.881591796875 0.5425002720742944 0.01953125 0.027932960893854747
0 0.8872672737418832 0.5238314409054632 0.01953125 0.027932960893854747
0 0.9201850395698052 0.5278898824639048 0.01953125 0.027932960893854747
0 0.9059963474025975 0.5441236486976709 0.01953125 0.027932960893854747
0 0.9196174918831169 0.5027275448015671 0.01953125 0.027932960893854747
0 0.9042937043425325 0.48162364869767105 0.01953125 0.027932960893854747
0 0.9224552303165585 0.46457819415221646 0.01953125 0.027932960893854747
0 0.9025910612824676 0.46457819415221646 0.01953125 0.027932960893854747
0 0.9156446580762987 0.4442859863600086 0.01953125 0.027932960893854747
0 0.941751851663961 0.4459093629833853 0.01953125 0.027932960893854747
0 0.9627511160714286 0.45159118116520347 0.01953125 0.027932960893854747
0 0.9394816609172079 0.4718833889574113 0.01953125 0.027932960893854747
0 0.9400492086038962 0.4889288435028658 0.01953125 0.027932960893854747
0 0.9536703530844156 0.4718833889574113 0.01953125 0.027932960893854747
0 0.9826152851055195 0.5027275448015671 0.01953125 0.027932960893854747
0 0.9763722605519481 0.4743184538924761 0.01953125 0.027932960893854747
0 0.994533786525974 0.45564962272364506 0.01953125 0.027932960893854747
0 0.9684265929383117 0.5700976746716969 0.01953125 0.027932960893854747
0 0.9695616883116883 0.5879548175288398 0.01953125 0.027932960893854747
0 0.9570756392045455 0.5960717006457229 0.01953125 0.027932960893854747
0 0.9440220424107143 0.5798379344119567 0.01953125 0.027932960893854747
0 0.952535257711039 0.5611691032431255 0.01953125 0.027932960893854747
0 0.9451571377840909 0.5327600123340346 0.01953125 0.027932960893854747
0 0.9230227780032468 0.5627924798665022 0.01953125 0.027932960893854747
0 0.854349507913961 0.5562989733729956 0.01953125 0.027932960893854747
0 0.8447011972402597 0.5538639084379308 0.01953125 0.027932960893854747
0 0.827107218952922 0.5498054668794892 0.01953125 0.027932960893854747
0 0.8237019328327922 0.5295132590872814 0.01953125 0.027932960893854747
0 0.8327826958198052 0.5295132590872814 0.01953125 0.027932960893854747
0 0.8492415787337663 0.5741561162301385 0.01953125 0.027932960893854747
0 0.8367555296266234 0.5684742980483204 0.01953125 0.027932960893854747
0 0.8622951755275974 0.6123054668794892 0.01953125 0.027932960893854747
0 0.881591796875 0.6212340383080606 0.01953125 0.027932960893854747
0 0.9479948762175325 0.6601950772690995 0.01953125 0.027932960893854747
0 0.92529296875 0.6707470253210476 0.01953125 0.027932960893854747
0 0.916212205762987 0.6707470253210476 0.01953125 0.027932960893854747
0 0.8010000253652598 0.5335717006457229 0.01953125 0.027932960893854747
0 0.7675147118506495 0.5213963759703982 0.01953125 0.027932960893854747
0 0.848674031047078 0.39964312921715145 0.01953125 0.027932960893854747
0 0.8515117694805195 0.41993533700935926 0.01953125 0.027932960893854747
0 0.8622951755275974 0.4118184538924761 0.01953125 0.027932960893854747
0 0.8770514153814936 0.41912364869767094 0.01953125 0.027932960893854747
0 0.883294439935065 0.40776001233403464 0.01953125 0.027932960893854747
0 0.8776189630681819 0.3809742980483204 0.01953125 0.027932960893854747
0 0.8639978185876623 0.3777275448015671 0.01953125 0.027932960893854747
0 0.845268744926948 0.35987040194442416 0.01953125 0.027932960893854747
0 0.8418634588068182 0.37285741493143715 0.01953125 0.027932960893854747
0 0.828809862012987 0.3947729993470216 0.01953125 0.027932960893854747
0 0.8134860744724026 0.3744807915548138 0.01953125 0.027932960893854747
0 0.8202966467126624 0.35500027207429435 0.01953125 0.027932960893854747
0 0.9451571377840909 0.4028898824639048 0.01953125 0.027932960893854747
0 0.9485624239042209 0.3834093629833853 0.01953125 0.027932960893854747
0 0.9536703530844156 0.37204572661974883 0.01953125 0.027932960893854747
0 0.9491299715909092 0.3614937785678008 0.01953125 0.027932960893854747
0 0.9372114701704546 0.35824702532104763 0.01953125 0.027932960893854747
0 0.950832614650974 0.3322729993470216 0.01953125 0.027932960893854747
0 0.9644537591314936 0.3322729993470216 0.01953125 0.027932960893854747
0 0.9604809253246753 0.29493533700935926 0.01953125 0.027932960893854747
0 0.9445895900974026 0.31035741493143715 0.01953125 0.027932960893854747
0 0.9332386363636364 0.320097674671697 0.01953125 0.027932960893854747
0 0.9286982548701299 0.3298379344119567 0.01953125 0.027932960893854747
0 0.9139420150162338 0.3257794928535151 0.01953125 0.027932960893854747
0 0.8929427506087663 0.3314613110353333 0.01953125 0.027932960893854747
0 0.8929427506087663 0.3014288435028658 0.01953125 0.027932960893854747
0 0.9082665381493507 0.3054872850613073 0.01953125 0.027932960893854747
0 0.917914848823052 0.29006520713922945 0.01953125 0.027932960893854747
0 0.890672559862013 0.2803249473989696 0.01953125 0.027932960893854747
0 0.8821593445616883 0.29006520713922945 0.01953125 0.027932960893854747
0 0.8571872463474026 0.2778898824639048 0.01953125 0.027932960893854747
0 0.8401608157467533 0.2916885837626061 0.01953125 0.027932960893854747
0 0.8293774096996753 0.28357170064572296 0.01953125 0.027932960893854747
0 0.8202966467126624 0.26409118116520347 0.01953125 0.027932960893854747
0 0.8146211698457793 0.27707819415221646 0.01953125 0.027932960893854747
0 0.8344853388798702 0.2657145577885801 0.01953125 0.027932960893854747
0 0.7975947392451299 0.28763014220416444 0.01953125 0.027932960893854747
0 0.7720550933441559 0.2803249473989696 0.01953125 0.027932960893854747
0 0.7788656655844156 0.3298379344119567 0.01953125 0.027932960893854747
0 0.777730570211039 0.34607170064572296 0.01953125 0.027932960893854747
0 0.7953245484983766 0.3298379344119567 0.01953125 0.027932960893854747
0 0.8027026684253248 0.3298379344119567 0.01953125 0.027932960893854747
0 0.8140536221590909 0.3184742980483203 0.01953125 0.027932960893854747
0 0.8299449573863636 0.3144158564898788 0.01953125 0.027932960893854747
0 0.8021351207386365 0.3144158564898788 0.01953125 0.027932960893854747
0 0.7692173549107143 0.3054872850613073 0.01953125 0.027932960893854747
0 0.7584339488636365 0.3184742980483203 0.01953125 0.027932960893854747
0 0.7544611150568182 0.33795481752883977 0.01953125 0.027932960893854747
0 0.7385697798295455 0.3671755967496191 0.01953125 0.027932960893854747
0 0.743110161323052 0.3127924798665021 0.01953125 0.027932960893854747
0 0.7425426136363636 0.29574702532104763 0.01953125 0.027932960893854747
0 0.7306241122159092 0.30386390843793076 0.01953125 0.027932960893854747
0 0.7232459922889611 0.3257794928535151 0.01953125 0.027932960893854747
0 0.7187056107954546 0.27464312921715145 0.01953125 0.027932960893854747
0 0.7079222047483766 0.2933119603859826 0.01953125 0.027932960893854747
0 0.690328226461039 0.3087340383080606 0.01953125 0.027932960893854747
0 0.6806799157873377 0.32334442791845014 0.01953125 0.027932960893854747
0 0.6693289620535715 0.34526001233403464 0.01953125 0.027932960893854747
0 0.6602481990665585 0.36636390843793076 0.01953125 0.027932960893854747
0 0.6381138392857143 0.34526001233403464 0.01953125 0.027932960893854747
0 0.6199523133116883 0.3184742980483203 0.01953125 0.027932960893854747
0 0.6381138392857143 0.2843833889574113 0.01953125 0.027932960893854747
0 0.6222225040584416 0.2787015707755931 0.01953125 0.027932960893854747
0 0.610304002637987 0.2632794928535151 0.01953125 0.027932960893854747
0 0.6216549563717533 0.2519158564898788 0.01953125 0.027932960893854747
0 0.6403840300324676 0.25435092142494364 0.01953125 0.027932960893854747
0 0.6483296976461039 0.27058468765870997 0.01953125 0.027932960893854747
0 0.672166700487013 0.2689613110353333 0.01953125 0.027932960893854747
0 0.679544820413961 0.2778898824639048 0.01953125 0.027932960893854747
0 0.699408989448052 0.27464312921715145 0.01953125 0.027932960893854747
0 0.6630859375 0.3152275448015671 0.01953125 0.027932960893854747
0 0.5569545200892858 0.28925351882754113 0.01953125 0.027932960893854747
0 0.8645653662743507 0.3338963759703983 0.01953125 0.027932960893854747
0 0.8526468648538962 0.33308468765870997 0.01953125 0.027932960893854747
0 0.863430270900974 0.3468833889574113 0.01953125 0.027932960893854747
0 0.8776189630681819 0.34850676558078786 0.01953125 0.027932960893854747
0 0.9292658025568182 0.3468833889574113 0.01953125 0.027932960893854747
0 0.9281307071834416 0.37204572661974883 0.01953125 0.027932960893854747
0 0.9235903256899352 0.38584442791845014 0.01953125 0.027932960893854747
0 0.9304008979301949 0.4037015707755931 0.01953125 0.027932960893854747
0 0.9247254210633117 0.42561715519117743 0.01953125 0.027932960893854747
0 0.908834085836039 0.4175002720742944 0.01953125 0.027932960893854747
0 0.8969155844155845 0.40857170064572296 0.01953125 0.027932960893854747
0 0.9008884182224026 0.39964312921715145 0.01953125 0.027932960893854747
0 0.9054287997159092 0.3744807915548138 0.01953125 0.027932960893854747
0 0.9065638950892857 0.3558119603859827 0.01953125 0.027932960893854747
0 0.8895374644886364 0.3752924798665021 0.01953125 0.027932960893854747
0 0.839593268060065 0.3144158564898788 0.01953125 0.027932960893854747
0 0.9684265929383117 0.34526001233403464 0.01953125 0.027932960893854747
0 0.9826152851055195 0.3428249473989696 0.01953125 0.027932960893854747
0 0.9826152851055195 0.3257794928535151 0.01953125 0.027932960893854747
0 0.9968039772727273 0.3403898824639048 0.01953125 0.027932960893854747
0 0.9803450943587663 0.3606820902561125 0.01953125 0.027932960893854747
0 0.9655888545048702 0.3687989733729956 0.01953125 0.027932960893854747
0 0.9672914975649352 0.40045481752883977 0.01953125 0.027932960893854747
0 0.759569044237013 0.37204572661974883 0.01953125 0.027932960893854747
0 0.8057984191101868 0.7714716215174492 0.01953125 0.027932960893854747
0 0.8088075712129668 0.743067915412102 0.01953125 0.027932960893854747
0 0.8070020799512987 0.7077784623721252 0.01953125 0.027932960893854747
0 0.8653796307452315 0.9272616459134442 0.01953125 0.027932960893854747
0 0.814224044997971 0.9229580540793006 0.01953125 0.027932960893854747
0 0.8003819453251827 0.8911114745066387 0.01953125 0.027932960893854747
0 0.8978784734552558 0.9238187724461294 0.01953125 0.027932960893854747
0 0.9363956203708401 0.9341473928480738 0.01953125 0.027932960893854747
0 0.9586633459314124 0.9057436867427267 0.01953125 0.027932960893854747
0 0.9363956203708401 0.8971365030744397 0.01953125 0.027932960893854747
0 0.9737091064453127 0.858404176567148 0.01953125 0.027932960893854747
0 0.9700981239219766 0.8368862173964304 0.01953125 0.027932960893854747
0 0.926766333641944 0.8609863316676342 0.01953125 0.027932960893854747
0 0.9321828074269483 0.8231147235271713 0.01953125 0.027932960893854747
0 0.9442194158380683 0.8153682582257129 0.01953125 0.027932960893854747
0 0.9634779892958605 0.8076217929242546 0.01953125 0.027932960893854747
0 0.9941713407442168 0.7809395235525649 0.01953125 0.027932960893854747
0 0.9652834805575286 0.7671680296833056 0.01953125 0.027932960893854747
0 0.9460249070997364 0.745650070512588 0.01953125 0.027932960893854747
0 0.9207480294363841 0.7249928297086993 0.01953125 0.027932960893854747
0 0.9026931168197039 0.7051963072716391 0.01953125 0.027932960893854747
0 0.9375992812119522 0.6991712787038381 0.01953125 0.027932960893854747
0 0.9550523634080763 0.696589123603352 0.01953125 0.027932960893854747
0 0.9700981239219766 0.7017534338043243 0.01953125 0.027932960893854747
0 0.9646816501369726 0.6742104460658058 0.01953125 0.027932960893854747
0 0.9682926326603085 0.6501103317946021 0.01953125 0.027932960893854747
0 0.9676908022397526 0.6199851889555975 0.01953125 0.027932960893854747
0 0.8665832915863434 0.7447893521457594 0.01953125 0.027932960893854747
0 0.8467228877079953 0.7206892378745556 0.01953125 0.027932960893854747
0 0.826260653409091 0.6957284052365234 0.01953125 0.027932960893854747
0 0.8256588229885351 0.6836783481009215 0.01953125 0.027932960893854747
0 0.8094094016335227 0.6742104460658058 0.01953125 0.027932960893854747
0 0.9255626728008322 0.789546707220852 0.01953125 0.027932960893854747
0 0.8822308825207996 0.7818002419193936 0.01953125 0.027932960893854747
0 0.9057022689224838 0.7852431153867083 0.01953125 0.027932960893854747
0 0.8713979349507914 0.6879819399350651 0.01953125 0.027932960893854747
0 0.8816290521002437 0.6776533195331206 0.01953125 0.027932960893854747
0 0.8996839647169239 0.8420505275974026 0.01953125 0.027932960893854747
0 0.9002857951374799 0.8222540051603425 0.01953125 0.027932960893854747
0 0.8846382042030236 0.8592648949339767 0.01953125 0.027932960893854747
0 0.8551485135957793 0.855822021466662 0.01953125 0.027932960893854747
0 0.8437137356052151 0.8618470500344628 0.01953125 0.027932960893854747
0 0.8479265485491072 0.9074651234763841 0.01953125 0.027932960893854747
0 0.9532468721464085 0.8652899235017776 0.01953125 0.027932960893854747
0 0.8437137356052151 0.592442201217079 0.01953125 0.027932960893854747
0 0.8575558352780033 0.5993279481517086 0.01953125 0.027932960893854747
0 0.31590845677759744 0.1371221851646956 0.01953125 0.027932960893854747
0 0.3032700179459214 0.12335069129543641 0.01953125 0.027932960893854747
0 0.2954462224786933 0.10183273212471886 0.01953125 0.027932960893854747
0 0.32613957392704956 0.10527560559203365 0.01953125 0.027932960893854747
0 0.28401144448812915 0.12335069129543641 0.01953125 0.027932960893854747
0 0.28942791827313324 0.16380445453638542 0.01953125 0.027932960893854747
0 0.2659565318714489 0.15691870760175575 0.01953125 0.027932960893854747
0 0.25331809303977276 0.15003296066712615 0.01953125 0.027932960893854747
0 0.25933639724533286 0.1267935647627512 0.01953125 0.027932960893854747
0 0.2448924671519887 0.1250721280290938 0.01953125 0.027932960893854747
0 0.23526318042309258 0.13626146679786685 0.01953125 0.027932960893854747
0 0.2250320632736405 0.15347583413444094 0.01953125 0.027932960893854747
0 0.21419911570363237 0.1397043402651817 0.01953125 0.027932960893854747
0 0.20396799855418024 0.15691870760175575 0.01953125 0.027932960893854747
0 0.19554237266639618 0.12335069129543641 0.01953125 0.027932960893854747
0 0.20577348981584825 0.10355416885837625 0.01953125 0.027932960893854747
0 0.2178100982269684 0.10527560559203365 0.01953125 0.027932960893854747
0 0.2196155894886364 0.03727885461256619 0.01953125 0.027932960893854747
0 0.19554237266639618 0.07515046275302902 0.01953125 0.027932960893854747
0 0.16364536037692784 0.10527560559203365 0.01953125 0.027932960893854747
0 0.16484902121803985 0.06310040561742725 0.01953125 0.027932960893854747
0 0.179292951311384 0.051911066848654076 0.01953125 0.027932960893854747
0 0.17568196878804793 0.0329752627784227 0.01953125 0.027932960893854747
0 0.18290393383472003 0.011457303607705145 0.01953125 0.027932960893854747
0 0.15401607364803171 0.03727885461256619 0.01953125 0.027932960893854747
0 0.13897031313413155 0.02350736074330693 0.01953125 0.027932960893854747
0 0.09624035327465506 0.020925205642820834 0.01953125 0.027932960893854747
0 0.11730441799411533 0.057936095416455044 0.01953125 0.027932960893854747
0 0.09864767495687911 0.05965753215011244 0.01953125 0.027932960893854747
0 0.08059276234019888 0.07256830765254293 0.01953125 0.027932960893854747
0 0.08781472738687096 0.11474350762714934 0.01953125 0.027932960893854747
0 0.08721289696631496 0.18015810350613076 0.01953125 0.027932960893854747
0 0.12091540051745135 0.10699704232569104 0.01953125 0.027932960893854747
0 0.13415566976968352 0.10527560559203365 0.01953125 0.027932960893854747
0 0.30808466131036943 0.19048672390807517 0.01953125 0.027932960893854747
0 0.2653547014508929 0.18360097697344557 0.01953125 0.027932960893854747
0 0.25091077135754875 0.17499379330515855 0.01953125 0.027932960893854747
0 0.25151260177810475 0.1930688790085613 0.01953125 0.027932960893854747
0 0.2659565318714489 0.20253678104367703 0.01953125 0.027932960893854747
0 0.2912334095348012 0.20942252797830663 0.01953125 0.027932960893854747
0 0.22443023285308444 0.21458683817927884 0.01953125 0.027932960893854747
0 0.23526318042309258 0.19134744227490388 0.01953125 0.027932960893854747
0 0.20637532023640426 0.19048672390807517 0.01953125 0.027932960893854747
0 0.1991533551897322 0.21458683817927884 0.01953125 0.027932960893854747
0 0.17267281668526788 0.19392959737539 0.01953125 0.027932960893854747
0 0.13776665229301954 0.21458683817927884 0.01953125 0.027932960893854747
0 0.048093919630174536 0.17413307493832983 0.01953125 0.027932960893854747
0 0.07878727107853087 0.1732723565715011 0.01953125 0.027932960893854747
0 0.08420374486353494 0.1354007484310382 0.01953125 0.027932960893854747
0 0.03545548079849839 0.1328185933305521 0.01953125 0.027932960893854747
0 0.06073235846185069 0.11130063415983454 0.01953125 0.027932960893854747
0 0.037862802480722435 0.07515046275302902 0.01953125 0.027932960893854747
0 0.362851229580966 0.18704385044076036 0.01953125 0.027932960893854747
0 0.39655373313210235 0.13884362189835306 0.01953125 0.027932960893854747
0 0.37910065093597817 0.12335069129543641 0.01953125 0.027932960893854747
0 0.3905354289265423 0.08892195662228829 0.01953125 0.027932960893854747
0 0.3484072994876219 0.1250721280290938 0.01953125 0.027932960893854747
0 0.361647568739854 0.06912543418522812 0.01953125 0.027932960893854747
0 0.3387780127587257 0.06912543418522812 0.01953125 0.027932960893854747
0 0.3321578781326096 0.04244316481353838 0.01953125 0.027932960893854747
0 0.3508146211698459 0.041582446446709685 0.01953125 0.027932960893854747
0 0.36525855126319007 0.029532389311107823 0.01953125 0.027932960893854747
0 0.3983592243937704 0.029532389311107823 0.01953125 0.027932960893854747
0 0.42965440626268275 0.0364181362457375 0.01953125 0.027932960893854747
0 0.4729861965427152 0.020925205642820834 0.01953125 0.027932960893854747
0 0.4850228049538354 0.020925205642820834 0.01953125 0.027932960893854747
0 0.5054850392527395 0.011457303607705145 0.01953125 0.027932960893854747
0 0.3098901525720374 0.05535394031596895 0.01953125 0.027932960893854747
0 0.2924370703759132 0.05535394031596895 0.01953125 0.027932960893854747
0 0.2966498833198053 0.027810952577450424 0.01953125 0.027932960893854747
0 0.25091077135754875 0.060518250516941145 0.01953125 0.027932960893854747
0 0.23165219789975655 0.06654327908474203 0.01953125 0.027932960893854747
0 0.24248514546976468 0.013178740341362544 0.01953125 0.027932960893854747
0 0.22924487621753256 0.013178740341362544 0.01953125 0.027932960893854747
0 0.20276433771306823 0.017482332175506037 0.01953125 0.027932960893854747
0 0.3351670302353897 0.14572936883298265 0.01953125 0.027932960893854747
0 0.3399816735998377 0.23266192388268156 0.01953125 0.027932960893854747
0 0.32493591308593756 0.22319402184756584 0.01953125 0.027932960893854747
0 0.35141645159040186 0.20511893614416313 0.01953125 0.027932960893854747
0 0.4778008399071632 0.20770109124464922 0.01953125 0.027932960893854747
0 0.4687733835988232 0.18101882187295948 0.01953125 0.027932960893854747
0 0.4765971790660512 0.16036158106907053 0.01953125 0.027932960893854747
0 0.4946520916827315 0.16810804637052884 0.01953125 0.027932960893854747
0 0.4771990094866073 0.14400793209932525 0.01953125 0.027932960893854747
0 0.4447001667765829 0.1173256627276355 0.01953125 0.027932960893854747
0 0.41521047616933854 0.0785933362203439 0.01953125 0.027932960893854747
0 0.44108918425324695 0.22061186674707975 0.01953125 0.027932960893854747
0 0.4158123065898946 0.18704385044076036 0.01953125 0.027932960893854747
0 0.1714691558441559 0.15950086270224184 0.01953125 0.027932960893854747
0 0.1516087519658077 0.1715509198378437 0.01953125 0.027932960893854747
0 0.13656299145190753 0.1397043402651817 0.01953125 0.027932960893854747
0 0.11429526589133525 0.12335069129543641 0.01953125 0.027932960893854747
0 0.44713879870129863 0.1411204019444243 0.01953125 0.027932960893854747
0 0.464165229301948 0.1362502720742944 0.01953125 0.027932960893854747
0 0.01239727069805191 0.18819832402234637 0.01953125 0.027932960893854747
0 0.028288605925324672 0.2255359863600087 0.01953125 0.027932960893854747
0 0.027153510551948035 0.009626895450917753 0.01953125 0.027932960893854747
0 0.03509917816558439 0.03560092142494374 0.01953125 0.027932960893854747
0 0.44827389407467527 0.18657494739896974 0.01953125 0.027932960893854747
0 0.5674589082792207 0.20280871363273584 0.01953125 0.027932960893854747
0 0.7218318790584415 0.1991561162301386 0.01953125 0.027932960893854747
0 0.7070756392045454 0.19103923311325546 0.01953125 0.027932960893854747
0 0.699129971590909 0.13016260973663207 0.01953125 0.027932960893854747
0 0.5220550933441558 0.16750027207429444 0.01953125 0.027932960893854747
0 0.5090014965503246 0.13909118116520353 0.01953125 0.027932960893854747
0 0.5572430499188311 0.059545726619749 0.01953125 0.027932960893854747
0 0.5294332132711038 0.05629897337299571 0.01953125 0.027932960893854747
0 0.5107041396103895 0.04818209025611257 0.01953125 0.027932960893854747
0 0.5379464285714285 0.0197729993470217 0.01953125 0.027932960893854747
0 0.5606483360389609 0.16750027207429444 0.01953125 0.027932960893854747
0 0.6684823965097402 0.1861691032431256 0.01953125 0.027932960893854747
0 0.6469155844155843 0.17399377856780093 0.01953125 0.027932960893854747
0 0.6332944399350648 0.22837689545091783 0.01953125 0.027932960893854747
0 0.6491857751623376 0.22513014220416458 0.01953125 0.027932960893854747
0 0.6174031047077921 0.21701325908728145 0.01953125 0.027932960893854747
0 0.6838061840503246 0.23081196038598276 0.01953125 0.027932960893854747
0 0.7394258573457791 0.1861691032431256 0.01953125 0.027932960893854747
0 0.7314801897321428 0.17480546687948925 0.01953125 0.027932960893854747
0 0.7116160206980519 0.16181845389247623 0.01953125 0.027932960893854747
0 0.7275073559253246 0.12772754480156717 0.01953125 0.027932960893854747
0 0.7388583096590908 0.11068209025611266 0.01953125 0.027932960893854747
0 0.7558847402597402 0.14233793441195672 0.01953125 0.027932960893854747
0 0.7615602171266233 0.122045726619749 0.01953125 0.027932960893854747
0 0.8029911982548701 0.10256520713922951 0.01953125 0.027932960893854747
0 0.8075315797483765 0.1447729993470217 0.01953125 0.027932960893854747
0 0.7859647676542207 0.234058713632736 0.01953125 0.027932960893854747
0 0.7558847402597402 0.2267535188275412 0.01953125 0.027932960893854747
0 0.7485066203327921 0.20889637597039834 0.01953125 0.027932960893854747
0 0.7615602171266233 0.18211066168468404 0.01953125 0.027932960893854747
0 0.6798333502435064 0.0920132590872814 0.01953125 0.027932960893854747
0 0.7014001623376622 0.09363663571065804 0.01953125 0.027932960893854747
0 0.6548612520292206 0.15045481752883988 0.01953125 0.027932960893854747
0 0.6457804890422078 0.14071455778858016 0.01953125 0.027932960893854747
0 0.6406725598620129 0.12366910324312565 0.01953125 0.027932960893854747
0 0.6111600801542207 0.13422105129507367 0.01953125 0.027932960893854747
0 0.5981064833603895 0.14314962272364506 0.01953125 0.027932960893854747
0 0.6043495079139609 0.11636390843793075 0.01953125 0.027932960893854747
0 0.5685940036525974 0.11392884350286586 0.01953125 0.027932960893854747
0 0.5300007609577921 0.017337934411956732 0.01953125 0.027932960893854747
0 0.5833502435064934 0.0197729993470217 0.01953125 0.027932960893854747
0 0.6043495079139609 0.028701570775593082 0.01953125 0.027932960893854747
0 0.6037819602272727 0.05629897337299571 0.01953125 0.027932960893854747
0 0.6310242491883116 0.042500272074294396 0.01953125 0.027932960893854747
0 0.7445337865259739 0.023019752593774905 0.01953125 0.027932960893854747
0 0.5362437855113635 0.20483793441195677 0.01953125 0.027932960893854747
0 0.5135418780438311 0.2056496227236451 0.01953125 0.027932960893854747
0 0.7922077922077921 0.20321455778858016 0.01953125 0.027932960893854747
0 0.7836945769074675 0.18779247986650222 0.01953125 0.027932960893854747
0 0.7927753398944805 0.16750027207429444 0.01953125 0.027932960893854747
0 0.7802892907873376 0.15613663571065806 0.01953125 0.027932960893854747
0 0.7802892907873376 0.13340936298338535 0.01953125 0.027932960893854747
0 0.7780191000405844 0.11068209025611266 0.01953125 0.027932960893854747
0 0.5163796164772726 0.08957819415221652 0.01953125 0.027932960893854747
0 0.4823267552759739 0.08389637597039835 0.01953125 0.027932960893854747
0 0.4942452566964285 0.06928598636000871 0.01953125 0.027932960893854747
0 0.49935318587662325 0.09931845389247622 0.01953125 0.027932960893854747
0 0.44316596489448046 0.07659118116520353 0.01953125 0.027932960893854747
0 0.43749048802759727 0.050617155191177536 0.01953125 0.027932960893854747
0 0.6599691812094155 0.08064962272364505 0.01953125 0.027932960893854747
0 0.6508884182224025 0.06928598636000871 0.01953125 0.027932960893854747
0 0.6480506797889609 0.04493533700935936 0.01953125 0.027932960893854747
0 0.7082107345779219 0.03925351882754119 0.01953125 0.027932960893854747
0 0.6951571377840908 0.05792234999637236 0.01953125 0.027932960893854747
0 0.7059405438311688 0.06360416817819053 0.01953125 0.027932960893854747
0 0.7002650669642856 0.025454817528839872 0.01953125 0.027932960893854747
0 0.7116160206980519 0.010844427918450235 0.01953125 0.027932960893854747
0 0.7717760754870129 0.04493533700935936 0.01953125 0.027932960893854747
0 0.7916402445211038 0.028701570775593082 0.01953125 0.027932960893854747
0 0.7496417157061688 0.07740286947689183 0.01953125 0.027932960893854747
0 0.7263722605519479 0.07172105129507368 0.01953125 0.027932960893854747
0 0.7314801897321428 0.05386390843793074 0.01953125 0.027932960893854747
0 0.6378348214285713 0.008409362983385349 0.01953125 0.027932960893854747
0 0.8086666751217532 0.046558713632736004 0.01953125 0.027932960893854747
0 0.7598575740665584 0.07983793441195672 0.01953125 0.027932960893854747
0 0.7138862114448051 0.1187989733729957 0.01953125 0.027932960893854747
0 0.6707525872564934 0.12772754480156717 0.01953125 0.027932960893854747
0 0.6968597808441558 0.24379897337299575 0.01953125 0.027932960893854747
0 0.7065080915178571 0.23811715519117754 0.01953125 0.027932960893854747
0 0.7286424512987012 0.2348704019444243 0.01953125 0.027932960893854747
0 0.7502092633928571 0.25110416817819053 0.01953125 0.027932960893854747
0 0.7672356939935064 0.25759767467169703 0.01953125 0.027932960893854747
0 0.7303450943587662 0.2900652071392295 0.01953125 0.027932960893854747
0 0.6622393719561688 0.29493533700935937 0.01953125 0.027932960893854747
0 0.5209199979707791 0.3663639084379308 0.01953125 0.027932960893854747
0 0.5458920961850648 0.38990286947689184 0.01953125 0.027932960893854747
0 0.8248370282061689 0.20808468765871002 0.01953125 0.027932960893854747
0 0.8151887175324676 0.18211066168468404 0.01953125 0.027932960893854747
0 0.8265396712662338 0.15613663571065806 0.01953125 0.027932960893854747
0 0.8367555296266234 0.12042234999637236 0.01953125 0.027932960893854747
0 0.8191615513392858 0.12772754480156717 0.01953125 0.027932960893854747
0 0.8628627232142857 0.11798728506130739 0.01953125 0.027932960893854747
0 0.8884023691152598 0.11392884350286586 0.01953125 0.027932960893854747
0 0.908834085836039 0.16019507726909962 0.01953125 0.027932960893854747
0 0.9133744673295455 0.18292234999637236 0.01953125 0.027932960893854747
0 0.898050679788961 0.1853574149314373 0.01953125 0.027932960893854747
0 0.8713759385146104 0.16831196038598276 0.01953125 0.027932960893854747
0 0.8776189630681819 0.19996780454182692 0.01953125 0.027932960893854747
0 0.8390257203733766 0.20159118116520353 0.01953125 0.027932960893854747
0 0.8577547940340909 0.20240286947689184 0.01953125 0.027932960893854747
0 0.9474273285308442 0.19185092142494378 0.01953125 0.027932960893854747
0 0.9304008979301949 0.07253273960676199 0.01953125 0.027932960893854747
0 0.9451571377840909 0.06198079155481388 0.01953125 0.027932960893854747
0 0.9304008979301949 0.03438338895741133 0.01953125 0.027932960893854747
0 0.9111042765827922 0.01652624610026841 0.01953125 0.027932960893854747
0 0.9111042765827922 0.045747025321047685 0.01953125 0.027932960893854747
0 0.8912401075487013 0.04818209025611257 0.01953125 0.027932960893854747
0 0.8901050121753247 0.03438338895741133 0.01953125 0.027932960893854747
0 0.9445895900974026 0.025454817528839872 0.01953125 0.027932960893854747
0 0.9627511160714286 0.01246780454182688 0.01953125 0.027932960893854747
0 0.9445895900974026 0.14639637597039834 0.01953125 0.027932960893854747
0 0.9281307071834416 0.14883144090546327 0.01953125 0.027932960893854747
0 0.9338061840503247 0.1050002720742944 0.01953125 0.027932960893854747
0 0.9468597808441559 0.07821455778858016 0.01953125 0.027932960893854747
0 0.8974831321022727 0.10094183051585287 0.01953125 0.027932960893854747
0 0.8946453936688312 0.08551975259377499 0.01953125 0.027932960893854747
0 0.8708083908279222 0.07821455778858016 0.01953125 0.027932960893854747
0 0.854349507913961 0.07740286947689183 0.01953125 0.027932960893854747
0 0.8367555296266234 0.0822729993470217 0.01953125 0.027932960893854747
0 0.8185940036525975 0.06522754480156719 0.01953125 0.027932960893854747
0 0.8390257203733766 0.04818209025611257 0.01953125 0.027932960893854747
0 0.8293774096996753 0.02788988246390484 0.01953125 0.027932960893854747
0 0.8628627232142857 0.03681845389247622 0.01953125 0.027932960893854747
0 0.7782981178977273 0.07334442791845024 0.01953125 0.027932960893854747
0 0.9037261566558442 0.12853923311325546 0.01953125 0.027932960893854747
0 0.9667239498782468 0.16750027207429444 0.01953125 0.027932960893854747
0 0.9621835683847403 0.15045481752883988 0.01953125 0.027932960893854747
0 0.9769398082386364 0.13422105129507367 0.01953125 0.027932960893854747
0 0.9570756392045455 0.09120157077559309 0.01953125 0.027932960893854747
0 0.9218876826298702 0.12610416817819053 0.01953125 0.027932960893854747
0 0.6750044389204546 0.18211066168468404 0.01953125 0.027932960893854747
0 0.6948686079545455 0.16993533700935937 0.01953125 0.027932960893854747
0 0.8447011972402597 0.16993533700935937 0.01953125 0.027932960893854747
0 0.8509442217938312 0.14801975259377495 0.01953125 0.027932960893854747
0 0.8912401075487013 0.14801975259377495 0.01953125 0.027932960893854747
0 0.584764356737013 0.25516260973663213 0.01953125 0.027932960893854747
0 0.8801729276582793 0.4469239733729957 0.01953125 0.027932960893854747
0 0.7805683086444805 0.4014694279184503 0.01953125 0.027932960893854747
0 0.4164912236201299 0.11839312921715116 0.01953125 0.027932960893854747
0 0.5822151481331168 0.0745619603859824 0.01953125 0.027932960893854747
0 0.8273957487824675 0.7937178045418268 0.01953125 0.027932960893854747
0 0.9749581473214284 0.06644507726909965 0.01953125 0.027932960893854747
0 0.9193384740259738 0.7547567655807879 0.01953125 0.027932960893854747
0 0.9897143871753245 0.6752113110353333 0.01953125 0.027932960893854747
0 0.6968597808441557 0.7498866357106581 0.01953125 0.027932960893854747
0 0.9260000253652597 0.18028436298338532 0.01953125 0.027932960893854747
0 0.9067034040178571 0.116972674671697 0.01953125 0.027932960893854747
0 0.87548828125 0.11007332402234635 0.01953125 0.027932960893854747
0 0.8241252156047078 0.11372592142494375 0.01953125 0.027932960893854747
0 0.8729343166599026 0.19408306428208663 0.01953125 0.027932960893854747
0 0.9469992897727273 0.22817397337299572 0.01953125 0.027932960893854747
0 0.9939662388392858 0.8817859863600088 0.01953125 0.027932960893854747
0 0.8702408431412338 0.8046755967496192 0.01953125 0.027932960893854747
0 0.8622951755275974 0.8777275448015672 0.01953125 0.027932960893854747
0 0.803270216112013 0.6001301422041646 0.01953125 0.027932960893854747
0 0.8600249847808442 0.783571700645723 0.01953125 0.027932960893854747
0 0.7845411424512987 0.8444483240223465 0.01953125 0.027932960893854747
0 0.7544611150568181 0.8517535188275412 0.01953125 0.027932960893854747
0 0.9820477374188312 0.7511041681781906 0.01953125 0.027932960893854747
0 0.7765954748376623 0.6301626097366322 0.01953125 0.027932960893854747
0 0.7473715249594157 0.5124678045418268 0.01953125 0.027932960893854747
0 0.7178590452516236 0.5238314409054632 0.01953125 0.027932960893854747
0 0.7252371651785716 0.5067859863600086 0.01953125 0.027932960893854747
0 0.8160447950487013 0.29412364869767094 0.01953125 0.027932960893854747
0 0.6128627232142858 0.3639288435028658 0.01953125 0.027932960893854747
0 0.9885792918019478 0.08917234999637236 0.01953125 0.027932960893854747
0 0.994254768668831 0.02423728506130739 0.01953125 0.027932960893854747
0 0.6718876826298701 0.03884767467169702 0.01953125 0.027932960893854747
0 0.5527026684253247 0.0209905318145541 0.01953125 0.027932960893854747
0 0.3529258827110389 0.016120401944424326 0.01953125 0.027932960893854747
0 0.32000811688311687 0.016120401944424326 0.01953125 0.027932960893854747
0 0.9806336241883116 0.11189962272364505 0.01953125 0.027932960893854747
0 0.9885792918019478 0.11189962272364505 0.01953125 0.027932960893854747
0 0.9602019074675323 0.5177437785678008 0.01953125 0.027932960893854747
0 0.9636071935876622 0.4885229993470216 0.01953125 0.027932960893854747
0 0.9749581473214284 0.7856009214249438 0.01953125 0.027932960893854747
0 0.23601105925324667 0.7937178045418268 0.01953125 0.027932960893854747
0 0.1293120941558441 0.6476139084379308 0.01953125 0.027932960893854747
0 0.192877435064935 0.37651001233403464 0.01953125 0.027932960893854747
0 0.25076729910714285 0.25962689545091777 0.01953125 0.027932960893854747
0 0.23601105925324667 0.24339312921715148 0.01953125 0.027932960893854747
0 0.2746043019480519 0.24663988246390475 0.01953125 0.027932960893854747
0 0.32227830762987003 0.26287364869767105 0.01953125 0.027932960893854747
0 0.3143326400162337 0.24339312921715148 0.01953125 0.027932960893854747
0 0.29163073254870125 0.2693671551911775 0.01953125 0.027932960893854747
0 0.9951013342126623 0.24948079155481392 0.01953125 0.027932960893854747
0 0.9451571377840909 0.25435092142494375 0.01953125 0.027932960893854747
0 0.9207525872564936 0.25435092142494375 0.01953125 0.027932960893854747
0 0.9003208705357143 0.24379897337299572 0.01953125 0.027932960893854747
0 0.892375202922078 0.22594183051585287 0.01953125 0.027932960893854747
0 0.8764838676948052 0.24623403830806068 0.01953125 0.027932960893854747
0 0.8617276278409092 0.24542234999637236 0.01953125 0.027932960893854747
0 0.8458362926136364 0.25191585648987885 0.01953125 0.027932960893854747
0 0.8282423143262987 0.24704572661974897 0.01953125 0.027932960893854747
0 0.8055404068587663 0.24948079155481392 0.01953125 0.027932960893854747
0 0.839593268060065 0.22350676558078794 0.01953125 0.027932960893854747
0 0.8237019328327922 0.22350676558078794 0.01953125 0.027932960893854747
0 0.8702408431412338 0.21701325908728145 0.01953125 0.027932960893854747
0 0.5915749289772727 0.38909118116520347 0.01953125 0.027932960893854747
0 0.43720195819805197 0.6756171551911775 0.01953125 0.027932960893854747
0 0.43720195819805197 0.6788639084379308 0.01953125 0.027932960893854747
0 0.9931196732954544 0.18819832402234637 0.01953125 0.027932960893854747
0 0.9670124797077921 0.19793858376260606 0.01953125 0.027932960893854747
0 0.2995764001623376 0.23202949285351512 0.01953125 0.027932960893854747
0 0.07255732548701299 0.009626895450917753 0.01953125 0.027932960893854747
0 0.608322341720779 0.009626895450917753 0.01953125 0.027932960893854747
0 0.6128627232142856 0.09566585648987877 0.01953125 0.027932960893854747
0 0.49708299512987003 0.12488663571065804 0.01953125 0.027932960893854747
0 0.47892146915584405 0.10702949285351512 0.01953125 0.027932960893854747
0 0.4709758015422077 0.05508144090546315 0.01953125 0.027932960893854747
0 0.29390092329545453 0.07780871363273602 0.01953125 0.027932960893854747
0 0.09525923295454541 0.16547105129507367 0.01953125 0.027932960893854747
0 0.4095791903409091 0.05207432232571892 0.01953125 0.027932960893854747
0 0.4195692003309191 0.01921332857087042 0.01953125 0.027932960893854747
0 0.10188688264860142 0.09636522695181901 0.01953125 0.027932960893854747
0 0.2777110584727773 0.45212120281952684 0.01953125 0.027932960893854747
0 0.36162714238886123 0.14065613157791926 0.01953125 0.027932960893854747
0 0.2082804890422079 0.06746256536759328 0.01953125 0.027932960893854747
