0 0.003021918402777768 0.6824242862654323 0.01953125 0.026041666666666668
0 0.050244140625000044 0.5750168788580248 0.01953125 0.026041666666666668
0 0.015984881365740777 0.47625144675925934 0.01953125 0.026041666666666668
0 0.07061451099537042 0.5157576195987655 0.01953125 0.026041666666666668
0 0.15117006655092596 0.6120539158950619 0.01953125 0.026041666666666668
0 0.2993182146990741 0.6663749035493828 0.01953125 0.026041666666666668
0 0.3187626591435186 0.5614366319444445 0.01953125 0.026041666666666668
0 0.188207103587963 0.5034119405864198 0.01953125 0.026041666666666668
0 0.41135525173611115 0.9009428047839507 0.01953125 0.026041666666666668
0 0.46505895543981485 0.7960045331790124 0.01953125 0.026041666666666668
0 0.6169108072916667 0.5404489776234569 0.01953125 0.026041666666666668
0 0.8798737702546298 0.6898316936728396 0.01953125 0.026041666666666668
0 0.7919108072916667 0.6453872492283951 0.01953125 0.026041666666666668
0 0.7743182146990741 0.5268687307098766 0.01953125 0.026041666666666668
0 0.800244140625 0.5157576195987655 0.01953125 0.026041666666666668
0 0.9122811776620372 0.5787205825617284 0.01953125 0.026041666666666668
0 0.876170066550926 0.488597125771605 0.01953125 0.026041666666666668
0 0.5456145109953705 0.5490909529320989 0.01953125 0.026041666666666668
0 0.4613552517361112 0.5527946566358025 0.01953125 0.026041666666666668
0 0.3706145109953704 0.5824242862654322 0.01953125 0.026041666666666668
0 0.26691080729166666 0.5046465084876544 0.01953125 0.026041666666666668
0 0.12431821469907411 0.4836588541666667 0.01953125 0.026041666666666668
0 0.09098488136574079 0.48118971836419755 0.01953125 0.026041666666666668
0 0.07061451099537042 0.4836588541666667 0.01953125 0.026041666666666668
0 0.10117006655092597 0.488597125771605 0.01953125 0.026041666666666668
0 0.19098488136574077 0.4478563850308643 0.01953125 0.026041666666666668
0 0.21598488136574073 0.44168354552469147 0.01953125 0.026041666666666668
0 0.25950339988425924 0.4626711998456791 0.01953125 0.026041666666666668
0 0.31135525173611117 0.4626711998456791 0.01953125 0.026041666666666668
0 0.3354293258101852 0.47995515046296305 0.01953125 0.026041666666666668
0 0.3530219184027778 0.4577329282407408 0.01953125 0.026041666666666668
0 0.3872811776620371 0.5071156442901236 0.01953125 0.026041666666666668
0 0.48265154803240745 0.4651403356481482 0.01953125 0.026041666666666668
0 0.4965404369212963 0.4713131751543211 0.01953125 0.026041666666666668
0 0.5354293258101852 0.4589674961419754 0.01953125 0.026041666666666668
0 0.549318214699074 0.488597125771605 0.01953125 0.026041666666666668
0 0.5807996961805555 0.49970823688271615 0.01953125 0.026041666666666668
0 0.6020959924768519 0.45279465663580254 0.01953125 0.026041666666666668
0 0.5650589554398149 0.4404489776234568 0.01953125 0.026041666666666668
0 0.6354293258101853 0.46637490354938277 0.01953125 0.026041666666666668
0 0.6900589554398149 0.4873625578703704 0.01953125 0.026041666666666668
0 0.6956145109953704 0.4577329282407408 0.01953125 0.026041666666666668
0 0.6530219184027779 0.45402922453703703 0.01953125 0.026041666666666668
0 0.675244140625 0.4589674961419754 0.01953125 0.026041666666666668
0 0.7113552517361112 0.4589674961419754 0.01953125 0.026041666666666668
0 0.7446885850694445 0.4700786072530865 0.01953125 0.026041666666666668
0 0.7780219184027779 0.4614366319444445 0.01953125 0.026041666666666668
0 0.8076515480324076 0.4552637924382717 0.01953125 0.026041666666666668
0 0.8363552517361112 0.45402922453703703 0.01953125 0.026041666666666668
0 0.8641330295138889 0.43304157021604944 0.01953125 0.026041666666666668
0 0.8900589554398148 0.41946132330246916 0.01953125 0.026041666666666668
0 0.9039478443287039 0.42933786651234573 0.01953125 0.026041666666666668
0 0.9048737702546297 0.47625144675925934 0.01953125 0.026041666666666668
0 0.9298737702546298 0.4602020640432099 0.01953125 0.026041666666666668
0 0.9400589554398149 0.45649836033950625 0.01953125 0.026041666666666668
0 0.926170066550926 0.4355107060185186 0.01953125 0.026041666666666668
0 0.9391330295138891 0.41452305169753095 0.01953125 0.026041666666666668
0 0.9113552517361112 0.40464650848765443 0.01953125 0.026041666666666668
0 0.6659342447916667 0.4228515625 0.01953125 0.026041666666666668
0 0.6434733072916667 0.42328559027777785 0.01953125 0.026041666666666668
0 0.6284993489583334 0.44021267361111116 0.01953125 0.026041666666666668
0 0.6275227864583334 0.4202473958333333 0.01953125 0.026041666666666668
0 0.6854654947916667 0.4337022569444445 0.01953125 0.026041666666666668
0 0.674072265625 0.4033203125 0.01953125 0.026041666666666668
0 0.6815592447916667 0.3955078125 0.01953125 0.026041666666666668
0 0.667236328125 0.39203559027777785 0.01953125 0.026041666666666668
0 0.6551920572916667 0.4007161458333333 0.01953125 0.026041666666666668
0 0.6353352864583334 0.39594184027777785 0.01953125 0.026041666666666668
0 0.6249186197916667 0.4024522569444445 0.01953125 0.026041666666666668
0 0.626220703125 0.38943142361111116 0.01953125 0.026041666666666668
0 0.6167805989583334 0.4133029513888889 0.01953125 0.026041666666666668
0 0.5894368489583334 0.41547309027777785 0.01953125 0.026041666666666668
0 0.5760904947916667 0.44672309027777785 0.01953125 0.026041666666666668
0 0.5819498697916667 0.42849392361111116 0.01953125 0.026041666666666668
0 0.554931640625 0.4241536458333333 0.01953125 0.026041666666666668
0 0.5738118489583334 0.4120008680555556 0.01953125 0.026041666666666668
0 0.5855305989583334 0.4020182291666667 0.01953125 0.026041666666666668
0 0.598876953125 0.39203559027777785 0.01953125 0.026041666666666668
0 0.600830078125 0.3837890625 0.01953125 0.026041666666666668
0 0.604736328125 0.3868272569444445 0.01953125 0.026041666666666668
0 0.6112467447916667 0.38726128472222227 0.01953125 0.026041666666666668
0 0.619384765625 0.3946397569444445 0.01953125 0.026041666666666668
0 0.6060384114583334 0.3955078125 0.01953125 0.026041666666666668
0 0.6024576822916667 0.4111328125 0.01953125 0.026041666666666668
0 0.6102701822916667 0.4093967013888889 0.01953125 0.026041666666666668
0 0.606689453125 0.4093967013888889 0.01953125 0.026041666666666668
0 0.5845540364583334 0.37641059027777785 0.01953125 0.026041666666666668
0 0.5884602864583334 0.3868272569444445 0.01953125 0.026041666666666668
0 0.5799967447916667 0.3889973958333333 0.01953125 0.026041666666666668
0 0.5757649739583334 0.3981119791666667 0.01953125 0.026041666666666668
0 0.5611165364583334 0.39724392361111116 0.01953125 0.026041666666666668
0 0.546142578125 0.41547309027777785 0.01953125 0.026041666666666668
0 0.533447265625 0.40505642361111116 0.01953125 0.026041666666666668
0 0.515869140625 0.42719184027777785 0.01953125 0.026041666666666668
0 0.533447265625 0.4319661458333333 0.01953125 0.026041666666666668
0 0.5038248697916667 0.4449869791666667 0.01953125 0.026041666666666668
0 0.483642578125 0.4367404513888889 0.01953125 0.026041666666666668
0 0.465087890625 0.4406467013888889 0.01953125 0.026041666666666668
0 0.43611653645833337 0.45062934027777785 0.01953125 0.026041666666666668
0 0.4452311197916667 0.40375434027777785 0.01953125 0.026041666666666668
0 0.475830078125 0.4111328125 0.01953125 0.026041666666666668
0 0.5126139322916667 0.4137369791666667 0.01953125 0.026041666666666668
0 0.5201009114583334 0.4046223958333333 0.01953125 0.026041666666666668
0 0.586181640625 0.3963758680555556 0.01953125 0.026041666666666668
0 0.5946451822916667 0.4015842013888889 0.01953125 0.026041666666666668
0 0.568603515625 0.38161892361111116 0.01953125 0.026041666666666668
0 0.5747884114583334 0.3876953125 0.01953125 0.026041666666666668
0 0.5731608072916667 0.38031684027777785 0.01953125 0.026041666666666668
0 0.561767578125 0.3876953125 0.01953125 0.026041666666666668
0 0.5790201822916667 0.3811848958333333 0.01953125 0.026041666666666668
0 0.5487467447916667 0.3946397569444445 0.01953125 0.026041666666666668
0 0.533447265625 0.38943142361111116 0.01953125 0.026041666666666668
0 0.540283203125 0.3963758680555556 0.01953125 0.026041666666666668
0 0.5419108072916667 0.3850911458333333 0.01953125 0.026041666666666668
0 0.5454915364583334 0.3790147569444445 0.01953125 0.026041666666666668
0 0.5506998697916667 0.3820529513888889 0.01953125 0.026041666666666668
0 0.526611328125 0.3876953125 0.01953125 0.026041666666666668
0 0.5282389322916667 0.3768446180555556 0.01953125 0.026041666666666668
0 0.5269368489583334 0.3720703125 0.01953125 0.026041666666666668
0 0.5337727864583334 0.3759765625 0.01953125 0.026041666666666668
0 0.5220540364583334 0.3889973958333333 0.01953125 0.026041666666666668
0 0.514892578125 0.3863932291666667 0.01953125 0.026041666666666668
0 0.5191243489583334 0.37641059027777785 0.01953125 0.026041666666666668
0 0.5064290364583334 0.3846571180555556 0.01953125 0.026041666666666668
0 0.505126953125 0.37554253472222227 0.01953125 0.026041666666666668
0 0.5074055989583334 0.37250434027777785 0.01953125 0.026041666666666668
0 0.509033203125 0.3785807291666667 0.01953125 0.026041666666666668
0 0.4989420572916667 0.3746744791666667 0.01953125 0.026041666666666668
0 0.4940592447916667 0.3859592013888889 0.01953125 0.026041666666666668
0 0.503173828125 0.3955078125 0.01953125 0.026041666666666668
0 0.5034993489583334 0.4133029513888889 0.01953125 0.026041666666666668
0 0.4842936197916667 0.40375434027777785 0.01953125 0.026041666666666668
0 0.48494466145833337 0.3902994791666667 0.01953125 0.026041666666666668
0 0.4755045572916667 0.3924696180555556 0.01953125 0.026041666666666668
0 0.479736328125 0.38422309027777785 0.01953125 0.026041666666666668
0 0.481689453125 0.3733723958333333 0.01953125 0.026041666666666668
0 0.4901529947916667 0.3790147569444445 0.01953125 0.026041666666666668
0 0.49568684895833337 0.3807508680555556 0.01953125 0.026041666666666668
0 0.5425618489583334 0.4054904513888889 0.01953125 0.026041666666666668
0 0.5601399739583334 0.4080946180555556 0.01953125 0.026041666666666668
0 0.6620279947916667 0.39594184027777785 0.01953125 0.026041666666666668
0 0.6571451822916667 0.3924696180555556 0.01953125 0.026041666666666668
0 0.5106608072916667 0.39507378472222227 0.01953125 0.026041666666666668
0 0.4628092447916667 0.38422309027777785 0.01953125 0.026041666666666668
0 0.457275390625 0.3889973958333333 0.01953125 0.026041666666666668
0 0.46443684895833337 0.4176432291666667 0.01953125 0.026041666666666668
0 0.44588216145833337 0.39203559027777785 0.01953125 0.026041666666666668
0 0.464111328125 0.4033203125 0.01953125 0.026041666666666668
0 0.46736653645833337 0.40679253472222227 0.01953125 0.026041666666666668
0 0.5428873697916667 0.3720703125 0.01953125 0.026041666666666668
0 0.5467936197916667 0.3876953125 0.01953125 0.026041666666666668
0 0.5435384114583334 0.3942057291666667 0.01953125 0.026041666666666668
0 0.42928059895833337 0.4150390625 0.01953125 0.026041666666666668
0 0.3964029947916667 0.45844184027777785 0.01953125 0.026041666666666668
0 0.407470703125 0.4328342013888889 0.01953125 0.026041666666666668
0 0.4178873697916667 0.4514973958333333 0.01953125 0.026041666666666668
0 0.445556640625 0.4445529513888889 0.01953125 0.026041666666666668
0 0.3876139322916667 0.4297960069444445 0.01953125 0.026041666666666668
0 0.395751953125 0.4046223958333333 0.01953125 0.026041666666666668
0 0.4110514322916667 0.4098307291666667 0.01953125 0.026041666666666668
0 0.3768717447916667 0.41156684027777785 0.01953125 0.026041666666666668
0 0.385986328125 0.4015842013888889 0.01953125 0.026041666666666668
0 0.3146972656250001 0.43478732638888884 0.01953125 0.026041666666666668
0 0.32381184895833337 0.43478732638888884 0.01953125 0.026041666666666668
0 0.3010253906250001 0.4365234375 0.01953125 0.026041666666666668
0 0.3381347656250001 0.42437065972222215 0.01953125 0.026041666666666668
0 0.35050455729166674 0.4122178819444444 0.01953125 0.026041666666666668
0 0.3576660156250001 0.3948567708333333 0.01953125 0.026041666666666668
0 0.29972330729166674 0.40874565972222215 0.01953125 0.026041666666666668
0 0.3146972656250001 0.4156901041666667 0.01953125 0.026041666666666668
0 0.28800455729166674 0.4148220486111111 0.01953125 0.026041666666666668
0 0.28670247395833337 0.4061414930555555 0.01953125 0.026041666666666668
0 0.25284830729166674 0.41134982638888884 0.01953125 0.026041666666666668
0 0.23136393229166674 0.4182942708333333 0.01953125 0.026041666666666668
0 0.20662434895833337 0.42697482638888884 0.01953125 0.026041666666666668
0 0.26000976562500006 0.3965928819444444 0.01953125 0.026041666666666668
0 0.26391601562500006 0.4061414930555555 0.01953125 0.026041666666666668
0 0.31599934895833337 0.4052734375 0.01953125 0.026041666666666668
0 0.34269205729166674 0.4026692708333333 0.01953125 0.026041666666666668
0 0.3413899739583335 0.3844401041666667 0.01953125 0.026041666666666668
0 0.43253580729166685 0.4061414930555555 0.01953125 0.026041666666666668
0 0.43058268229166685 0.39398871527777773 0.01953125 0.026041666666666668
0 0.36710611979166685 0.39594184027777785 0.01953125 0.026041666666666668
0 0.36580403645833354 0.4024522569444445 0.01953125 0.026041666666666668
0 0.3479003906250002 0.38812934027777785 0.01953125 0.026041666666666668
0 0.35017903645833354 0.3759765625 0.01953125 0.026041666666666668
0 0.35603841145833354 0.3772786458333333 0.01953125 0.026041666666666668
0 0.36189778645833354 0.3742404513888889 0.01953125 0.026041666666666668
0 0.3596191406250002 0.3846571180555556 0.01953125 0.026041666666666668
0 0.3674316406250002 0.3820529513888889 0.01953125 0.026041666666666668
0 0.3635253906250002 0.3811848958333333 0.01953125 0.026041666666666668
0 0.37198893229166685 0.3829210069444445 0.01953125 0.026041666666666668
0 0.37654622395833354 0.3820529513888889 0.01953125 0.026041666666666668
0 0.3771972656250002 0.3846571180555556 0.01953125 0.026041666666666668
0 0.38045247395833354 0.37944878472222227 0.01953125 0.026041666666666668
0 0.37947591145833354 0.3768446180555556 0.01953125 0.026041666666666668
0 0.3850097656250002 0.37641059027777785 0.01953125 0.026041666666666668
0 0.39054361979166685 0.3772786458333333 0.01953125 0.026041666666666668
0 0.39249674479166685 0.3863932291666667 0.01953125 0.026041666666666668
0 0.38663736979166685 0.39116753472222227 0.01953125 0.026041666666666668
0 0.39803059895833354 0.39594184027777785 0.01953125 0.026041666666666668
0 0.41853841145833354 0.4120008680555556 0.01953125 0.026041666666666668
0 0.42439778645833354 0.40375434027777785 0.01953125 0.026041666666666668
0 0.41756184895833354 0.40288628472222227 0.01953125 0.026041666666666668
0 0.40877278645833354 0.3907335069444445 0.01953125 0.026041666666666668
0 0.42049153645833354 0.38812934027777785 0.01953125 0.026041666666666668
0 0.4201660156250002 0.3807508680555556 0.01953125 0.026041666666666668
0 0.4289550781250002 0.3868272569444445 0.01953125 0.026041666666666668
0 0.43448893229166685 0.38943142361111116 0.01953125 0.026041666666666668
0 0.4377441406250002 0.38812934027777785 0.01953125 0.026041666666666668
0 0.43546549479166685 0.38161892361111116 0.01953125 0.026041666666666668
0 0.4318847656250002 0.38422309027777785 0.01953125 0.026041666666666668
0 0.45109049479166685 0.3798828125 0.01953125 0.026041666666666668
0 0.45760091145833354 0.3707682291666667 0.01953125 0.026041666666666668
0 0.4768066406250002 0.37771267361111116 0.01953125 0.026041666666666668
0 0.47029622395833354 0.38552517361111116 0.01953125 0.026041666666666668
0 0.46736653645833354 0.3772786458333333 0.01953125 0.026041666666666668
0 0.44490559895833354 0.3751085069444445 0.01953125 0.026041666666666668
0 0.4488118489583335 0.7030164930555557 0.01953125 0.026041666666666668
0 0.4123535156250002 0.3811848958333333 0.01953125 0.026041666666666668
0 0.4016113281250002 0.37771267361111116 0.01953125 0.026041666666666668
0 0.40519205729166685 0.3729383680555556 0.01953125 0.026041666666666668
0 0.4084472656250002 0.3790147569444445 0.01953125 0.026041666666666668
0 0.4104003906250002 0.3733723958333333 0.01953125 0.026041666666666668
0 0.4172363281250002 0.3751085069444445 0.01953125 0.026041666666666668
0 0.42179361979166685 0.3712022569444445 0.01953125 0.026041666666666668
0 0.4250488281250002 0.3694661458333333 0.01953125 0.026041666666666668
0 0.41984049479166685 0.3672960069444445 0.01953125 0.026041666666666668
0 0.4152832031250002 0.3672960069444445 0.01953125 0.026041666666666668
0 0.4162597656250002 0.3694661458333333 0.01953125 0.026041666666666668
0 0.40030924479166685 0.3690321180555556 0.01953125 0.026041666666666668
0 0.3947753906250002 0.3664279513888889 0.01953125 0.026041666666666668
0 0.39444986979166685 0.36990017361111116 0.01953125 0.026041666666666668
0 0.40226236979166685 0.3720703125 0.01953125 0.026041666666666668
0 0.4387207031250002 0.3759765625 0.01953125 0.026041666666666668
0 0.44002278645833354 0.3703342013888889 0.01953125 0.026041666666666668
0 0.42928059895833354 0.37944878472222227 0.01953125 0.026041666666666668
0 0.4279785156250002 0.3746744791666667 0.01953125 0.026041666666666668
0 0.41105143229166685 0.3681640625 0.01953125 0.026041666666666668
0 0.40486653645833354 0.3690321180555556 0.01953125 0.026041666666666668
0 0.39217122395833354 0.3733723958333333 0.01953125 0.026041666666666668
0 0.42830403645833354 0.3703342013888889 0.01953125 0.026041666666666668
0 0.3781738281250002 0.3981119791666667 0.01953125 0.026041666666666668
0 0.45304361979166685 0.39898003472222227 0.01953125 0.026041666666666668
0 0.41495768229166685 0.3746744791666667 0.01953125 0.026041666666666668
0 0.6584472656250002 0.5250651041666666 0.01953125 0.026041666666666668
0 0.9647796051604646 0.45104147154928403 0.01953125 0.026041666666666668
0 0.9617826021634616 0.41774143824925064 0.01953125 0.026041666666666668
0 0.9787656191464785 0.42706544757326004 0.01953125 0.026041666666666668
0 0.9917526321334914 0.423069443577256 0.01953125 0.026041666666666668
0 0.9957486361294955 0.45370547421328666 0.01953125 0.026041666666666668
0 0.9797646201454796 0.6508416713494838 0.01953125 0.026041666666666668
0 0.7040403444212038 0.40308942359723604 0.01953125 0.026041666666666668
0 0.7280163683972277 0.40308942359723604 0.01953125 0.026041666666666668
0 0.7070373474182068 0.3937654142732267 0.01953125 0.026041666666666668
0 0.7440003843812437 0.4017574222652347 0.01953125 0.026041666666666668
0 0.7519923923732518 0.4204054409132534 0.01953125 0.026041666666666668
0 0.7340103743912337 0.42706544757326004 0.01953125 0.026041666666666668
0 0.7080363484172078 0.43239345290126535 0.01953125 0.026041666666666668
0 0.7669774073582668 0.435057455565268 0.01953125 0.026041666666666668
0 0.7659784063592657 0.411081431589244 0.01953125 0.026041666666666668
0 0.7899544303352898 0.41774143824925064 0.01953125 0.026041666666666668
0 0.7969474373282966 0.3964294169372294 0.01953125 0.026041666666666668
0 0.7809634213442808 0.39509741560522804 0.01953125 0.026041666666666668
0 0.8369074772883366 0.39909341960123207 0.01953125 0.026041666666666668
0 0.8229214633023226 0.44171746222527464 0.01953125 0.026041666666666668
0 0.8089354493163087 0.42706544757326004 0.01953125 0.026041666666666668
0 0.8089354493163087 0.411081431589244 0.01953125 0.026041666666666668
0 0.8778665182473776 0.411081431589244 0.01953125 0.026041666666666668
0 0.8848595252403847 0.4017574222652347 0.01953125 0.026041666666666668
0 0.6920523324331918 0.3924334129412254 0.01953125 0.026041666666666668
0 0.6870573274381868 0.4017574222652347 0.01953125 0.026041666666666668
0 0.4183481720102813 0.8361108292748919 0.01953125 0.026041666666666668
0 0.8461755529626623 0.6895559952200578 0.01953125 0.026041666666666668
