0 0.08488154821488135 0.7337936355896125 0.05405405405405406 0.04310344827586207
0 0.2551851851851853 0.7189788207747977 0.05405405405405406 0.04310344827586207
0 0.15145478812145488 0.6177442528735632 0.05405405405405406 0.04310344827586207
0 0.31556556556556564 0.5992257343550447 0.05405405405405406 0.04310344827586207
0 0.018308308308308437 0.5523121541081311 0.05405405405405406 0.04310344827586207
0 0.2118351685018352 0.523917092379736 0.05405405405405406 0.04310344827586207
0 0.4301334668001335 0.5140405491698595 0.05405405405405406 0.04310344827586207
0 0.3480780780780781 0.45848499361430395 0.05405405405405406 0.04310344827586207
0 0.28769769769769776 0.41404054916985944 0.05405405405405406 0.04310344827586207
0 0.1545512178845513 0.42885536398467433 0.05405405405405406 0.04310344827586207
0 0.13906906906906913 0.36959610472541504 0.05405405405405406 0.04310344827586207
0 0.018308308308308437 0.3436701787994891 0.05405405405405406 0.04310344827586207
0 0.03688688688688705 0.2510775862068966 0.05405405405405406 0.04310344827586207
0 0.12513513513513516 0.1992257343550446 0.05405405405405406 0.04310344827586207
0 0.12668335001668338 0.2658924010217113 0.05405405405405406 0.04310344827586207
0 0.22422088755422095 0.258484993614304 0.05405405405405406 0.04310344827586207
0 0.2784084084084084 0.27947264793529153 0.05405405405405406 0.04310344827586207
0 0.27376376376376377 0.21033684546615572 0.05405405405405406 0.04310344827586207
0 0.3914280947614282 0.2362627713920817 0.05405405405405406 0.04310344827586207
0 0.4239406072739406 0.3103368454661558 0.05405405405405406 0.04310344827586207
0 0.4208441775108442 0.40169487015751376 0.05405405405405406 0.04310344827586207
0 0.4347781114447781 0.715275117071094 0.05405405405405406 0.04310344827586207
0 0.4967067067067067 0.6189788207747978 0.05405405405405406 0.04310344827586207
0 0.6035335335335336 0.7288553639846743 0.05405405405405406 0.04310344827586207
0 0.6314014014014016 0.6189788207747978 0.05405405405405406 0.04310344827586207
0 0.831121121121121 0.623917092379736 0.05405405405405406 0.04310344827586207
0 0.7583550216883551 0.7350282034908472 0.05405405405405406 0.04310344827586207
0 0.9317550884217551 0.7523121541081311 0.05405405405405406 0.04310344827586207
0 0.9843943943943942 0.6745343763303533 0.05405405405405406 0.04310344827586207
0 0.9580747414080746 0.5535467220093657 0.05405405405405406 0.04310344827586207
0 0.7769336002669337 0.5066331417624521 0.05405405405405406 0.04310344827586207
0 0.5818585251918585 0.5313244997871434 0.05405405405405406 0.04310344827586207
0 0.5555388722055388 0.4091022775649212 0.05405405405405406 0.04310344827586207
0 0.6964264264264264 0.44120104299702 0.05405405405405406 0.04310344827586207
0 0.8729229229229228 0.44613931460195816 0.05405405405405406 0.04310344827586207
0 0.9797497497497496 0.37823808003405707 0.05405405405405406 0.04310344827586207
0 0.831121121121121 0.3547812899106002 0.05405405405405406 0.04310344827586207
0 0.6793960627293959 0.3609541294167731 0.05405405405405406 0.04310344827586207
0 0.5493460126793459 0.3387319071945508 0.05405405405405406 0.04310344827586207
0 0.5152852852852853 0.27453437633035327 0.05405405405405406 0.04310344827586207
0 0.6004371037704371 0.21897882077479772 0.05405405405405406 0.04310344827586207
0 0.722746079412746 0.2523121541081311 0.05405405405405406 0.04310344827586207
0 0.8404104104104103 0.2572504257130694 0.05405405405405406 0.04310344827586207
0 0.9224657991324658 0.27947264793529153 0.05405405405405406 0.04310344827586207
0 0.9782015348682014 0.2609541294167731 0.05405405405405406 0.04310344827586207
0 0.7088121454788121 0.17700351213282245 0.05405405405405406 0.04310344827586207
0 0.04932766099432762 0.14567635163899528 0.05405405405405406 0.04310344827586207
0 0.13293126459793123 0.07623190719455086 0.05405405405405406 0.04310344827586207
0 0.2490473807140473 0.08796030225627925 0.05405405405405406 0.04310344827586207
0 0.262962962962963 0.14583067262664962 0.05405405405405406 0.04310344827586207
0 0.3891424758091425 0.14089240102171133 0.05405405405405406 0.04310344827586207
0 0.40423757090423756 0.07684919114516815 0.05405405405405406 0.04310344827586207
0 0.537384050717384 0.08796030225627925 0.05405405405405406 0.04310344827586207
0 0.5145478812145478 0.149380055342699 0.05405405405405406 0.04310344827586207
0 0.5534467801134467 0.03958067262664965 0.05405405405405406 0.04310344827586207
0 0.10651484818151481 0.0199433269476373 0.05405405405405406 0.04310344827586207
0 0.3380513847180514 0.04204980842911879 0.05405405405405406 0.04310344827586207
0 0.7590924257590924 0.15323808003405703 0.05405405405405406 0.04310344827586207
0 0.6151084417751084 0.12484301830566198 0.05405405405405406 0.04310344827586207
0 0.8210210210210211 0.10694178373776071 0.05405405405405406 0.04310344827586207
0 0.8581781781781781 0.16434919114516816 0.05405405405405406 0.04310344827586207
0 0.9464264264264265 0.16805289484887181 0.05405405405405406 0.04310344827586207
0 0.9363630296963631 0.12113931460195827 0.05405405405405406 0.04310344827586207
0 0.9115732399065734 0.07962696892294593 0.05405405405405406 0.04310344827586207
0 0.8155839172505838 0.044750425713069385 0.05405405405405406 0.04310344827586207
0 0.6805572238905573 0.060182524478501545 0.05405405405405406 0.04310344827586207
0 0.7045545545545546 0.09042943805874845 0.05405405405405406 0.04310344827586207
0 0.5512812812812813 0.04258993188590895 0.05405405405405406 0.04310344827586207
0 0.5973406740073407 0.047836845466155874 0.05405405405405406 0.04310344827586207
0 0.1792556025144724 0.012822001449997743 0.05405405405405406 0.04310344827586207
0 0.9050875448378731 0.017503341791653585 0.05405405405405406 0.04310344827586207
0 0.6826206627126468 0.009618979110970313 0.05405405405405406 0.04310344827586207
0 0.5820985900486556 0.012247100004531403 0.05405405405405406 0.04310344827586207
0 0.00533259935362434 0.10160321038560886 0.05405405405405406 0.04310344827586207
