0 0.10058860058860053 0.7044890532428297 0.02079002079002079 0.030211480362537766
0 0.23352660852660845 0.6833851571389338 0.02079002079002079 0.030211480362537766
0 0.21453546453546454 0.5973461960999726 0.02079002079002079 0.030211480362537766
0 0.10952560952560948 0.5811124298662064 0.02079002079002079 0.030211480362537766
0 0.0648405648405648 0.5583851571389337 0.02079002079002079 0.030211480362537766
0 0.041380916380916295 0.5210474948012713 0.02079002079002079 0.030211480362537766
0 0.05031792531792524 0.44312541687919327 0.02079002079002079 0.030211480362537766
0 0.05925493425493419 0.39929424804802444 0.02079002079002079 0.030211480362537766
0 0.040263790263790206 0.40416437791815435 0.02079002079002079 0.030211480362537766
0 0.04696654696654691 0.37169684545062187 0.02079002079002079 0.030211480362537766
0 0.05031792531792524 0.3587098324636089 0.02079002079002079 0.030211480362537766
0 0.11064273564273557 0.4999435986973751 0.02079002079002079 0.030211480362537766
0 0.18325593325593323 0.5064371051908815 0.02079002079002079 0.030211480362537766
0 0.29050004050004047 0.5632552870090636 0.02079002079002079 0.030211480362537766
0 0.2804459054459055 0.46909944285321925 0.02079002079002079 0.030211480362537766
0 0.3173110673110673 0.48370983246360894 0.02079002079002079 0.030211480362537766
0 0.37540162540162547 0.6395539883077648 0.02079002079002079 0.030211480362537766
0 0.46253746253746264 0.7255929493467259 0.02079002079002079 0.030211480362537766
0 0.46812309312309314 0.543774767528544 0.02079002079002079 0.030211480362537766
0 0.40891540891540895 0.5324111311649077 0.02079002079002079 0.030211480362537766
0 0.38098725598725597 0.4155280142817907 0.02079002079002079 0.030211480362537766
0 0.32401382401382406 0.40416437791815435 0.02079002079002079 0.030211480362537766
0 0.22347247347247348 0.4090345077882842 0.02079002079002079 0.030211480362537766
0 0.2804459054459055 0.38306048181425817 0.02079002079002079 0.030211480362537766
0 0.608880983880984 0.6119565857103623 0.02079002079002079 0.030211480362537766
0 0.6513317763317764 0.8002682740220506 0.02079002079002079 0.030211480362537766
0 0.8591172341172343 0.6492942480480246 0.02079002079002079 0.030211480362537766
0 0.706070956070956 0.5892293129830894 0.02079002079002079 0.030211480362537766
0 0.580952830952831 0.5372812610350376 0.02079002079002079 0.030211480362537766
0 0.5105738855738855 0.5470215207752973 0.02079002079002079 0.030211480362537766
0 0.5362677862677863 0.5031903519441283 0.02079002079002079 0.030211480362537766
0 0.46365458865458864 0.44961892337269976 0.02079002079002079 0.030211480362537766
0 0.4926998676998678 0.426891650645427 0.02079002079002079 0.030211480362537766
0 0.42567230067230066 0.4544890532428297 0.02079002079002079 0.030211480362537766
0 0.5664301914301916 0.43338515713893355 0.02079002079002079 0.030211480362537766
0 0.6111152361152361 0.4804630792168557 0.02079002079002079 0.030211480362537766
0 0.6524489024489026 0.46747606622984267 0.02079002079002079 0.030211480362537766
0 0.6401605151605152 0.43176178051555697 0.02079002079002079 0.030211480362537766
0 0.7161250911250912 0.49020333895711543 0.02079002079002079 0.030211480362537766
0 0.7518731268731269 0.4755929493467258 0.02079002079002079 0.030211480362537766
0 0.7920896670896673 0.5096838584376349 0.02079002079002079 0.030211480362537766
0 0.7630443880443881 0.5681254168791934 0.02079002079002079 0.030211480362537766
0 0.9049194049194051 0.5551384038921804 0.02079002079002079 0.030211480362537766
0 0.8903967653967655 0.634683858437635 0.02079002079002079 0.030211480362537766
0 0.9496044496044499 0.7564371051908818 0.02079002079002079 0.030211480362537766
0 0.9350818100818102 0.46585268960646603 0.02079002079002079 0.030211480362537766
0 0.7384676134676136 0.43176178051555697 0.02079002079002079 0.030211480362537766
0 0.7529902529902531 0.4090345077882842 0.02079002079002079 0.030211480362537766
0 0.6747914247914248 0.39280074155451794 0.02079002079002079 0.030211480362537766
0 0.647980397980398 0.39767087142464785 0.02079002079002079 0.030211480362537766
0 0.5932412182412182 0.39280074155451794 0.02079002079002079 0.030211480362537766
0 0.553024678024678 0.3749435986973751 0.02079002079002079 0.030211480362537766
0 0.0907707157707157 0.3542455467493232 0.02079002079002079 0.030211480362537766
0 0.0974734724734724 0.3818429493467258 0.02079002079002079 0.030211480362537766
0 0.10641048141048132 0.4029468454506219 0.02079002079002079 0.030211480362537766
0 0.12372593622593614 0.43297931298308945 0.02079002079002079 0.030211480362537766
0 0.07401382401382395 0.4508364558402323 0.02079002079002079 0.030211480362537766
0 0.14439276939276935 0.3672325597363362 0.02079002079002079 0.030211480362537766
0 0.12428449928449921 0.3761611311649077 0.02079002079002079 0.030211480362537766
0 0.07122100872100864 0.3672325597363362 0.02079002079002079 0.030211480362537766
0 0.18907781407781402 0.3761611311649077 0.02079002079002079 0.030211480362537766
0 0.21309602559602553 0.3818429493467258 0.02079002079002079 0.030211480362537766
0 0.23823136323136315 0.3915832090869855 0.02079002079002079 0.030211480362537766
0 0.2443755568755568 0.3761611311649077 0.02079002079002079 0.030211480362537766
0 0.26224957474957467 0.3656091831129596 0.02079002079002079 0.030211480362537766
0 0.23934848934848932 0.3558689233726998 0.02079002079002079 0.030211480362537766
0 0.22035734535734527 0.36642087142464785 0.02079002079002079 0.030211480362537766
0 0.20583470583470576 0.36642087142464785 0.02079002079002079 0.030211480362537766
0 0.18796068796068788 0.3607390532428297 0.02079002079002079 0.030211480362537766
0 0.15388834138834132 0.35343385843763486 0.02079002079002079 0.030211480362537766
0 0.13042869292869286 0.4013234688272453 0.02079002079002079 0.030211480362537766
0 0.03770722520722515 0.36317411817789463 0.02079002079002079 0.030211480362537766
0 0.11423036423036417 0.36317411817789463 0.02079002079002079 0.030211480362537766
0 0.10473479223479217 0.36885593635971275 0.02079002079002079 0.030211480362537766
0 0.11702317952317944 0.3477520402558167 0.02079002079002079 0.030211480362537766
0 0.1393657018657018 0.34450528700906347 0.02079002079002079 0.030211480362537766
0 0.18293362043362038 0.3436935986973751 0.02079002079002079 0.030211480362537766
0 0.20751039501039492 0.34612866363244005 0.02079002079002079 0.030211480362537766
0 0.22035734535734527 0.3518104818142582 0.02079002079002079 0.030211480362537766
0 0.2935291060291059 0.3932065857103621 0.02079002079002079 0.030211480362537766
0 0.31643019143019135 0.3769728194765959 0.02079002079002079 0.030211480362537766
0 0.32201582201582196 0.36642087142464785 0.02079002079002079 0.030211480362537766
0 0.3225743850743851 0.3501871051908816 0.02079002079002079 0.030211480362537766
0 0.2974390474390473 0.34044684545062187 0.02079002079002079 0.030211480362537766
0 0.28124071874071865 0.3477520402558167 0.02079002079002079 0.030211480362537766
0 0.2717451467451466 0.3493754168791933 0.02079002079002079 0.030211480362537766
0 0.3114031239031238 0.35343385843763486 0.02079002079002079 0.030211480362537766
0 0.3465925965925965 0.37778450778828426 0.02079002079002079 0.030211480362537766
0 0.3538539163539162 0.3574922999960765 0.02079002079002079 0.030211480362537766
0 0.3622323622323621 0.3591156766194531 0.02079002079002079 0.030211480362537766
0 0.37396218646218643 0.3493754168791933 0.02079002079002079 0.030211480362537766
0 0.38513344763344753 0.36885593635971275 0.02079002079002079 0.030211480362537766
0 0.3761964386964386 0.36885593635971275 0.02079002079002079 0.030211480362537766
0 0.3667008667008667 0.3818429493467258 0.02079002079002079 0.030211480362537766
0 0.38122350622350615 0.3558689233726998 0.02079002079002079 0.030211480362537766
0 0.39853896103896097 0.37291437791815435 0.02079002079002079 0.030211480362537766
0 0.4192057942057941 0.38427801428179076 0.02079002079002079 0.030211480362537766
0 0.42367429867429857 0.3558689233726998 0.02079002079002079 0.030211480362537766
0 0.435962685962686 0.3477520402558167 0.02079002079002079 0.030211480362537766
0 0.44769251019251016 0.34288191038568683 0.02079002079002079 0.030211480362537766
0 0.4728278478278478 0.3656091831129596 0.02079002079002079 0.030211480362537766
0 0.46165658665658665 0.3704793129830894 0.02079002079002079 0.030211480362537766
0 0.4610980235980236 0.3574922999960765 0.02079002079002079 0.030211480362537766
0 0.46333227583227576 0.34612866363244005 0.02079002079002079 0.030211480362537766
0 0.4583052083052082 0.34612866363244005 0.02079002079002079 0.030211480362537766
0 0.47171072171072165 0.3372000922038686 0.02079002079002079 0.030211480362537766
0 0.49684605934605924 0.36317411817789463 0.02079002079002079 0.030211480362537766
0 0.4761792261792261 0.3988884038921803 0.02079002079002079 0.030211480362537766
0 0.3678179928179927 0.5165832090869856 0.02079002079002079 0.030211480362537766
0 0.17343804843804836 0.4386611311649076 0.02079002079002079 0.030211480362537766
0 0.22538441288441283 0.4703169753207518 0.02079002079002079 0.030211480362537766
0 0.2898984461484461 0.36215950778828426 0.02079002079002079 0.030211480362537766
0 0.29464623214623215 0.3556660012947778 0.02079002079002079 0.030211480362537766
0 0.3421240921240921 0.3499841831129596 0.02079002079002079 0.030211480362537766
0 0.3532953532953533 0.3386205467493233 0.02079002079002079 0.030211480362537766
0 0.40105249480249483 0.34876665064542717 0.02079002079002079 0.030211480362537766
0 0.39043979668979667 0.35444846882724534 0.02079002079002079 0.030211480362537766
0 0.5088981963981962 0.3585069103856868 0.02079002079002079 0.030211480362537766
0 0.5211865836865835 0.3605361311649075 0.02079002079002079 0.030211480362537766
0 0.5181144868644868 0.3743348324636089 0.02079002079002079 0.030211480362537766
0 0.5133667008667008 0.40558483246360877 0.02079002079002079 0.030211480362537766
0 0.5273307773307772 0.4287179493467257 0.02079002079002079 0.030211480362537766
0 0.5287271849771848 0.3999030142817906 0.02079002079002079 0.030211480362537766
0 0.572574385074385 0.3698705467493231 0.02079002079002079 0.030211480362537766
0 0.603295353295353 0.36175366363244005 0.02079002079002079 0.030211480362537766
0 0.6365298552798552 0.39462704025581663 0.02079002079002079 0.030211480362537766
0 0.6340163215163214 0.37068223506101144 0.02079002079002079 0.030211480362537766
0 0.6471425533925532 0.3654062610350374 0.02079002079002079 0.030211480362537766
0 0.6435118935118933 0.3475491181778946 0.02079002079002079 0.030211480362537766
0 0.5644752207252206 0.34836080648958284 0.02079002079002079 0.030211480362537766
0 0.5245379620379619 0.34836080648958284 0.02079002079002079 0.030211480362537766
0 0.5088981963981962 0.3463315857103621 0.02079002079002079 0.030211480362537766
0 0.4846007033507032 0.3690588584376348 0.02079002079002079 0.030211480362537766
0 0.4826457326457325 0.35891275454153093 0.02079002079002079 0.030211480362537766
0 0.4879520817020816 0.35485431298308934 0.02079002079002079 0.030211480362537766
0 0.5334749709749708 0.34470820908698546 0.02079002079002079 0.030211480362537766
0 0.5787185787185785 0.34430236493114136 0.02079002079002079 0.030211480362537766
0 0.5848627723627722 0.35485431298308934 0.02079002079002079 0.030211480362537766
0 0.6370884183384182 0.35485431298308934 0.02079002079002079 0.030211480362537766
0 0.4826457326457326 0.3449111311649076 0.02079002079002079 0.030211480362537766
0 0.487114237114237 0.33760593635971275 0.02079002079002079 0.030211480362537766
0 0.4932584307584307 0.33760593635971275 0.02079002079002079 0.030211480362537766
0 0.504988254988255 0.340852689606466 0.02079002079002079 0.030211480362537766
0 0.4932584307584307 0.3465345077882842 0.02079002079002079 0.030211480362537766
0 0.49046561546561535 0.3449111311649076 0.02079002079002079 0.030211480362537766
0 0.4954926829926829 0.34247606622984267 0.02079002079002079 0.030211480362537766
0 0.505546818046818 0.3351708714246478 0.02079002079002079 0.030211480362537766
0 0.5859798984798985 0.364391650645427 0.02079002079002079 0.030211480362537766
0 0.6625030375030375 0.3562747675285439 0.02079002079002079 0.030211480362537766
0 0.6675301050301049 0.3652033389571154 0.02079002079002079 0.030211480362537766
0 0.6948996948996948 0.3749435986973751 0.02079002079002079 0.030211480362537766
0 0.7027195777195776 0.364391650645427 0.02079002079002079 0.030211480362537766
0 0.7088637713637712 0.3619565857103621 0.02079002079002079 0.030211480362537766
0 0.7200350325350324 0.3749435986973751 0.02079002079002079 0.030211480362537766
0 0.7105394605394604 0.41633970259347897 0.02079002079002079 0.030211480362537766
0 0.705512393012393 0.3903656766194531 0.02079002079002079 0.030211480362537766
0 0.7194764694764694 0.38793061168438814 0.02079002079002079 0.030211480362537766
0 0.7317648567648567 0.36601502726880364 0.02079002079002079 0.030211480362537766
0 0.7490803115803115 0.37900204025581663 0.02079002079002079 0.030211480362537766
0 0.7407018657018657 0.3635799623337388 0.02079002079002079 0.030211480362537766
0 0.74517037017037 0.3562747675285439 0.02079002079002079 0.030211480362537766
0 0.7474046224046224 0.34896957272334916 0.02079002079002079 0.030211480362537766
0 0.7434946809946809 0.34247606622984267 0.02079002079002079 0.030211480362537766
0 0.7608101358101357 0.34896957272334916 0.02079002079002079 0.030211480362537766
0 0.7580173205173205 0.3587098324636089 0.02079002079002079 0.030211480362537766
0 0.7736570861570861 0.3562747675285439 0.02079002079002079 0.030211480362537766
0 0.7669543294543294 0.3635799623337388 0.02079002079002079 0.030211480362537766
0 0.7613686988686987 0.3749435986973751 0.02079002079002079 0.030211480362537766
0 0.7686300186300185 0.40335268960646603 0.02079002079002079 0.030211480362537766
0 0.6747914247914246 0.34734619609997247 0.02079002079002079 0.030211480362537766
0 0.6546831546831546 0.3522163259701024 0.02079002079002079 0.030211480362537766
0 0.4284651159651159 0.34328775454153093 0.02079002079002079 0.030211480362537766
0 0.4094739719739719 0.3619565857103621 0.02079002079002079 0.030211480362537766
0 0.4117082242082241 0.35302801428179065 0.02079002079002079 0.030211480362537766
0 0.41729385479385467 0.3449111311649076 0.02079002079002079 0.030211480362537766
0 0.42176235926235917 0.34896957272334916 0.02079002079002079 0.030211480362537766
0 0.8141959391959392 0.42080398830776444 0.02079002079002079 0.030211480362537766
0 0.8102859977859977 0.3980767155804918 0.02079002079002079 0.030211480362537766
0 0.7806821556821557 0.3972650272688034 0.02079002079002079 0.030211480362537766
0 0.7885020385020386 0.37697281947659567 0.02079002079002079 0.030211480362537766
0 0.7907362907362908 0.35749229999607623 0.02079002079002079 0.030211480362537766
0 0.7957633582633583 0.364797494801271 0.02079002079002079 0.030211480362537766
0 0.8047003672003673 0.351810481814258 0.02079002079002079 0.030211480362537766
0 0.7985561735561736 0.351810481814258 0.02079002079002079 0.030211480362537766
0 0.8136373761373762 0.35424554674932296 0.02079002079002079 0.030211480362537766
0 0.8175473175473175 0.3656091831129593 0.02079002079002079 0.030211480362537766
0 0.707510395010395 0.3485637285675048 0.02079002079002079 0.030211480362537766
0 0.7253844128844129 0.36236242986620604 0.02079002079002079 0.030211480362537766
0 0.8348627723627723 0.36804424804802427 0.02079002079002079 0.030211480362537766
0 0.8387727137727138 0.3566806116843879 0.02079002079002079 0.030211480362537766
0 0.6784651159651159 0.3339533389571152 0.02079002079002079 0.030211480362537766
0 0.6483027108027108 0.3323299623337385 0.02079002079002079 0.030211480362537766
0 0.8560881685881686 0.3656091831129593 0.02079002079002079 0.030211480362537766
0 0.851619664119664 0.4094403519441281 0.02079002079002079 0.030211480362537766
0 0.8270428895428895 0.39970009220386843 0.02079002079002079 0.030211480362537766
0 0.8449169074169074 0.45083645584023213 0.02079002079002079 0.030211480362537766
0 0.8722864972864973 0.4605767155804918 0.02079002079002079 0.030211480362537766
0 0.8773135648135647 0.4751871051908814 0.02079002079002079 0.030211480362537766
0 0.906917406917407 0.44758970259347874 0.02079002079002079 0.030211480362537766
0 0.8901605151605152 0.4224273649311411 0.02079002079002079 0.030211480362537766
0 0.9141787266787267 0.4078169753207515 0.02079002079002079 0.030211480362537766
0 0.955512393012393 0.39970009220386843 0.02079002079002079 0.030211480362537766
0 0.9594223344223345 0.37697281947659567 0.02079002079002079 0.030211480362537766
0 0.9532781407781409 0.35749229999607623 0.02079002079002079 0.030211480362537766
0 0.9415483165483166 0.3810312610350372 0.02079002079002079 0.030211480362537766
0 0.9342869967869969 0.37372606622984245 0.02079002079002079 0.030211480362537766
0 0.9264671139671141 0.37453775454153077 0.02079002079002079 0.030211480362537766
0 0.9085930960930961 0.37372606622984245 0.02079002079002079 0.030211480362537766
0 0.8901605151605152 0.36642087142464763 0.02079002079002079 0.030211480362537766
0 0.8778721278721279 0.36642087142464763 0.02079002079002079 0.030211480362537766
0 0.8689351189351189 0.37129100129477755 0.02079002079002079 0.030211480362537766
0 0.8532953532953533 0.3842780142817905 0.02079002079002079 0.030211480362537766
0 0.811961686961687 0.3810312610350372 0.02079002079002079 0.030211480362537766
0 0.8683765558765558 0.3964533389571152 0.02079002079002079 0.030211480362537766
0 0.888484825984826 0.3972650272688034 0.02079002079002079 0.030211480362537766
0 0.9287013662013661 0.3923948973986736 0.02079002079002079 0.030211480362537766
0 0.9208814833814833 0.3453169753207515 0.02079002079002079 0.030211480362537766
0 0.9141787266787267 0.33963515713893333 0.02079002079002079 0.030211480362537766
0 0.8985389610389611 0.3428819103856866 0.02079002079002079 0.030211480362537766
0 0.7806821556821557 0.35992736493114114 0.02079002079002079 0.030211480362537766
0 0.7147717147717148 0.34775204025581646 0.02079002079002079 0.030211480362537766
0 0.8264843264843265 0.37047931298308917 0.02079002079002079 0.030211480362537766
0 0.9236742986742987 0.4224273649311411 0.02079002079002079 0.030211480362537766
0 0.8348627723627723 0.3794078844116606 0.02079002079002079 0.030211480362537766
0 0.8722864972864973 0.3428819103856866 0.02079002079002079 0.030211480362537766
0 0.811403123903124 0.3339533389571152 0.02079002079002079 0.030211480362537766
0 0.5187160812160813 0.3485637285675048 0.02079002079002079 0.030211480362537766
0 0.09723722223722232 0.4496189233726997 0.02079002079002079 0.030211480362537766
0 0.29943704943704946 0.7158526896064659 0.02079002079002079 0.030211480362537766
0 0.14987039987039985 0.3388884529367912 0.02079002079002079 0.030211480362537766
0 0.1613589113589113 0.3468729156040333 0.02079002079002079 0.030211480362537766
0 0.16535491535491534 0.35122807705889264 0.02079002079002079 0.030211480362537766
0 0.17734292734292734 0.3432436143916506 0.02079002079002079 0.030211480362537766
0 0.1703499203499203 0.34034017342174433 0.02079002079002079 0.030211480362537766
0 0.19232794232794231 0.33598501196688496 0.02079002079002079 0.030211480362537766
0 0.19782244782244782 0.3468729156040333 0.02079002079002079 0.030211480362537766
0 0.2063139563139563 0.3367108722093615 0.02079002079002079 0.030211480362537766
0 0.22179847179847179 0.34034017342174433 0.02079002079002079 0.030211480362537766
0 0.22979047979047976 0.33961431317926777 0.02079002079002079 0.030211480362537766
0 0.24027999027999028 0.33525915172440846 0.02079002079002079 0.030211480362537766
0 0.24877149877149876 0.34034017342174433 0.02079002079002079 0.030211480362537766
0 0.25726300726300727 0.34034017342174433 0.02079002079002079 0.030211480362537766
0 0.26375651375651377 0.34179189390669745 0.02079002079002079 0.030211480362537766
0 0.27324702324702327 0.33816259269431465 0.02079002079002079 0.030211480362537766
0 0.28223803223803223 0.3367108722093615 0.02079002079002079 0.030211480362537766
0 0.28773253773253776 0.33816259269431465 0.02079002079002079 0.030211480362537766
0 0.3661541161541162 0.3410660336642209 0.02079002079002079 0.030211480362537766
0 0.38363663363663364 0.34614705536155677 0.02079002079002079 0.030211480362537766
0 0.3786416286416287 0.3374367324518381 0.02079002079002079 0.030211480362537766
0 0.4365836865836866 0.33162985051202565 0.02079002079002079 0.030211480362537766
0 0.4320881820881821 0.33453329148193184 0.02079002079002079 0.030211480362537766
0 0.4425776925776926 0.3309039902695491 0.02079002079002079 0.030211480362537766
0 0.310959310959311 0.33743673245183825 0.02079002079002079 0.030211480362537766
0 0.3194508194508195 0.3359850119668851 0.02079002079002079 0.030211480362537766
0 0.322947322947323 0.334533291481932 0.02079002079002079 0.030211480362537766
0 0.328941328941329 0.33017813002707264 0.02079002079002079 0.030211480362537766
0 0.3384318384318385 0.328000549299643 0.02079002079002079 0.030211480362537766
