0 0.0455769230769231 0.02819023949942643 0.01953125 0.02607561929595828
0 0.013606941838649177 0.06153572188615279 0.01953125 0.02607561929595828
0 0.035086772983114474 0.09221356568194107 0.01953125 0.02607561929595828
0 0.07604831144465292 0.11555540335264955 0.01953125 0.02607561929595828
0 0.060562851782364015 0.09354738497741012 0.01953125 0.02607561929595828
0 0.07405018761726083 0.06086881223841828 0.01953125 0.02607561929595828
0 0.08454033771106945 0.020854233374346588 0.01953125 0.02607561929595828
0 0.09403142589118205 0.00284767288551437 0.01953125 0.02607561929595828
0 0.10751876172607883 0.02618951055622286 0.01953125 0.02607561929595828
0 0.12750000000000003 0.020854233374346588 0.01953125 0.02607561929595828
0 0.16246716697936214 0.011517498306063167 0.01953125 0.02607561929595828
0 0.1849460600375235 0.004848401828718002 0.01953125 0.02607561929595828
0 0.24089352720450283 0.03485933597677172 0.01953125 0.02607561929595828
0 0.20942307692307696 0.07354009554537429 0.01953125 0.02607561929595828
0 0.2568785178236398 0.028857149147160935 0.01953125 0.02607561929595828
0 0.2818550656660414 0.03085787809036451 0.01953125 0.02607561929595828
0 0.3063320825515947 0.017519685135673944 0.01953125 0.02607561929595828
0 0.10252345215759852 0.11222085511397692 0.01953125 0.02607561929595828
0 0.10701923076923081 0.05019825787466585 0.01953125 0.02607561929595828
0 0.16696294559099445 0.05019825787466585 0.01953125 0.02607561929595828
0 0.15247654784240153 0.07954228237498506 0.01953125 0.02607561929595828
0 0.17445590994371485 0.10555175863663163 0.01953125 0.02607561929595828
0 0.18394699812382742 0.07354009554537429 0.01953125 0.02607561929595828
0 0.33030956848030024 0.018853504431143073 0.01953125 0.02607561929595828
0 0.359282363977486 0.018853504431143073 0.01953125 0.02607561929595828
0 0.34579502814258917 0.04286225174958601 0.01953125 0.02607561929595828
0 0.35728424015009386 0.05219898681786943 0.01953125 0.02607561929595828
0 0.31582317073170735 0.044196071045055074 0.01953125 0.02607561929595828
0 0.2838531894934334 0.06286954118162186 0.01953125 0.02607561929595828
0 0.30083724202626644 0.08154301131818865 0.01953125 0.02607561929595828
0 0.29234521575984995 0.09354738497741012 0.01953125 0.02607561929595828
0 0.2698663227016886 0.1435656085574997 0.01953125 0.02607561929595828
0 0.24988508442776738 0.1609052593985974 0.01953125 0.02607561929595828
0 0.22091228893058165 0.1362296024324199 0.01953125 0.02607561929595828
0 0.22141181988742967 0.15890453045539388 0.01953125 0.02607561929595828
0 0.1819488742964353 0.14023106031882707 0.01953125 0.02607561929595828
0 0.19343808630394 0.1669074462282082 0.01953125 0.02607561929595828
0 0.15597326454033772 0.14223178926203067 0.01953125 0.02607561929595828
0 0.16146810506566606 0.1649067172850046 0.01953125 0.02607561929595828
0 0.12400328330206382 0.14023106031882707 0.01953125 0.02607561929595828
0 0.06655722326454036 0.1542361629212521 0.01953125 0.02607561929595828
0 0.035086772983114474 0.15023470503484498 0.01953125 0.02607561929595828
0 0.006613508442776755 0.13156123489827826 0.01953125 0.02607561929595828
0 0.007612570356472824 0.15623689186445575 0.01953125 0.02607561929595828
0 0.009111163227016909 0.18558091636477497 0.01953125 0.02607561929595828
0 0.0470755159474672 0.19024928389891668 0.01953125 0.02607561929595828
0 0.06306050656660417 0.18091254883063324 0.01953125 0.02607561929595828
0 0.06106238273921202 0.2175925794560323 0.01953125 0.02607561929595828
0 0.08853658536585368 0.21492494086509417 0.01953125 0.02607561929595828
0 0.09253283302063792 0.1849140067170404 0.01953125 0.02607561929595828
0 0.11001641651031897 0.21159039262642154 0.01953125 0.02607561929595828
0 0.13199577861163228 0.20292056720587268 0.01953125 0.02607561929595828
0 0.11201454033771112 0.18558091636477497 0.01953125 0.02607561929595828
0 0.28784943714821765 0.17824491023969513 0.01953125 0.02607561929595828
0 0.2688672607879925 0.21092348297868704 0.01953125 0.02607561929595828
0 0.25388133208255165 0.18358018742157137 0.01953125 0.02607561929595828
0 0.23040337711069422 0.1942507417853238 0.01953125 0.02607561929595828
0 0.23090290806754227 0.22959695311525374 0.01953125 0.02607561929595828
0 0.21641651031894937 0.20425438650134173 0.01953125 0.02607561929595828
0 0.24838649155722328 0.2255954952288466 0.01953125 0.02607561929595828
0 0.26287288930581626 0.24160132677447532 0.01953125 0.02607561929595828
0 0.24439024390243905 0.24893733289955508 0.01953125 0.02607561929595828
0 0.2084240150093809 0.24827042325182058 0.01953125 0.02607561929595828
0 0.2019301125703565 0.22759622417205028 0.01953125 0.02607561929595828
0 0.18094981238273922 0.2302638627629883 0.01953125 0.02607561929595828
0 0.19293855534709198 0.26294243550198015 0.01953125 0.02607561929595828
0 0.15996951219512195 0.2596078872633075 0.01953125 0.02607561929595828
0 0.15147748592870544 0.23359841100166095 0.01953125 0.02607561929595828
0 0.13149624765478427 0.2355991399448645 0.01953125 0.02607561929595828
0 0.1474812382739212 0.2736129898657326 0.01953125 0.02607561929595828
0 0.10002579737335837 0.24360205571767887 0.01953125 0.02607561929595828
0 0.0800445590994372 0.3156282976730078 0.01953125 0.02607561929595828
0 0.05656660412757976 0.31629520732074234 0.01953125 0.02607561929595828
0 0.03708489681050659 0.3242981230935567 0.01953125 0.02607561929595828
0 0.0036163227016885896 0.2596078872633075 0.01953125 0.02607561929595828
0 0.007612570356472824 0.3323010388663711 0.01953125 0.02607561929595828
0 0.05456848030018764 0.34163777393465444 0.01953125 0.02607561929595828
0 0.015605065666041295 0.38965526857154037 0.01953125 0.02607561929595828
0 0.03658536585365856 0.38031853350325706 0.01953125 0.02607561929595828
0 0.012607879924953129 0.4056611001171691 0.01953125 0.02607561929595828
0 0.06306050656660417 0.45901387193593135 0.01953125 0.02607561929595828
0 0.08603893058161352 0.41899929307185974 0.01953125 0.02607561929595828
0 0.11201454033771112 0.3356355871050437 0.01953125 0.02607561929595828
0 0.12799953095684805 0.3723156177304427 0.01953125 0.02607561929595828
0 0.1719582551594747 0.3649796116053629 0.01953125 0.02607561929595828
0 0.16596388367729836 0.3989920036398238 0.01953125 0.02607561929595828
0 0.18544559099437152 0.39565745540115116 0.01953125 0.02607561929595828
0 0.2019301125703565 0.4223338413105323 0.01953125 0.02607561929595828
0 0.17945121951219511 0.43500512461748836 0.01953125 0.02607561929595828
0 0.22940431519699814 0.4129971062422489 0.01953125 0.02607561929595828
0 0.2668691369606005 0.41433092553771794 0.01953125 0.02607561929595828
0 0.27486163227016885 0.4356720342652228 0.01953125 0.02607561929595828
0 0.29833958724202636 0.4356720342652228 0.01953125 0.02607561929595828
0 0.24389071294559103 0.4583469622881968 0.01953125 0.02607561929595828
0 0.2319019699812383 0.46301532982233845 0.01953125 0.02607561929595828
0 0.20342870544090058 0.4596807815836658 0.01953125 0.02607561929595828
0 0.18394699812382742 0.47235206489062187 0.01953125 0.02607561929595828
0 0.17245778611632273 0.4970277218567994 0.01953125 0.02607561929595828
0 0.19393761726078804 0.4970277218567994 0.01953125 0.02607561929595828
0 0.12450281425891184 0.43900658250389546 0.01953125 0.02607561929595828
0 0.10302298311444658 0.4483433175721789 0.01953125 0.02607561929595828
0 0.08953564727954975 0.4623484201746039 0.01953125 0.02607561929595828
0 0.020600375234521597 0.49302626397039223 0.01953125 0.02607561929595828
0 0.027094277673545986 0.4583469622881968 0.01953125 0.02607561929595828
0 0.047575046904315216 0.4963608122090649 0.01953125 0.02607561929595828
0 0.08454033771106945 0.4963608122090649 0.01953125 0.02607561929595828
0 0.06306050656660417 0.5237041077661805 0.01953125 0.02607561929595828
0 0.04457786116322705 0.5263717463571186 0.01953125 0.02607561929595828
0 0.09503048780487806 0.523037198118446 0.01953125 0.02607561929595828
0 0.12700046904315201 0.5383761200163402 0.01953125 0.02607561929595828
0 0.14498358348968107 0.48635716749304697 0.01953125 0.02607561929595828
0 0.10352251407129459 0.4943600832658613 0.01953125 0.02607561929595828
0 0.3323076923076923 0.46368223947007303 0.01953125 0.02607561929595828
0 0.342797842401501 0.5016960893909411 0.01953125 0.02607561929595828
0 0.31582317073170735 0.5070313665728173 0.01953125 0.02607561929595828
0 0.3278119136960601 0.5377092103686056 0.01953125 0.02607561929595828
0 0.36777439024390246 0.5090320955160209 0.01953125 0.02607561929595828
0 0.38076219512195125 0.4923593543226577 0.01953125 0.02607561929595828
0 0.3992448405253284 0.5263717463571186 0.01953125 0.02607561929595828
0 0.4511960600375235 0.5190357402320388 0.01953125 0.02607561929595828
0 0.46268527204502813 0.5397099393118091 0.01953125 0.02607561929595828
0 0.48616322701688564 0.5403768489595436 0.01953125 0.02607561929595828
0 0.2888484990619137 0.537042300720871 0.01953125 0.02607561929595828
0 0.3058325515947468 0.5377092103686056 0.01953125 0.02607561929595828
0 0.2703658536585366 0.5217033788229769 0.01953125 0.02607561929595828
0 0.25438086303939966 0.5323739331867294 0.01953125 0.02607561929595828
0 0.23140243902439028 0.5183688305843043 0.01953125 0.02607561929595828
0 0.21291979362101315 0.5397099393118091 0.01953125 0.02607561929595828
0 0.1784521575984991 0.5403768489595436 0.01953125 0.02607561929595828
0 0.12223968105065675 0.5617179576870487 0.01953125 0.02607561929595828
0 0.10525562851782373 0.5910619821873679 0.01953125 0.02607561929595828
0 0.08527439024390251 0.5943965304260406 0.01953125 0.02607561929595828
0 0.0667917448405254 0.5757230602894738 0.01953125 0.02607561929595828
0 0.07078799249530966 0.6097354523239348 0.01953125 0.02607561929595828
0 0.03881801125703574 0.5850597953577571 0.01953125 0.02607561929595828
0 0.03881801125703574 0.6150707295058109 0.01953125 0.02607561929595828
0 0.0732856472795498 0.6457485733015992 0.01953125 0.02607561929595828
0 0.05680112570356482 0.6830955135747327 0.01953125 0.02607561929595828
0 0.016339118198874368 0.6610874951994934 0.01953125 0.02607561929595828
0 0.027328799249531046 0.7204424538478663 0.01953125 0.02607561929595828
0 0.022833020637898778 0.737782104688964 0.01953125 0.02607561929595828
0 0.029826454033771176 0.7711275870756904 0.01953125 0.02607561929595828
0 0.05929878048780497 0.7571224844732654 0.01953125 0.02607561929595828
0 0.03881801125703574 0.747785749404982 0.01953125 0.02607561929595828
0 0.02782833020637906 0.7984708826328061 0.01953125 0.02607561929595828
0 0.03582082551594755 0.8358178229059395 0.01953125 0.02607561929595828
0 0.06579268292682935 0.8051399791101513 0.01953125 0.02607561929595828
0 0.0832762664165104 0.8044730694624168 0.01953125 0.02607561929595828
0 0.08427532833020647 0.7831319607349119 0.01953125 0.02607561929595828
0 0.05929878048780497 0.8558251123379754 0.01953125 0.02607561929595828
0 0.014840525328330285 0.8124759852352311 0.01953125 0.02607561929595828
0 0.10175891181988751 0.8251472685421871 0.01953125 0.02607561929595828
0 0.13073170731707326 0.7804643221439739 0.01953125 0.02607561929595828
0 0.13372889305816144 0.8218127203035145 0.01953125 0.02607561929595828
0 0.11724437148217644 0.859159660576648 0.01953125 0.02607561929595828
0 0.06729127579737344 0.9345204507706498 0.01953125 0.02607561929595828
0 0.11274859287054419 0.9171807999295519 0.01953125 0.02607561929595828
0 0.017837711069418474 0.941189547247995 0.01953125 0.02607561929595828
0 0.09376641651031904 0.9691997524528451 0.01953125 0.02607561929595828
0 0.11274859287054419 0.9598630173845617 0.01953125 0.02607561929595828
0 0.15171200750469052 0.9458579147821367 0.01953125 0.02607561929595828
0 0.12923311444652916 0.9258506253501008 0.01953125 0.02607561929595828
0 0.1352274859287055 0.8958396912020471 0.01953125 0.02607561929595828
0 0.1412218574108819 0.8531574737470374 0.01953125 0.02607561929595828
0 0.018102720450281447 0.9818710357598012 0.01953125 0.02607561929595828
0 0.04907363977485932 0.971867391043783 0.01953125 0.02607561929595828
0 0.07405018761726083 0.9985437769531642 0.01953125 0.02607561929595828
0 0.10452157598499066 0.9965430480099606 0.01953125 0.02607561929595828
0 0.13349437148217638 0.9985437769531642 0.01953125 0.02607561929595828
0 0.16496482176360228 0.9872063129416772 0.01953125 0.02607561929595828
0 0.18694418386491563 0.971867391043783 0.01953125 0.02607561929595828
0 0.2079244840525329 0.9678659331573761 0.01953125 0.02607561929595828
0 0.23539868667917452 0.9952092287144916 0.01953125 0.02607561929595828
0 0.23340056285178237 0.9625306559754997 0.01953125 0.02607561929595828
0 0.2563789868667918 0.9411895472479949 0.01953125 0.02607561929595828
0 0.2368972795497186 0.91984843852049 0.01953125 0.02607561929595828
0 0.24239212007504696 0.8991742394407197 0.01953125 0.02607561929595828
0 0.21092166979362104 0.922516077111428 0.01953125 0.02607561929595828
0 0.20592636022514074 0.8898375043724361 0.01953125 0.02607561929595828
0 0.21092166979362104 0.8511567448038336 0.01953125 0.02607561929595828
0 0.1819488742964353 0.871830943883604 0.01953125 0.02607561929595828
0 0.17345684803001882 0.8038061598146822 0.01953125 0.02607561929595828
0 0.2319019699812383 0.8311494553717977 0.01953125 0.02607561929595828
0 0.3043339587242026 0.861827299167586 0.01953125 0.02607561929595828
0 0.3233161350844278 0.895839691202047 0.01953125 0.02607561929595828
0 0.30483348968105073 0.9011749683839232 0.01953125 0.02607561929595828
0 0.293344277673546 0.8978404201452506 0.01953125 0.02607561929595828
0 0.3053330206378988 0.9818710357598012 0.01953125 0.02607561929595828
0 0.27436210131332095 0.9912077708280844 0.01953125 0.02607561929595828
0 0.28635084427767354 0.993208499771288 0.01953125 0.02607561929595828
0 0.34379690431519705 0.9631975656232343 0.01953125 0.02607561929595828
0 0.3233161350844278 0.9752019392824557 0.01953125 0.02607561929595828
0 0.3363039399624766 0.935187360418384 0.01953125 0.02607561929595828
0 0.3697725140712946 0.9251837157023662 0.01953125 0.02607561929595828
0 0.35578564727954975 0.8885036850769671 0.01953125 0.02607561929595828
0 0.40374061913696063 0.9625306559754997 0.01953125 0.02607561929595828
0 0.426219512195122 0.9445240954866675 0.01953125 0.02607561929595828
0 0.4172279549718575 0.9071771552135339 0.01953125 0.02607561929595828
0 0.45319418386491567 0.9345204507706496 0.01953125 0.02607561929595828
0 0.4496974671669794 0.956528469145889 0.01953125 0.02607561929595828
0 0.4242213883677298 0.99054086118035 0.01953125 0.02607561929595828
0 0.47217636022514076 0.9338535411229151 0.01953125 0.02607561929595828
0 0.45868902439024395 0.9865394032939427 0.01953125 0.02607561929595828
0 0.42222326454033776 0.8511567448038336 0.01953125 0.02607561929595828
0 0.3188203564727955 0.7744621353143629 0.01953125 0.02607561929595828
0 0.38026266416510324 0.7958032440418678 0.01953125 0.02607561929595828
0 0.3887546904315197 0.7811312317917083 0.01953125 0.02607561929595828
0 0.34479596622889314 0.7764628642575665 0.01953125 0.02607561929595828
0 0.342797842401501 0.7444512011663091 0.01953125 0.02607561929595828
0 0.36677532833020643 0.7484526590527162 0.01953125 0.02607561929595828
0 0.38276031894934337 0.7264446406774769 0.01953125 0.02607561929595828
0 0.3717706378986867 0.6917653389952815 0.01953125 0.02607561929595828
0 0.4112335834896811 0.7131064477227863 0.01953125 0.02607561929595828
0 0.4182270168855535 0.6984344354726267 0.01953125 0.02607561929595828
0 0.4347115384615385 0.6917653389952815 0.01953125 0.02607561929595828
0 0.3977462476547843 0.665755862733635 0.01953125 0.02607561929595828
0 0.38176125703564734 0.6364118382333157 0.01953125 0.02607561929595828
0 0.39474906191369613 0.6284089224605013 0.01953125 0.02607561929595828
0 0.37776500938086305 0.6030663558465892 0.01953125 0.02607561929595828
0 0.3522889305816136 0.6097354523239346 0.01953125 0.02607561929595828
0 0.3388015947467167 0.6130700005626073 0.01953125 0.02607561929595828
0 0.3188203564727955 0.6984344354726267 0.01953125 0.02607561929595828
0 0.3388015947467167 0.6844293328702017 0.01953125 0.02607561929595828
0 0.31132739212007504 0.7337806468025567 0.01953125 0.02607561929595828
0 0.29734052532833033 0.7584563037687342 0.01953125 0.02607561929595828
0 0.2893480300187618 0.7371151950412294 0.01953125 0.02607561929595828
0 0.2703658536585366 0.7557886651777961 0.01953125 0.02607561929595828
0 0.2848522514071295 0.6984344354726267 0.01953125 0.02607561929595828
0 0.2368972795497186 0.7477857494049818 0.01953125 0.02607561929595828
0 0.24838649155722328 0.75045338799592 0.01953125 0.02607561929595828
0 0.2398944652908068 0.7031028030067685 0.01953125 0.02607561929595828
0 0.23290103189493436 0.7231100924388043 0.01953125 0.02607561929595828
0 0.22091228893058165 0.7337806468025567 0.01953125 0.02607561929595828
0 0.21941369606003758 0.6757595074496529 0.01953125 0.02607561929595828
0 0.18594512195121954 0.7204424538478661 0.01953125 0.02607561929595828
0 0.1684615384615385 0.7297791889161496 0.01953125 0.02607561929595828
0 0.15447467166979367 0.6984344354726267 0.01953125 0.02607561929595828
0 0.11401266416510321 0.7031028030067685 0.01953125 0.02607561929595828
0 0.09503048780487806 0.6590867662562896 0.01953125 0.02607561929595828
0 0.10152439024390245 0.6437478443583954 0.01953125 0.02607561929595828
0 0.0700539399624766 0.6684235013245731 0.01953125 0.02607561929595828
0 0.11201454033771112 0.6330772899946431 0.01953125 0.02607561929595828
0 0.13399390243902443 0.6237405549263596 0.01953125 0.02607561929595828
0 0.1304971857410882 0.6590867662562896 0.01953125 0.02607561929595828
0 0.13998827392120075 0.5890612532441641 0.01953125 0.02607561929595828
0 0.15547373358348976 0.5723885120508011 0.01953125 0.02607561929595828
0 0.1689610694183865 0.6290758321082358 0.01953125 0.02607561929595828
0 0.18344746716697935 0.607734723380731 0.01953125 0.02607561929595828
0 0.1829479362101314 0.6424140250629263 0.01953125 0.02607561929595828
0 0.20043151969981243 0.6290758321082358 0.01953125 0.02607561929595828
0 0.21092166979362104 0.6124030909148727 0.01953125 0.02607561929595828
0 0.16796200750469042 0.6590867662562896 0.01953125 0.02607561929595828
0 0.15647279549718576 0.6730918688587146 0.01953125 0.02607561929595828
0 0.24888602251407135 0.6384125671765193 0.01953125 0.02607561929595828
0 0.25138367729831146 0.6624213144949623 0.01953125 0.02607561929595828
0 0.2548803939962477 0.6237405549263596 0.01953125 0.02607561929595828
0 0.24788696060037527 0.6030663558465892 0.01953125 0.02607561929595828
0 0.2713649155722327 0.5983979883124476 0.01953125 0.02607561929595828
0 0.23040337711069422 0.5630517769825176 0.01953125 0.02607561929595828
0 0.20742495309568482 0.5637186866302522 0.01953125 0.02607561929595828
0 0.28635084427767354 0.6150707295058108 0.01953125 0.02607561929595828
0 0.3003377110694184 0.6157376391535453 0.01953125 0.02607561929595828
0 0.276859756097561 0.6297427417559703 0.01953125 0.02607561929595828
0 0.25388133208255165 0.8771662210654801 0.01953125 0.02607561929595828
0 0.276859756097561 0.8711640342358695 0.01953125 0.02607561929595828
0 0.42472091932457795 0.6310765610514395 0.01953125 0.02607561929595828
0 0.4506965290806755 0.6284089224605013 0.01953125 0.02607561929595828
0 0.43021575984990623 0.5957303497215095 0.01953125 0.02607561929595828
0 0.41073405253283307 0.5957303497215095 0.01953125 0.02607561929595828
0 0.40623827392120077 0.5630517769825176 0.01953125 0.02607561929595828
0 0.3797631332082552 0.5750561506417391 0.01953125 0.02607561929595828
0 0.3552861163227017 0.5770568795849427 0.01953125 0.02607561929595828
0 0.3293105065666042 0.5817252471190844 0.01953125 0.02607561929595828
0 0.30133677298311445 0.5890612532441641 0.01953125 0.02607561929595828
0 0.28585131332082553 0.5923958014828369 0.01953125 0.02607561929595828
0 0.28335365853658534 0.5537150419142343 0.01953125 0.02607561929595828
0 0.26237335834896813 0.5570495901529069 0.01953125 0.02607561929595828
0 0.44819887429643535 0.5850597953577571 0.01953125 0.02607561929595828
0 0.4646833958724203 0.5817252471190844 0.01953125 0.02607561929595828
0 0.4641838649155723 0.6624213144949623 0.01953125 0.02607561929595828
0 0.47167682926829274 0.6857631521656706 0.01953125 0.02607561929595828
0 0.49515478424015014 0.654418398722148 0.01953125 0.02607561929595828
0 0.48616322701688564 0.6204060066876871 0.01953125 0.02607561929595828
0 0.47167682926829274 0.7264446406774769 0.01953125 0.02607561929595828
0 0.49665337711069424 0.7197755442001317 0.01953125 0.02607561929595828
0 0.4986515009380863 0.67976096533606 0.01953125 0.02607561929595828
0 0.4941557223264541 0.7557886651777961 0.01953125 0.02607561929595828
0 0.477171669793621 0.7557886651777961 0.01953125 0.02607561929595828
0 0.46917917448405255 0.7717944967234248 0.01953125 0.02607561929595828
0 0.4362101313320826 0.7311130082116186 0.01953125 0.02607561929595828
0 0.4327134146341464 0.7757959546098319 0.01953125 0.02607561929595828
0 0.4491979362101314 0.7971370633373369 0.01953125 0.02607561929595828
0 0.4521951219512195 0.8191450817125764 0.01953125 0.02607561929595828
0 0.4087359287054409 0.7924686958031951 0.01953125 0.02607561929595828
0 0.39524859287054415 0.7477857494049818 0.01953125 0.02607561929595828
0 0.41423076923076924 0.7364482853934949 0.01953125 0.02607561929595828
0 0.49715290806754225 0.7971370633373369 0.01953125 0.02607561929595828
0 0.4751735459662289 0.7951363343941333 0.01953125 0.02607561929595828
0 0.492157598499062 0.8805007693041529 0.01953125 0.02607561929595828
0 0.40673780487804884 0.8138098045307 0.01953125 0.02607561929595828
0 0.5358513133208255 0.5703877831075977 0.01953125 0.02607561929595828
0 0.5143714821763603 0.5703877831075977 0.01953125 0.02607561929595828
0 0.5638250469043152 0.6030663558465894 0.01953125 0.02607561929595828
0 0.5977931519699813 0.626408193517298 0.01953125 0.02607561929595828
0 0.5603283302063791 0.6417471154151921 0.01953125 0.02607561929595828
0 0.5907997185741087 0.5903950725396334 0.01953125 0.02607561929595828
0 0.628764071294559 0.6217398259831564 0.01953125 0.02607561929595828
0 0.6502439024390243 0.6457485733015992 0.01953125 0.02607561929595828
0 0.6202720450281425 0.6610874951994934 0.01953125 0.02607561929595828
0 0.6912054409005628 0.6710911399155114 0.01953125 0.02607561929595828
0 0.6732223264540337 0.6410802057674576 0.01953125 0.02607561929595828
0 0.7166815196998123 0.665755862733635 0.01953125 0.02607561929595828
0 0.678717166979362 0.6890977004043436 0.01953125 0.02607561929595828
0 0.6412523452157598 0.6817616942792638 0.01953125 0.02607561929595828
0 0.6187734521575985 0.6950998872339542 0.01953125 0.02607561929595828
0 0.5907997185741087 0.6810947846315292 0.01953125 0.02607561929595828
0 0.5693198874296435 0.7017689837112996 0.01953125 0.02607561929595828
0 0.545841932457786 0.712439538075052 0.01953125 0.02607561929595828
0 0.5198663227016885 0.7544548458823271 0.01953125 0.02607561929595828
0 0.5423452157598498 0.747785749404982 0.01953125 0.02607561929595828
0 0.5878025328330205 0.7344475564502914 0.01953125 0.02607561929595828
0 0.5907997185741087 0.7697937677802213 0.01953125 0.02607561929595828
0 0.6052861163227016 0.8058068887578859 0.01953125 0.02607561929595828
0 0.5808090994371482 0.8558251123379754 0.01953125 0.02607561929595828
0 0.5573311444652908 0.8604934798721172 0.01953125 0.02607561929595828
0 0.5513367729831143 0.8184781720648419 0.01953125 0.02607561929595828
0 0.5048803939962476 0.8378185518491432 0.01953125 0.02607561929595828
0 0.512373358348968 0.8811676789518876 0.01953125 0.02607561929595828
0 0.5912992495309568 0.8878367754292329 0.01953125 0.02607561929595828
0 0.6207715759849906 0.8865029561337637 0.01953125 0.02607561929595828
0 0.6172748592870544 0.8424869193832849 0.01953125 0.02607561929595828
0 0.6402532833020638 0.8758324017700112 0.01953125 0.02607561929595828
0 0.6247678236397748 0.9191815288727557 0.01953125 0.02607561929595828
0 0.6432504690431519 0.9151800709863485 0.01953125 0.02607561929595828
0 0.6532410881801125 0.9151800709863485 0.01953125 0.02607561929595828
0 0.6697256097560975 0.9165138902818175 0.01953125 0.02607561929595828
0 0.6912054409005628 0.8971735104975161 0.01953125 0.02607561929595828
0 0.6062851782363976 0.9281848091171717 0.01953125 0.02607561929595828
0 0.5273592870544089 0.9935419545951554 0.01953125 0.02607561929595828
0 0.5083771106941838 0.9588626529129599 0.01953125 0.02607561929595828
0 0.7421575984990618 0.9255171705262335 0.01953125 0.02607561929595828
0 0.7231754221388366 0.9361877248899859 0.01953125 0.02607561929595828
0 0.6812148217636022 0.9428568213673313 0.01953125 0.02607561929595828
0 0.6502439024390243 0.8044730694624167 0.01953125 0.02607561929595828
0 0.6217706378986866 0.7637915809506105 0.01953125 0.02607561929595828
0 0.612279549718574 0.7197755442001317 0.01953125 0.02607561929595828
0 0.6462476547842401 0.7251108213820078 0.01953125 0.02607561929595828
0 0.6587359287054408 0.7617908520074068 0.01953125 0.02607561929595828
0 0.6762195121951219 0.7864665089735843 0.01953125 0.02607561929595828
0 0.7026946529080674 0.7171079056091936 0.01953125 0.02607561929595828
0 0.6702251407129456 0.7477857494049818 0.01953125 0.02607561929595828
0 0.711686210131332 0.7791305028485047 0.01953125 0.02607561929595828
0 0.7361632270168854 0.7717944967234248 0.01953125 0.02607561929595828
0 0.7481519699812382 0.7224431827910698 0.01953125 0.02607561929595828
0 0.7146833958724202 0.7477857494049818 0.01953125 0.02607561929595828
0 0.7791228893058161 0.7244439117342734 0.01953125 0.02607561929595828
0 0.7936092870544089 0.7057704415977066 0.01953125 0.02607561929595828
0 0.7541463414634145 0.6950998872339542 0.01953125 0.02607561929595828
0 0.7391604127579736 0.716440995961459 0.01953125 0.02607561929595828
0 0.7986045966228893 0.7297791889161496 0.01953125 0.02607561929595828
0 0.8145895872420262 0.7257777310297424 0.01953125 0.02607561929595828
0 0.8405651969981237 0.7571224844732652 0.01953125 0.02607561929595828
0 0.8090947467166979 0.763124671302876 0.01953125 0.02607561929595828
0 0.7901125703564726 0.7664592195415485 0.01953125 0.02607561929595828
0 0.7681332082551594 0.7764628642575665 0.01953125 0.02607561929595828
0 0.7671341463414633 0.7971370633373369 0.01953125 0.02607561929595828
0 0.778623358348968 0.8324832746672668 0.01953125 0.02607561929595828
0 0.7206777673545964 0.8051399791101511 0.01953125 0.02607561929595828
0 0.7501500938086304 0.861827299167586 0.01953125 0.02607561929595828
0 0.71218574108818 0.8558251123379753 0.01953125 0.02607561929595828
0 0.7201782363977485 0.8825014982473564 0.01953125 0.02607561929595828
0 0.761639305816135 0.8918382333156397 0.01953125 0.02607561929595828
0 0.7731285178236398 0.8838353175428255 0.01953125 0.02607561929595828
0 0.7636374296435271 0.9238498964068971 0.01953125 0.02607561929595828
0 0.7986045966228893 0.9131793420431448 0.01953125 0.02607561929595828
0 0.8220825515947465 0.9178477095772862 0.01953125 0.02607561929595828
0 0.8185858348968105 0.8791669500086838 0.01953125 0.02607561929595828
0 0.8050984990619136 0.8344840036104704 0.01953125 0.02607561929595828
0 0.8205839587242025 0.827814907133125 0.01953125 0.02607561929595828
0 0.8031003752345214 0.7931356054509298 0.01953125 0.02607561929595828
0 0.8350703564727955 0.7884672379167881 0.01953125 0.02607561929595828
0 0.8635436210131331 0.7811312317917083 0.01953125 0.02607561929595828
0 0.859547373358349 0.8204789010080453 0.01953125 0.02607561929595828
0 0.8860225140712945 0.8064737984056202 0.01953125 0.02607561929595828
0 0.8985107879924954 0.7737952256666283 0.01953125 0.02607561929595828
0 0.9164939024390243 0.7691268581324867 0.01953125 0.02607561929595828
0 0.9075023452157598 0.8038061598146822 0.01953125 0.02607561929595828
0 0.8815267354596622 0.7597901230642032 0.01953125 0.02607561929595828
0 0.9075023452157598 0.8491560158606299 0.01953125 0.02607561929595828
0 0.9035060975609754 0.871830943883604 0.01953125 0.02607561929595828
0 0.8845239212007503 0.9005080587361888 0.01953125 0.02607561929595828
0 0.8925164165103189 0.9271844446455698 0.01953125 0.02607561929595828
0 0.8590478424015009 0.8978404201452506 0.01953125 0.02607561929595828
0 0.8660412757973733 0.9391888183047913 0.01953125 0.02607561929595828
0 0.8370684803001877 0.8778331307132147 0.01953125 0.02607561929595828
0 0.9317143527204503 0.8524905640993027 0.01953125 0.02607561929595828
0 0.9467002814258911 0.8391523711446122 0.01953125 0.02607561929595828
0 0.958189493433396 0.8064737984056202 0.01953125 0.02607561929595828
0 0.976672138836773 0.8324832746672668 0.01953125 0.02607561929595828
0 0.9576899624765478 0.8671625763494623 0.01953125 0.02607561929595828
0 0.9716768292682928 0.9118455227476756 0.01953125 0.02607561929595828
0 0.9941557223264541 0.8724978535313385 0.01953125 0.02607561929595828
0 0.22414399624765474 0.09888266215928634 0.01953125 0.02607561929595828
0 0.34203330206378985 0.11288776476171142 0.01953125 0.02607561929595828
0 0.3040689493433395 0.12355831912546385 0.01953125 0.02607561929595828
0 0.32305112570356465 0.14556633750070333 0.01953125 0.02607561929595828
0 0.345530018761726 0.14223178926203067 0.01953125 0.02607561929595828
0 0.3710060975609756 0.1362296024324199 0.01953125 0.02607561929595828
0 0.32255159474671663 0.1662405365804737 0.01953125 0.02607561929595828
0 0.362014540337711 0.17090890411461532 0.01953125 0.02607561929595828
0 0.345530018761726 0.19891910931946546 0.01953125 0.02607561929595828
0 0.33104362101313317 0.21092348297868704 0.01953125 0.02607561929595828
0 0.3065666041275797 0.21559185051282867 0.01953125 0.02607561929595828
0 0.3465290806754221 0.23359841100166095 0.01953125 0.02607561929595828
0 0.32854596622889304 0.24426896536541337 0.01953125 0.02607561929595828
0 0.2855863039399624 0.24426896536541337 0.01953125 0.02607561929595828
0 0.25061913696060034 0.27894826704760883 0.01953125 0.02607561929595828
0 0.23263602251407126 0.2769475381044052 0.01953125 0.02607561929595828
0 0.22064727954971852 0.2976217371841756 0.01953125 0.02607561929595828
0 0.19167448405253276 0.29628791788870656 0.01953125 0.02607561929595828
0 0.2251430581613508 0.31229374943433524 0.01953125 0.02607561929595828
0 0.2591111632270168 0.31496138802527335 0.01953125 0.02607561929595828
0 0.27409709193245774 0.30562465295698993 0.01953125 0.02607561929595828
0 0.2710999061913696 0.33363485816184013 0.01953125 0.02607561929595828
0 0.30556754221388366 0.3102930204911316 0.01953125 0.02607561929595828
0 0.30007270168855527 0.3463061414687962 0.01953125 0.02607561929595828
0 0.310562851782364 0.37098179843497364 0.01953125 0.02607561929595828
0 0.34053470919324574 0.3589774247757521 0.01953125 0.02607561929595828
0 0.35452157598499057 0.33963704499145086 0.01953125 0.02607561929595828
0 0.36451219512195115 0.39298981681021306 0.01953125 0.02607561929595828
0 0.37300422138836764 0.3649796116053629 0.01953125 0.02607561929595828
0 0.3874906191369606 0.3869876299806024 0.01953125 0.02607561929595828
0 0.4094699812382739 0.38498690103739874 0.01953125 0.02607561929595828
0 0.40197701688555343 0.42366766060600136 0.01953125 0.02607561929595828
0 0.4294512195121951 0.41433092553771794 0.01953125 0.02607561929595828
0 0.4494324577861163 0.4129971062422489 0.01953125 0.02607561929595828
0 0.44493667917448404 0.4583469622881968 0.01953125 0.02607561929595828
0 0.47241088180112567 0.4370058535606919 0.01953125 0.02607561929595828
0 0.48090290806754216 0.4109963772990453 0.01953125 0.02607561929595828
0 0.49988508442776736 0.43967349215163004 0.01953125 0.02607561929595828
0 0.49838649155722325 0.3989920036398238 0.01953125 0.02607561929595828
0 0.5193667917448405 0.43100366673108115 0.01953125 0.02607561929595828
0 0.5243621013133208 0.45901387193593135 0.01953125 0.02607561929595828
0 0.5078775797373357 0.4776873420724981 0.01953125 0.02607561929595828
0 0.5323545966228893 0.5016960893909411 0.01953125 0.02607561929595828
0 0.5578306754221388 0.4870240771407815 0.01953125 0.02607561929595828
0 0.561327392120075 0.4530116851063206 0.01953125 0.02607561929595828
0 0.5733161350844277 0.5157011919933662 0.01953125 0.02607561929595828
0 0.6082833020637899 0.5203695595275077 0.01953125 0.02607561929595828
0 0.6412523452157598 0.5183688305843043 0.01953125 0.02607561929595828
0 0.6172748592870544 0.4883578964362505 0.01953125 0.02607561929595828
0 0.5962945590994371 0.4536785947540551 0.01953125 0.02607561929595828
0 0.5873030018761726 0.4875242593765825 0.01953125 0.02607561929595828
0 0.577562148217636 0.4301700296714131 0.01953125 0.02607561929595828
0 0.5463414634146342 0.46751696994454667 0.01953125 0.02607561929595828
0 0.6422514071294558 0.43950676473969646 0.01953125 0.02607561929595828
0 0.6072842401500937 0.41949947530766063 0.01953125 0.02607561929595828
0 0.5975433864915572 0.3968245472846867 0.01953125 0.02607561929595828
0 0.5533348968105065 0.38982199598347417 0.01953125 0.02607561929595828
0 0.5323545966228893 0.4124969240064481 0.01953125 0.02607561929595828
0 0.5273592870544089 0.3904889056312087 0.01953125 0.02607561929595828
0 0.6524917917448405 0.41483110777351895 0.01953125 0.02607561929595828
0 0.6804655253283302 0.4335045779100858 0.01953125 0.02607561929595828
0 0.6589856941838649 0.4785209791321664 0.01953125 0.02607561929595828
0 0.6949519230769231 0.503530090922211 0.01953125 0.02607561929595828
0 0.6894570825515947 0.5292061123599905 0.01953125 0.02607561929595828
0 0.7066909005628518 0.5192024676439726 0.01953125 0.02607561929595828
0 0.6777181050656659 0.567886871928593 0.01953125 0.02607561929595828
0 0.7054420731707317 0.556549407917106 0.01953125 0.02607561929595828
0 0.7044430112570356 0.5845596131219563 0.01953125 0.02607561929595828
0 0.6307621951219511 0.5402101215476102 0.01953125 0.02607561929595828
0 0.6522420262664164 0.5478795824965572 0.01953125 0.02607561929595828
0 0.728670262664165 0.5660528703973231 0.01953125 0.02607561929595828
0 0.7591416510318949 0.5667197800450576 0.01953125 0.02607561929595828
0 0.7701313320825516 0.6207394615115545 0.01953125 0.02607561929595828
0 0.7781238273921202 0.5907285273635006 0.01953125 0.02607561929595828
0 0.7466533771106941 0.5893947080680316 0.01953125 0.02607561929595828
0 0.7196787054409006 0.505364092453481 0.01953125 0.02607561929595828
0 0.7356636960600375 0.4946935380897286 0.01953125 0.02607561929595828
0 0.725173545966229 0.4640156942939403 0.01953125 0.02607561929595828
0 0.7146833958724202 0.4353385794413556 0.01953125 0.02607561929595828
0 0.6932035647279549 0.47335242936222366 0.01953125 0.02607561929595828
0 0.711186679174484 0.39332327163408043 0.01953125 0.02607561929595828
0 0.6787171669793621 0.40799528388424 0.01953125 0.02607561929595828
0 0.6842120075046905 0.383986536565797 0.01953125 0.02607561929595828
0 0.6981988742964351 0.3699814339633719 0.01953125 0.02607561929595828
0 0.7336655722326454 0.3946570909295495 0.01953125 0.02607561929595828
0 0.7316674484052532 0.4213334768389305 0.01953125 0.02607561929595828
0 0.744155722326454 0.42533493472533773 0.01953125 0.02607561929595828
0 0.7771247654784239 0.4246680250776032 0.01953125 0.02607561929595828
0 0.7926102251407131 0.4119967417706471 0.01953125 0.02607561929595828
0 0.7941088180112571 0.46668333288487845 0.01953125 0.02607561929595828
0 0.7671341463414633 0.46668333288487845 0.01953125 0.02607561929595828
0 0.7821200750469042 0.5193691950559062 0.01953125 0.02607561929595828
0 0.7601407129455909 0.5253713818855169 0.01953125 0.02607561929595828
0 0.8105933395872419 0.5473794002607563 0.01953125 0.02607561929595828
0 0.8275773921200751 0.5353750266015349 0.01953125 0.02607561929595828
0 0.8130909943714824 0.5880608887725625 0.01953125 0.02607561929595828
0 0.8001031894934333 0.6180718229206162 0.01953125 0.02607561929595828
0 0.8300750469043151 0.6274085579888997 0.01953125 0.02607561929595828
0 0.81109287054409 0.6627547693188297 0.01953125 0.02607561929595828
0 0.6647303001876173 0.34063740946305265 0.01953125 0.02607561929595828
0 0.6492448405253283 0.2792817218714761 0.01953125 0.02607561929595828
0 0.6077837711069418 0.29061918588296304 0.01953125 0.02607561929595828
0 0.6367565666041275 0.25593988420076763 0.01953125 0.02607561929595828
0 0.6027884615384614 0.2512715166666259 0.01953125 0.02607561929595828
0 0.44393761726078784 0.2512715166666259 0.01953125 0.02607561929595828
0 0.4664165103189492 0.23993405265513892 0.01953125 0.02607561929595828
0 0.3894887429643528 0.04552989034052415 0.01953125 0.02607561929595828
0 0.4109685741088181 0.044196071045055074 0.01953125 0.02607561929595828
0 0.473409943714822 0.031524787738099073 0.01953125 0.02607561929595828
0 0.5113742964352722 0.048864438579196784 0.01953125 0.02607561929595828
0 0.5333536585365855 0.038193884215444354 0.01953125 0.02607561929595828
0 0.5473405253283303 0.09154665603420654 0.01953125 0.02607561929595828
0 0.4958888367729833 0.059534992942949214 0.01953125 0.02607561929595828
0 0.4514305816135085 0.054866625408807504 0.01953125 0.02607561929595828
0 0.42845215759849914 0.005515311476452507 0.01953125 0.02607561929595828
0 0.4009779549718573 0.011517498306063167 0.01953125 0.02607561929595828
0 0.5433442776735459 0.13289505419374725 0.01953125 0.02607561929595828
0 0.4913930581613508 0.0848775595568613 0.01953125 0.02607561929595828
0 0.4829010318949344 0.11688922264811856 0.01953125 0.02607561929595828
0 0.47241088180112567 0.10021648145475541 0.01953125 0.02607561929595828
0 0.45143058161350835 0.1362296024324199 0.01953125 0.02607561929595828
0 0.43844277673545967 0.13089432525054367 0.01953125 0.02607561929595828
0 0.4359451219512194 0.16157216904633198 0.01953125 0.02607561929595828
0 0.39748123827392123 0.10088339110248992 0.01953125 0.02607561929595828
0 0.4054737335834896 0.07020554730670164 0.01953125 0.02607561929595828
0 0.3964821763602251 0.12822668665960563 0.01953125 0.02607561929595828
0 0.41096857410881793 0.1609052593985974 0.01953125 0.02607561929595828
0 0.3899882739212007 0.16223907869406645 0.01953125 0.02607561929595828
0 0.394983583489681 0.1949176514330583 0.01953125 0.02607561929595828
0 0.42795262664165096 0.1935838321375893 0.01953125 0.02607561929595828
0 0.461920731707317 0.14489942785296878 0.01953125 0.02607561929595828
0 0.4819019699812382 0.18358018742157137 0.01953125 0.02607561929595828
0 0.4928916510318949 0.1655736269327391 0.01953125 0.02607561929595828
0 0.5053799249530956 0.14956779538711049 0.01953125 0.02607561929595828
0 0.5158700750469043 0.1435656085574997 0.01953125 0.02607561929595828
0 0.5248616322701688 0.1702419944668808 0.01953125 0.02607561929595828
0 0.5473405253283302 0.1682412655236772 0.01953125 0.02607561929595828
0 0.5678212945590994 0.14023106031882707 0.01953125 0.02607561929595828
0 0.5828072232645404 0.10755248757983521 0.01953125 0.02607561929595828
0 0.5922983114446528 0.12355831912546385 0.01953125 0.02607561929595828
0 0.6052861163227017 0.12956050595507462 0.01953125 0.02607561929595828
0 0.6292636022514071 0.13289505419374725 0.01953125 0.02607561929595828
0 0.6227696998123826 0.16223907869406645 0.01953125 0.02607561929595828
0 0.6487453095684803 0.14756706644390682 0.01953125 0.02607561929595828
0 0.5733161350844277 0.1775780005919606 0.01953125 0.02607561929595828
0 0.5493386491557223 0.20558820579681075 0.01953125 0.02607561929595828
0 0.577312382739212 0.20358747685360723 0.01953125 0.02607561929595828
0 0.5408466228893057 0.2369329592403336 0.01953125 0.02607561929595828
0 0.5193667917448405 0.23893368818353716 0.01953125 0.02607561929595828
0 0.5093761726078799 0.20558820579681075 0.01953125 0.02607561929595828
0 0.4903939962476548 0.2069220250922799 0.01953125 0.02607561929595828
0 0.4903939962476548 0.23359841100166095 0.01953125 0.02607561929595828
0 0.4584240150093808 0.21625876016056325 0.01953125 0.02607561929595828
0 0.4499319887429643 0.2169256698082978 0.01953125 0.02607561929595828
0 0.43844277673545967 0.2175925794560323 0.01953125 0.02607561929595828
0 0.3899882739212007 0.23359841100166095 0.01953125 0.02607561929595828
0 0.3700070356472795 0.23426532064939554 0.01953125 0.02607561929595828
0 0.36800891181988743 0.26494316444518373 0.01953125 0.02607561929595828
0 0.35402204502814255 0.26694389338838737 0.01953125 0.02607561929595828
0 0.35002579737335826 0.29228646000229935 0.01953125 0.02607561929595828
0 0.3210530018761726 0.2736129898657326 0.01953125 0.02607561929595828
0 0.3190548780487804 0.29228646000229935 0.01953125 0.02607561929595828
0 0.3080651969981238 0.27961517669534336 0.01953125 0.02607561929595828
0 0.3814962476547842 0.2916195503545649 0.01953125 0.02607561929595828
0 0.40897045028142587 0.28695118282042315 0.01953125 0.02607561929595828
0 0.3884896810506566 0.2596078872633075 0.01953125 0.02607561929595828
0 0.42745309568480294 0.2902857310590958 0.01953125 0.02607561929595828
0 0.46042213883677297 0.2782813573998743 0.01953125 0.02607561929595828
0 0.4499319887429643 0.31095993013886614 0.01953125 0.02607561929595828
0 0.4294512195121951 0.3209635748548841 0.01953125 0.02607561929595828
0 0.39398452157598496 0.32763267133222934 0.01953125 0.02607561929595828
0 0.3909873358348968 0.35230832829840686 0.01953125 0.02607561929595828
0 0.444437148217636 0.3449723221733271 0.01953125 0.02607561929595828
0 0.45942307692307693 0.33897013534371634 0.01953125 0.02607561929595828
0 0.4144652908067542 0.3449723221733271 0.01953125 0.02607561929595828
0 0.4968878986866791 0.3349686774573091 0.01953125 0.02607561929595828
0 0.4769066604127579 0.3062915626047245 0.01953125 0.02607561929595828
0 0.49239212007504685 0.2949540985932375 0.01953125 0.02607561929595828
0 0.5163696060037524 0.3009562854228482 0.01953125 0.02607561929595828
0 0.5063789868667917 0.27628062845667073 0.01953125 0.02607561929595828
0 0.5338531894934334 0.2642762547974492 0.01953125 0.02607561929595828
0 0.54484287054409 0.2902857310590958 0.01953125 0.02607561929595828
0 0.5633255159474672 0.25760715832010395 0.01953125 0.02607561929595828
0 0.5888015947467167 0.29295336965003393 0.01953125 0.02607561929595828
0 0.5763133208255159 0.32163048450261866 0.01953125 0.02607561929595828
0 0.5987922138836772 0.32163048450261866 0.01953125 0.02607561929595828
0 0.6052861163227017 0.31229374943433524 0.01953125 0.02607561929595828
0 0.5488391181988742 0.33363485816184013 0.01953125 0.02607561929595828
0 0.5328541275797373 0.34163777393465444 0.01953125 0.02607561929595828
0 0.5088766416510319 0.36898106949177 0.01953125 0.02607561929595828
0 0.4679151031894935 0.3756501659691153 0.01953125 0.02607561929595828
0 0.6082833020637899 0.3536421475938759 0.01953125 0.02607561929595828
0 0.6177743902439023 0.35097450900293786 0.01953125 0.02607561929595828
0 0.6097818949343339 0.38565381068513327 0.01953125 0.02607561929595828
0 0.5688203564727954 0.2255954952288466 0.01953125 0.02607561929595828
0 0.5972936210131331 0.2229278566379085 0.01953125 0.02607561929595828
0 0.6177743902439023 0.2169256698082978 0.01953125 0.02607561929595828
0 0.610281425891182 0.1942507417853238 0.01953125 0.02607561929595828
0 0.6187734521575985 0.19158310319438565 0.01953125 0.02607561929595828
0 0.6487453095684803 0.18691473566024402 0.01953125 0.02607561929595828
0 0.6432504690431519 0.21625876016056325 0.01953125 0.02607561929595828
0 0.6632317073170731 0.1842470970693059 0.01953125 0.02607561929595828
0 0.6852110694183865 0.21625876016056325 0.01953125 0.02607561929595828
0 0.6707246716697935 0.24093441712674077 0.01953125 0.02607561929595828
0 0.6937030956848029 0.26294243550198015 0.01953125 0.02607561929595828
0 0.678717166979362 0.28094899599081247 0.01953125 0.02607561929595828
0 0.6882082551594746 0.30895920119566256 0.01953125 0.02607561929595828
0 0.6981988742964352 0.17891181988742969 0.01953125 0.02607561929595828
0 0.661233583489681 0.31962975555941503 0.01953125 0.02607561929595828
0 0.6322607879924953 0.38031853350325706 0.01953125 0.02607561929595828
0 0.7309029080675422 0.2262624048765813 0.01953125 0.02607561929595828
0 0.759875703564728 0.22559549522884684 0.01953125 0.02607561929595828
0 0.7853517823639775 0.25427261008143154 0.01953125 0.02607561929595828
0 0.7553799249530957 0.26694389338838753 0.01953125 0.02607561929595828
0 0.7224108818011258 0.26627698374065306 0.01953125 0.02607561929595828
0 0.8143245778611632 0.25694024867236964 0.01953125 0.02607561929595828
0 0.8373030018761726 0.2769475381044055 0.01953125 0.02607561929595828
0 0.8153236397748593 0.28695118282042337 0.01953125 0.02607561929595828
0 0.7983395872420264 0.28695118282042337 0.01953125 0.02607561929595828
0 0.7778588180112571 0.290285731059096 0.01953125 0.02607561929595828
0 0.7458888367729831 0.2962879178887068 0.01953125 0.02607561929595828
0 0.7089235459662289 0.3229643037980879 0.01953125 0.02607561929595828
0 0.8602814258911821 0.3156282976730081 0.01953125 0.02607561929595828
0 0.8403001876172609 0.3102930204911319 0.01953125 0.02607561929595828
0 0.7713649155722327 0.3216304845026188 0.01953125 0.02607561929595828
0 0.7483864915572234 0.3222973941503533 0.01953125 0.02607561929595828
0 0.7249085365853658 0.33363485816184035 0.01953125 0.02607561929595828
0 0.9277181050656661 0.336969406400513 0.01953125 0.02607561929595828
0 0.895248592870544 0.34030395463918556 0.01953125 0.02607561929595828
0 0.8672748592870544 0.3456392318210618 0.01953125 0.02607561929595828
0 0.8412992495309569 0.349640689707469 0.01953125 0.02607561929595828
0 0.8298100375234523 0.34763996076426545 0.01953125 0.02607561929595828
0 0.7878494371482178 0.36364579230989413 0.01953125 0.02607561929595828
0 0.760874765478424 0.362311973014425 0.01953125 0.02607561929595828
0 0.7353986866791745 0.36898106949177034 0.01953125 0.02607561929595828
0 0.9621857410881802 0.3576436054802833 0.01953125 0.02607561929595828
0 0.9277181050656661 0.36431270195762855 0.01953125 0.02607561929595828
0 0.9072373358348969 0.3663134309008321 0.01953125 0.02607561929595828
0 0.8532879924953095 0.37565016596911555 0.01953125 0.02607561929595828
0 0.8807621951219513 0.4016596422307621 0.01953125 0.02607561929595828
0 0.9746740150093809 0.38431999138966444 0.01953125 0.02607561929595828
0 0.9651829268292683 0.42300075095826706 0.01953125 0.02607561929595828
0 0.8407997185741088 0.41366401588998364 0.01953125 0.02607561929595828
0 0.8617800187617262 0.4403404017993648 0.01953125 0.02607561929595828
0 0.8457950281425892 0.4029934615262312 0.01953125 0.02607561929595828
0 0.8248147279549718 0.4363389439129576 0.01953125 0.02607561929595828
0 0.9177274859287055 0.46568296841327683 0.01953125 0.02607561929595828
0 0.8867565666041276 0.48902480608398524 0.01953125 0.02607561929595828
0 0.8967471857410882 0.47168515524288757 0.01953125 0.02607561929595828
0 0.8437969043151969 0.5023629990386759 0.01953125 0.02607561929595828
0 0.845295497185741 0.4856902578453126 0.01953125 0.02607561929595828
0 0.8537875234521576 0.5350415717776676 0.01953125 0.02607561929595828
0 0.8882551594746717 0.5370423007208712 0.01953125 0.02607561929595828
0 0.8502908067542214 0.5710546927553322 0.01953125 0.02607561929595828
0 0.8333067542213883 0.5837259760622883 0.01953125 0.02607561929595828
0 0.8547865853658536 0.6117361812671384 0.01953125 0.02607561929595828
0 0.8797631332082553 0.5743892409940048 0.01953125 0.02607561929595828
0 0.908735928705441 0.555715770857438 0.01953125 0.02607561929595828
0 0.9002439024390245 0.5917288918351025 0.01953125 0.02607561929595828
0 0.9377087242026267 0.599731807607917 0.01953125 0.02607561929595828
0 0.9357106003752345 0.6204060066876873 0.01953125 0.02607561929595828
0 0.9367096622889305 0.5597172287438452 0.01953125 0.02607561929595828
0 0.9322138836772984 0.5230371981184462 0.01953125 0.02607561929595828
0 0.9556918386491557 0.5197026498797735 0.01953125 0.02607561929595828
0 0.9137312382739212 0.5230371981184462 0.01953125 0.02607561929595828
0 0.9247209193245779 0.49902845080000313 0.01953125 0.02607561929595828
0 0.9462007504690431 0.49636081220906514 0.01953125 0.02607561929595828
0 0.960187617260788 0.4856902578453126 0.01953125 0.02607561929595828
0 0.9881613508442776 0.5130335534024283 0.01953125 0.02607561929595828
0 0.9931566604127581 0.4736858841860911 0.01953125 0.02607561929595828
0 0.9931566604127581 0.5503804936755617 0.01953125 0.02607561929595828
0 0.9726758911819888 0.5550488612097035 0.01953125 0.02607561929595828
0 0.9681801125703565 0.591061982187368 0.01953125 0.02607561929595828
0 0.9961538461538462 0.5837259760622883 0.01953125 0.02607561929595828
0 0.9467002814258911 0.6217398259831564 0.01953125 0.02607561929595828
0 0.9055042213883675 0.26494316444518373 0.01953125 0.02607561929595828
0 0.9129971857410881 0.23893368818353716 0.01953125 0.02607561929595828
0 0.9354760787992493 0.23159768205845738 0.01953125 0.02607561929595828
0 0.8815267354596622 0.18291327777383687 0.01953125 0.02607561929595828
0 0.861545497185741 0.20292056720587268 0.01953125 0.02607561929595828
0 0.8555511257035646 0.17290963305781895 0.01953125 0.02607561929595828
0 0.8675398686679175 0.15156852433031404 0.01953125 0.02607561929595828
0 0.9254854596622888 0.15023470503484498 0.01953125 0.02607561929595828
0 0.8260787992495309 0.16890817517141174 0.01953125 0.02607561929595828
0 0.762138836772983 0.14690015679617233 0.01953125 0.02607561929595828
0 0.7961069418386492 0.1435656085574997 0.01953125 0.02607561929595828
0 0.8055980300187616 0.13756342172788896 0.01953125 0.02607561929595828
0 0.8600469043151969 0.13422887348921633 0.01953125 0.02607561929595828
0 0.8820262664165103 0.12622595771640197 0.01953125 0.02607561929595828
0 0.9304807692307693 0.1142215840571805 0.01953125 0.02607561929595828
0 0.9259849906191367 0.08154301131818865 0.01953125 0.02607561929595828
0 0.8990103189493434 0.09087974638647206 0.01953125 0.02607561929595828
0 0.8740337711069417 0.09621502356834821 0.01953125 0.02607561929595828
0 0.8420637898686678 0.09087974638647206 0.01953125 0.02607561929595828
0 0.812091932457786 0.0955481139206137 0.01953125 0.02607561929595828
0 0.7666346153846154 0.10755248757983521 0.01953125 0.02607561929595828
0 0.7376618198874296 0.11688922264811856 0.01953125 0.02607561929595828
0 0.7216768292682926 0.1142215840571805 0.01953125 0.02607561929595828
0 0.8100938086303939 0.06286954118162186 0.01953125 0.02607561929595828
0 0.8580487804878049 0.06553717977255993 0.01953125 0.02607561929595828
0 0.9214892120075047 0.06286954118162186 0.01953125 0.02607561929595828
0 0.9314798311444653 0.03085787809036451 0.01953125 0.02607561929595828
0 0.8815267354596622 0.03285860703356814 0.01953125 0.02607561929595828
0 0.8500562851782364 0.03285860703356814 0.01953125 0.02607561929595828
0 0.8375680112570357 0.04686370963599321 0.01953125 0.02607561929595828
0 0.81109287054409 0.05219898681786943 0.01953125 0.02607561929595828
0 0.7751266416510317 0.05019825787466585 0.01953125 0.02607561929595828
0 0.7271716697936209 0.05686735435201114 0.01953125 0.02607561929595828
0 0.7171810506566604 0.09354738497741012 0.01953125 0.02607561929595828
0 0.6867096622889305 0.08887901744326841 0.01953125 0.02607561929595828
0 0.6967002814258911 0.05820117364748015 0.01953125 0.02607561929595828
0 0.6842120075046904 0.06153572188615279 0.01953125 0.02607561929595828
0 0.660734052532833 0.06553717977255993 0.01953125 0.02607561929595828
0 0.611280487804878 0.037526974567709794 0.01953125 0.02607561929595828
0 0.6917049718574109 0.025522600908488294 0.01953125 0.02607561929595828
0 0.7126852720450281 0.02618951055622286 0.01953125 0.02607561929595828
0 0.7431566604127579 0.016185865840204938 0.01953125 0.02607561929595828
0 0.7791228893058161 0.014185136897001304 0.01953125 0.02607561929595828
0 0.7976055347091933 0.014185136897001304 0.01953125 0.02607561929595828
0 0.8190853658536585 0.007516040419656021 0.01953125 0.02607561929595828
0 0.8565501876172606 0.012184407953797789 0.01953125 0.02607561929595828
0 0.9037406191369606 0.0008469439423107385 0.01953125 0.02607561929595828
0 0.945201688555347 0.00018003429457623364 0.01953125 0.02607561929595828
0 0.9646833958724202 0.00018003429457623364 0.01953125 0.02607561929595828
0 0.9651829268292683 0.002180763237779865 0.01953125 0.02607561929595828
0 0.9442026266416511 0.002180763237779865 0.01953125 0.02607561929595828
0 0.6814493433395873 0.0068491307719215164 0.01953125 0.02607561929595828
0 0.6499788930581614 0.022188052669815654 0.01953125 0.02607561929595828
0 0.610016416510319 0.009516769362859653 0.01953125 0.02607561929595828
0 0.5690548780487805 0.014185136897001304 0.01953125 0.02607561929595828
0 0.6422514071294558 0.005515311476452507 0.01953125 0.02607561929595828
