0 0.08213448281941443 0.8792292638867981 0.04504504504504504 0.06153846153846154
0 0.07783713263165329 0.849875056450399 0.04504504504504504 0.06153846153846154
0 0.01910668006558427 0.7989944302273069 0.04504504504504504 0.06153846153846154
0 0.13227023500996113 0.8635736865873852 0.04504504504504504 0.06153846153846154
0 0.17810863701274668 0.8674875809122384 0.04504504504504504 0.06153846153846154
0 0.18527088732568192 0.9124973656480506 0.04504504504504504 0.06153846153846154
0 0.186703337388269 0.7794249586030407 0.04504504504504504 0.06153846153846154
0 0.19816293788896538 0.8283486376637063 0.04504504504504504 0.06153846153846154
0 0.22824438920329337 0.834219479150986 0.04504504504504504 0.06153846153846154
0 0.2525960402672732 0.8714014752370918 0.04504504504504504 0.06153846153846154
0 0.2898397418945365 0.8655306337498118 0.04504504504504504 0.06153846153846154
0 0.3170562930836905 0.9340237844347434 0.04504504504504504 0.06153846153846154
0 0.40013839671373924 0.9183682071353304 0.04504504504504504 0.06153846153846154
0 0.4144628973396097 0.8714014752370918 0.04504504504504504 0.06153846153846154
0 0.392976146400804 0.8244347433388529 0.04504504504504504 0.06153846153846154
0 0.2941370920822977 0.7657263284660547 0.04504504504504504 0.06153846153846154
0 0.2941370920822977 0.7363721210296552 0.04504504504504504 0.06153846153846154
0 0.3170562930836905 0.7207165437302424 0.04504504504504504 0.06153846153846154
0 0.3514350945857796 0.7168026494053892 0.04504504504504504 0.06153846153846154
0 0.41159799721443574 0.7441999096793616 0.04504504504504504 0.06153846153846154
0 0.423057597715132 0.6972331777811229 0.04504504504504504 0.06153846153846154
0 0.47032844978050464 0.7109318079181092 0.04504504504504504 0.06153846153846154
0 0.5004099010948326 0.7305012795423755 0.04504504504504504 0.06153846153846154
0 0.5161668517832901 0.849875056450399 0.04504504504504504 0.06153846153846154
0 0.480355600218614 0.9124973656480506 0.04504504504504504 0.06153846153846154
0 0.47605825003085284 0.9340237844347434 0.04504504504504504 0.06153846153846154
0 0.45600394915463416 0.9888183049826886 0.04504504504504504 0.06153846153846154
0 0.5663026039738369 0.8400903206382659 0.04504504504504504 0.06153846153846154
0 0.6164383561643836 0.8948848411862111 0.04504504504504504 0.06153846153846154
0 0.6049787556636873 0.9927321993075419 0.04504504504504504 0.06153846153846154
0 0.6995204597944324 0.9203251542977571 0.04504504504504504 0.06153846153846154
0 0.6622767581671691 0.8577028451001054 0.04504504504504504 0.06153846153846154
0 0.6751688087304526 0.7911666415776004 0.04504504504504504 0.06153846153846154
0 0.5806271045997075 0.7422429625169352 0.04504504504504504 0.06153846153846154
0 0.5491132032227922 0.7637693813036279 0.04504504504504504 0.06153846153846154
0 0.7783052132367201 0.9516363088965828 0.04504504504504504 0.06153846153846154
0 0.8270085153646798 0.977076622008129 0.04504504504504504 0.06153846153846154
0 0.8857389679307488 0.9829474634954086 0.04504504504504504 0.06153846153846154
0 0.9287124698083602 0.9144543128104773 0.04504504504504504 0.06153846153846154
0 0.9788482219989069 0.986861357820262 0.04504504504504504 0.06153846153846154
0 0.8098191146136351 0.8733584223995184 0.04504504504504504 0.06153846153846154
0 0.8112515646762223 0.8361764263134126 0.04504504504504504 0.06153846153846154
0 0.8656846670545301 0.8361764263134126 0.04504504504504504 0.06153846153846154
0 0.9043608187443803 0.8263916905012796 0.04504504504504504 0.06153846153846154
0 0.9401720703090565 0.773554117115761 0.04504504504504504 0.06153846153846154
0 0.9014959186192062 0.7402860153545084 0.04504504504504504 0.06153846153846154
0 0.9946051726873645 0.7520276983290684 0.04504504504504504 0.06153846153846154
0 0.9874429223744292 0.68157760048171 0.04504504504504504 0.06153846153846154
0 0.9086581689321415 0.6580942345325906 0.04504504504504504 0.06153846153846154
0 0.8728469173674652 0.671792864669577 0.04504504504504504 0.06153846153846154
0 0.8413330159905502 0.646352551558031 0.04504504504504504 0.06153846153846154
0 0.7954946139877647 0.7226734908926689 0.04504504504504504 0.06153846153846154
0 0.7281694610461734 0.7539846454914949 0.04504504504504504 0.06153846153846154
0 0.7324668112339345 0.6678789703447237 0.04504504504504504 0.06153846153846154
0 0.8026568643006999 0.6267830799337649 0.04504504504504504 0.06153846153846154
0 0.8742793674300525 0.5622038235736865 0.04504504504504504 0.06153846153846154
0 0.9315773699335343 0.5935149781725123 0.04504504504504504 0.06153846153846154
0 0.9587939211226884 0.46631341261478243 0.04504504504504504 0.06153846153846154
0 0.9587939211226884 0.44478699382808967 0.04504504504504504 0.06153846153846154
0 0.9774157719363199 0.30388679813337344 0.04504504504504504 0.06153846153846154
0 0.6422224572909506 0.7265873852175223 0.04504504504504504 0.06153846153846154
0 0.6880608592937362 0.7226734908926689 0.04504504504504504 0.06153846153846154
0 0.6178708062269708 0.620912238446485 0.04504504504504504 0.06153846153846154
0 0.6780337088556267 0.6032997139846454 0.04504504504504504 0.06153846153846154
0 0.6035463056011003 0.5974288724973655 0.04504504504504504 0.06153846153846154
0 0.6422224572909506 0.5622038235736865 0.04504504504504504 0.06153846153846154
0 0.7424939616720438 0.5308926689748608 0.04504504504504504 0.06153846153846154
0 0.6823310590433879 0.5230648803251542 0.04504504504504504 0.06153846153846154
0 0.626465506602493 0.4350022580159566 0.04504504504504504 0.06153846153846154
0 0.5791946545371205 0.42913141652867676 0.04504504504504504 0.06153846153846154
0 0.5648701539112498 0.4858828842390485 0.04504504504504504 0.06153846153846154
0 0.5333562525343348 0.544591299111847 0.04504504504504504 0.06153846153846154
0 0.5147344017207032 0.47022730693963566 0.04504504504504504 0.06153846153846154
0 0.509004601470355 0.43891615234080983 0.04504504504504504 0.06153846153846154
0 0.48322050034378805 0.640481710070751 0.04504504504504504 0.06153846153846154
0 0.4445443486539377 0.6267830799337649 0.04504504504504504 0.06153846153846154
0 0.39154369633821695 0.611127502634352 0.04504504504504504 0.06153846153846154
0 0.4302198480280673 0.42130362787897024 0.04504504504504504 0.06153846153846154
0 0.43451719821582846 0.3802077374680114 0.04504504504504504 0.06153846153846154
0 0.4302198480280673 0.5661177178985397 0.04504504504504504 0.06153846153846154
0 0.3643271451490631 0.5661177178985397 0.04504504504504504 0.06153846153846154
0 0.3514350945857796 0.49762456721360826 0.04504504504504504 0.06153846153846154
0 0.3471377443980185 0.4310883636911033 0.04504504504504504 0.06153846153846154
0 0.29127219195712356 0.442830046665663 0.04504504504504504 0.06153846153846154
0 0.3113264928333422 0.5798163480355261 0.04504504504504504 0.06153846153846154
0 0.26835299095573073 0.6385247629083245 0.04504504504504504 0.06153846153846154
0 0.26548809083055663 0.6169983441216318 0.04504504504504504 0.06153846153846154
0 0.24400133989175093 0.5974288724973655 0.04504504504504504 0.06153846153846154
0 0.1967304878263783 0.6169983441216318 0.04504504504504504 0.06153846153846154
0 0.17667618695015963 0.6835345476441366 0.04504504504504504 0.06153846153846154
0 0.19816293788896538 0.7109318079181092 0.04504504504504504 0.06153846153846154
0 0.1279728848222 0.7598554869787747 0.04504504504504504 0.06153846153846154
0 0.11364838419632951 0.7715971699533344 0.04504504504504504 0.06153846153846154
0 0.05491793163026051 0.7383290681920819 0.04504504504504504 0.06153846153846154
0 0.0076470795648878875 0.6835345476441366 0.04504504504504504 0.06153846153846154
0 0.006214629502300816 0.6443956043956044 0.04504504504504504 0.06153846153846154
0 0.07783713263165329 0.68157760048171 0.04504504504504504 0.06153846153846154
0 0.17094638669981146 0.5974288724973655 0.04504504504504504 0.06153846153846154
0 0.12940533488478703 0.5622038235736865 0.04504504504504504 0.06153846153846154
0 0.11221593413374245 0.525021827487581 0.04504504504504504 0.06153846153846154
0 0.10648613388339422 0.4878398314014752 0.04504504504504504 0.06153846153846154
0 0.07640468256906621 0.5093662501881681 0.04504504504504504 0.06153846153846154
0 0.023404030253345427 0.5563329820864067 0.04504504504504504 0.06153846153846154
0 0.17237883676239854 0.525021827487581 0.04504504504504504 0.06153846153846154
0 0.20389273813931355 0.47022730693963566 0.04504504504504504 0.06153846153846154
0 0.21105498845224877 0.49371067288875503 0.04504504504504504 0.06153846153846154
0 0.2626231907053826 0.42130362787897024 0.04504504504504504 0.06153846153846154
0 0.1967304878263783 0.4115188920668372 0.04504504504504504 0.06153846153846154
0 0.20675763826448768 0.3880355261177178 0.04504504504504504 0.06153846153846154
0 0.2540284903298603 0.37433689598073155 0.04504504504504504 0.06153846153846154
0 0.16378413638687622 0.3723799488183049 0.04504504504504504 0.06153846153846154
0 0.17810863701274668 0.2921451151588137 0.04504504504504504 0.06153846153846154
0 0.218217238765184 0.280403432184254 0.04504504504504504 0.06153846153846154
0 0.24256888982916386 0.30192985097094677 0.04504504504504504 0.06153846153846154
0 0.24973114014209907 0.26670480204726776 0.04504504504504504 0.06153846153846154
0 0.30559669258299405 0.3078006924582266 0.04504504504504504 0.06153846153846154
0 0.3084615927081682 0.3254132169200662 0.04504504504504504 0.06153846153846154
0 0.31419139295851634 0.35672437151889197 0.04504504504504504 0.06153846153846154
0 0.3671920452742371 0.39390636760499764 0.04504504504504504 0.06153846153846154
0 0.3643271451490631 0.3704230016558783 0.04504504504504504 0.06153846153846154
0 0.3643271451490631 0.3058437452958 0.04504504504504504 0.06153846153846154
0 0.37578674564975945 0.2921451151588137 0.04504504504504504 0.06153846153846154
0 0.42019269758995803 0.315628481107933 0.04504504504504504 0.06153846153846154
0 0.43165229809065436 0.27844648502182745 0.04504504504504504 0.06153846153846154
0 0.5075721514077679 0.315628481107933 0.04504504504504504 0.06153846153846154
0 0.54051850284727 0.27844648502182745 0.04504504504504504 0.06153846153846154
0 0.6035463056011003 0.30388679813337344 0.04504504504504504 0.06153846153846154
0 0.6594118580419952 0.3528104771940388 0.04504504504504504 0.06153846153846154
0 0.6622767581671691 0.3254132169200662 0.04504504504504504 0.06153846153846154
0 0.713844960420303 0.36650910733102504 0.04504504504504504 0.06153846153846154
0 0.7510886620475663 0.34693963570675895 0.04504504504504504 0.06153846153846154
0 0.7482237619223921 0.4408730995032364 0.04504504504504504 0.06153846153846154
0 0.7911972638000035 0.45652867680264936 0.04504504504504504 0.06153846153846154
0 0.8198462650517445 0.4526147824777961 0.04504504504504504 0.06153846153846154
0 0.8255760653020928 0.38999247328014447 0.04504504504504504 0.06153846153846154
0 0.8441979161157244 0.30192985097094677 0.04504504504504504 0.06153846153846154
0 0.7625482625482627 0.27844648502182745 0.04504504504504504 0.06153846153846154
0 0.7840350134870684 0.22952280596116198 0.04504504504504504 0.06153846153846154
0 0.8441979161157244 0.21582417582417573 0.04504504504504504 0.06153846153846154
0 0.8441979161157244 0.18842691555020302 0.04504504504504504 0.06153846153846154
0 0.861387316866769 0.17472828541321686 0.04504504504504504 0.06153846153846154
0 0.9086581689321415 0.2764895378594008 0.04504504504504504 0.06153846153846154
0 0.8656846670545301 0.3117145867830799 0.04504504504504504 0.06153846153846154
0 0.9501992207471659 0.21582417582417573 0.04504504504504504 0.06153846153846154
0 0.9544965709349272 0.13558934216468446 0.04504504504504504 0.06153846153846154
0 0.9201177694328381 0.03969893120578036 0.04504504504504504 0.06153846153846154
0 0.8714144673048784 0.05144061418034006 0.04504504504504504 0.06153846153846154
0 0.7983595141129388 0.057311455667619825 0.04504504504504504 0.06153846153846154
0 0.8169813649265704 0.1258046063525514 0.04504504504504504 0.06153846153846154
0 0.7152774104828902 0.16885744392593688 0.04504504504504504 0.06153846153846154
0 0.6823310590433879 0.21973807014902894 0.04504504504504504 0.06153846153846154
0 0.6608443081045822 0.21191028149932242 0.04504504504504504 0.06153846153846154
0 0.6350602069780154 0.1923408098750563 0.04504504504504504 0.06153846153846154
0 0.7238721108584123 0.1258046063525514 0.04504504504504504 0.06153846153846154
0 0.7210072107332381 0.09253650459129893 0.04504504504504504 0.06153846153846154
0 0.7338992612965217 0.03578503688092706 0.04504504504504504 0.06153846153846154
0 0.6794661589182137 0.024043353906367356 0.04504504504504504 0.06153846153846154
0 0.6307628567902543 0.06318229715489976 0.04504504504504504 0.06153846153846154
0 0.5834920047248816 0.05339756134276671 0.04504504504504504 0.06153846153846154
0 0.5748973043493592 0.03578503688092706 0.04504504504504504 0.06153846153846154
0 0.5333562525343348 0.05535450850519335 0.04504504504504504 0.06153846153846154
0 0.5161668517832901 0.05144061418034006 0.04504504504504504 0.06153846153846154
0 0.49181520071931034 0.03578503688092706 0.04504504504504504 0.06153846153846154
0 0.42592249784030617 0.03578503688092706 0.04504504504504504 0.06153846153846154
0 0.44024699846617665 0.13167544783983112 0.04504504504504504 0.06153846153846154
0 0.4244900477777191 0.20212554568718938 0.04504504504504504 0.06153846153846154
0 0.45313904902946006 0.23539364744844193 0.04504504504504504 0.06153846153846154
0 0.5161668517832901 0.22560891163630886 0.04504504504504504 0.06153846153846154
0 0.5147344017207032 0.18842691555020302 0.04504504504504504 0.06153846153846154
0 0.4860854004689622 0.15320186662652394 0.04504504504504504 0.06153846153846154
0 0.5304913524091607 0.15320186662652394 0.04504504504504504 0.06153846153846154
0 0.39727349658856514 0.22952280596116198 0.04504504504504504 0.06153846153846154
0 0.3442728442728443 0.2373505946108685 0.04504504504504504 0.06153846153846154
0 0.3686244953368242 0.15515881378895055 0.04504504504504504 0.06153846153846154
0 0.35429999471095375 0.13167544783983112 0.04504504504504504 0.06153846153846154
0 0.35573244477354077 0.10623513472828527 0.04504504504504504 0.06153846153846154
0 0.35429999471095375 0.05339756134276671 0.04504504504504504 0.06153846153846154
0 0.3858138960878688 0.024043353906367356 0.04504504504504504 0.06153846153846154
0 0.29270464201971064 0.03969893120578036 0.04504504504504504 0.06153846153846154
0 0.31275894289592926 0.043612825530633656 0.04504504504504504 0.06153846153846154
0 0.33281324377214805 0.05535450850519335 0.04504504504504504 0.06153846153846154
0 0.24400133989175093 0.014258618094234302 0.04504504504504504 0.06153846153846154
0 0.2697854410183178 0.004473882282101245 0.04504504504504504 0.06153846153846154
0 0.38294899596269466 0.0005599879572481278 0.04504504504504504 0.06153846153846154
0 0.45313904902946006 0.0025169351196745993 0.04504504504504504 0.06153846153846154
0 0.3815165459001076 0.008387776606954538 0.04504504504504504 0.06153846153846154
0 0.9129555191199028 0.008387776606954538 0.04504504504504504 0.06153846153846154
0 0.17237883676239854 0.041655878368207 0.04504504504504504 0.06153846153846154
0 0.14086493538548342 0.04556977269306012 0.04504504504504504 0.06153846153846154
0 0.09359408332011082 0.04948366701791341 0.04504504504504504 0.06153846153846154
0 0.0878642830697626 0.024043353906367356 0.04504504504504504 0.06153846153846154
0 0.07067488231871805 0.03969893120578036 0.04504504504504504 0.06153846153846154
0 0.021971580190758358 0.05926840283004647 0.04504504504504504 0.06153846153846154
0 0.06351263200578275 0.08079482161673923 0.04504504504504504 0.06153846153846154
0 0.014809329877823121 0.1336323950022578 0.04504504504504504 0.06153846153846154
0 0.04202588106697705 0.1336323950022578 0.04504504504504504 0.06153846153846154
0 0.08643183300717559 0.11993376486527145 0.04504504504504504 0.06153846153846154
0 0.1494596357610057 0.1414601836519644 0.04504504504504504 0.06153846153846154
0 0.14086493538548342 0.16690049676351026 0.04504504504504504 0.06153846153846154
0 0.18956823751344307 0.1610296552762305 0.04504504504504504 0.06153846153846154
0 0.2239470390155323 0.1610296552762305 0.04504504504504504 0.06153846153846154
0 0.2669205408931437 0.17472828541321686 0.04504504504504504 0.06153846153846154
0 0.28697484176936244 0.15320186662652394 0.04504504504504504 0.06153846153846154
0 0.22681193914070633 0.09840734607857887 0.04504504504504504 0.06153846153846154
0 0.24400133989175093 0.09840734607857887 0.04504504504504504 0.06153846153846154
0 0.004782179439713806 0.2647478548848411 0.04504504504504504 0.06153846153846154
0 0.10935103400856837 0.2627909077224145 0.04504504504504504 0.06153846153846154
0 0.13800003526030932 0.26670480204726776 0.04504504504504504 0.06153846153846154
0 0.17381128682498553 0.21582417582417573 0.04504504504504504 0.06153846153846154
0 0.4717608998430917 0.29018816799638714 0.04504504504504504 0.06153846153846154
0 0.8441979161157244 0.5387204576245671 0.04504504504504504 0.06153846153846154
