0 0.005311793644462233 0.8547834105741039 0.028985507246376812 0.05154639175257732
0 0.09807428090236228 0.8185275386992023 0.028985507246376812 0.05154639175257732
0 0.10826796082081289 0.6789424319808317 0.028985507246376812 0.05154639175257732
0 0.14190710455169972 0.7079471294807529 0.028985507246376812 0.05154639175257732
0 0.17554624828258655 0.7659565244805953 0.028985507246376812 0.05154639175257732
0 0.23263085582590967 0.8856009016677701 0.028985507246376812 0.05154639175257732
0 0.24486327172805036 0.7550797629181247 0.028985507246376812 0.05154639175257732
0 0.2876767273855426 0.8003996027617516 0.028985507246376812 0.05154639175257732
0 0.26626999955679653 0.7043215422932627 0.028985507246376812 0.05154639175257732
0 0.2999091432876833 0.6626272896371259 0.028985507246376812 0.05154639175257732
0 0.38247795062713286 0.8167147451054572 0.028985507246376812 0.05154639175257732
0 0.3814585826352878 0.9037288376052207 0.028985507246376812 0.05154639175257732
0 0.5190732615343704 0.7913356347930262 0.028985507246376812 0.05154639175257732
0 0.4966471657137792 0.7587053501056148 0.028985507246376812 0.05154639175257732
0 0.43344635021938566 0.6825680191683218 0.028985507246376812 0.05154639175257732
0 0.3957297345211186 0.6898191935433021 0.028985507246376812 0.05154639175257732
0 0.08889996897575683 0.6499377344809105 0.028985507246376812 0.05154639175257732
0 0.03895093737534904 0.6535633216684006 0.028985507246376812 0.05154639175257732
0 0.06851260913885568 0.6318097985434596 0.028985507246376812 0.05154639175257732
0 0.12763595266586894 0.6354353857309498 0.028985507246376812 0.05154639175257732
0 0.1521007844701502 0.6028051010435385 0.028985507246376812 0.05154639175257732
0 0.1898174001684173 0.6735040511995964 0.028985507246376812 0.05154639175257732
0 0.16229446438860085 0.6444993536996753 0.028985507246376812 0.05154639175257732
0 0.2142822319726987 0.6481249408871654 0.028985507246376812 0.05154639175257732
0 0.24180516775251515 0.6191202433872443 0.028985507246376812 0.05154639175257732
0 0.22855338385852947 0.6408737665121852 0.028985507246376812 0.05154639175257732
0 0.5659641891592431 0.7333262397931839 0.028985507246376812 0.05154639175257732
0 0.5251894694854408 0.6444993536996753 0.028985507246376812 0.05154639175257732
0 0.45791118202366693 0.6608144960433807 0.028985507246376812 0.05154639175257732
0 0.6454748925231574 0.7025087486995176 0.028985507246376812 0.05154639175257732
0 0.6006227008819749 0.6825680191683218 0.028985507246376812 0.05154639175257732
0 0.5812547090369189 0.6771296383870866 0.028985507246376812 0.05154639175257732
0 0.7300824358462968 0.8167147451054572 0.028985507246376812 0.05154639175257732
0 0.7300824358462968 0.7278878590119486 0.028985507246376812 0.05154639175257732
0 0.7168306519523112 0.711572716668243 0.028985507246376812 0.05154639175257732
0 0.7657603155608739 0.713385510261988 0.028985507246376812 0.05154639175257732
0 0.7943026193325354 0.6789424319808317 0.028985507246376812 0.05154639175257732
0 0.8697358507290696 0.713385510261988 0.028985507246376812 0.05154639175257732
0 0.8646390107698443 0.7822716668243008 0.028985507246376812 0.05154639175257732
0 0.8942006825333509 0.833029887449163 0.028985507246376812 0.05154639175257732
0 0.9624983379869697 0.8257787130741827 0.028985507246376812 0.05154639175257732
0 0.9400722421663784 0.6481249408871654 0.028985507246376812 0.05154639175257732
0 0.9258010902805477 0.6281842113559696 0.028985507246376812 0.05154639175257732
0 0.896239418517041 0.611869069012264 0.028985507246376812 0.05154639175257732
0 0.8799295306475202 0.6408737665121852 0.028985507246376812 0.05154639175257732
0 0.8513872268758587 0.6571889088558908 0.028985507246376812 0.05154639175257732
0 0.8309998670389575 0.6590017024496359 0.028985507246376812 0.05154639175257732
0 0.6189713247351858 0.6318097985434596 0.028985507246376812 0.05154639175257732
0 0.6036808048575102 0.6390609729184401 0.028985507246376812 0.05154639175257732
0 0.47829854186056814 0.6191202433872443 0.028985507246376812 0.05154639175257732
0 0.3906328945618933 0.6444993536996753 0.028985507246376812 0.05154639175257732
0 0.40898151841510433 0.6318097985434596 0.028985507246376812 0.05154639175257732
0 0.33558702300226034 0.6281842113559696 0.028985507246376812 0.05154639175257732
0 0.3610712227983867 0.7369518269806741 0.028985507246376812 0.05154639175257732
0 0.9777888578646454 0.6318097985434596 0.028985507246376812 0.05154639175257732
0 0.9512852900766741 0.6191202433872443 0.028985507246376812 0.05154639175257732
0 0.9410916101582234 0.6245586241684794 0.028985507246376812 0.05154639175257732
0 0.3733036387005274 0.6191202433872443 0.028985507246376812 0.05154639175257732
0 0.3590324868146966 0.6209330369809893 0.028985507246376812 0.05154639175257732
0 0.6801334042458892 0.7170110974494782 0.028985507246376812 0.05154639175257732
0 0.6974626601072552 0.6771296383870866 0.028985507246376812 0.05154639175257732
0 0.7188693879360013 0.6517505280746555 0.028985507246376812 0.05154639175257732
0 0.5598479812081726 0.6191202433872443 0.028985507246376812 0.05154639175257732
0 0.5781966050613836 0.611869069012264 0.028985507246376812 0.05154639175257732
0 0.5557705092407923 0.5937411330748131 0.028985507246376812 0.05154639175257732
0 0.6638235163763683 0.6698784640121064 0.028985507246376812 0.05154639175257732
0 0.6801334042458892 0.6590017024496359 0.028985507246376812 0.05154639175257732
0 0.38859415857820323 0.6100562754185189 0.028985507246376812 0.05154639175257732
0 0.4201945663254 0.6028051010435385 0.028985507246376812 0.05154639175257732
0 0.06545450516332049 0.5429829124499511 0.028985507246376812 0.05154639175257732
0 0.26423126357310645 0.6444993536996753 0.028985507246376812 0.05154639175257732
0 0.28054115144262737 0.6608144960433807 0.028985507246376812 0.05154639175257732
0 0.29685103931214823 0.6191202433872443 0.028985507246376812 0.05154639175257732
0 0.3498581748880911 0.6698784640121064 0.028985507246376812 0.05154639175257732
0 0.4416012941541461 0.6444993536996753 0.028985507246376812 0.05154639175257732
0 0.729063067854452 0.6354353857309498 0.028985507246376812 0.05154639175257732
0 0.7412954837565926 0.6191202433872443 0.028985507246376812 0.05154639175257732
0 0.5639254531755529 0.6662528768246161 0.028985507246376812 0.05154639175257732
0 0.6842108762132695 0.5973667202623033 0.028985507246376812 0.05154639175257732
0 0.7005207640827903 0.611869069012264 0.028985507246376812 0.05154639175257732
0 0.733140539821832 0.5973667202623033 0.028985507246376812 0.05154639175257732
0 0.7728958915037892 0.5846771651060878 0.028985507246376812 0.05154639175257732
0 0.622029428710721 0.6064306882310287 0.028985507246376812 0.05154639175257732
0 0.5904290209635242 0.5937411330748131 0.028985507246376812 0.05154639175257732
0 0.5027633736648496 0.6444993536996753 0.028985507246376812 0.05154639175257732
0 0.3488388068962461 0.6209330369809893 0.028985507246376812 0.05154639175257732
0 0.8506227008819749 0.6127754658091364 0.028985507246376812 0.05154639175257732
0 0.8027124052652573 0.5973667202623033 0.028985507246376812 0.05154639175257732
0 0.761937685591455 0.6381545761215675 0.028985507246376812 0.05154639175257732
0 0.7466471657137792 0.650844131277783 0.028985507246376812 0.05154639175257732
0 0.8052608252448699 0.6417801633090576 0.028985507246376812 0.05154639175257732
0 0.9102557284049108 0.6009923074497935 0.028985507246376812 0.05154639175257732
0 0.779266941452821 0.2765022541694252 0.028985507246376812 0.05154639175257732
0 0.8725391127066436 0.6127754658091364 0.028985507246376812 0.05154639175257732
0 0.7573505296281524 0.5910219426841956 0.028985507246376812 0.05154639175257732
0 0.9301334042458894 0.8774433304959172 0.028985507246376812 0.05154639175257732
0 0.6146390107698444 0.5910219426841956 0.028985507246376812 0.05154639175257732
0 0.606484066835084 0.6073370850279012 0.028985507246376812 0.05154639175257732
0 0.8597970128085806 0.6136818626060091 0.028985507246376812 0.05154639175257732
0 0.6284004786597527 0.3009749676849837 0.028985507246376812 0.05154639175257732
0 0.8256481850817712 0.6091498786216463 0.028985507246376812 0.05154639175257732
0 0.8740681646944113 0.5774259907311075 0.028985507246376812 0.05154639175257732
0 0.8842618446128617 0.5774259907311075 0.028985507246376812 0.05154639175257732
0 0.7807959934405886 0.6435929569028026 0.028985507246376812 0.05154639175257732
0 0.20701834397486574 0.6149893920512476 0.028985507246376812 0.05154639175257732
0 0.5266986636551854 0.5936705047529789 0.028985507246376812 0.05154639175257732
0 0.5037216406781624 0.6114362441682027 0.028985507246376812 0.05154639175257732
0 0.45077458773110946 0.5972236526360236 0.028985507246376812 0.05154639175257732
0 0.7095158464723681 0.5687984695716654 0.028985507246376812 0.05154639175257732
0 0.6855398224963443 0.5759047653377549 0.028985507246376812 0.05154639175257732
0 0.6515737885303103 0.6274254096419043 0.028985507246376812 0.05154639175257732
0 0.6345907715472933 0.6309785575249491 0.028985507246376812 0.05154639175257732
0 0.6315937685502903 0.6203191138758147 0.028985507246376812 0.05154639175257732
0 0.6335917705482923 0.6043299484021132 0.028985507246376812 0.05154639175257732
0 0.6275977645542863 0.590117356869934 0.028985507246376812 0.05154639175257732
0 0.5846407215972433 0.6327551314664716 0.028985507246376812 0.05154639175257732
0 0.5596656966222184 0.648744296940173 0.028985507246376812 0.05154639175257732
0 0.8323929693494911 0.5847876350453668 0.028985507246376812 0.05154639175257732
0 0.8413839783405 0.5830110611038445 0.028985507246376812 0.05154639175257732
0 0.7984269353834571 0.5723516174547101 0.028985507246376812 0.05154639175257732
0 0.7864389233954451 0.5972236526360236 0.028985507246376812 0.05154639175257732
0 0.9103150472715691 0.5634687477470981 0.028985507246376812 0.05154639175257732
0 0.9093160462725679 0.5528093040979637 0.028985507246376812 0.05154639175257732
0 0.895330032286554 0.5545858780394862 0.028985507246376812 0.05154639175257732
0 0.9033220402785621 0.5830110611038445 0.028985507246376812 0.05154639175257732
0 0.918307055263577 0.5830110611038445 0.028985507246376812 0.05154639175257732
0 0.9213040582605799 0.5634687477470981 0.028985507246376812 0.05154639175257732
0 0.935290072246594 0.558139025922531 0.028985507246376812 0.05154639175257732
0 0.9382870752435969 0.5794579132207996 0.028985507246376812 0.05154639175257732
0 0.954271091227613 0.5705750435131877 0.028985507246376812 0.05154639175257732
0 0.9582670952236169 0.5847876350453668 0.028985507246376812 0.05154639175257732
0 0.96126409822062 0.5545858780394862 0.028985507246376812 0.05154639175257732
0 0.974251111207633 0.5528093040979637 0.028985507246376812 0.05154639175257732
0 0.9772481142046359 0.6007768005190685 0.028985507246376812 0.05154639175257732
0 0.995230132186654 0.5812344871623221 0.028985507246376812 0.05154639175257732
