0 0.0440137674344146 0.8685354304003099 0.01953125 0.03067484662576687
0 0.12143057250915493 0.7874773441052851 0.01953125 0.03067484662576687
0 0.15962286301269354 0.7615387564908772 0.01953125 0.03067484662576687
0 0.1936862572455793 0.826385225526897 0.01953125 0.03067484662576687
0 0.2432330124934131 0.7842350206534842 0.01953125 0.03067484662576687
0 0.3196175935004902 0.8004466379124893 0.01953125 0.03067484662576687
0 0.3815510375602825 0.7696445651203796 0.01953125 0.03067484662576687
0 0.34955209146272315 0.7161462281656633 0.01953125 0.03067484662576687
0 0.32168204163581665 0.7291155219728673 0.01953125 0.03067484662576687
0 0.25561970130537154 0.7096615812620614 0.01953125 0.03067484662576687
0 0.18542846470427363 0.701555772632559 0.01953125 0.03067484662576687
0 0.19058958504258966 0.6464362739519421 0.01953125 0.03067484662576687
0 0.12452724471214459 0.7210097133433649 0.01953125 0.03067484662576687
0 0.10697943556187008 0.6675113763886485 0.01953125 0.03067484662576687
0 0.07291604132898431 0.6561632443073452 0.01953125 0.03067484662576687
0 0.059497128449362675 0.7356001688764693 0.01953125 0.03067484662576687
0 0.040917095231425005 0.6934499640030566 0.01953125 0.03067484662576687
0 0.0646582487876787 0.6188765246116338 0.01953125 0.03067484662576687
0 0.01924038981049768 0.6221188480634348 0.01953125 0.03067484662576687
0 0.06672269692300507 0.5653781876569175 0.01953125 0.03067484662576687
0 0.08323828200561637 0.5313337914130072 0.01953125 0.03067484662576687
0 0.027778167387331357 0.4410924823258287 0.01953125 0.03067484662576687
0 0.009251487675622503 0.45217709817437657 0.01953125 0.03067484662576687
0 0.04409928999050343 0.46049056006078765 0.01953125 0.03067484662576687
0 0.03924706435172253 0.45217709817437657 0.01953125 0.03067484662576687
0 0.06747819534099317 0.44732757874063683 0.01953125 0.03067484662576687
0 0.09879710628221525 0.4639545025134589 0.01953125 0.03067484662576687
0 0.10409044334270348 0.4507915211933082 0.01953125 0.03067484662576687
0 0.09085710069148288 0.4514843096838424 0.01953125 0.03067484662576687
0 0.08512265220928728 0.44940594421223967 0.01953125 0.03067484662576687
0 0.07850598088367697 0.4639545025134589 0.01953125 0.03067484662576687
0 0.06527263823245641 0.43139344345834923 0.01953125 0.03067484662576687
0 0.049392627050991664 0.48058142628628076 0.01953125 0.03067484662576687
0 0.019838161796598988 0.492358830625363 0.01953125 0.03067484662576687
0 0.03527706155635636 0.506214600436048 0.01953125 0.03067484662576687
0 0.013662601892696039 0.5200703702467331 0.01953125 0.03067484662576687
0 0.026013721700501927 0.5290766206236782 0.01953125 0.03067484662576687
0 0.05468596411147989 0.5089857543981849 0.01953125 0.03067484662576687
0 0.044540401412210766 0.5186847932656644 0.01953125 0.03067484662576687
0 0.09747377201709317 0.486816522701089 0.01953125 0.03067484662576687
0 0.11511822888538731 0.4632617140229246 0.01953125 0.03067484662576687
0 0.11511822888538731 0.4556410406270479 0.01953125 0.03067484662576687
0 0.12085267736758291 0.43485738591102047 0.01953125 0.03067484662576687
0 0.14070269134441382 0.45910498307971914 0.01953125 0.03067484662576687
0 0.1482015855134388 0.47088238741880123 0.01953125 0.03067484662576687
0 0.14731936267002413 0.44663479025010266 0.01953125 0.03067484662576687
0 0.0992382177039226 0.4992867155307056 0.01953125 0.03067484662576687
0 0.10364933192099614 0.5138352738319247 0.01953125 0.03067484662576687
0 0.11732378599392408 0.47642469534307536 0.01953125 0.03067484662576687
0 0.1274693486931932 0.486816522701089 0.01953125 0.03067484662576687
0 0.1420260256095359 0.5027506579833767 0.01953125 0.03067484662576687
0 0.13099824006685204 0.5138352738319247 0.01953125 0.03067484662576687
0 0.1292337943800226 0.5588665257166509 0.01953125 0.03067484662576687
0 0.1468782512483168 0.5242271011899384 0.01953125 0.03067484662576687
0 0.13320379717538883 0.6232958553363359 0.01953125 0.03067484662576687
0 0.08865154358294611 0.6032049891108429 0.01953125 0.03067484662576687
0 0.19451828479271094 0.587270853828555 0.01953125 0.03067484662576687
0 0.20642829317880948 0.6177535474120619 0.01953125 0.03067484662576687
0 0.180843830719783 0.5339261400574179 0.01953125 0.03067484662576687
0 0.17775605076783146 0.5041362349644453 0.01953125 0.03067484662576687
0 0.19275383910588154 0.47781027232414386 0.01953125 0.03067484662576687
0 0.2090749617090536 0.47988863779574653 0.01953125 0.03067484662576687
0 0.21525052161295655 0.5540170062829112 0.01953125 0.03067484662576687
0 0.20466384749198008 0.5394684479816919 0.01953125 0.03067484662576687
0 0.17775605076783146 0.4542554636459793 0.01953125 0.03067484662576687
0 0.23465942416808008 0.5394684479816919 0.01953125 0.03067484662576687
0 0.21922052440832274 0.5221487357183356 0.01953125 0.03067484662576687
0 0.2218671929385668 0.47988863779574653 0.01953125 0.03067484662576687
0 0.22319052720368887 0.46811123345666433 0.01953125 0.03067484662576687
0 0.22451386146881094 0.44663479025010266 0.01953125 0.03067484662576687
0 0.21348607592612714 0.46811123345666433 0.01953125 0.03067484662576687
0 0.26686055795271685 0.5463963328870344 0.01953125 0.03067484662576687
0 0.25715610667515504 0.4992867155307056 0.01953125 0.03067484662576687
0 0.23554164701149483 0.47988863779574653 0.01953125 0.03067484662576687
0 0.24656943255417862 0.46049056006078765 0.01953125 0.03067484662576687
0 0.23907053838515366 0.4653400794945273 0.01953125 0.03067484662576687
0 0.26906611506125366 0.4750391183620068 0.01953125 0.03067484662576687
0 0.2673016693744242 0.500672292511774 0.01953125 0.03067484662576687
0 0.2774472320736934 0.49790113854963697 0.01953125 0.03067484662576687
0 0.284505014821011 0.4660328679850616 0.01953125 0.03067484662576687
0 0.2717127835914978 0.4632617140229246 0.01953125 0.03067484662576687
0 0.2761238978085713 0.44802036723117106 0.01953125 0.03067484662576687
0 0.27259500643491247 0.4431708477974313 0.01953125 0.03067484662576687
0 0.2809761234473522 0.6087472970351168 0.01953125 0.03067484662576687
0 0.283181680555889 0.5727222955273358 0.01953125 0.03067484662576687
0 0.2889161290380846 0.5380828710006234 0.01953125 0.03067484662576687
0 0.24304054118051985 0.6309165287322127 0.01953125 0.03067484662576687
0 0.42080844412858315 0.6856468194844183 0.01953125 0.03067484662576687
0 0.42610178118907144 0.7528473030662404 0.01953125 0.03067484662576687
0 0.32729282272662436 0.5824213343948152 0.01953125 0.03067484662576687
0 0.299502803159061 0.6454650870334319 0.01953125 0.03067484662576687
0 0.2915627975683287 0.6323021057132812 0.01953125 0.03067484662576687
0 0.2271605299990551 0.5699511415651989 0.01953125 0.03067484662576687
0 0.23642386985490949 0.5935059502433633 0.01953125 0.03067484662576687
0 0.1879016134671006 0.5540170062829112 0.01953125 0.03067484662576687
0 0.1689338223336844 0.514528062322459 0.01953125 0.03067484662576687
0 0.15702381394758586 0.49582277307803424 0.01953125 0.03067484662576687
0 0.16231715100807412 0.47642469534307536 0.01953125 0.03067484662576687
0 0.28274056913418166 0.45217709817437657 0.01953125 0.03067484662576687
0 0.29288613183345075 0.43485738591102047 0.01953125 0.03067484662576687
0 0.3017083602675978 0.4750391183620068 0.01953125 0.03067484662576687
0 0.31979392855759925 0.47018959892826706 0.01953125 0.03067484662576687
0 0.3211172628227214 0.44940594421223967 0.01953125 0.03067484662576687
0 0.3277339341483317 0.4618761370418561 0.01953125 0.03067484662576687
0 0.32685171130491686 0.4397069053447602 0.01953125 0.03067484662576687
0 0.34714283670345514 0.44663479025010266 0.01953125 0.03067484662576687
0 0.3669928506802861 0.4383213283636917 0.01953125 0.03067484662576687
0 0.3797850819097993 0.45841219458918486 0.01953125 0.03067484662576687
0 0.379343970488092 0.44455642477849994 0.01953125 0.03067484662576687
0 0.3806673047532141 0.4334718089299519 0.01953125 0.03067484662576687
0 0.36963951921053023 0.4514843096838424 0.01953125 0.03067484662576687
0 0.3740506334276037 0.47226796439986984 0.01953125 0.03067484662576687
0 0.3621406250415052 0.486816522701089 0.01953125 0.03067484662576687
0 0.343172833908089 0.48820209968215755 0.01953125 0.03067484662576687
0 0.35155395092052877 0.514528062322459 0.01953125 0.03067484662576687
0 0.32685171130491686 0.5055218119455137 0.01953125 0.03067484662576687
0 0.29906169173735364 0.49790113854963697 0.01953125 0.03067484662576687
0 0.31979392855759925 0.5249198896804727 0.01953125 0.03067484662576687
0 0.3211172628227214 0.5526314293018426 0.01953125 0.03067484662576687
0 0.27391834070003457 0.5283838321331439 0.01953125 0.03067484662576687
0 0.36302284788491995 0.5713367185462673 0.01953125 0.03067484662576687
0 0.3634639593066273 0.6045905660919112 0.01953125 0.03067484662576687
0 0.3352328283173566 0.637151625147021 0.01953125 0.03067484662576687
0 0.3691984077888229 0.5997410466581715 0.01953125 0.03067484662576687
0 0.3762561905361405 0.5858852768474866 0.01953125 0.03067484662576687
0 0.3797850819097993 0.6177535474120619 0.01953125 0.03067484662576687
0 0.41595621848980224 0.606668931563514 0.01953125 0.03067484662576687
0 0.41727955275492434 0.4902804651537603 0.01953125 0.03067484662576687
0 0.3991939844649229 0.49582277307803424 0.01953125 0.03067484662576687
0 0.39081286745248317 0.47296075289040407 0.01953125 0.03067484662576687
0 0.3890484217656538 0.4556410406270479 0.01953125 0.03067484662576687
0 0.40536954436882583 0.47296075289040407 0.01953125 0.03067484662576687
0 0.4199262212851685 0.46672565647559583 0.01953125 0.03067484662576687
0 0.3806673047532141 0.5242271011899384 0.01953125 0.03067484662576687
0 0.3824317504400434 0.506214600436048 0.01953125 0.03067484662576687
0 0.3616995136197978 0.5041362349644453 0.01953125 0.03067484662576687
0 0.48580566839426614 0.7777503737498821 0.01953125 0.03067484662576687
0 0.5178046144918256 0.7274943602469669 0.01953125 0.03067484662576687
0 0.5590935771983538 0.7988254761865885 0.01953125 0.03067484662576687
0 0.6396070544760838 0.7469483009577728 0.01953125 0.03067484662576687
0 0.6891538097239175 0.7291155219728673 0.01953125 0.03067484662576687
0 0.72218497988914 0.7647810799426782 0.01953125 0.03067484662576687
0 0.7232172039568032 0.8442180045118023 0.01953125 0.03067484662576687
0 0.8316007310614398 0.9139279587255236 0.01953125 0.03067484662576687
0 0.8326329551291027 0.8523238131413048 0.01953125 0.03067484662576687
0 0.873921917835631 0.7696445651203796 0.01953125 0.03067484662576687
0 0.8976630713918847 0.7582964330390763 0.01953125 0.03067484662576687
0 0.9523709469780346 0.9187914439032252 0.01953125 0.03067484662576687
0 0.9410164822337393 0.8117947699937925 0.01953125 0.03067484662576687
0 0.9152108805421592 0.8150370934455934 0.01953125 0.03067484662576687
0 0.9823054449402676 0.8215217403491955 0.01953125 0.03067484662576687
0 0.9781765486696148 0.7096615812620614 0.01953125 0.03067484662576687
0 0.9461776025720555 0.7064192578102605 0.01953125 0.03067484662576687
0 0.9926276856168995 0.7161462281656633 0.01953125 0.03067484662576687
0 0.8512129883470407 0.6902076405512555 0.01953125 0.03067484662576687
0 0.8202462663171444 0.6642690529368476 0.01953125 0.03067484662576687
0 0.756248374122026 0.7242520367951658 0.01953125 0.03067484662576687
0 0.6943149300622335 0.6902076405512555 0.01953125 0.03067484662576687
0 0.6096725565138508 0.7031769343584595 0.01953125 0.03067484662576687
0 0.5054179256798671 0.6496785974037431 0.01953125 0.03067484662576687
0 0.434194465011106 0.6075283925303303 0.01953125 0.03067484662576687
0 0.9801288388070089 0.5502124115981694 0.01953125 0.03067484662576687
0 0.9745797849803134 0.5278022099913225 0.01953125 0.03067484662576687
0 0.9888487805346731 0.5937878036114831 0.01953125 0.03067484662576687
0 0.9500054037478052 0.6597733972316435 0.01953125 0.03067484662576687
0 0.9167110807876327 0.5763576468061576 0.01953125 0.03067484662576687
0 0.9190892467133595 0.555192456399691 0.01953125 0.03067484662576687
0 0.9357364081934456 0.5278022099913225 0.01953125 0.03067484662576687
0 0.9484199597973209 0.5240671763901813 0.01953125 0.03067484662576687
0 0.9397000180696566 0.5066370195848559 0.01953125 0.03067484662576687
0 0.929394632391508 0.6585283860312633 0.01953125 0.03067484662576687
0 0.8691477622731008 0.6410982292259376 0.01953125 0.03067484662576687
0 0.8961003094313356 0.6311381396228946 0.01953125 0.03067484662576687
0 0.9888487805346731 0.43816140356393435 0.01953125 0.03067484662576687
0 0.9904342244851575 0.42197625795898935 0.01953125 0.03067484662576687
0 0.9817142827574932 0.4319363475620326 0.01953125 0.03067484662576687
0 0.9737870630050711 0.4319363475620326 0.01953125 0.03067484662576687
0 0.9761652289307978 0.49294189638067154 0.01953125 0.03067484662576687
0 0.969030731153618 0.5103720531859971 0.01953125 0.03067484662576687
0 0.9507981257230473 0.4892068627795304 0.01953125 0.03067484662576687
0 0.7843265109221853 0.6485682964282201 0.01953125 0.03067484662576687
0 0.8081081701794514 0.6199330388194711 0.01953125 0.03067484662576687
0 0.8398170491891392 0.5788476692069183 0.01953125 0.03067484662576687
0 0.8548787667187411 0.5539474451993106 0.01953125 0.03067484662576687
0 0.8691477622731008 0.5365172883939852 0.01953125 0.03067484662576687
0 0.8675623183226163 0.4991669523825735 0.01953125 0.03067484662576687
0 0.8810385919017337 0.47924677317648734 0.01953125 0.03067484662576687
0 0.9111620269609373 0.4705316947738245 0.01953125 0.03067484662576687
0 0.7549957978382239 0.6460782740274593 0.01953125 0.03067484662576687
0 0.7423122462343487 0.667243464433926 0.01953125 0.03067484662576687
0 0.7549957978382239 0.6286481172221339 0.01953125 0.03067484662576687
0 0.7573739637639505 0.5912977812107223 0.01953125 0.03067484662576687
0 0.7851192328974275 0.5502124115981694 0.01953125 0.03067484662576687
0 0.7637157395658881 0.5414973331955067 0.01953125 0.03067484662576687
0 0.6511492190814956 0.6410982292259376 0.01953125 0.03067484662576687
0 0.5996222906907526 0.6684884756343062 0.01953125 0.03067484662576687
0 0.6210257840222919 0.6572833748308828 0.01953125 0.03067484662576687
0 0.6257821158737451 0.587562747609581 0.01953125 0.03067484662576687
0 0.6265748378489874 0.5626625236019733 0.01953125 0.03067484662576687
0 0.5916950709383306 0.6261580948213731 0.01953125 0.03067484662576687
0 0.5710842995820334 0.6460782740274593 0.01953125 0.03067484662576687
0 0.5227282590922592 0.6896536660407729 0.01953125 0.03067484662576687
0 0.517971927240806 0.6149529940179496 0.01953125 0.03067484662576687
0 0.5314482008199234 0.61619800521833 0.01953125 0.03067484662576687
0 0.5187646492160481 0.5900527700103418 0.01953125 0.03067484662576687
0 0.5132155953893528 0.5639075348023537 0.01953125 0.03067484662576687
0 0.506081097612173 0.5763576468061576 0.01953125 0.03067484662576687
0 0.49339754600829777 0.6025028820141458 0.01953125 0.03067484662576687
0 0.45217600329570334 0.6460782740274593 0.01953125 0.03067484662576687
0 0.44900511539473453 0.5962778260122438 0.01953125 0.03067484662576687
0 0.5013247657607197 0.49418690758105194 0.01953125 0.03067484662576687
0 0.5044956536616886 0.4705316947738245 0.01953125 0.03067484662576687
0 0.5330336447704078 0.5190871315886597 0.01953125 0.03067484662576687
0 0.5369972546466188 0.4979219411821931 0.01953125 0.03067484662576687
0 0.5322409227951655 0.48049178437686774 0.01953125 0.03067484662576687
0 0.5504735282257361 0.5576824788004517 0.01953125 0.03067484662576687
0 0.5647425237800958 0.5788476692069183 0.01953125 0.03067484662576687
0 0.5599861919286425 0.6074829268156673 0.01953125 0.03067484662576687
0 0.6020004566164792 0.5452323667966479 0.01953125 0.03067484662576687
0 0.5996222906907526 0.5228221651898008 0.01953125 0.03067484662576687
0 0.5932805148888151 0.4543465491688795 0.01953125 0.03067484662576687
0 0.36180569811809254 0.532782254792844 0.01953125 0.03067484662576687
0 0.29600977417298985 0.4506115155677383 0.01953125 0.03067484662576687
0 0.45455416922143 0.5676425684034948 0.01953125 0.03067484662576687
0 0.6432219993290736 0.6137079828175691 0.01953125 0.03067484662576687
0 0.688407151917879 0.5639075348023537 0.01953125 0.03067484662576687
0 0.6995052595712697 0.6049929044149065 0.01953125 0.03067484662576687
0 0.7185305869770826 0.5937878036114831 0.01953125 0.03067484662576687
0 0.7026761474722386 0.5763576468061576 0.01953125 0.03067484662576687
0 0.7407268022838643 0.5688875796038751 0.01953125 0.03067484662576687
0 0.7327995825314423 0.532782254792844 0.01953125 0.03067484662576687
0 0.7399340803086221 0.5103720531859971 0.01953125 0.03067484662576687
0 0.7716429593183101 0.5165971091878989 0.01953125 0.03067484662576687
0 0.7922537306746072 0.5414973331955067 0.01953125 0.03067484662576687
0 0.8089008921546934 0.5240671763901813 0.01953125 0.03067484662576687
0 0.8414024931396237 0.5290472211917029 0.01953125 0.03067484662576687
0 0.8635987084464053 0.5153520979875186 0.01953125 0.03067484662576687
0 0.8532933227682568 0.5240671763901813 0.01953125 0.03067484662576687
0 0.9341509642429612 0.47177670597420496 0.01953125 0.03067484662576687
0 0.44542647454225665 0.5513620158970738 0.01953125 0.03067484662576687
0 0.4561218282888712 0.524165884138227 0.01953125 0.03067484662576687
0 0.44542647454225665 0.5157670787421125 0.01953125 0.03067484662576687
0 0.4416067053470372 0.4713733930769359 0.01953125 0.03067484662576687
0 0.5712242067048181 0.5141673062857096 0.01953125 0.03067484662576687
0 0.5521253607287206 0.5113677044870049 0.01953125 0.03067484662576687
0 0.5885404937231464 0.49337026435247383 0.01953125 0.03067484662576687
0 0.5977079397916731 0.4833716864999566 0.01953125 0.03067484662576687
0 0.5893044475621902 0.4781724260166476 0.01953125 0.03067484662576687
0 0.6022916628259364 0.4753728242179428 0.01953125 0.03067484662576687
0 0.593378868037091 0.4601749858821166 0.01953125 0.03067484662576687
0 0.6466009854904823 0.46857379127823107 0.01953125 0.03067484662576687
0 0.6504207546857018 0.49616986615117864 0.01953125 0.03067484662576687
0 0.6404893547781313 0.5537616745816779 0.01953125 0.03067484662576687
0 0.6524579649231522 0.5309649170779386 0.01953125 0.03067484662576687
0 0.607893990978925 0.4981695817216821 0.01953125 0.03067484662576687
0 0.6068753858601998 0.48137197092945316 0.01953125 0.03067484662576687
0 0.5511067556099954 0.4741729948756407 0.01953125 0.03067484662576687
0 0.5465230325757321 0.47657265356024486 0.01953125 0.03067484662576687
0 0.5317532583542168 0.47217327930513725 0.01953125 0.03067484662576687
0 0.13459235715415072 0.4433297723406522 0.01953125 0.03067484662576687
0 0.10604158020712114 0.4639460868415748 0.01953125 0.03067484662576687
0 0.20514887489681002 0.44487599592822147 0.01953125 0.03067484662576687
0 0.20088266684725384 0.43508324654028324 0.01953125 0.03067484662576687
0 0.1907094014983123 0.43302161509019094 0.01953125 0.03067484662576687
0 0.15887692605162418 0.43920650944046774 0.01953125 0.03067484662576687
0 0.1552670577019997 0.44796844310335987 0.01953125 0.03067484662576687
0 0.21138410204616132 0.44590681165326757 0.01953125 0.03067484662576687
0 0.2359968407936006 0.4376602858528986 0.01953125 0.03067484662576687
0 0.22844893424438584 0.43662947012785247 0.01953125 0.03067484662576687
0 0.22287004679496633 0.4608536396664364 0.01953125 0.03067484662576687
0 0.18283332509913175 0.4721926126419438 0.01953125 0.03067484662576687
0 0.16347130395114615 0.4495146666909291 0.01953125 0.03067484662576687
0 0.17561358839988286 0.4402373251655139 0.01953125 0.03067484662576687
0 0.23993487899319085 0.44590681165326757 0.01953125 0.03067484662576687
0 0.2875195072382402 0.44126814089055993 0.01953125 0.03067484662576687
0 0.25765605089134713 0.41859019493954525 0.01953125 0.03067484662576687
0 0.22568520334313863 0.41947363232587304 0.01953125 0.03067484662576687
0 0.45308483193784466 0.4399923190854696 0.01953125 0.03067484662576687
0 0.45927317768005793 0.45295114534319236 0.01953125 0.03067484662576687
0 0.4435444655852658 0.45254618202263847 0.01953125 0.03067484662576687
0 0.4515377455022913 0.4128597766083626 0.01953125 0.03067484662576687
0 0.4559211570696924 0.42824838278940836 0.01953125 0.03067484662576687
0 0.45875748220154017 0.43189305267439293 0.01953125 0.03067484662576687
0 0.46597721890078897 0.4310831260332852 0.01953125 0.03067484662576687
0 0.4801588445600279 0.4302731993921775 0.01953125 0.03067484662576687
0 0.48531579934520563 0.4258186028660853 0.01953125 0.03067484662576687
0 0.4832530174311345 0.4209590430194393 0.01953125 0.03067484662576687
0 0.4450915520208191 0.42824838278940836 0.01953125 0.03067484662576687
0 0.43658257662527583 0.42257889630165457 0.01953125 0.03067484662576687
0 0.42033816905196586 0.43513275923882355 0.01953125 0.03067484662576687
0 0.4053830001749504 0.4565958152281768 0.01953125 0.03067484662576687
0 0.415439062006047 0.42136400633999305 0.01953125 0.03067484662576687
0 0.47190771690374345 0.4205540796988854 0.01953125 0.03067484662576687
0 0.47216556464300236 0.4359426858799313 0.01953125 0.03067484662576687
0 0.48144808325632227 0.45295114534319236 0.01953125 0.03067484662576687
0 0.5056857707466578 0.4403972824060234 0.01953125 0.03067484662576687
0 0.5149682893599776 0.4541660353048538 0.01953125 0.03067484662576687
0 0.5247665034518154 0.4371575758415927 0.01953125 0.03067484662576687
0 0.5283763718014399 0.42865334610996214 0.01953125 0.03067484662576687
0 0.5314705446725464 0.42257889630165457 0.01953125 0.03067484662576687
0 0.5294077627584753 0.4233888229427623 0.01953125 0.03067484662576687
0 0.5178046144918255 0.41852926309611627 0.01953125 0.03067484662576687
0 0.50052881596148 0.448901512137654 0.01953125 0.03067484662576687
0 0.4956297089155611 0.41731437313445474 0.01953125 0.03067484662576687
0 0.4922776883051956 0.41488459321113175 0.01953125 0.03067484662576687
0 0.4994974250044444 0.4209590430194393 0.01953125 0.03067484662576687
0 0.514194746142201 0.43472779591826977 0.01953125 0.03067484662576687
0 0.509553486835541 0.4371575758415927 0.01953125 0.03067484662576687
0 0.50517007526814 0.43270297931550056 0.01953125 0.03067484662576687
0 0.5580288618162119 0.4565958152281768 0.01953125 0.03067484662576687
0 0.5701477055613796 0.46429011831869976 0.01953125 0.03067484662576687
0 0.5866499608739485 0.4501164020993154 0.01953125 0.03067484662576687
0 0.5863921131346895 0.43189305267439293 0.01953125 0.03067484662576687
0 0.5789145286961819 0.41690940981390096 0.01953125 0.03067484662576687
0 0.5629279688621308 0.41528955653168564 0.01953125 0.03067484662576687
0 0.5435893884177142 0.4205540796988854 0.01953125 0.03067484662576687
0 0.5745311171287807 0.4780588712175301 0.01953125 0.03067484662576687
0 0.5820087015672885 0.4768439812558687 0.01953125 0.03067484662576687
0 0.5954167840087508 0.4302731993921775 0.01953125 0.03067484662576687
0 0.6095984096679894 0.42946327275106977 0.01953125 0.03067484662576687
0 0.6250692740235226 0.4399923190854696 0.01953125 0.03067484662576687
0 0.5294077627584753 0.4553809252665154 0.01953125 0.03067484662576687
0 0.5732418784324863 0.4177193364550086 0.01953125 0.03067484662576687
0 0.6353831835938781 0.4667198982420227 0.01953125 0.03067484662576687
0 0.6379616609864671 0.48413332102583767 0.01953125 0.03067484662576687
0 0.6707997216163689 0.49678134865400064 0.01953125 0.03067484662576687
0 0.6720676505821461 0.48523152700746097 0.01953125 0.03067484662576687
0 0.6844933544467624 0.4920021121106049 0.01953125 0.03067484662576687
0 0.6903258276893374 0.5015605851973963 0.01953125 0.03067484662576687
0 0.693622443000358 0.539396207832612 0.01953125 0.03067484662576687
0 0.8186402390259876 0.4935951909584035 0.01953125 0.03067484662576687
0 0.8272621559932724 0.47607132363261934 0.01953125 0.03067484662576687
0 0.8140756947491896 0.4613353442904826 0.01953125 0.03067484662576687
0 0.7915065591583559 0.47607132363261934 0.01953125 0.03067484662576687
0 0.8052001919887495 0.4501837923558927 0.01953125 0.03067484662576687
0 0.7836453995705375 0.4513786014917417 0.01953125 0.03067484662576687
0 0.7618370213591701 0.4585474563068351 0.01953125 0.03067484662576687
0 0.7359712704573157 0.4477941740841948 0.01953125 0.03067484662576687
0 0.7308995545942071 0.4430149375407991 0.01953125 0.03067484662576687
0 0.7245599097653211 0.4613353442904826 0.01953125 0.03067484662576687
0 0.7144164780391038 0.4696990082414251 0.01953125 0.03067484662576687
0 0.7136557206596374 0.480850560176015 0.01953125 0.03067484662576687
0 0.71517723541857 0.49837442750179917 0.01953125 0.03067484662576687
0 0.6953975435524461 0.45336995005148983 0.01953125 0.03067484662576687
0 0.721516880247456 0.43584608272570563 0.01953125 0.03067484662576687
0 0.7415501579067353 0.4501837923558927 0.01953125 0.03067484662576687
0 0.7762914115690299 0.41832221539992137 0.01953125 0.03067484662576687
0 0.7894778728131124 0.43743916157350415 0.01953125 0.03067484662576687
0 0.7894778728131124 0.42947376733451137 0.01953125 0.03067484662576687
0 0.7666551514291233 0.41633086684017323 0.01953125 0.03067484662576687
0 0.7740091394306309 0.4151360577043243 0.01953125 0.03067484662576687
0 0.7823774706047604 0.4207118336716193 0.01953125 0.03067484662576687
0 0.7864348432952473 0.4171274062640726 0.01953125 0.03067484662576687
0 0.8135685231628789 0.4657163111219287 0.01953125 0.03067484662576687
0 0.8077360499203038 0.4458028255244466 0.01953125 0.03067484662576687
0 0.7945495886762212 0.4430149375407991 0.01953125 0.03067484662576687
0 0.8310659428906039 0.4657163111219287 0.01953125 0.03067484662576687
0 0.8313195286837592 0.4557595683231876 0.01953125 0.03067484662576687
0 0.7618370213591701 0.41672913655212285 0.01953125 0.03067484662576687
0 0.7519471754261082 0.4223049125194178 0.01953125 0.03067484662576687
0 0.7481433885287767 0.41633086684017323 0.01953125 0.03067484662576687
0 0.7532151043918853 0.4147377879923747 0.01953125 0.03067484662576687
0 0.7593011634276158 0.42310145194331716 0.01953125 0.03067484662576687
0 0.742564501079357 0.4346512735898567 0.01953125 0.03067484662576687
0 0.7458611163903778 0.42907549762256175 0.01953125 0.03067484662576687
0 0.7438324300451341 0.42190664280746826 0.01953125 0.03067484662576687
0 0.7369856136299375 0.42389799136721645 0.01953125 0.03067484662576687
0 0.7339425841120721 0.4246945307911158 0.01953125 0.03067484662576687
0 0.734956927284694 0.43504954330180634 0.01953125 0.03067484662576687
0 0.7159379927980364 0.4557595683231876 0.01953125 0.03067484662576687
0 0.6586276035449081 0.43584608272570563 0.01953125 0.03067484662576687
0 0.6715604789958353 0.4402270495571517 0.01953125 0.03067484662576687
0 0.6781537096178766 0.4458028255244466 0.01953125 0.03067484662576687
0 0.6530487160954885 0.459742265442684 0.01953125 0.03067484662576687
0 0.6494985149913124 0.42947376733451137 0.01953125 0.03067484662576687
0 0.733181826732606 0.5019588549093459 0.01953125 0.03067484662576687
0 0.7423109152862016 0.4816470995999143 0.01953125 0.03067484662576687
0 0.7316603119736733 0.45536129861123803 0.01953125 0.03067484662576687
0 0.7177130933501245 0.4175256759760222 0.01953125 0.03067484662576687
0 0.7103591053486168 0.4211101033835689 0.01953125 0.03067484662576687
0 0.7159379927980364 0.4246945307911158 0.01953125 0.03067484662576687
0 0.7410429863204244 0.4151360577043243 0.01953125 0.03067484662576687
0 0.6715604789958353 0.4330581947420581 0.01953125 0.03067484662576687
0 0.8389960496490395 0.4398799118779725 0.01953125 0.03067484662576687
0 0.8527088612368985 0.43722924287071113 0.01953125 0.03067484662576687
0 0.8438482752878205 0.45578392592154143 0.01953125 0.03067484662576687
0 0.8691642351423294 0.46108526393606425 0.01953125 0.03067484662576687
0 0.853974659229624 0.47201927359101786 0.01953125 0.03067484662576687
0 0.8795015854162539 0.45114525515883375 0.01953125 0.03067484662576687
0 0.8666326391568785 0.4375605764966187 0.01953125 0.03067484662576687
0 0.9005982186283448 0.45412725779200297 0.01953125 0.03067484662576687
0 0.9261251448149747 0.4282832349712035 0.01953125 0.03067484662576687
0 0.8984885553071357 0.44484991626658776 0.01953125 0.03067484662576687
0 0.9556604313119018 0.44286191451114165 0.01953125 0.03067484662576687
0 0.950597239341 0.4607539303101567 0.01953125 0.03067484662576687
0 0.9579810609652318 0.45412725779200297 0.01953125 0.03067484662576687
0 0.97148290622097 0.44352458176295706 0.01953125 0.03067484662576687
0 0.9459559800343401 0.4378919101225263 0.01953125 0.03067484662576687
0 0.9558713976440228 0.43259057210800345 0.01953125 0.03067484662576687
0 0.9780228625167181 0.4690372709578488 0.01953125 0.03067484662576687
0 0.9143110302162037 0.438223243748434 0.01953125 0.03067484662576687
0 0.9060833432634884 0.4355725747411726 0.01953125 0.03067484662576687
0 0.9033407809459166 0.44186791363341854 0.01953125 0.03067484662576687
0 0.8900499020222994 0.4475005852738492 0.01953125 0.03067484662576687
0 0.906716242259851 0.5140986440812938 0.01953125 0.03067484662576687
0 0.9033407809459166 0.5449126712907085 0.01953125 0.03067484662576687
0 0.9018640166210703 0.5929560470473226 0.01953125 0.03067484662576687
0 0.8541856255617449 0.5820220373923691 0.01953125 0.03067484662576687
0 0.8088278641557497 0.4312652376043728 0.01953125 0.03067484662576687
0 0.18615260996999985 0.4222872350126883 0.01953125 0.03067484662576687
0 0.625131930216676 0.42048748797215063 0.01953125 0.03067484662576687
0 0.6556014606862066 0.4197029963901131 0.01953125 0.03067484662576687
0 0.6595974646822106 0.42048748797215063 0.01953125 0.03067484662576687
0 0.587169892254638 0.42127197955418827 0.01953125 0.03067484662576687
0 0.8284286335133794 0.4267634206284514 0.01953125 0.03067484662576687
0 0.8329241380088838 0.4181340132260379 0.01953125 0.03067484662576687
0 0.8369201420048878 0.4236254543003011 0.01953125 0.03067484662576687
0 0.8534036584884043 0.4197029963901131 0.01953125 0.03067484662576687
0 0.8608961659809118 0.4220564711362259 0.01953125 0.03067484662576687
0 0.8708861759709219 0.4291168953745642 0.01953125 0.03067484662576687
0 0.8818751869599328 0.4259789290464138 0.01953125 0.03067484662576687
0 0.8933636984484443 0.4306858785386393 0.01953125 0.03067484662576687
0 0.9058512109359568 0.4228409627182635 0.01953125 0.03067484662576687
