0 0.04848880966528023 0.7973962848297214 0.03367003367003367 0.05263157894736842
0 0.14613586848880963 0.6594705882352941 0.03367003367003367 0.05263157894736842
0 0.3073123390770449 0.7495820433436532 0.03367003367003367 0.05263157894736842
0 0.4331946920182215 0.775328173374613 0.03367003367003367 0.05263157894736842
0 0.5637829273123393 0.7219969040247678 0.03367003367003367 0.05263157894736842
0 0.6449593979005744 0.7036068111455108 0.03367003367003367 0.05263157894736842
0 0.7214299861358686 0.6907337461300309 0.03367003367003367 0.05263157894736842
0 0.7590770449593981 0.6484365325077399 0.03367003367003367 0.05263157894736842
0 0.8202535155476334 0.6521145510835914 0.03367003367003367 0.05263157894736842
0 0.9684888096652804 0.733030959752322 0.03367003367003367 0.05263157894736842
0 0.9426064567241039 0.6263684210526316 0.03367003367003367 0.05263157894736842
0 0.970841750841751 0.519705882352941 0.03367003367003367 0.05263157894736842
0 0.9096652802535158 0.527061919504644 0.03367003367003367 0.05263157894736842
0 0.8484888096652804 0.5675201238390092 0.03367003367003367 0.05263157894736842
0 0.7790770449593981 0.5656811145510835 0.03367003367003367 0.05263157894736842
0 0.7273123390770451 0.5546470588235293 0.03367003367003367 0.05263157894736842
0 0.6049593979005744 0.6263684210526316 0.03367003367003367 0.05263157894736842
0 0.4884888096652802 0.6043003095975232 0.03367003367003367 0.05263157894736842
0 0.41907704495939796 0.642919504643963 0.03367003367003367 0.05263157894736842
0 0.3696652802535156 0.6557925696594427 0.03367003367003367 0.05263157894736842
0 0.30966528025351564 0.6190123839009286 0.03367003367003367 0.05263157894736842
0 0.25201822142998614 0.672343653250774 0.03367003367003367 0.05263157894736842
0 0.10966528025351548 0.6705046439628481 0.03367003367003367 0.05263157894736842
0 0.013194692018221392 0.6447585139318884 0.03367003367003367 0.05263157894736842
0 0.021429986135868426 0.5748761609907121 0.03367003367003367 0.05263157894736842
0 0.0496652802535155 0.4755696594427244 0.03367003367003367 0.05263157894736842
0 0.08495939790057437 0.4774086687306501 0.03367003367003367 0.05263157894736842
0 0.014371162606456668 0.4847647058823528 0.03367003367003367 0.05263157894736842
0 0.14142998613586846 0.4847647058823528 0.03367003367003367 0.05263157894736842
0 0.2414299861358685 0.5564860681114551 0.03367003367003367 0.05263157894736842
0 0.35554763319469207 0.5399349845201239 0.03367003367003367 0.05263157894736842
0 0.47672410378292746 0.5289009287925694 0.03367003367003367 0.05263157894736842
0 0.6402535155476333 0.4755696594427244 0.03367003367003367 0.05263157894736842
0 0.7402535155476333 0.47189164086687296 0.03367003367003367 0.05263157894736842
0 0.7661358684888098 0.4277554179566562 0.03367003367003367 0.05263157894736842
0 0.8249593979005746 0.5031547987616098 0.03367003367003367 0.05263157894736842
0 0.8720182214299863 0.48844272445820425 0.03367003367003367 0.05263157894736842
0 0.970841750841751 0.4277554179566562 0.03367003367003367 0.05263157894736842
0 0.9261358684888099 0.39465325077399366 0.03367003367003367 0.05263157894736842
0 0.8614299861358686 0.4130433436532506 0.03367003367003367 0.05263157894736842
0 0.6720182214299862 0.45901857585139305 0.03367003367003367 0.05263157894736842
0 0.5767241037829274 0.4516625386996903 0.03367003367003367 0.05263157894736842
0 0.5296652802535156 0.43143343653250765 0.03367003367003367 0.05263157894736842
0 0.5837829273123393 0.5233839009287925 0.03367003367003367 0.05263157894736842
0 0.42731233907704497 0.4406284829721361 0.03367003367003367 0.05263157894736842
0 0.32025351554763315 0.4663746130030959 0.03367003367003367 0.05263157894736842
0 0.4026064567241038 0.4516625386996903 0.03367003367003367 0.05263157894736842
0 0.22731233907704498 0.46453560371517016 0.03367003367003367 0.05263157894736842
0 0.17790057437116258 0.4516625386996903 0.03367003367003367 0.05263157894736842
0 0.008488809665280189 0.33764396284829706 0.03367003367003367 0.05263157894736842
0 0.08848880966528021 0.3578730650154797 0.03367003367003367 0.05263157894736842
0 0.11907704495939789 0.3229318885448914 0.03367003367003367 0.05263157894736842
0 0.23201822142998607 0.356034055727554 0.03367003367003367 0.05263157894736842
0 0.24025351554763322 0.40752631578947357 0.03367003367003367 0.05263157894736842
0 0.2531946920182214 0.4443065015479875 0.03367003367003367 0.05263157894736842
0 0.30260645672410375 0.4203993808049534 0.03367003367003367 0.05263157894736842
0 0.34731233907704495 0.4148823529411763 0.03367003367003367 0.05263157894736842
0 0.31672410378292737 0.35419504643962835 0.03367003367003367 0.05263157894736842
0 0.33554763319469205 0.374424148606811 0.03367003367003367 0.05263157894736842
0 0.4002535155476332 0.3578730650154797 0.03367003367003367 0.05263157894736842
0 0.49084175084175097 0.3689071207430339 0.03367003367003367 0.05263157894736842
0 0.4731946920182215 0.3836191950464395 0.03367003367003367 0.05263157894736842
0 0.5920182214299863 0.3689071207430339 0.03367003367003367 0.05263157894736842
0 0.6202535155476333 0.34132198142414844 0.03367003367003367 0.05263157894736842
0 0.6826064567241037 0.4001702786377707 0.03367003367003367 0.05263157894736842
0 0.6861358684888098 0.34132198142414844 0.03367003367003367 0.05263157894736842
0 0.7155476331946922 0.3284489164086686 0.03367003367003367 0.05263157894736842
0 0.8496652802535156 0.3707461300309596 0.03367003367003367 0.05263157894736842
0 0.9131946920182216 0.34132198142414844 0.03367003367003367 0.05263157894736842
0 0.9520182214299864 0.33028792569659426 0.03367003367003367 0.05263157894736842
0 0.9931946920182216 0.3707461300309596 0.03367003367003367 0.05263157894736842
0 0.9896652802535157 0.3027027863777089 0.03367003367003367 0.05263157894736842
0 0.9579005743711628 0.26040557275541776 0.03367003367003367 0.05263157894736842
0 0.9037829273123393 0.30454179566563444 0.03367003367003367 0.05263157894736842
0 0.8767241037829274 0.2787956656346748 0.03367003367003367 0.05263157894736842
0 0.8779005743711629 0.3082198142414859 0.03367003367003367 0.05263157894736842
0 0.8684888096652804 0.34499999999999986 0.03367003367003367 0.05263157894736842
0 0.8131946920182216 0.3155758513931888 0.03367003367003367 0.05263157894736842
0 0.8061358684888099 0.28982972136222895 0.03367003367003367 0.05263157894736842
0 0.8226064567241039 0.2787956656346748 0.03367003367003367 0.05263157894736842
0 0.8402535155476334 0.3027027863777089 0.03367003367003367 0.05263157894736842
0 0.7590770449593981 0.29718575851393175 0.03367003367003367 0.05263157894736842
0 0.7320182214299862 0.3210928792569658 0.03367003367003367 0.05263157894736842
0 0.7990770449593979 0.37994117647058806 0.03367003367003367 0.05263157894736842
0 0.774371162606457 0.33764396284829706 0.03367003367003367 0.05263157894736842
0 0.7308417508417511 0.4020092879256965 0.03367003367003367 0.05263157894736842
0 0.6814299861358687 0.29902476780185744 0.03367003367003367 0.05263157894736842
0 0.5849593979005745 0.3174148606811144 0.03367003367003367 0.05263157894736842
0 0.5837829273123393 0.2732786377708976 0.03367003367003367 0.05263157894736842
0 0.6061358684888097 0.2548885448916406 0.03367003367003367 0.05263157894736842
0 0.6496652802535158 0.24753250773993793 0.03367003367003367 0.05263157894736842
0 0.367312339077045 0.40752631578947357 0.03367003367003367 0.05263157894736842
0 0.42848880966528025 0.3358049535603713 0.03367003367003367 0.05263157894736842
0 0.41319469201822145 0.3027027863777089 0.03367003367003367 0.05263157894736842
0 0.3296652802535156 0.3155758513931888 0.03367003367003367 0.05263157894736842
0 0.19790057437116257 0.29534674922600596 0.03367003367003367 0.05263157894736842
0 0.11672410378292723 0.27143962848297193 0.03367003367003367 0.05263157894736842
0 0.04525351554763323 0.2559133126934985 0.03367003367003367 0.05263157894736842
0 0.06113586848880966 0.2200526315789474 0.03367003367003367 0.05263157894736842
0 0.08407704495939794 0.2752229102167183 0.03367003367003367 0.05263157894736842
0 0.002900574371162624 0.24304024767801857 0.03367003367003367 0.05263157894736842
0 0.022900574371162618 0.21729411764705883 0.03367003367003367 0.05263157894736842
0 0.004665280253515563 0.20442105263157898 0.03367003367003367 0.05263157894736842
0 0.009959397900574382 0.14649226006191957 0.03367003367003367 0.05263157894736842
0 0.025841750841750857 0.17223839009287925 0.03367003367003367 0.05263157894736842
0 0.06348880966528027 0.1749969040247678 0.03367003367003367 0.05263157894736842
0 0.08760645672410382 0.1538482972136223 0.03367003367003367 0.05263157894736842
0 0.1334888096652803 0.186030959752322 0.03367003367003367 0.05263157894736842
0 0.1664299861358685 0.22648916408668734 0.03367003367003367 0.05263157894736842
0 0.18878292731233914 0.21729411764705883 0.03367003367003367 0.05263157894736842
0 0.172312339077045 0.27246439628482977 0.03367003367003367 0.05263157894736842
0 0.21407704495939794 0.2393622291021672 0.03367003367003367 0.05263157894736842
0 0.24054763319469205 0.25959133126934986 0.03367003367003367 0.05263157894736842
0 0.24584175084175083 0.3055665634674923 0.03367003367003367 0.05263157894736842
0 0.27172410378292733 0.2559133126934985 0.03367003367003367 0.05263157894736842
0 0.33172410378292727 0.23292569659442725 0.03367003367003367 0.05263157894736842
0 0.3417241037829274 0.270625386996904 0.03367003367003367 0.05263157894736842
0 0.3640770449593979 0.2963715170278638 0.03367003367003367 0.05263157894736842
0 0.38937116260645677 0.24763777089783284 0.03367003367003367 0.05263157894736842
0 0.36819469201822147 0.21821362229102167 0.03367003367003367 0.05263157894736842
0 0.36819469201822147 0.2513157894736842 0.03367003367003367 0.05263157894736842
0 0.39348880966528027 0.19798452012383902 0.03367003367003367 0.05263157894736842
0 0.43642998613586853 0.29729102167182664 0.03367003367003367 0.05263157894736842
0 0.4664299861358686 0.26878637770897834 0.03367003367003367 0.05263157894736842
0 0.48819469201822147 0.2605108359133127 0.03367003367003367 0.05263157894736842
0 0.48231233907704496 0.32211764705882356 0.03367003367003367 0.05263157894736842
0 0.4758417508417508 0.2071795665634675 0.03367003367003367 0.05263157894736842
0 0.484077044959398 0.23660371517027867 0.03367003367003367 0.05263157894736842
0 0.45054763319469204 0.1915479876160991 0.03367003367003367 0.05263157894736842
0 0.4217241037829273 0.18878947368421056 0.03367003367003367 0.05263157894736842
0 0.46348880966528033 0.17591640866873068 0.03367003367003367 0.05263157894736842
0 0.45878292731233905 0.14557275541795664 0.03367003367003367 0.05263157894736842
0 0.47348880966528023 0.12074613003095973 0.03367003367003367 0.05263157894736842
0 0.4799593979005744 0.09683900928792573 0.03367003367003367 0.05263157894736842
0 0.48878292731233913 0.07477089783281733 0.03367003367003367 0.05263157894736842
0 0.4811358684888098 0.05362229102167183 0.03367003367003367 0.05263157894736842
0 0.4870182214299861 0.026037151702786407 0.03367003367003367 0.05263157894736842
0 0.4676064567241038 0.05821981424148607 0.03367003367003367 0.05263157894736842
0 0.4517241037829274 0.03707120743034057 0.03367003367003367 0.05263157894736842
0 0.4605476331946921 0.08212693498452016 0.03367003367003367 0.05263157894736842
0 0.44290057437116265 0.11339009287925698 0.03367003367003367 0.05263157894736842
0 0.45701822142998616 0.10879256965944273 0.03367003367003367 0.05263157894736842
0 0.4299593979005744 0.08580495356037156 0.03367003367003367 0.05263157894736842
0 0.4181946920182214 0.11430959752321981 0.03367003367003367 0.05263157894736842
0 0.4293711626064568 0.14925077399380807 0.03367003367003367 0.05263157894736842
0 0.41054763319469206 0.12718266253869973 0.03367003367003367 0.05263157894736842
0 0.39466528025351555 0.09408049535603714 0.03367003367003367 0.05263157894736842
0 0.4058417508417509 0.09132198142414857 0.03367003367003367 0.05263157894736842
0 0.4040770449593979 0.07201238390092882 0.03367003367003367 0.05263157894736842
0 0.4158417508417509 0.07109287925696592 0.03367003367003367 0.05263157894736842
0 0.4240770449593979 0.030634674922600656 0.03367003367003367 0.05263157894736842
0 0.3999593979005744 0.026037151702786407 0.03367003367003367 0.05263157894736842
0 0.3858417508417509 0.03891021671826625 0.03367003367003367 0.05263157894736842
0 0.374077044959398 0.06189783281733748 0.03367003367003367 0.05263157894736842
0 0.39466528025351555 0.1290216718266254 0.03367003367003367 0.05263157894736842
0 0.3670182214299862 0.16856037151702788 0.03367003367003367 0.05263157894736842
0 0.38290057437116265 0.17591640866873068 0.03367003367003367 0.05263157894736842
0 0.4311358684888097 0.11798761609907123 0.03367003367003367 0.05263157894736842
0 0.44290057437116265 0.023278637770897826 0.03367003367003367 0.05263157894736842
0 0.43878292731233903 0.03707120743034057 0.03367003367003367 0.05263157894736842
0 0.47819469201822157 0.003969040247677999 0.03367003367003367 0.05263157894736842
0 0.46348880966528033 0.03615170278637774 0.03367003367003367 0.05263157894736842
0 0.4558417508417508 0.010405572755417992 0.03367003367003367 0.05263157894736842
0 0.4129005743711626 0.011325077399380826 0.03367003367003367 0.05263157894736842
0 0.39113586848880966 0.013164086687306497 0.03367003367003367 0.05263157894736842
0 0.36937116260645675 0.019600619195046416 0.03367003367003367 0.05263157894736842
0 0.37525351554763325 0.03615170278637774 0.03367003367003367 0.05263157894736842
0 0.3652535155476332 0.06373684210526316 0.03367003367003367 0.05263157894736842
0 0.3570182214299862 0.07477089783281733 0.03367003367003367 0.05263157894736842
0 0.34701822142998623 0.09408049535603714 0.03367003367003367 0.05263157894736842
0 0.36466528025351563 0.12258513931888547 0.03367003367003367 0.05263157894736842
0 0.374077044959398 0.10695356037151706 0.03367003367003367 0.05263157894736842
0 0.3476064567241038 0.13086068111455115 0.03367003367003367 0.05263157894736842
0 0.32348880966528026 0.19798452012383902 0.03367003367003367 0.05263157894736842
0 0.31760645672410376 0.16488235294117648 0.03367003367003367 0.05263157894736842
0 0.32995939790057444 0.13729721362229105 0.03367003367003367 0.05263157894736842
0 0.31878292731233904 0.12626315789473688 0.03367003367003367 0.05263157894736842
0 0.3181946920182215 0.09591950464396282 0.03367003367003367 0.05263157894736842
0 0.3293711626064567 0.09499999999999999 0.03367003367003367 0.05263157894736842
0 0.3311358684888097 0.05821981424148607 0.03367003367003367 0.05263157894736842
0 0.30937116260645675 0.029715170278637747 0.03367003367003367 0.05263157894736842
0 0.3046652802535155 0.013164086687306497 0.03367003367003367 0.05263157894736842
0 0.2934888096652803 0.019600619195046416 0.03367003367003367 0.05263157894736842
0 0.3129005743711627 0.006727554179566578 0.03367003367003367 0.05263157894736842
0 0.3264299861358685 0.016842105263157908 0.03367003367003367 0.05263157894736842
0 0.330547633194692 0.03615170278637774 0.03367003367003367 0.05263157894736842
0 0.3452535155476332 0.06189783281733748 0.03367003367003367 0.05263157894736842
0 0.35407704495939796 0.05270278637770899 0.03367003367003367 0.05263157894736842
0 0.2987829273123391 0.07477089783281733 0.03367003367003367 0.05263157894736842
0 0.3064299861358685 0.10051702786377707 0.03367003367003367 0.05263157894736842
0 0.2676064567241038 0.20074303405572755 0.03367003367003367 0.05263157894736842
0 0.24878292731233909 0.2338452012383901 0.03367003367003367 0.05263157894736842
0 0.23819469201822144 0.1878699690402477 0.03367003367003367 0.05263157894736842
0 0.29113586848880973 0.2071795665634675 0.03367003367003367 0.05263157894736842
0 0.28466528025351556 0.10695356037151706 0.03367003367003367 0.05263157894736842
0 0.282312339077045 0.08856346749226007 0.03367003367003367 0.05263157894736842
0 0.26466528025351554 0.0655758513931889 0.03367003367003367 0.05263157894736842
0 0.27407704495939794 0.03891021671826625 0.03367003367003367 0.05263157894736842
0 0.2834888096652803 0.04534674922600623 0.03367003367003367 0.05263157894736842
0 0.3005476331946921 0.047185758513931905 0.03367003367003367 0.05263157894736842
0 0.2658417508417508 0.010405572755417992 0.03367003367003367 0.05263157894736842
0 0.24290057437116266 0.042588235294117656 0.03367003367003367 0.05263157894736842
0 0.2287829273123391 0.042588235294117656 0.03367003367003367 0.05263157894736842
0 0.24466528025351555 0.06373684210526316 0.03367003367003367 0.05263157894736842
0 0.24584175084175083 0.09224148606811149 0.03367003367003367 0.05263157894736842
0 0.2299593979005744 0.07844891640866875 0.03367003367003367 0.05263157894736842
0 0.25466528025351554 0.12166563467492264 0.03367003367003367 0.05263157894736842
0 0.2164299861358685 0.1501702786377709 0.03367003367003367 0.05263157894736842
0 0.2129005743711626 0.19246749226006193 0.03367003367003367 0.05263157894736842
0 0.1940770449593979 0.17959442724458205 0.03367003367003367 0.05263157894736842
0 0.16054763319469204 0.16947987616099072 0.03367003367003367 0.05263157894736842
0 0.17172410378292735 0.10879256965944273 0.03367003367003367 0.05263157894736842
0 0.1987829273123391 0.08856346749226007 0.03367003367003367 0.05263157894736842
0 0.2064299861358685 0.11798761609907123 0.03367003367003367 0.05263157894736842
0 0.2211358684888097 0.1078730650154799 0.03367003367003367 0.05263157894736842
0 0.23231233907704496 0.10879256965944273 0.03367003367003367 0.05263157894736842
0 0.2187829273123391 0.0894829721362229 0.03367003367003367 0.05263157894736842
0 0.19995939790057438 0.07017337461300314 0.03367003367003367 0.05263157894736842
0 0.21348880966528025 0.04902476780185758 0.03367003367003367 0.05263157894736842
0 0.19937116260645674 0.03891021671826625 0.03367003367003367 0.05263157894736842
0 0.21701822142998617 0.015003095975232165 0.03367003367003367 0.05263157894736842
0 0.18701822142998614 0.042588235294117656 0.03367003367003367 0.05263157894736842
0 0.17172410378292735 0.03247368421052633 0.03367003367003367 0.05263157894736842
0 0.24584175084175083 0.12626315789473688 0.03367003367003367 0.05263157894736842
0 0.23878292731233908 0.1667213622291022 0.03367003367003367 0.05263157894736842
0 0.18231233907704497 0.0839659442724458 0.03367003367003367 0.05263157894736842
0 0.18584175084175086 0.0683343653250774 0.03367003367003367 0.05263157894736842
0 0.14584175084175088 0.03431269349845199 0.03367003367003367 0.05263157894736842
0 0.13466528025351557 0.029715170278637747 0.03367003367003367 0.05263157894736842
0 0.15348880966528028 0.05270278637770899 0.03367003367003367 0.05263157894736842
0 0.14290057437116263 0.10327554179566564 0.03367003367003367 0.05263157894736842
0 0.14466528025351555 0.07844891640866875 0.03367003367003367 0.05263157894736842
0 0.11113586848880969 0.09408049535603714 0.03367003367003367 0.05263157894736842
0 0.11054763319469205 0.029715170278637747 0.03367003367003367 0.05263157894736842
0 0.09172410378292734 0.03615170278637774 0.03367003367003367 0.05263157894736842
0 0.06584175084175085 0.008566563467492247 0.03367003367003367 0.05263157894736842
0 0.04937116260645675 0.010405572755417992 0.03367003367003367 0.05263157894736842
0 0.005253515547633201 0.023278637770897826 0.03367003367003367 0.05263157894736842
0 0.035841750841750855 0.04902476780185758 0.03367003367003367 0.05263157894736842
0 0.031135868488809674 0.07201238390092882 0.03367003367003367 0.05263157894736842
0 0.027606456724103796 0.1078730650154799 0.03367003367003367 0.05263157894736842
0 0.036429986135868515 0.11614860681114549 0.03367003367003367 0.05263157894736842
0 0.055841750841750866 0.11614860681114549 0.03367003367003367 0.05263157894736842
0 0.10290057437116261 0.12442414860681114 0.03367003367003367 0.05263157894736842
0 0.12937116260645676 0.15292879256965947 0.03367003367003367 0.05263157894736842
0 0.1276064567241038 0.1326996904024768 0.03367003367003367 0.05263157894736842
0 0.08172410378292734 0.05821981424148607 0.03367003367003367 0.05263157894736842
0 0.06231233907704499 0.07201238390092882 0.03367003367003367 0.05263157894736842
0 0.05290057437116263 0.03707120743034057 0.03367003367003367 0.05263157894736842
0 0.06054763319469202 0.08764396284829723 0.03367003367003367 0.05263157894736842
0 0.10937116260645673 0.006727554179566578 0.03367003367003367 0.05263157894736842
0 0.23701822142998616 0.0894829721362229 0.03367003367003367 0.05263157894736842
0 0.667721162606457 0.36376708978328187 0.03367003367003367 0.05263157894736842
0 0.57676925949227 0.22275077581496971 0.03367003367003367 0.05263157894736842
0 0.5442336193538616 0.1973216044436348 0.03367003367003367 0.05263157894736842
0 0.5250080138175294 0.23315361864869763 0.03367003367003367 0.05263157894736842
0 0.5087401937483254 0.22275077581496971 0.03367003367003367 0.05263157894736842
0 0.5205713356168374 0.1973216044436348 0.03367003367003367 0.05263157894736842
0 0.5190924428832735 0.16033371881260222 0.03367003367003367 0.05263157894736842
0 0.5065218546479793 0.14761913312693473 0.03367003367003367 0.05263157894736842
0 0.5124374255822353 0.12103409032963008 0.03367003367003367 0.05263157894736842
0 0.49986683734694126 0.1129429903478417 0.03367003367003367 0.05263157894736842
0 0.5094796401151074 0.08751381897650674 0.03367003367003367 0.05263157894736842
0 0.5190924428832735 0.07479923329083929 0.03367003367003367 0.05263157894736842
0 0.5250080138175294 0.05630529047532304 0.03367003367003367 0.05263157894736842
0 0.5146557646825813 0.03549960480786714 0.03367003367003367 0.05263157894736842
0 0.5346208165856955 0.04705831906756484 0.03367003367003367 0.05263157894736842
0 0.485077910011301 0.027408504826078758 0.03367003367003367 0.05263157894736842
0 0.5715931349247959 0.06439639045711142 0.03367003367003367 0.05263157894736842
0 0.5575436539559377 0.07711097614277879 0.03367003367003367 0.05263157894736842
0 0.5568042075891557 0.05746116190129279 0.03367003367003367 0.05263157894736842
0 0.5605014394230659 0.03896721908577645 0.03367003367003367 0.05263157894736842
0 0.5634592248901938 0.14877500455290446 0.03367003367003367 0.05263157894736842
0 0.5597619930562838 0.1279693188854487 0.03367003367003367 0.05263157894736842
0 0.5420152802535156 0.1152547331997812 0.03367003367003367 0.05263157894736842
0 0.581945384059744 0.18576289018393713 0.03367003367003367 0.05263157894736842
0 0.5915581868279102 0.20194509014751388 0.03367003367003367 0.05263157894736842
0 0.6093048996306784 0.21697141868512088 0.03367003367003367 0.05263157894736842
0 0.6462772179697786 0.20310096157348365 0.03367003367003367 0.05263157894736842
0 0.6300093979005745 0.21812729011109067 0.03367003367003367 0.05263157894736842
0 0.6314882906341385 0.24355646148242555 0.03367003367003367 0.05263157894736842
0 0.8932523044749691 0.22159490438899992 0.03367003367003367 0.05263157894736842
0 0.8333571487656264 0.22968600437078832 0.03367003367003367 0.05263157894736842
0 0.8185682214299863 0.24355646148242555 0.03367003367003367 0.05263157894736842
0 0.7912087058590521 0.27245324713166974 0.03367003367003367 0.05263157894736842
0 0.7549758338867337 0.2308418757967581 0.03367003367003367 0.05263157894736842
0 0.7564547266202977 0.1892305044618464 0.03367003367003367 0.05263157894736842
0 0.7734619930562839 0.1730483044982696 0.03367003367003367 0.05263157894736842
0 0.7631097439213358 0.14183977599708592 0.03367003367003367 0.05263157894736842
0 0.7320529965164915 0.19500986159169525 0.03367003367003367 0.05263157894736842
0 0.7298346574161455 0.25858279002003254 0.03367003367003367 0.05263157894736842
0 0.6936017854438271 0.22275077581496971 0.03367003367003367 0.05263157894736842
0 0.6743761799074949 0.20194509014751388 0.03367003367003367 0.05263157894736842
0 0.6662422698728928 0.19385399016572552 0.03367003367003367 0.05263157894736842
0 0.6603266989386368 0.16380133309051148 0.03367003367003367 0.05263157894736842
0 0.9346613010147615 0.1302810617373882 0.03367003367003367 0.05263157894736842
0 0.9280062837137235 0.16264546166454172 0.03367003367003367 0.05263157894736842
0 0.9073017854438273 0.20078921872154412 0.03367003367003367 0.05263157894736842
0 0.903604553609917 0.1730483044982696 0.03367003367003367 0.05263157894736842
0 0.9768097439213359 0.21003619012930227 0.03367003367003367 0.05263157894736842
0 0.9879014394230662 0.26205040429794185 0.03367003367003367 0.05263157894736842
0 0.9575841383850037 0.1903863758878162 0.03367003367003367 0.05263157894736842
0 0.9871619930562842 0.09907253323620444 0.03367003367003367 0.05263157894736842
0 0.99677479582445 0.07248749043889981 0.03367003367003367 0.05263157894736842
0 0.9819858684888099 0.08751381897650674 0.03367003367003367 0.05263157894736842
0 0.9657180484196056 0.16495720451648122 0.03367003367003367 0.05263157894736842
0 0.9827253148555918 0.1302810617373882 0.03367003367003367 0.05263157894736842
0 0.9598024774853496 0.059772904753232284 0.03367003367003367 0.05263157894736842
0 0.9435346574161454 0.06439639045711142 0.03367003367003367 0.05263157894736842
0 0.9368796401151075 0.07942271899471837 0.03367003367003367 0.05263157894736842
0 0.9354007473815434 0.03434373338189739 0.03367003367003367 0.05263157894736842
0 0.9354007473815434 0.10485189036605333 0.03367003367003367 0.05263157894736842
0 0.9117384636445193 0.06439639045711142 0.03367003367003367 0.05263157894736842
0 0.9169145882119932 0.10600776179202308 0.03367003367003367 0.05263157894736842
0 0.9065623390770453 0.13143693316335797 0.03367003367003367 0.05263157894736842
0 0.8695900207379449 0.0516818047714439 0.03367003367003367 0.05263157894736842
0 0.8777239307725468 0.1360604188672371 0.03367003367003367 0.05263157894736842
0 0.8518433079351766 0.1707365616463301 0.03367003367003367 0.05263157894736842
0 0.8651533425372526 0.15571023310872312 0.03367003367003367 0.05263157894736842
0 0.8496249688348306 0.19500986159169525 0.03367003367003367 0.05263157894736842
0 0.8267021314645885 0.12334583318156958 0.03367003367003367 0.05263157894736842
0 0.8156104359628584 0.1441515188490255 0.03367003367003367 0.05263157894736842
0 0.8074765259282563 0.20194509014751388 0.03367003367003367 0.05263157894736842
0 0.7926875985926161 0.1406839045711161 0.03367003367003367 0.05263157894736842
0 0.7971242767933081 0.1175664760517207 0.03367003367003367 0.05263157894736842
0 0.780856456724104 0.11178711892187196 0.03367003367003367 0.05263157894736842
0 0.7742014394230659 0.2192831615370604 0.03367003367003367 0.05263157894736842
0 0.7912087058590521 0.08520207612456718 0.03367003367003367 0.05263157894736842
0 0.8207865605303323 0.06092877617920203 0.03367003367003367 0.05263157894736842
0 0.8222654532638963 0.09791666181023469 0.03367003367003367 0.05263157894736842
0 0.8222654532638963 0.0401230905117462 0.03367003367003367 0.05263157894736842
0 0.7771592248901938 0.06670813330905091 0.03367003367003367 0.05263157894736842
0 0.7564547266202977 0.10947537606993231 0.03367003367003367 0.05263157894736842
0 0.7320529965164915 0.10022840466217418 0.03367003367003367 0.05263157894736842
0 0.7231796401151074 0.08173446184665793 0.03367003367003367 0.05263157894736842
0 0.7224401937483255 0.06901987616099041 0.03367003367003367 0.05263157894736842
0 0.7239190864818894 0.05746116190129279 0.03367003367003367 0.05263157894736842
0 0.7069118200459031 0.06555226188308116 0.03367003367003367 0.05263157894736842
0 0.697299017277737 0.07133161901292998 0.03367003367003367 0.05263157894736842
0 0.7024751418452112 0.10022840466217418 0.03367003367003367 0.05263157894736842
0 0.6765945190078408 0.10831950464396256 0.03367003367003367 0.05263157894736842
0 0.7217007473815434 0.15224261883081386 0.03367003367003367 0.05263157894736842
0 0.6351855224680485 0.05630529047532304 0.03367003367003367 0.05263157894736842
0 0.6470166643365606 0.04705831906756484 0.03367003367003367 0.05263157894736842
0 0.6721578408071489 0.044746576215625264 0.03367003367003367 0.05263157894736842
0 0.678812858108187 0.0516818047714439 0.03367003367003367 0.05263157894736842
0 0.6484955570701247 0.08404620469859743 0.03367003367003367 0.05263157894736842
0 0.6692000553400209 0.09098143325441606 0.03367003367003367 0.05263157894736842
0 0.6056076677967682 0.03434373338189739 0.03367003367003367 0.05263157894736842
0 0.597473757762166 0.0401230905117462 0.03367003367003367 0.05263157894736842
0 0.5893398477275641 0.07479923329083929 0.03367003367003367 0.05263157894736842
0 0.5886004013607822 0.04359070478965552 0.03367003367003367 0.05263157894736842
0 0.6218754878659725 0.06901987616099041 0.03367003367003367 0.05263157894736842
0 0.6130021314645883 0.10831950464396256 0.03367003367003367 0.05263157894736842
0 0.58416372316009 0.12912519031141848 0.03367003367003367 0.05263157894736842
0 0.5782481522258339 0.1406839045711161 0.03367003367003367 0.05263157894736842
0 0.6632844844057648 0.21350380440721156 0.03367003367003367 0.05263157894736842
0 0.6322277370009205 0.16264546166454172 0.03367003367003367 0.05263157894736842
0 0.5397969411531697 0.03434373338189739 0.03367003367003367 0.05263157894736842
0 0.5479308511877716 0.04705831906756484 0.03367003367003367 0.05263157894736842
0 0.7069118200459031 0.03665547623383689 0.03367003367003367 0.05263157894736842
0 0.7357502283504015 0.032031990529957824 0.03367003367003367 0.05263157894736842
0 0.7475813702189136 0.04705831906756484 0.03367003367003367 0.05263157894736842
0 0.7690253148555918 0.03434373338189739 0.03367003367003367 0.05263157894736842
0 0.7608914048209898 0.055149419049353214 0.03367003367003367 0.05263157894736842
0 0.9561052456514395 0.02129737570570023 0.03367003367003367 0.05263157894736842
0 0.9901197785234117 0.008582790020032784 0.03367003367003367 0.05263157894736842
0 0.9701547266202976 0.15422258969222355 0.03367003367003367 0.05263157894736842
0 0.9960353494576679 0.19121047532325616 0.03367003367003367 0.05263157894736842
0 0.8865972871739308 0.008582790020032784 0.03367003367003367 0.05263157894736842
0 0.9354007473815433 0.017829761427790917 0.03367003367003367 0.05263157894736842
0 0.8814211626064569 0.029388475687488612 0.03367003367003367 0.05263157894736842
0 0.9132173563780831 0.03516783281733742 0.03367003367003367 0.05263157894736842
0 0.8710689134715087 0.009738661446002533 0.03367003367003367 0.05263157894736842
0 0.8636744498036886 0.0236091185576398 0.03367003367003367 0.05263157894736842
0 0.682510089942097 0.013206275723911849 0.03367003367003367 0.05263157894736842
0 0.6632844844057648 0.032856089965397926 0.03367003367003367 0.05263157894736842
0 0.6551505743711628 0.02129737570570023 0.03367003367003367 0.05263157894736842
0 0.6240938269663185 0.02129737570570023 0.03367003367003367 0.05263157894736842
0 0.6425799861358686 0.013206275723911849 0.03367003367003367 0.05263157894736842
0 0.5383180484196056 0.025920861409579294 0.03367003367003367 0.05263157894736842
0 0.5797270449593981 0.005115175742123468 0.03367003367003367 0.05263157894736842
0 0.5900792940943461 0.016673890001821165 0.03367003367003367 0.05263157894736842
0 0.578248152225834 0.037479575669276996 0.03367003367003367 0.05263157894736842
0 0.5619803321566298 0.008582790020032784 0.03367003367003367 0.05263157894736842
0 0.4961696055130313 0.018985632853760658 0.03367003367003367 0.05263157894736842
0 0.4998668373469413 0.01089453287197228 0.03367003367003367 0.05263157894736842
0 0.5545858684888098 0.016673890001821165 0.03367003367003367 0.05263157894736842
0 0.5930370795614742 0.0004916900382444043 0.03367003367003367 0.05263157894736842
0 0.5353602629524776 0.0663763613185212 0.03367003367003367 0.05263157894736842
0 0.7631097439213357 0.008582790020032784 0.03367003367003367 0.05263157894736842
0 0.7320529965164915 0.02129737570570023 0.03367003367003367 0.05263157894736842
0 0.7734619930562838 0.017829761427790917 0.03367003367003367 0.05263157894736842
0 0.8141315432292942 0.024764989983609546 0.03367003367003367 0.05263157894736842
0 0.7076512664126853 0.008582790020032784 0.03367003367003367 0.05263157894736842
0 0.6070865605303323 0.05944113276270256 0.03367003367003367 0.05263157894736842
0 0.5257474601843116 0.341473760699326 0.03367003367003367 0.05263157894736842
0 0.678443134924796 0.2409129466399562 0.03367003367003367 0.05263157894736842
0 0.6422102629524777 0.03170021853942818 0.03367003367003367 0.05263157894736842
0 0.7176337923642424 0.025920861409579294 0.03367003367003367 0.05263157894736842
0 0.7997123390770452 0.02129737570570023 0.03367003367003367 0.05263157894736842
0 0.6961898477275643 0.25478340375159336 0.03367003367003367 0.05263157894736842
0 0.5616106089732389 0.10452011837552354 0.03367003367003367 0.05263157894736842
0 0.3375583598382909 0.17618414678564917 0.03367003367003367 0.05263157894736842
0 0.6932320622604361 0.0236091185576398 0.03367003367003367 0.05263157894736842
0 0.901386214509571 0.03434373338189792 0.03367003367003367 0.05263157894736842
0 0.00813500343690693 0.05746116190129316 0.03367003367003367 0.05263157894736842
0 0.08503742558223557 0.18229527590602826 0.03367003367003367 0.05263157894736842
0 0.06876960551303143 0.036655476233837414 0.03367003367003367 0.05263157894736842
0 0.78307479582445 0.03203199052995827 0.03367003367003367 0.05263157894736842
0 0.8407516124334464 0.011226304862502371 0.03367003367003367 0.05263157894736842
0 0.12469901727773701 0.10798773265343285 0.03367003367003367 0.05263157894736842
0 0.1594529965164913 0.024764989983609546 0.03367003367003367 0.05263157894736842
0 0.26149659513240825 0.03863544709524674 0.03367003367003367 0.05263157894736842
0 0.3517090518798131 0.03979131852121656 0.03367003367003367 0.05263157894736842
0 0.31843396537462276 0.06290874704061188 0.03367003367003367 0.05263157894736842
0 0.040402131464588244 0.17156066108177012 0.03367003367003367 0.05263157894736842
0 0.35023015914624905 0.17156066108177012 0.03367003367003367 0.05263157894736842
0 0.8529524774853496 0.05944113276270256 0.03367003367003367 0.05263157894736842
0 0.18415843415843422 0.010974551764025807 0.03367003367003367 0.05263157894736842
0 0.1471953971953973 0.006289762868710556 0.03367003367003367 0.05263157894736842
0 0.9014411514411513 0.01409774436090249 0.03367003367003367 0.05263157894736842
