0 0.08093894675925917 0.9062897699461577 0.01953125 0.02936857562408223
0 0.1351273148148148 0.9099934736498614 0.01953125 0.02936857562408223
0 0.08668619791666667 0.8112280415510958 0.01953125 0.02936857562408223
0 0.05302372685185181 0.7359193995757873 0.01953125 0.02936857562408223
0 0.08340205439814814 0.7174008810572688 0.01953125 0.02936857562408223
0 0.005403645833333305 0.7112280415510959 0.01953125 0.02936857562408223
0 0.1154224537037037 0.7433268069831946 0.01953125 0.02936857562408223
0 0.1761791087962963 0.7877712514276392 0.01953125 0.02936857562408223
0 0.23036747685185185 0.845795942785664 0.01953125 0.02936857562408223
0 0.3067238136574075 0.8815984119214663 0.01953125 0.02936857562408223
0 0.3781539351851852 0.9272774242671453 0.01953125 0.02936857562408223
0 0.4323423032407408 0.8902403872301083 0.01953125 0.02936857562408223
0 0.4865306712962963 0.948265078588133 0.01953125 0.02936857562408223
0 0.5522135416666668 0.8383885353782564 0.01953125 0.02936857562408223
0 0.5883391203703705 0.7927095230325774 0.01953125 0.02936857562408223
0 0.6367802372685186 0.9396231032794911 0.01953125 0.02936857562408223
0 0.6220015914351853 0.8692527329091205 0.01953125 0.02936857562408223
0 0.6811161747685186 0.7470305106868983 0.01953125 0.02936857562408223
0 0.6622323495370371 0.6927095230325774 0.01953125 0.02936857562408223
0 0.591623263888889 0.7124626094523304 0.01953125 0.02936857562408223
0 0.7607566550925927 0.7951786588350465 0.01953125 0.02936857562408223
0 0.7418728298611112 0.8853021156251699 0.01953125 0.02936857562408223
0 0.7870298032407409 0.9544379180943059 0.01953125 0.02936857562408223
0 0.851070601851852 0.8420922390819602 0.01953125 0.02936857562408223
0 0.857638888888889 0.7445613748844292 0.01953125 0.02936857562408223
0 0.768967013888889 0.6828329798227007 0.01953125 0.02936857562408223
0 0.759935619212963 0.7457959427856639 0.01953125 0.02936857562408223
0 0.7944191261574075 0.5235737205634415 0.01953125 0.02936857562408223
0 0.8740596064814815 0.5655490292054168 0.01953125 0.02936857562408223
0 0.8732385706018521 0.5025860662424539 0.01953125 0.02936857562408223
0 0.851070601851852 0.4803638440202317 0.01953125 0.02936857562408223
0 0.860101996527778 0.4445613748844292 0.01953125 0.02936857562408223
0 0.8067346643518519 0.4692527329091205 0.01953125 0.02936857562408223
0 0.777998408564815 0.48900581932887366 0.01953125 0.02936857562408223
0 0.7944191261574075 0.4445613748844292 0.01953125 0.02936857562408223
0 0.8067346643518519 0.41493174525479953 0.01953125 0.02936857562408223
0 0.8543547453703705 0.4025860662424539 0.01953125 0.02936857562408223
0 0.7361255787037038 0.5569070538967749 0.01953125 0.02936857562408223
0 0.7254521122685186 0.5211045847609724 0.01953125 0.02936857562408223
0 0.7410517939814816 0.48653668352640456 0.01953125 0.02936857562408223
0 0.7525462962962964 0.4902403872301082 0.01953125 0.02936857562408223
0 0.7328414351851853 0.5013514983412193 0.01953125 0.02936857562408223
0 0.7377676504629631 0.43715396747702173 0.01953125 0.02936857562408223
0 0.6844003182870372 0.4606107576004786 0.01953125 0.02936857562408223
0 0.6991789641203705 0.4470305106868983 0.01953125 0.02936857562408223
0 0.651558883101852 0.5285119921683799 0.01953125 0.02936857562408223
0 0.6696216724537039 0.5322156958720835 0.01953125 0.02936857562408223
0 0.6573061342592593 0.5766601403165279 0.01953125 0.02936857562408223
0 0.5678132233796297 0.6149317452547997 0.01953125 0.02936857562408223
0 0.5300455729166668 0.6544379180943057 0.01953125 0.02936857562408223
0 0.540719039351852 0.605055202044923 0.01953125 0.02936857562408223
0 0.5160879629629631 0.5791292761189971 0.01953125 0.02936857562408223
0 0.4660047743055556 0.6186354489585033 0.01953125 0.02936857562408223
0 0.47749927662037045 0.5754255724152934 0.01953125 0.02936857562408223
0 0.4397316261574074 0.5890058193288736 0.01953125 0.02936857562408223
0 0.41345847800925933 0.6606107576004786 0.01953125 0.02936857562408223
0 0.48242549189814815 0.7964132267362811 0.01953125 0.02936857562408223
0 0.4766782407407408 0.7285119921683798 0.01953125 0.02936857562408223
0 0.3863642939814815 0.7964132267362811 0.01953125 0.02936857562408223
0 0.39539568865740743 0.7383885353782564 0.01953125 0.02936857562408223
0 0.3527018229166667 0.6803638440202316 0.01953125 0.02936857562408223
0 0.38225911458333334 0.6420922390819601 0.01953125 0.02936857562408223
0 0.36912254050925924 0.5828329798227009 0.01953125 0.02936857562408223
0 0.41510054976851857 0.5285119921683799 0.01953125 0.02936857562408223
0 0.4627206307870371 0.5062897699461576 0.01953125 0.02936857562408223
0 0.48242549189814815 0.4803638440202317 0.01953125 0.02936857562408223
0 0.547287326388889 0.4914749551313427 0.01953125 0.02936857562408223
0 0.6129701967592593 0.4988823625387502 0.01953125 0.02936857562408223
0 0.28619791666666666 0.6729564366128242 0.01953125 0.02936857562408223
0 0.25171440972222225 0.6890058193288736 0.01953125 0.02936857562408223
0 0.2927662037037037 0.6149317452547997 0.01953125 0.02936857562408223
0 0.22215711805555557 0.6260428563659107 0.01953125 0.02936857562408223
0 0.18274739583333335 0.6729564366128242 0.01953125 0.02936857562408223
0 0.20409432870370373 0.7371539674770218 0.01953125 0.02936857562408223
0 0.26567201967592596 0.7890058193288737 0.01953125 0.02936857562408223
0 0.31493417245370375 0.8075243378473921 0.01953125 0.02936857562408223
0 0.34038628472222227 0.5346848316745527 0.01953125 0.02936857562408223
0 0.3576280381944445 0.48653668352640456 0.01953125 0.02936857562408223
0 0.3863642939814815 0.5013514983412193 0.01953125 0.02936857562408223
0 0.3395652488425926 0.4964132267362811 0.01953125 0.02936857562408223
0 0.3132921006944445 0.4964132267362811 0.01953125 0.02936857562408223
0 0.3297128182870371 0.4482650785881329 0.01953125 0.02936857562408223
0 0.3371021412037037 0.4161663131560342 0.01953125 0.02936857562408223
0 0.37486979166666673 0.3976477946375156 0.01953125 0.02936857562408223
0 0.39457465277777787 0.4112280415510958 0.01953125 0.02936857562408223
0 0.39703776041666666 0.4445613748844292 0.01953125 0.02936857562408223
0 0.42823712384259266 0.48653668352640456 0.01953125 0.02936857562408223
0 0.43644748263888894 0.45196878229183657 0.01953125 0.02936857562408223
0 0.4577944155092593 0.44579594278566376 0.01953125 0.02936857562408223
0 0.4783203125 0.4112280415510958 0.01953125 0.02936857562408223
0 0.427416087962963 0.4062897699461576 0.01953125 0.02936857562408223
0 0.443015769675926 0.38036384402023166 0.01953125 0.02936857562408223
0 0.5201931423611112 0.39024038723010823 0.01953125 0.02936857562408223
0 0.5464662905092593 0.39024038723010823 0.01953125 0.02936857562408223
0 0.511982783564815 0.4309811279708489 0.01953125 0.02936857562408223
0 0.502951388888889 0.4532033501930711 0.01953125 0.02936857562408223
0 0.5784866898148149 0.4309811279708489 0.01953125 0.02936857562408223
0 0.5669921875000001 0.4754255724152934 0.01953125 0.02936857562408223
0 0.5620659722222223 0.4470305106868983 0.01953125 0.02936857562408223
0 0.6236436631944445 0.4741910045140588 0.01953125 0.02936857562408223
0 0.635959201388889 0.459376189699244 0.01953125 0.02936857562408223
0 0.6121491608796298 0.44579594278566376 0.01953125 0.02936857562408223
0 0.6318540219907408 0.41740088105726864 0.01953125 0.02936857562408223
0 0.6433485243055557 0.36801816500788603 0.01953125 0.02936857562408223
0 0.5940863715277779 0.37666014031652795 0.01953125 0.02936857562408223
0 0.6811161747685186 0.39641322673628104 0.01953125 0.02936857562408223
0 0.6942527488425927 0.37048730081035514 0.01953125 0.02936857562408223
0 0.6901475694444446 0.34209223908196007 0.01953125 0.02936857562408223
0 0.664695457175926 0.433450263773318 0.01953125 0.02936857562408223
0 0.7147786458333334 0.42110458476097234 0.01953125 0.02936857562408223
0 0.7287362557870372 0.3840675477239354 0.01953125 0.02936857562408223
0 0.7500831886574075 0.37912927611899705 0.01953125 0.02936857562408223
0 0.788671875 0.39394409093381194 0.01953125 0.02936857562408223
0 0.7862087673611112 0.35814162179800946 0.01953125 0.02936857562408223
0 0.8206922743055557 0.35690705389677485 0.01953125 0.02936857562408223
0 0.8625651041666668 0.36307989340294766 0.01953125 0.02936857562408223
0 0.8387550636574076 0.4025860662424539 0.01953125 0.02936857562408223
0 0.10557002314814813 0.6248082884646761 0.01953125 0.02936857562408223
0 0.13923249421296294 0.6532033501930713 0.01953125 0.02936857562408223
0 0.19259982638888887 0.5890058193288736 0.01953125 0.02936857562408223
0 0.1367693865740741 0.568018165007886 0.01953125 0.02936857562408223
0 0.011971932870370324 0.6408576711807255 0.01953125 0.02936857562408223
0 0.0062246817129629215 0.6001169304399848 0.01953125 0.02936857562408223
0 0.04563440393518515 0.5815984119214662 0.01953125 0.02936857562408223
0 0.015256076388888847 0.5396231032794909 0.01953125 0.02936857562408223
0 0.03742404513888887 0.530981127970849 0.01953125 0.02936857562408223
0 0.07190755208333334 0.5174008810572687 0.01953125 0.02936857562408223
0 0.06698133680555553 0.559376189699244 0.01953125 0.02936857562408223
0 0.14744285300925927 0.522339152662207 0.01953125 0.02936857562408223
0 0.1983470775462963 0.5383885353782564 0.01953125 0.02936857562408223
0 0.26485098379629635 0.5359193995757873 0.01953125 0.02936857562408223
0 0.25992476851851853 0.49270952303257737 0.01953125 0.02936857562408223
0 0.23775679976851852 0.4939440909338119 0.01953125 0.02936857562408223
0 0.2615668402777778 0.45814162179800944 0.01953125 0.02936857562408223
0 0.24925130208333332 0.4359193995757872 0.01953125 0.02936857562408223
0 0.20902054398148148 0.47789470821776253 0.01953125 0.02936857562408223
0 0.1753580729166667 0.47048730081035517 0.01953125 0.02936857562408223
0 0.19998914930555553 0.433450263773318 0.01953125 0.02936857562408223
0 0.16632667824074074 0.4445613748844292 0.01953125 0.02936857562408223
0 0.18356843171296297 0.4062897699461576 0.01953125 0.02936857562408223
0 0.15319010416666665 0.4359193995757872 0.01953125 0.02936857562408223
0 0.12938006365740742 0.4062897699461576 0.01953125 0.02936857562408223
0 0.14990596064814812 0.3914749551313428 0.01953125 0.02936857562408223
0 0.17864221643518516 0.36307989340294766 0.01953125 0.02936857562408223
0 0.23611472800925928 0.39024038723010823 0.01953125 0.02936857562408223
0 0.23857783564814813 0.3618453255017132 0.01953125 0.02936857562408223
0 0.2229781539351852 0.3532033501930711 0.01953125 0.02936857562408223
0 0.2123046875 0.3482650785881329 0.01953125 0.02936857562408223
0 0.1852105034722222 0.3346848316745526 0.01953125 0.02936857562408223
0 0.2853768807870371 0.40752433784739217 0.01953125 0.02936857562408223
0 0.3083658854166667 0.4025860662424539 0.01953125 0.02936857562408223
0 0.3297128182870371 0.37295643661282424 0.01953125 0.02936857562408223
0 0.3346390335648149 0.3470305106868983 0.01953125 0.02936857562408223
0 0.27880859375000006 0.3618453255017132 0.01953125 0.02936857562408223
0 0.272240306712963 0.3457959427856637 0.01953125 0.02936857562408223
0 0.2673140914351852 0.3124626094523304 0.01953125 0.02936857562408223
0 0.31000795717592594 0.32974656006961434 0.01953125 0.02936857562408223
0 0.3239655671296297 0.3099934736498613 0.01953125 0.02936857562408223
0 0.3083658854166667 0.29517865883504646 0.01953125 0.02936857562408223
0 0.332175925925926 0.26925273290912055 0.01953125 0.02936857562408223
0 0.35105975115740745 0.2828329798227007 0.01953125 0.02936857562408223
0 0.3568070023148148 0.31122804155109585 0.01953125 0.02936857562408223
0 0.3707646122685186 0.31616631315603416 0.01953125 0.02936857562408223
0 0.38472222222222224 0.2939440909338119 0.01953125 0.02936857562408223
0 0.4060691550925926 0.3001169304399848 0.01953125 0.02936857562408223
0 0.42577401620370375 0.3038206341436885 0.01953125 0.02936857562408223
0 0.41263744212962966 0.3309811279708489 0.01953125 0.02936857562408223
0 0.4167426215277778 0.350734214390602 0.01953125 0.02936857562408223
0 0.45204716435185194 0.3260428563659107 0.01953125 0.02936857562408223
0 0.47010995370370373 0.3433268069831946 0.01953125 0.02936857562408223
0 0.4865306712962963 0.3260428563659107 0.01953125 0.02936857562408223
0 0.4996672453703704 0.30505520204492304 0.01953125 0.02936857562408223
0 0.46682581018518526 0.2828329798227007 0.01953125 0.02936857562408223
0 0.45204716435185194 0.29517865883504646 0.01953125 0.02936857562408223
0 0.5308666087962964 0.3235737205634415 0.01953125 0.02936857562408223
0 0.5489293981481482 0.2877712514276391 0.01953125 0.02936857562408223
0 0.511982783564815 0.3038206341436885 0.01953125 0.02936857562408223
0 0.5144458912037038 0.2766601403165279 0.01953125 0.02936857562408223
0 0.5768446180555556 0.34949964648936743 0.01953125 0.02936857562408223
0 0.5776656539351853 0.3211045847609724 0.01953125 0.02936857562408223
0 0.607222945601852 0.31863544895850326 0.01953125 0.02936857562408223
0 0.5932653356481482 0.2778947082177625 0.01953125 0.02936857562408223
0 0.5604239004629631 0.2778947082177625 0.01953125 0.02936857562408223
0 0.5776656539351853 0.2840675477239354 0.01953125 0.02936857562408223
0 0.5710973668981483 0.2556724859955403 0.01953125 0.02936857562408223
0 0.607222945601852 0.24703051068689816 0.01953125 0.02936857562408223
0 0.613791232638889 0.24703051068689816 0.01953125 0.02936857562408223
0 0.6334960937500002 0.2988823625387501 0.01953125 0.02936857562408223
0 0.6458116319444446 0.2828329798227007 0.01953125 0.02936857562408223
0 0.6449905960648149 0.2606107576004785 0.01953125 0.02936857562408223
0 0.6573061342592593 0.24703051068689816 0.01953125 0.02936857562408223
0 0.6679796006944445 0.33838853537825636 0.01953125 0.02936857562408223
0 0.6761899594907409 0.3062897699461576 0.01953125 0.02936857562408223
0 0.6794741030092594 0.2815984119214662 0.01953125 0.02936857562408223
0 0.6852213541666667 0.2569070538967749 0.01953125 0.02936857562408223
0 0.6860423900462964 0.23345026377331804 0.01953125 0.02936857562408223
0 0.7131365740740742 0.27295643661282426 0.01953125 0.02936857562408223
0 0.7197048611111112 0.3099934736498613 0.01953125 0.02936857562408223
0 0.7147786458333334 0.35196878229183665 0.01953125 0.02936857562408223
0 0.7591145833333335 0.31369717735356495 0.01953125 0.02936857562408223
0 0.7738932291666668 0.3062897699461576 0.01953125 0.02936857562408223
0 0.8116608796296297 0.3025860662424539 0.01953125 0.02936857562408223
0 0.8206922743055557 0.27912927611899707 0.01953125 0.02936857562408223
0 0.8527126736111111 0.2630798934029477 0.01953125 0.02936857562408223
0 0.8625651041666668 0.2988823625387501 0.01953125 0.02936857562408223
0 0.851070601851852 0.23098112797084877 0.01953125 0.02936857562408223
0 0.839576099537037 0.22233915266220686 0.01953125 0.02936857562408223
0 0.8428602430555557 0.20505520204492284 0.01953125 0.02936857562408223
0 0.848607494212963 0.19024038723010808 0.01953125 0.02936857562408223
0 0.8543547453703705 0.17295643661282406 0.01953125 0.02936857562408223
0 0.8765227141203705 0.18036384402023153 0.01953125 0.02936857562408223
0 0.8264395254629632 0.17295643661282406 0.01953125 0.02936857562408223
0 0.8100188078703704 0.20382063414368837 0.01953125 0.02936857562408223
0 0.8059136284722223 0.2482650785881328 0.01953125 0.02936857562408223
0 0.8215133101851854 0.24209223908195995 0.01953125 0.02936857562408223
0 0.8050925925925928 0.27542557241529336 0.01953125 0.02936857562408223
0 0.7796404803240742 0.18159841192146617 0.01953125 0.02936857562408223
0 0.7788194444444445 0.2099934736498612 0.01953125 0.02936857562408223
0 0.7706090856481482 0.21987001685973775 0.01953125 0.02936857562408223
0 0.7640407986111112 0.2482650785881328 0.01953125 0.02936857562408223
0 0.7615776909722224 0.2840675477239354 0.01953125 0.02936857562408223
0 0.7525462962962964 0.18283297982270064 0.01953125 0.02936857562408223
0 0.7369466145833334 0.21369717735356492 0.01953125 0.02936857562408223
0 0.7320203993055556 0.23591939957578714 0.01953125 0.02936857562408223
0 0.7320203993055556 0.26678359710665134 0.01953125 0.02936857562408223
0 0.7123155381944446 0.18036384402023153 0.01953125 0.02936857562408223
0 0.7213469328703704 0.16678359710665125 0.01953125 0.02936857562408223
0 0.6852213541666667 0.1741910045140587 0.01953125 0.02936857562408223
0 0.6761899594907409 0.18900581932887361 0.01953125 0.02936857562408223
0 0.6622323495370371 0.21246260945233028 0.01953125 0.02936857562408223
0 0.6564850983796298 0.2211045847609724 0.01953125 0.02936857562408223
0 0.6302119502314816 0.2346848316745525 0.01953125 0.02936857562408223
0 0.6244646990740742 0.2099934736498612 0.01953125 0.02936857562408223
0 0.6441695601851853 0.18653668352640435 0.01953125 0.02936857562408223
0 0.6638744212962964 0.17048730081035496 0.01953125 0.02936857562408223
0 0.6203595196759261 0.18900581932887361 0.01953125 0.02936857562408223
0 0.5924442997685186 0.21246260945233028 0.01953125 0.02936857562408223
0 0.5793077256944446 0.19764779463751556 0.01953125 0.02936857562408223
0 0.5842339409722224 0.17789470821776243 0.01953125 0.02936857562408223
0 0.5940863715277779 0.16801816500788588 0.01953125 0.02936857562408223
0 0.5554976851851853 0.21493174525479938 0.01953125 0.02936857562408223
0 0.5431821469907409 0.20011693043998463 0.01953125 0.02936857562408223
0 0.5579607928240742 0.18900581932887361 0.01953125 0.02936857562408223
0 0.5464662905092593 0.17912927611899707 0.01953125 0.02936857562408223
0 0.5612449363425926 0.24085767118072532 0.01953125 0.02936857562408223
0 0.6170753761574075 0.2272774242671452 0.01953125 0.02936857562408223
0 0.5349717881944446 0.24703051068689816 0.01953125 0.02936857562408223
0 0.5464662905092593 0.24703051068689816 0.01953125 0.02936857562408223
0 0.5210141782407408 0.21616631315603402 0.01953125 0.02936857562408223
0 0.5103407118055556 0.17912927611899707 0.01953125 0.02936857562408223
0 0.4996672453703704 0.20628976994615747 0.01953125 0.02936857562408223
0 0.48488859953703706 0.2099934736498612 0.01953125 0.02936857562408223
0 0.47175202546296297 0.22851199216837967 0.01953125 0.02936857562408223
0 0.46189959490740745 0.24209223908195995 0.01953125 0.02936857562408223
0 0.4816044560185186 0.2556724859955403 0.01953125 0.02936857562408223
0 0.4758572048611111 0.2717218687115897 0.01953125 0.02936857562408223
0 0.44629991319444445 0.2544379180943057 0.01953125 0.02936857562408223
0 0.4265950520833334 0.2815984119214662 0.01953125 0.02936857562408223
0 0.41017433449074076 0.26431446130418224 0.01953125 0.02936857562408223
0 0.42823712384259266 0.25073421439060195 0.01953125 0.02936857562408223
0 0.4323423032407408 0.23591939957578714 0.01953125 0.02936857562408223
0 0.4323423032407408 0.19888236253875 0.01953125 0.02936857562408223
0 0.46436270254629636 0.19394409093381182 0.01953125 0.02936857562408223
0 0.47996238425925936 0.18406754772393524 0.01953125 0.02936857562408223
0 0.4454788773148149 0.18653668352640435 0.01953125 0.02936857562408223
0 0.45204716435185194 0.18159841192146617 0.01953125 0.02936857562408223
0 0.3929325810185185 0.23345026377331804 0.01953125 0.02936857562408223
0 0.40278501157407415 0.2297465600696143 0.01953125 0.02936857562408223
0 0.398679832175926 0.20258606624245373 0.01953125 0.02936857562408223
0 0.4085322627314815 0.19147495513134272 0.01953125 0.02936857562408223
0 0.39703776041666666 0.1717218687115896 0.01953125 0.02936857562408223
0 0.37404875578703706 0.17542557241529333 0.01953125 0.02936857562408223
0 0.36091218171296297 0.18406754772393524 0.01953125 0.02936857562408223
0 0.3625542534722223 0.20875890574862657 0.01953125 0.02936857562408223
0 0.3527018229166667 0.2322156958720834 0.01953125 0.02936857562408223
0 0.3395652488425926 0.24456137488442906 0.01953125 0.02936857562408223
0 0.36337528935185187 0.25073421439060195 0.01953125 0.02936857562408223
0 0.3420283564814815 0.17295643661282406 0.01953125 0.02936857562408223
0 0.3297128182870371 0.21616631315603402 0.01953125 0.02936857562408223
0 0.3190393518518519 0.24085767118072532 0.01953125 0.02936857562408223
0 0.3067238136574075 0.24949964648936743 0.01953125 0.02936857562408223
0 0.2960503472222223 0.2371539674770216 0.01953125 0.02936857562408223
0 0.2911241319444445 0.18406754772393524 0.01953125 0.02936857562408223
0 0.29194516782407415 0.17048730081035496 0.01953125 0.02936857562408223
0 0.2927662037037037 0.21246260945233028 0.01953125 0.02936857562408223
0 0.2796296296296297 0.20628976994615747 0.01953125 0.02936857562408223
0 0.25992476851851853 0.20382063414368837 0.01953125 0.02936857562408223
0 0.24432508680555556 0.20875890574862657 0.01953125 0.02936857562408223
0 0.2320095486111111 0.2272774242671452 0.01953125 0.02936857562408223
0 0.24350405092592595 0.24209223908195995 0.01953125 0.02936857562408223
0 0.24432508680555556 0.2655490292054168 0.01953125 0.02936857562408223
0 0.27388237847222224 0.24085767118072532 0.01953125 0.02936857562408223
0 0.28455584490740743 0.22851199216837967 0.01953125 0.02936857562408223
0 0.24268301504629627 0.33221569587208355 0.01953125 0.02936857562408223
0 0.2393988715277778 0.1717218687115896 0.01953125 0.02936857562408223
0 0.2229781539351852 0.19517865883504645 0.01953125 0.02936857562408223
0 0.21312572337962962 0.17789470821776243 0.01953125 0.02936857562408223
0 0.20819950810185187 0.23345026377331804 0.01953125 0.02936857562408223
0 0.19177879050925925 0.2272774242671452 0.01953125 0.02936857562408223
0 0.18356843171296297 0.2606107576004785 0.01953125 0.02936857562408223
0 0.20737847222222225 0.2606107576004785 0.01953125 0.02936857562408223
0 0.20327329282407405 0.2840675477239354 0.01953125 0.02936857562408223
0 0.12281177662037036 0.3433268069831946 0.01953125 0.02936857562408223
0 0.13841145833333332 0.2815984119214662 0.01953125 0.02936857562408223
0 0.15483217592592594 0.2803638440202316 0.01953125 0.02936857562408223
0 0.16961082175925926 0.24949964648936743 0.01953125 0.02936857562408223
0 0.16632667824074074 0.21122804155109584 0.01953125 0.02936857562408223
0 0.18028428819444445 0.18159841192146617 0.01953125 0.02936857562408223
0 0.19259982638888887 0.18530211562516988 0.01953125 0.02936857562408223
0 0.1466218171296296 0.19024038723010808 0.01953125 0.02936857562408223
0 0.13430627893518518 0.18777125142763898 0.01953125 0.02936857562408223
0 0.13594835069444441 0.20875890574862657 0.01953125 0.02936857562408223
0 0.14087456597222223 0.2235737205634415 0.01953125 0.02936857562408223
0 0.13266420717592595 0.2433268069831946 0.01953125 0.02936857562408223
0 0.14333767361111113 0.24456137488442906 0.01953125 0.02936857562408223
0 0.12363281249999998 0.2606107576004785 0.01953125 0.02936857562408223
0 0.10557002314814813 0.2482650785881328 0.01953125 0.02936857562408223
0 0.0998227719907407 0.21369717735356492 0.01953125 0.02936857562408223
0 0.12281177662037036 0.19270952303257718 0.01953125 0.02936857562408223
0 0.10146484374999999 0.19024038723010808 0.01953125 0.02936857562408223
0 0.0768337673611111 0.21369717735356492 0.01953125 0.02936857562408223
0 0.062055121527777764 0.23838853537825624 0.01953125 0.02936857562408223
0 0.06451822916666662 0.20875890574862657 0.01953125 0.02936857562408223
0 0.03742404513888887 0.21863544895850312 0.01953125 0.02936857562408223
0 0.042350260416666625 0.1766601403165278 0.01953125 0.02936857562408223
0 0.01607711226851849 0.2655490292054168 0.01953125 0.02936857562408223
0 0.009508825231481445 0.3396231032794909 0.01953125 0.02936857562408223
0 0.007045717592592566 0.3149317452547995 0.01953125 0.02936857562408223
0 0.03496093749999996 0.33221569587208355 0.01953125 0.02936857562408223
0 0.05548683449074072 0.3433268069831946 0.01953125 0.02936857562408223
0 0.08668619791666667 0.29764779463751556 0.01953125 0.02936857562408223
0 0.11460141782407403 0.296413226736281 0.01953125 0.02936857562408223
0 0.09900173611111109 0.3457959427856637 0.01953125 0.02936857562408223
0 0.09489655671296295 0.37295643661282424 0.01953125 0.02936857562408223
0 0.0883282696759259 0.4001169304399848 0.01953125 0.02936857562408223
0 0.08997034143518519 0.433450263773318 0.01953125 0.02936857562408223
0 0.06616030092592591 0.4655490292054168 0.01953125 0.02936857562408223
0 0.04891854745370367 0.4741910045140588 0.01953125 0.02936857562408223
0 0.019361255787037016 0.42604285636591066 0.01953125 0.02936857562408223
0 0.027571614583333296 0.3976477946375156 0.01953125 0.02936857562408223
0 0.042350260416666625 0.37789470821776255 0.01953125 0.02936857562408223
0 0.02839265046296294 0.4828329798227008 0.01953125 0.02936857562408223
0 0.001298466435185136 0.4655490292054168 0.01953125 0.02936857562408223
0 0.3625542534722223 0.3655490292054168 0.01953125 0.02936857562408223
0 0.44137369791666675 0.3396231032794909 0.01953125 0.02936857562408223
0 0.511982783564815 0.36061075760047856 0.01953125 0.02936857562408223
0 0.9969917777534962 0.15823970449521102 0.01953125 0.02936857562408223
0 0.9710177517794703 0.7846441370670445 0.01953125 0.02936857562408223
0 0.9760127567744754 0.7215530431389461 0.01953125 0.02936857562408223
0 0.9530357337974524 0.6524532735986479 0.01953125 0.02936857562408223
0 0.9800087607704793 0.8627569200256423 0.01953125 0.02936857562408223
0 0.9949937757554943 0.9153328316323909 0.01953125 0.02936857562408223
0 0.9830057637674823 0.9784239255604893 0.01953125 0.02936857562408223
0 0.9740147547764733 0.5307775924516012 0.01953125 0.02936857562408223
0 0.9410477218094404 0.5127515656150016 0.01953125 0.02936857562408223
0 0.9880007687624874 0.4902190320692522 0.01953125 0.02936857562408223
0 0.9889997697614883 0.4316344448503038 0.01953125 0.02936857562408223
0 0.9840047647664834 0.4106040802076043 0.01953125 0.02936857562408223
0 0.9560327367944554 0.3925780533710048 0.01953125 0.02936857562408223
0 0.9730157537774724 0.3610325064069556 0.01953125 0.02936857562408223
0 0.9410477218094404 0.37154768872830535 0.01953125 0.02936857562408223
0 0.9050836858454046 0.4196170936259041 0.01953125 0.02936857562408223
0 0.9090796898414084 0.38656937775880496 0.01953125 0.02936857562408223
0 0.9090796898414084 0.3640368442130556 0.01953125 0.02936857562408223
0 0.9210677018294204 0.35051732408560593 0.01953125 0.02936857562408223
0 0.9120766928384114 0.33249129724900645 0.01953125 0.02936857562408223
0 0.9050836858454046 0.31446527041240696 0.01953125 0.02936857562408223
0 0.9160726968344155 0.4782016808448526 0.01953125 0.02936857562408223
0 0.9300587108204295 0.5112493967119517 0.01953125 0.02936857562408223
0 0.9030856838474024 0.5518079570943005 0.01953125 0.02936857562408223
0 0.8791096598713786 0.3775563643405052 0.01953125 0.02936857562408223
0 0.9590297397914584 0.3430064795703561 0.01953125 0.02936857562408223
0 0.9540347347964533 0.30695442589715705 0.01953125 0.02936857562408223
0 0.9480407288024475 0.2633915277087083 0.01953125 0.02936857562408223
0 0.9020866828484015 0.26789803441785814 0.01953125 0.02936857562408223
0 0.9380507188124374 0.23935682525990895 0.01953125 0.02936857562408223
0 0.8910976718593904 0.24836983867820858 0.01953125 0.02936857562408223
0 0.8851036658653844 0.19429175816841018 0.01953125 0.02936857562408223
0 0.9200687008304194 0.19879826487756008 0.01953125 0.02936857562408223
0 0.9200687008304194 0.1762657313318106 0.01953125 0.02936857562408223
0 0.9200687008304194 0.1597418733982611 0.01953125 0.02936857562408223
0 0.8831056638673824 0.164248380107411 0.01953125 0.02936857562408223
0 0.8811076618693805 0.15373319778606112 0.01953125 0.02936857562408223
0 0.9130756938374125 0.1342050020464118 0.01953125 0.02936857562408223
0 0.9760127567744754 0.1402136776586116 0.01953125 0.02936857562408223
0 0.9630257437874623 0.1357071709494617 0.01953125 0.02936857562408223
0 0.9570317377934563 0.10265945508236253 0.01953125 0.02936857562408223
0 0.9720167527784713 0.10115728617931262 0.01953125 0.02936857562408223
0 0.9750137557754743 0.08613559714881303 0.01953125 0.02936857562408223
0 0.9690197497814683 0.06360306360306354 0.01953125 0.02936857562408223
0 0.9680207487824675 0.04257269896036415 0.01953125 0.02936857562408223
0 0.9390497198114385 0.07862475263356314 0.01953125 0.02936857562408223
0 0.9560327367944554 0.07261607702136334 0.01953125 0.02936857562408223
0 0.9280607088224273 0.06810957031221344 0.01953125 0.02936857562408223
0 0.9100786908404095 0.06961173921526335 0.01953125 0.02936857562408223
0 0.8481406289023474 0.09665077947016272 0.01953125 0.02936857562408223
0 0.8701186508803695 0.1552353666891112 0.01953125 0.02936857562408223
0 0.8471416279033466 0.14922669107691122 0.01953125 0.02936857562408223
0 0.8351536159153345 0.1432180154647114 0.01953125 0.02936857562408223
0 0.8301586109203296 0.11467680630676214 0.01953125 0.02936857562408223
0 0.8211676019293206 0.11167246850066231 0.01953125 0.02936857562408223
0 0.8081805889423075 0.09965511727626271 0.01953125 0.02936857562408223
0 0.7991895799512985 0.10716596179151243 0.01953125 0.02936857562408223
0 0.7981905789522976 0.1296984953372619 0.01953125 0.02936857562408223
0 0.8141745949363135 0.1507288599799613 0.01953125 0.02936857562408223
0 0.8161725969343157 0.13120066424031182 0.01953125 0.02936857562408223
0 0.7802085609702796 0.11918331301591203 0.01953125 0.02936857562408223
0 0.7842045649662837 0.08613559714881303 0.01953125 0.02936857562408223
0 0.7762125569742755 0.08463342824576295 0.01953125 0.02936857562408223
0 0.7642245449862637 0.08913993495491285 0.01953125 0.02936857562408223
0 0.7572315379932566 0.11467680630676214 0.01953125 0.02936857562408223
0 0.7592295399912585 0.12819632643421183 0.01953125 0.02936857562408223
0 0.7572315379932566 0.16875488681656073 0.01953125 0.02936857562408223
0 0.7472415280032465 0.1477245221738613 0.01953125 0.02936857562408223
0 0.7332555140172325 0.13270283314336173 0.01953125 0.02936857562408223
0 0.7302585110202295 0.1101702995976124 0.01953125 0.02936857562408223
0 0.7392495200112386 0.10866813069456234 0.01953125 0.02936857562408223
0 0.7432455240072426 0.08763776605186294 0.01953125 0.02936857562408223
0 0.7182704990322175 0.09665077947016272 0.01953125 0.02936857562408223
0 0.7032854840472027 0.10265945508236253 0.01953125 0.02936857562408223
0 0.7052834860452046 0.12218765082201202 0.01953125 0.02936857562408223
0 0.7072814880432066 0.1417158465616615 0.01953125 0.02936857562408223
0 0.7152734960352145 0.15373319778606112 0.01953125 0.02936857562408223
0 0.6972914780531967 0.13120066424031182 0.01953125 0.02936857562408223
0 0.6883004690621877 0.1597418733982611 0.01953125 0.02936857562408223
0 0.6902984710601896 0.1507288599799613 0.01953125 0.02936857562408223
0 0.6803084610701797 0.1357071709494617 0.01953125 0.02936857562408223
0 0.6843044650661836 0.1296984953372619 0.01953125 0.02936857562408223
0 0.6783104590721776 0.11918331301591203 0.01953125 0.02936857562408223
0 0.6873014680631866 0.11467680630676214 0.01953125 0.02936857562408223
0 0.6783104590721776 0.10115728617931262 0.01953125 0.02936857562408223
0 0.6523364330981516 0.10115728617931262 0.01953125 0.02936857562408223
0 0.6363524171141357 0.10265945508236253 0.01953125 0.02936857562408223
0 0.6453434261051447 0.1296984953372619 0.01953125 0.02936857562408223
0 0.6393494201111387 0.1357071709494617 0.01953125 0.02936857562408223
0 0.6203684011301198 0.1522310288830112 0.01953125 0.02936857562408223
0 0.6243644051261237 0.1447201843677615 0.01953125 0.02936857562408223
0 0.6193694001311187 0.12819632643421183 0.01953125 0.02936857562408223
0 0.6193694001311187 0.10716596179151243 0.01953125 0.02936857562408223
0 0.6133753941371127 0.09064210385796292 0.01953125 0.02936857562408223
0 0.5634253441870627 0.11617897520981221 0.01953125 0.02936857562408223
0 0.5824063631680818 0.1101702995976124 0.01953125 0.02936857562408223
0 0.5923963731580917 0.10416162398541244 0.01953125 0.02936857562408223
0 0.5953933761550947 0.12068548191896211 0.01953125 0.02936857562408223
0 0.6003883811500998 0.15373319778606112 0.01953125 0.02936857562408223
0 0.5903983711600898 0.1417158465616615 0.01953125 0.02936857562408223
0 0.5584303391920578 0.17025705571961078 0.01953125 0.02936857562408223
0 0.5634253441870627 0.161244042301311 0.01953125 0.02936857562408223
0 0.5304583112200298 0.10115728617931262 0.01953125 0.02936857562408223
0 0.5324563132180318 0.11317463740371222 0.01953125 0.02936857562408223
0 0.5354533162150348 0.1296984953372619 0.01953125 0.02936857562408223
0 0.5234653042270228 0.1477245221738613 0.01953125 0.02936857562408223
0 0.4924962732579919 0.12669415753116192 0.01953125 0.02936857562408223
0 0.5034852842470028 0.11918331301591203 0.01953125 0.02936857562408223
0 0.5134752942370129 0.10416162398541244 0.01953125 0.02936857562408223
0 0.4924962732579919 0.10115728617931262 0.01953125 0.02936857562408223
0 0.48450426526598395 0.11317463740371222 0.01953125 0.02936857562408223
0 0.47451425527597396 0.125191988628112 0.01953125 0.02936857562408223
0 0.46852024928196795 0.10416162398541244 0.01953125 0.02936857562408223
0 0.4635252442869629 0.11617897520981221 0.01953125 0.02936857562408223
0 0.4605282412899599 0.12669415753116192 0.01953125 0.02936857562408223
0 0.4535352342969529 0.125191988628112 0.01953125 0.02936857562408223
0 0.4545342352959539 0.1567375355921611 0.01953125 0.02936857562408223
0 0.4405482213099399 0.161244042301311 0.01953125 0.02936857562408223
0 0.418570199331918 0.1567375355921611 0.01953125 0.02936857562408223
0 0.40458418534590396 0.1552353666891112 0.01953125 0.02936857562408223
0 0.412576193337912 0.1372093398525116 0.01953125 0.02936857562408223
0 0.41757119833291695 0.12819632643421183 0.01953125 0.02936857562408223
0 0.42056820132991996 0.10716596179151243 0.01953125 0.02936857562408223
0 0.429559210320929 0.10566379288846252 0.01953125 0.02936857562408223
0 0.399589180350899 0.11918331301591203 0.01953125 0.02936857562408223
0 0.394594175355894 0.1387115087555615 0.01953125 0.02936857562408223
0 0.38560316636488506 0.15823970449521102 0.01953125 0.02936857562408223
0 0.345643126404845 0.15373319778606112 0.01953125 0.02936857562408223
0 0.367621148382867 0.1387115087555615 0.01953125 0.02936857562408223
0 0.36062814138986005 0.12218765082201202 0.01953125 0.02936857562408223
0 0.374614155375874 0.12819632643421183 0.01953125 0.02936857562408223
0 0.374614155375874 0.1101702995976124 0.01953125 0.02936857562408223
0 0.38260616336788206 0.1296984953372619 0.01953125 0.02936857562408223
0 0.345643126404845 0.10866813069456234 0.01953125 0.02936857562408223
0 0.3496391304008491 0.12368981972506193 0.01953125 0.02936857562408223
0 0.33765111841283707 0.11918331301591203 0.01953125 0.02936857562408223
0 0.3336551144168331 0.1357071709494617 0.01953125 0.02936857562408223
0 0.32266610342782215 0.1447201843677615 0.01953125 0.02936857562408223
0 0.3206681014298201 0.16725271791351082 0.01953125 0.02936857562408223
0 0.2946940754557941 0.1597418733982611 0.01953125 0.02936857562408223
0 0.30368508444680314 0.1462223532708114 0.01953125 0.02936857562408223
0 0.30967909044080916 0.13120066424031182 0.01953125 0.02936857562408223
0 0.3216671024288211 0.12368981972506193 0.01953125 0.02936857562408223
0 0.3216671024288211 0.10566379288846252 0.01953125 0.02936857562408223
0 0.29769107845279713 0.12068548191896211 0.01953125 0.02936857562408223
0 0.2827060634677821 0.1387115087555615 0.01953125 0.02936857562408223
0 0.2707180514797702 0.1432180154647114 0.01953125 0.02936857562408223
0 0.2607280414897602 0.12068548191896211 0.01953125 0.02936857562408223
0 0.23575301651473518 0.12068548191896211 0.01953125 0.02936857562408223
0 0.21377499453671323 0.10416162398541244 0.01953125 0.02936857562408223
0 0.24374502450674318 0.1477245221738613 0.01953125 0.02936857562408223
0 0.2597290404907591 0.15823970449521102 0.01953125 0.02936857562408223
0 0.23475401551573422 0.1522310288830112 0.01953125 0.02936857562408223
0 0.1418469226086413 0.09965511727626271 0.01953125 0.02936857562408223
0 0.12186690262862132 0.13270283314336173 0.01953125 0.02936857562408223
0 0.10388488464660334 0.1296984953372619 0.01953125 0.02936857562408223
0 0.08390486466658337 0.1417158465616615 0.01953125 0.02936857562408223
0 0.06592284668456538 0.08313125934271304 0.01953125 0.02936857562408223
0 0.06292584368756243 0.11768114411286212 0.01953125 0.02936857562408223
0 0.0719168526785714 0.14922669107691122 0.01953125 0.02936857562408223
0 0.038949819711538436 0.12819632643421183 0.01953125 0.02936857562408223
0 0.022965803727522438 0.161244042301311 0.01953125 0.02936857562408223
0 0.008979789741508482 0.1342050020464118 0.01953125 0.02936857562408223
0 0.021966802728521473 0.1357071709494617 0.01953125 0.02936857562408223
0 0.003984784746503489 0.17025705571961078 0.01953125 0.02936857562408223
0 0.0029857837475024684 0.19429175816841018 0.01953125 0.02936857562408223
0 0.009978790740509502 0.21231778500500958 0.01953125 0.02936857562408223
0 0.03595281671453543 0.054590050184763754 0.01953125 0.02936857562408223
0 0.06991885068056941 0.05158571237866394 0.01953125 0.02936857562408223
0 0.06092784168956039 0.05158571237866394 0.01953125 0.02936857562408223
0 0.0799088606705794 0.04107053005731424 0.01953125 0.02936857562408223
0 0.09888987965159834 0.03055534773596454 0.01953125 0.02936857562408223
0 0.12786090862262733 0.036564023348164346 0.01953125 0.02936857562408223
0 0.20178698254870125 0.04557703676646414 0.01953125 0.02936857562408223
0 0.2177709985327172 0.04557703676646414 0.01953125 0.02936857562408223
0 0.2767120574737762 0.03355968554206436 0.01953125 0.02936857562408223
0 0.30068808144980014 0.03956836115426416 0.01953125 0.02936857562408223
0 0.32866010942182805 0.03355968554206436 0.01953125 0.02936857562408223
0 0.02671205747377625 0.03442189235140775 0.01953125 0.02936857562408223
0 0.040198570960289726 0.05244791918800733 0.01953125 0.02936857562408223
0 0.08765111841283718 0.022404541127008057 0.01953125 0.02936857562408223
0 0.11212664288836166 0.01789803441785816 0.01953125 0.02936857562408223
0 0.10563313639485516 0.05169683473648229 0.01953125 0.02936857562408223
0 0.14759117835289712 0.0216534566754831 0.01953125 0.02936857562408223
0 0.13260616336788214 0.026911047836157952 0.01953125 0.02936857562408223
0 0.17456420532592412 0.022404541127008057 0.01953125 0.02936857562408223
0 0.17756120832292707 0.03442189235140775 0.01953125 0.02936857562408223
0 0.19854022930194806 0.027662132287682908 0.01953125 0.02936857562408223
0 0.21402474478646358 0.026911047836157952 0.01953125 0.02936857562408223
0 0.24199677275849155 0.026159963384632997 0.01953125 0.02936857562408223
0 0.25298578374750247 0.0396794835120826 0.01953125 0.02936857562408223
0 0.26447429523601396 0.022404541127008057 0.01953125 0.02936857562408223
0 0.2929458237075425 0.024657794481583003 0.01953125 0.02936857562408223
0 0.3179208486825674 0.0216534566754831 0.01953125 0.02936857562408223
0 0.3553833861451049 0.036675145705982695 0.01953125 0.02936857562408223
0 0.37036840113011993 0.019400203320908155 0.01953125 0.02936857562408223
0 0.38934942011113893 0.022404541127008057 0.01953125 0.02936857562408223
0 0.38235641311813195 0.020151287772433107 0.01953125 0.02936857562408223
0 0.41032844109015987 0.026911047836157952 0.01953125 0.02936857562408223
0 0.4547839855457043 0.026159963384632997 0.01953125 0.02936857562408223
0 0.4328059635676824 0.03141755454530785 0.01953125 0.02936857562408223
0 0.48725151801323685 0.026911047836157952 0.01953125 0.02936857562408223
0 0.4922465230082418 0.019400203320908155 0.01953125 0.02936857562408223
0 0.06667209743381619 0.0321686389968328 0.01953125 0.02936857562408223
0 0.0766621074238262 0.26575590342110167 0.01953125 0.02936857562408223
0 0.03370506446678323 0.2635026500665267 0.01953125 0.02936857562408223
0 0.16807069883241763 0.18388769820487882 0.01953125 0.02936857562408223
0 0.2519867827485015 0.18839420491402872 0.01953125 0.02936857562408223
0 0.17905970982142858 0.3183318150278503 0.01953125 0.02936857562408223
0 0.4383004690621879 0.2176864985235029 0.01953125 0.02936857562408223
0 0.42181695257867136 0.22669951194180266 0.01953125 0.02936857562408223
0 0.48575301651473535 0.16736384027132925 0.01953125 0.02936857562408223
0 0.4008379315996504 0.10953033750390581 0.01953125 0.02936857562408223
0 0.4937450245067433 0.25073421439060206 0.01953125 0.02936857562408223
0 0.39284592360764237 0.29805253483667576 0.01953125 0.02936857562408223
0 0.37837992086038963 0.03545109786505701 0.01953125 0.02936857562408223
0 0.42525492086038963 0.01897418270972778 0.01953125 0.02936857562408223
0 0.4493011870941559 0.01531264600854351 0.01953125 0.02936857562408223
0 0.5110909598214286 0.02217802732326403 0.01953125 0.02936857562408223
0 0.5214399857954546 0.016228030183839587 0.01953125 0.02936857562408223
0 0.5893174208603896 0.017601106446783685 0.01953125 0.02936857562408223
0 0.5591834922889611 0.10135875848637406 0.01953125 0.02936857562408223
0 0.558879109172078 0.14667027516352954 0.01953125 0.02936857562408223
0 0.5451818689123377 0.13477028088468063 0.01953125 0.02936857562408223
0 0.517483005275974 0.17275872415946752 0.01953125 0.02936857562408223
0 0.525396966314935 0.16909718745828323 0.01953125 0.02936857562408223
0 0.5339196935876623 0.16955487954593126 0.01953125 0.02936857562408223
0 0.5339196935876623 0.15445104065354612 0.01953125 0.02936857562408223
0 0.5080471286525974 0.2514817632349295 0.01953125 0.02936857562408223
0 0.44016969358766234 0.14667027516352954 0.01953125 0.02936857562408223
0 0.3385057325487013 0.21997825962583648 0.01953125 0.02936857562408223
0 0.344136820211039 0.016685722271487607 0.01953125 0.02936857562408223
0 0.3587472098214285 0.010278033044415102 0.01953125 0.02936857562408223
0 0.28721717735389607 0.01119341721971118 0.01953125 0.02936857562408223
0 0.20716441761363633 0.01577033809619153 0.01953125 0.02936857562408223
0 0.03295581371753242 0.020040165414614838 0.01953125 0.02936857562408223
0 0.05093783169955041 0.02154233431766475 0.01953125 0.02936857562408223
0 0.020967801729520452 0.011027151996315045 0.01953125 0.02936857562408223
0 0.008979789741508482 0.015533658705464942 0.01953125 0.02936857562408223
0 0.6393494201111387 0.011027151996315045 0.01953125 0.02936857562408223
0 0.6193694001311187 0.011027151996315045 0.01953125 0.02936857562408223
0 0.44654222730394594 0.8387222175768431 0.01953125 0.02936857562408223
