0 0.10628205128205132 0.9273947820886598 0.01953125 0.029154518950437316
0 0.4879914529914531 0.8916292475476146 0.01953125 0.029154518950437316
0 0.8036039886039886 0.6795026288903838 0.01953125 0.029154518950437316
0 0.00548433048433052 0.7547335808560297 0.01953125 0.029154518950437316
0 0.0030056980056980365 0.5956386168631066 0.01953125 0.029154518950437316
0 0.08480056980056981 0.5500067279659115 0.01953125 0.029154518950437316
0 0.05918803418803424 0.4254440042195142 0.01953125 0.029154518950437316
0 0.0030056980056980365 0.4414768300482584 0.01953125 0.029154518950437316
0 0.0550569800569801 0.34774646366483086 0.01953125 0.029154518950437316
0 0.05753561253561259 0.3082810462402297 0.01953125 0.029154518950437316
0 0.04266381766381769 0.2873150432334104 0.01953125 0.029154518950437316
0 0.0030056980056980365 0.2947148090005231 0.01953125 0.029154518950437316
0 0.004658119658119692 0.25894927445947835 0.01953125 0.029154518950437316
0 0.017877492877492893 0.2231837399184336 0.01953125 0.029154518950437316
0 0.031923076923076964 0.24908292010332808 0.01953125 0.029154518950437316
0 0.05588319088319093 0.26141586304851594 0.01953125 0.029154518950437316
0 0.036054131054131106 0.23058350568554634 0.01953125 0.029154518950437316
0 0.06662393162393165 0.24784962580880934 0.01953125 0.029154518950437316
0 0.06910256410256413 0.2367499771581402 0.01953125 0.029154518950437316
0 0.08679487179487183 0.22965853496465735 0.01953125 0.029154518950437316
0 0.06613960113960116 0.21855888631398832 0.01953125 0.029154518950437316
0 0.06944444444444446 0.21485900343043196 0.01953125 0.029154518950437316
0 0.07316239316239319 0.20930917910509741 0.01953125 0.029154518950437316
0 0.024829059829059846 0.19820953045442838 0.01953125 0.029154518950437316
0 0.0950569800569801 0.22904188781739795 0.01953125 0.029154518950437316
0 0.10331908831908834 0.22595865208110105 0.01953125 0.029154518950437316
0 0.0954700854700855 0.21239241484139437 0.01953125 0.029154518950437316
0 0.08555555555555558 0.21547565057769133 0.01953125 0.029154518950437316
0 0.07688034188034192 0.22472535778658223 0.01953125 0.029154518950437316
0 0.08844729344729348 0.20684259051605983 0.01953125 0.029154518950437316
0 0.10207977207977212 0.21300906198865377 0.01953125 0.029154518950437316
0 0.11653846153846158 0.22040882775576645 0.01953125 0.029154518950437316
0 0.12190883190883194 0.23397506499547313 0.01953125 0.029154518950437316
0 0.12893162393162397 0.23027518211191672 0.01953125 0.029154518950437316
0 0.13223646723646726 0.22472535778658223 0.01953125 0.029154518950437316
0 0.13801994301994305 0.2265752992283604 0.01953125 0.029154518950437316
0 0.0013532763532763809 0.24414974292525293 0.01953125 0.029154518950437316
0 0.022008547008547034 0.26141586304851594 0.01953125 0.029154518950437316
0 0.0021794871794872084 0.21825056274035848 0.01953125 0.029154518950437316
0 0.38388888888888895 0.20715091408968944 0.01953125 0.029154518950437316
0 0.3657122507122508 0.20715091408968944 0.01953125 0.029154518950437316
0 0.37645299145299155 0.2022177369116143 0.01953125 0.029154518950437316
0 0.3706695156695157 0.203451031206133 0.01953125 0.029154518950437316
0 0.36158119658119664 0.19851785402805788 0.01953125 0.029154518950437316
0 0.38967236467236477 0.2019094133379847 0.01953125 0.029154518950437316
0 0.35207977207977215 0.22040882775576645 0.01953125 0.029154518950437316
0 0.35207977207977215 0.20992582625235678 0.01953125 0.029154518950437316
0 0.35207977207977215 0.2025260604852441 0.01953125 0.029154518950437316
0 0.34464387464387475 0.20869253195783802 0.01953125 0.029154518950437316
0 0.34133903133903143 0.2019094133379847 0.01953125 0.029154518950437316
0 0.34464387464387475 0.20005947189620651 0.01953125 0.029154518950437316
0 0.33472934472934485 0.20560929622154106 0.01953125 0.029154518950437316
0 0.33555555555555566 0.19450964757087202 0.01953125 0.029154518950437316
0 0.32605413105413117 0.19697623615990956 0.01953125 0.029154518950437316
0 0.33225071225071234 0.20067611904346594 0.01953125 0.029154518950437316
0 0.3847150997150998 0.2025260604852441 0.01953125 0.029154518950437316
0 0.3206837606837608 0.2019094133379847 0.01953125 0.029154518950437316
0 0.3136609686609687 0.20869253195783802 0.01953125 0.029154518950437316
0 0.307877492877493 0.211775767694135 0.01953125 0.029154518950437316
0 0.3000284900284901 0.20745923766331922 0.01953125 0.029154518950437316
0 0.295897435897436 0.20499264907428164 0.01953125 0.029154518950437316
0 0.3020940170940172 0.19697623615990956 0.01953125 0.029154518950437316
0 0.2905270655270656 0.19944282474894715 0.01953125 0.029154518950437316
0 0.28804843304843314 0.20807588481057865 0.01953125 0.029154518950437316
0 0.2810256410256411 0.20869253195783802 0.01953125 0.029154518950437316
0 0.2835042735042736 0.20129276619072528 0.01953125 0.029154518950437316
0 0.26863247863247874 0.19512629471813137 0.01953125 0.029154518950437316
0 0.27606837606837614 0.20129276619072528 0.01953125 0.029154518950437316
0 0.2723504273504274 0.20375935477976287 0.01953125 0.029154518950437316
0 0.26408831908831915 0.2025260604852441 0.01953125 0.029154518950437316
0 0.2508689458689459 0.20375935477976287 0.01953125 0.029154518950437316
0 0.23806267806267814 0.211775767694135 0.01953125 0.029154518950437316
0 0.2302136752136753 0.20067611904346594 0.01953125 0.029154518950437316
0 0.221951566951567 0.21239241484139437 0.01953125 0.029154518950437316
0 0.21616809116809121 0.20869253195783802 0.01953125 0.029154518950437316
0 0.21079772079772086 0.20930917910509741 0.01953125 0.029154518950437316
0 0.207905982905983 0.21239241484139437 0.01953125 0.029154518950437316
0 0.20625356125356134 0.20375935477976287 0.01953125 0.029154518950437316
0 0.20088319088319098 0.20807588481057865 0.01953125 0.029154518950437316
0 0.19427350427350434 0.20869253195783802 0.01953125 0.029154518950437316
0 0.18642450142450148 0.20745923766331922 0.01953125 0.029154518950437316
0 0.1773361823361824 0.20869253195783802 0.01953125 0.029154518950437316
0 0.16948717948717956 0.20807588481057865 0.01953125 0.029154518950437316
0 0.16287749287749292 0.20499264907428164 0.01953125 0.029154518950437316
0 0.15131054131054136 0.2025260604852441 0.01953125 0.029154518950437316
0 0.15750712250712257 0.20869253195783802 0.01953125 0.029154518950437316
0 0.17279202279202288 0.20807588481057865 0.01953125 0.029154518950437316
0 0.24467236467236475 0.20807588481057865 0.01953125 0.029154518950437316
0 0.25582621082621093 0.20807588481057865 0.01953125 0.029154518950437316
0 0.2607834757834759 0.20745923766331922 0.01953125 0.029154518950437316
0 0.2913532763532764 0.20745923766331922 0.01953125 0.029154518950437316
0 0.5681339031339032 0.8706632445407955 0.01953125 0.029154518950437316
0 0.6028347578347578 0.8657300673627202 0.01953125 0.029154518950437316
0 0.673062678062678 0.8459973586504197 0.01953125 0.029154518950437316
0 0.7176780626780627 0.8336644157052319 0.01953125 0.029154518950437316
0 0.5293019943019944 0.7682998180957363 0.01953125 0.029154518950437316
0 0.5144301994301995 0.7263678120820977 0.01953125 0.029154518950437316
0 0.39876068376068385 0.7337675778492104 0.01953125 0.029154518950437316
0 0.4367663817663819 0.7756995838628491 0.01953125 0.029154518950437316
0 0.41858974358974366 0.7288344006711353 0.01953125 0.029154518950437316
0 0.3748005698005699 0.7004686318972032 0.01953125 0.029154518950437316
0 0.397934472934473 0.6437370943493391 0.01953125 0.029154518950437316
0 0.41528490028490034 0.6622365087671209 0.01953125 0.029154518950437316
0 0.4342877492877493 0.6486702715274143 0.01953125 0.029154518950437316
0 0.4251994301994303 0.6425038000548203 0.01953125 0.029154518950437316
0 0.4144586894586896 0.6178379141644446 0.01953125 0.029154518950437316
0 0.3805840455840457 0.626470974226076 0.01953125 0.029154518950437316
0 0.4202421652421653 0.6005717940411818 0.01953125 0.029154518950437316
0 0.4541168091168092 0.6092048541028131 0.01953125 0.029154518950437316
0 0.4722934472934473 0.6462036829383766 0.01953125 0.029154518950437316
0 0.4879914529914531 0.6425038000548203 0.01953125 0.029154518950437316
0 0.4912962962962964 0.6844358060684589 0.01953125 0.029154518950437316
0 0.4805555555555556 0.67333615741779 0.01953125 0.029154518950437316
0 0.44502849002849015 0.6844358060684589 0.01953125 0.029154518950437316
0 0.4615527065527066 0.6930688661300904 0.01953125 0.029154518950437316
0 0.4838603988603989 0.6992353376026844 0.01953125 0.029154518950437316
0 0.5631766381766383 0.7091016919588347 0.01953125 0.029154518950437316
0 0.7044586894586896 0.7214346349040226 0.01953125 0.029154518950437316
0 0.716851851851852 0.7017019261917219 0.01953125 0.029154518950437316
0 0.7036324786324788 0.6893689832465341 0.01953125 0.029154518950437316
0 0.673062678062678 0.7103349862533535 0.01953125 0.029154518950437316
0 0.673062678062678 0.6856691003629778 0.01953125 0.029154518950437316
0 0.6515811965811966 0.7029352204862407 0.01953125 0.029154518950437316
0 0.6325783475783476 0.6856691003629778 0.01953125 0.029154518950437316
0 0.6127492877492878 0.6770360403013463 0.01953125 0.029154518950437316
0 0.5953988603988606 0.6684029802397148 0.01953125 0.029154518950437316
0 0.5656552706552708 0.661003214472602 0.01953125 0.029154518950437316
0 0.5953988603988606 0.6338707399931889 0.01953125 0.029154518950437316
0 0.5788746438746439 0.6338707399931889 0.01953125 0.029154518950437316
0 0.5846581196581198 0.6227710913425197 0.01953125 0.029154518950437316
0 0.6086182336182338 0.6536034487054895 0.01953125 0.029154518950437316
0 0.6267948717948719 0.6647030973561584 0.01953125 0.029154518950437316
0 0.64497150997151 0.6770360403013463 0.01953125 0.029154518950437316
0 0.6689316239316241 0.6647030973561584 0.01953125 0.029154518950437316
0 0.659843304843305 0.6474369772328954 0.01953125 0.029154518950437316
0 0.7028062678062679 0.6548367430000083 0.01953125 0.029154518950437316
0 0.7151994301994302 0.678269334595865 0.01953125 0.029154518950437316
0 0.6391880341880343 0.6499035658219331 0.01953125 0.029154518950437316
0 0.6317521367521368 0.6301708571096324 0.01953125 0.029154518950437316
0 0.6276210826210827 0.6153713255754071 0.01953125 0.029154518950437316
0 0.5937464387464388 0.6190712084589635 0.01953125 0.029154518950437316
0 0.6036609686609687 0.6067382655137755 0.01953125 0.029154518950437316
0 0.6077920227920229 0.5944053225685877 0.01953125 0.029154518950437316
0 0.5846581196581198 0.5944053225685877 0.01953125 0.029154518950437316
0 0.569786324786325 0.6018050883357005 0.01953125 0.029154518950437316
0 0.5582193732193733 0.6178379141644446 0.01953125 0.029154518950437316
0 0.545 0.6314041514041512 0.01953125 0.029154518950437316
0 0.5317806267806269 0.626470974226076 0.01953125 0.029154518950437316
0 0.5367378917378918 0.6252376799315573 0.01953125 0.029154518950437316
0 0.5251709401709402 0.6141380312808883 0.01953125 0.029154518950437316
0 0.5086467236467237 0.6166046198699259 0.01953125 0.029154518950437316
0 0.549957264957265 0.6203045027534823 0.01953125 0.029154518950437316
0 0.545 0.6018050883357005 0.01953125 0.029154518950437316
0 0.5573931623931625 0.6067382655137755 0.01953125 0.029154518950437316
0 0.5573931623931625 0.5734393195617684 0.01953125 0.029154518950437316
0 0.5615242165242167 0.5561731994385054 0.01953125 0.029154518950437316
0 0.5483048433048434 0.569739436678212 0.01953125 0.029154518950437316
0 0.545 0.5796057910343623 0.01953125 0.029154518950437316
0 0.5383903133903135 0.5956386168631066 0.01953125 0.029154518950437316
0 0.5276495726495728 0.5882388510959937 0.01953125 0.029154518950437316
0 0.5243447293447294 0.6005717940411818 0.01953125 0.029154518950437316
0 0.5012108262108262 0.6005717940411818 0.01953125 0.029154518950437316
0 0.4855128205128206 0.5894721453905125 0.01953125 0.029154518950437316
0 0.4689886039886041 0.5857722625069562 0.01953125 0.029154518950437316
0 0.4665099715099716 0.5796057910343623 0.01953125 0.029154518950437316
0 0.4483333333333335 0.5796057910343623 0.01953125 0.029154518950437316
0 0.4929487179487181 0.5894721453905125 0.01953125 0.029154518950437316
0 0.4954273504273505 0.5709727309727308 0.01953125 0.029154518950437316
0 0.4797293447293448 0.569739436678212 0.01953125 0.029154518950437316
0 0.5102991452991454 0.5709727309727308 0.01953125 0.029154518950437316
0 0.5028632478632479 0.5635729652056181 0.01953125 0.029154518950437316
0 0.5069943019943021 0.5487734336713926 0.01953125 0.029154518950437316
0 0.4946011396011397 0.5586397880275429 0.01953125 0.029154518950437316
0 0.5127777777777779 0.54137366790428 0.01953125 0.029154518950437316
0 0.5160826210826212 0.5339739021371673 0.01953125 0.029154518950437316
0 0.5359116809116811 0.5586397880275429 0.01953125 0.029154518950437316
0 0.5276495726495728 0.5561731994385054 0.01953125 0.029154518950437316
0 0.5326068376068377 0.5290407249590922 0.01953125 0.029154518950437316
0 0.545 0.5463068450823552 0.01953125 0.029154518950437316
0 0.549957264957265 0.5376737850207236 0.01953125 0.029154518950437316
0 0.5524358974358975 0.5512400222604303 0.01953125 0.029154518950437316
0 0.5565669515669517 0.5339739021371673 0.01953125 0.029154518950437316
0 0.5681339031339032 0.5376737850207236 0.01953125 0.029154518950437316
0 0.5631766381766383 0.547540139376874 0.01953125 0.029154518950437316
0 0.5747435897435899 0.5339739021371673 0.01953125 0.029154518950437316
0 0.5920940170940172 0.5364404907262048 0.01953125 0.029154518950437316
0 0.5797008547008549 0.5586397880275429 0.01953125 0.029154518950437316
0 0.5821794871794873 0.5734393195617684 0.01953125 0.029154518950437316
0 0.4772507122507123 0.5463068450823552 0.01953125 0.029154518950437316
0 0.4615527065527066 0.5598730823220618 0.01953125 0.029154518950437316
0 0.449985754985755 0.5685061423836932 0.01953125 0.029154518950437316
0 0.44089743589743596 0.5722060252672496 0.01953125 0.029154518950437316
0 0.39545584045584053 0.5808390853288811 0.01953125 0.029154518950437316
0 0.38388888888888895 0.5956386168631066 0.01953125 0.029154518950437316
0 0.3756267806267807 0.5857722625069562 0.01953125 0.029154518950437316
0 0.3681908831908833 0.5956386168631066 0.01953125 0.029154518950437316
0 0.33679487179487183 0.6277042685205949 0.01953125 0.029154518950437316
0 0.34670940170940173 0.5857722625069562 0.01953125 0.029154518950437316
0 0.34009971509971515 0.5931720282740689 0.01953125 0.029154518950437316
0 0.302920227920228 0.5944053225685877 0.01953125 0.029154518950437316
0 0.2781339031339032 0.5968719111576253 0.01953125 0.029154518950437316
0 0.27648148148148155 0.5500067279659115 0.01953125 0.029154518950437316
0 0.28804843304843314 0.552473316554949 0.01953125 0.029154518950437316
0 0.2806125356125357 0.5426069621987988 0.01953125 0.029154518950437316
0 0.36075498575498577 0.5672728480891744 0.01953125 0.029154518950437316
0 0.3698433048433049 0.5537066108494678 0.01953125 0.029154518950437316
0 0.3756267806267807 0.5561731994385054 0.01953125 0.029154518950437316
0 0.39628205128205135 0.54137366790428 0.01953125 0.029154518950437316
0 0.40784900284900294 0.5660395537946556 0.01953125 0.029154518950437316
0 0.4235470085470086 0.5500067279659115 0.01953125 0.029154518950437316
0 0.43015669515669525 0.5574064937330242 0.01953125 0.029154518950437316
0 0.4351139601139602 0.569739436678212 0.01953125 0.029154518950437316
0 0.44337606837606847 0.5487734336713926 0.01953125 0.029154518950437316
0 0.430982905982906 0.5389070793152425 0.01953125 0.029154518950437316
0 0.435940170940171 0.5327406078426485 0.01953125 0.029154518950437316
0 0.4425498575498576 0.5376737850207236 0.01953125 0.029154518950437316
0 0.4532905982905983 0.5364404907262048 0.01953125 0.029154518950437316
0 0.45576923076923087 0.5265741363700546 0.01953125 0.029154518950437316
0 0.46320512820512827 0.5315073135481296 0.01953125 0.029154518950437316
0 0.4755982905982906 0.5278074306645734 0.01953125 0.029154518950437316
0 0.4780769230769232 0.5130078991303479 0.01953125 0.029154518950437316
0 0.48633903133903145 0.5191743706029418 0.01953125 0.029154518950437316
0 0.49377492877492885 0.5364404907262048 0.01953125 0.029154518950437316
0 0.5036894586894588 0.5204076648974606 0.01953125 0.029154518950437316
0 0.5111253561253561 0.5142411934248667 0.01953125 0.029154518950437316
0 0.4979059829059829 0.5080747219522728 0.01953125 0.029154518950437316
0 0.5152564102564103 0.5043748390687164 0.01953125 0.029154518950437316
0 0.5012108262108262 0.5006749561851601 0.01953125 0.029154518950437316
0 0.5036894586894588 0.49327519041804735 0.01953125 0.029154518950437316
0 0.5061680911680912 0.48710871894545343 0.01953125 0.029154518950437316
0 0.5218660968660969 0.5191743706029418 0.01953125 0.029154518950437316
0 0.5235185185185186 0.5068414276577541 0.01953125 0.029154518950437316
0 0.5293019943019944 0.4994416618906414 0.01953125 0.029154518950437316
0 0.5441737891737892 0.517941076308423 0.01953125 0.029154518950437316
0 0.5524358974358975 0.5167077820139043 0.01953125 0.029154518950437316
0 0.5573931623931625 0.5191743706029418 0.01953125 0.029154518950437316
0 0.5392165242165243 0.5031415447741977 0.01953125 0.029154518950437316
0 0.5342592592592593 0.5105413105413104 0.01953125 0.029154518950437316
0 0.5507834757834759 0.5056081333632353 0.01953125 0.029154518950437316
0 0.5706125356125357 0.5080747219522728 0.01953125 0.029154518950437316
0 0.5640028490028491 0.5056081333632353 0.01953125 0.029154518950437316
0 0.5664814814814816 0.49697507330160373 0.01953125 0.029154518950437316
0 0.5788746438746439 0.517941076308423 0.01953125 0.029154518950437316
0 0.5846581196581198 0.524107547781017 0.01953125 0.029154518950437316
0 0.5896153846153847 0.517941076308423 0.01953125 0.029154518950437316
0 0.5929202279202279 0.5290407249590922 0.01953125 0.029154518950437316
0 0.5962250712250713 0.5068414276577541 0.01953125 0.029154518950437316
0 0.6036609686609687 0.49204189612352855 0.01953125 0.029154518950437316
0 0.6061396011396012 0.5068414276577541 0.01953125 0.029154518950437316
0 0.6185327635327635 0.5043748390687164 0.01953125 0.029154518950437316
0 0.38141025641025644 0.535207196431686 0.01953125 0.029154518950437316
0 0.36158119658119664 0.5450735507878364 0.01953125 0.029154518950437316
0 0.34588319088319097 0.5500067279659115 0.01953125 0.029154518950437316
0 0.33679487179487183 0.5364404907262048 0.01953125 0.029154518950437316
0 0.32357549857549867 0.5364404907262048 0.01953125 0.029154518950437316
0 0.3285327635327636 0.5574064937330242 0.01953125 0.029154518950437316
0 0.3062250712250713 0.5253408420755358 0.01953125 0.029154518950437316
0 0.29052706552706553 0.5105413105413104 0.01953125 0.029154518950437316
0 0.27482905982905986 0.517941076308423 0.01953125 0.029154518950437316
0 0.2682193732193732 0.5253408420755358 0.01953125 0.029154518950437316
0 0.39462962962962966 0.5154744877193855 0.01953125 0.029154518950437316
0 0.4103276353276354 0.5216409591919794 0.01953125 0.029154518950437316
0 0.40619658119658125 0.535207196431686 0.01953125 0.029154518950437316
0 0.4251994301994303 0.5204076648974606 0.01953125 0.029154518950437316
0 0.4326353276353277 0.5142411934248667 0.01953125 0.029154518950437316
0 0.44502849002849015 0.5142411934248667 0.01953125 0.029154518950437316
0 0.4582478632478633 0.5068414276577541 0.01953125 0.029154518950437316
0 0.46733618233618246 0.5167077820139043 0.01953125 0.029154518950437316
0 0.44915954415954423 0.4982083675961225 0.01953125 0.029154518950437316
0 0.44089743589743596 0.5019082504796789 0.01953125 0.029154518950437316
0 0.4384188034188035 0.4945084847125662 0.01953125 0.029154518950437316
0 0.43015669515669525 0.49697507330160373 0.01953125 0.029154518950437316
0 0.4326353276353277 0.48217554176737837 0.01953125 0.029154518950437316
0 0.44502849002849015 0.48217554176737837 0.01953125 0.029154518950437316
0 0.4483333333333335 0.46614271593863416 0.01953125 0.029154518950437316
0 0.44089743589743596 0.4710758931167093 0.01953125 0.029154518950437316
0 0.430982905982906 0.47354248170574686 0.01953125 0.029154518950437316
0 0.42602564102564106 0.49204189612352855 0.01953125 0.029154518950437316
0 0.421894586894587 0.48587542465093464 0.01953125 0.029154518950437316
0 0.41776353276353284 0.49574177900708494 0.01953125 0.029154518950437316
0 0.41941595441595453 0.4846421303564159 0.01953125 0.029154518950437316
0 0.40702279202279207 0.4846421303564159 0.01953125 0.029154518950437316
0 0.4086752136752137 0.4846421303564159 0.01953125 0.029154518950437316
0 0.4053703703703704 0.4994416618906414 0.01953125 0.029154518950437316
0 0.41776353276353284 0.5154744877193855 0.01953125 0.029154518950437316
0 0.40619658119658125 0.5093080162467916 0.01953125 0.029154518950437316
0 0.39215099715099727 0.5031415447741977 0.01953125 0.029154518950437316
0 0.39628205128205135 0.47354248170574686 0.01953125 0.029154518950437316
0 0.3822364672364673 0.48710871894545343 0.01953125 0.029154518950437316
0 0.3475356125356126 0.5080747219522728 0.01953125 0.029154518950437316
0 0.35745014245014245 0.5056081333632353 0.01953125 0.029154518950437316
0 0.35331908831908837 0.49697507330160373 0.01953125 0.029154518950437316
0 0.36075498575498577 0.48710871894545343 0.01953125 0.029154518950437316
0 0.3640598290598291 0.4797089531783408 0.01953125 0.029154518950437316
0 0.3706695156695157 0.4587429501715214 0.01953125 0.029154518950437316
0 0.38141025641025644 0.4587429501715214 0.01953125 0.029154518950437316
0 0.3822364672364673 0.47847565888382204 0.01953125 0.029154518950437316
0 0.3822364672364673 0.46860930452767174 0.01953125 0.029154518950437316
0 0.3781054131054131 0.4723091874112281 0.01953125 0.029154518950437316
0 0.3714957264957266 0.5204076648974606 0.01953125 0.029154518950437316
0 0.3582763532763533 0.5154744877193855 0.01953125 0.029154518950437316
0 0.34423076923076934 0.4945084847125662 0.01953125 0.029154518950437316
0 0.34670940170940173 0.47477577600026566 0.01953125 0.029154518950437316
0 0.335968660968661 0.48587542465093464 0.01953125 0.029154518950437316
0 0.3334900284900285 0.49574177900708494 0.01953125 0.029154518950437316
0 0.32770655270655275 0.5031415447741977 0.01953125 0.029154518950437316
0 0.3244017094017094 0.49204189612352855 0.01953125 0.029154518950437316
0 0.32027065527065535 0.5080747219522728 0.01953125 0.029154518950437316
0 0.3095299145299146 0.5130078991303479 0.01953125 0.029154518950437316
0 0.29961538461538473 0.5006749561851601 0.01953125 0.029154518950437316
0 0.28639601139601145 0.49574177900708494 0.01953125 0.029154518950437316
0 0.2665669515669516 0.5142411934248667 0.01953125 0.029154518950437316
0 0.2632621082621083 0.5080747219522728 0.01953125 0.029154518950437316
0 0.25995726495726507 0.5019082504796789 0.01953125 0.029154518950437316
0 0.25334757834757843 0.49204189612352855 0.01953125 0.029154518950437316
0 0.24260683760683763 0.5117746048358293 0.01953125 0.029154518950437316
0 0.24095441595441597 0.5389070793152425 0.01953125 0.029154518950437316
0 0.2434330484330485 0.489575307534491 0.01953125 0.029154518950437316
0 0.2508689458689459 0.47847565888382204 0.01953125 0.029154518950437316
0 0.2690455840455841 0.4994416618906414 0.01953125 0.029154518950437316
0 0.2773076923076924 0.5056081333632353 0.01953125 0.029154518950437316
0 0.2698717948717949 0.48217554176737837 0.01953125 0.029154518950437316
0 0.2624358974358975 0.4760090702947844 0.01953125 0.029154518950437316
0 0.2591310541310542 0.45627636158248386 0.01953125 0.029154518950437316
0 0.2591310541310542 0.46367612734959657 0.01953125 0.029154518950437316
0 0.25252136752136756 0.46737601023315295 0.01953125 0.029154518950437316
0 0.2500427350427351 0.46367612734959657 0.01953125 0.029154518950437316
0 0.17650997150997158 0.44887659581537115 0.01953125 0.029154518950437316
0 0.19138176638176638 0.4513431844044087 0.01953125 0.029154518950437316
0 0.1946866096866097 0.43777694716470206 0.01953125 0.029154518950437316
0 0.20625356125356129 0.4587429501715214 0.01953125 0.029154518950437316
0 0.2021225071225072 0.46367612734959657 0.01953125 0.029154518950437316
0 0.2285612535612536 0.46860930452767174 0.01953125 0.029154518950437316
0 0.2921794871794872 0.47847565888382204 0.01953125 0.029154518950437316
0 0.28639601139601145 0.4710758931167093 0.01953125 0.029154518950437316
0 0.19551282051282057 0.3958449411510635 0.01953125 0.029154518950437316
0 0.20873219373219382 0.41434435556884525 0.01953125 0.029154518950437316
0 0.20460113960113963 0.3859785867949132 0.01953125 0.029154518950437316
0 0.16824786324786328 0.4081778840962512 0.01953125 0.029154518950437316
0 0.18972934472934483 0.381045409616838 0.01953125 0.029154518950437316
0 0.17072649572649579 0.31321422341830485 0.01953125 0.029154518950437316
0 0.19138176638176638 0.30581445765119214 0.01953125 0.029154518950437316
0 0.19799145299145302 0.34281328648675574 0.01953125 0.029154518950437316
0 0.19799145299145302 0.3341802264251242 0.01953125 0.029154518950437316
0 0.21616809116809121 0.3255471663634927 0.01953125 0.029154518950437316
0 0.22608262108262114 0.33048034354156786 0.01953125 0.029154518950437316
0 0.2277350427350428 0.32308057777445515 0.01953125 0.029154518950437316
0 0.2393019943019943 0.300881280473117 0.01953125 0.029154518950437316
0 0.24921652421652424 0.3292470492470491 0.01953125 0.029154518950437316
0 0.24508547008547016 0.3206139891854176 0.01953125 0.029154518950437316
0 0.2393019943019943 0.3206139891854176 0.01953125 0.029154518950437316
0 0.24839031339031348 0.33664681501416177 0.01953125 0.029154518950437316
0 0.2434330484330485 0.3341802264251242 0.01953125 0.029154518950437316
0 0.25500000000000006 0.35021305225386834 0.01953125 0.029154518950437316
0 0.2475641025641026 0.3514463465483872 0.01953125 0.029154518950437316
0 0.23764957264957265 0.3514463465483872 0.01953125 0.029154518950437316
0 0.23021367521367525 0.3415799921922369 0.01953125 0.029154518950437316
0 0.21947293447293453 0.300881280473117 0.01953125 0.029154518950437316
0 0.2318660968660969 0.36254599519905634 0.01953125 0.029154518950437316
0 0.22195156695156698 0.3391134036031993 0.01953125 0.029154518950437316
0 0.23517094017094023 0.3785788210278005 0.01953125 0.029154518950437316
0 0.23351851851851857 0.36747917237713146 0.01953125 0.029154518950437316
0 0.2516951566951568 0.3662458780826126 0.01953125 0.029154518950437316
0 0.25995726495726507 0.3600794066100186 0.01953125 0.029154518950437316
0 0.26739316239316246 0.3785788210278005 0.01953125 0.029154518950437316
0 0.2624358974358975 0.36994576096616894 0.01953125 0.029154518950437316
0 0.25500000000000006 0.38967846967846953 0.01953125 0.029154518950437316
0 0.25995726495726507 0.39214505826750706 0.01953125 0.029154518950437316
0 0.2558262108262109 0.4044780012126949 0.01953125 0.029154518950437316
0 0.24260683760683763 0.40324470691817604 0.01953125 0.029154518950437316
0 0.24012820512820518 0.39461164685654465 0.01953125 0.029154518950437316
0 0.26491452991452996 0.41557764986336393 0.01953125 0.029154518950437316
0 0.2665669515669516 0.40324470691817604 0.01953125 0.029154518950437316
0 0.27317663817663823 0.3970782354455822 0.01953125 0.029154518950437316
0 0.2814387464387465 0.4106444726852888 0.01953125 0.029154518950437316
0 0.283917378917379 0.3958449411510635 0.01953125 0.029154518950437316
0 0.2806125356125357 0.35514622943194346 0.01953125 0.029154518950437316
0 0.283917378917379 0.3267804606580114 0.01953125 0.029154518950437316
0 0.3004415954415955 0.3317136378360866 0.01953125 0.029154518950437316
0 0.2888746438746439 0.40941117839077007 0.01953125 0.029154518950437316
0 0.2963105413105414 0.40324470691817604 0.01953125 0.029154518950437316
0 0.3004415954415955 0.4106444726852888 0.01953125 0.029154518950437316
0 0.29548433048433054 0.41927753274692037 0.01953125 0.029154518950437316
0 0.2847435897435898 0.4254440042195142 0.01953125 0.029154518950437316
0 0.2781339031339032 0.4340770642811458 0.01953125 0.029154518950437316
0 0.2698717948717949 0.43161047569210814 0.01953125 0.029154518950437316
0 0.28722222222222227 0.4340770642811458 0.01953125 0.029154518950437316
0 0.28309116809116813 0.44641000722633356 0.01953125 0.029154518950437316
0 0.2930056980056981 0.45010989010989 0.01953125 0.029154518950437316
0 0.2682193732193732 0.46737601023315295 0.01953125 0.029154518950437316
0 0.2690455840455841 0.46367612734959657 0.01953125 0.029154518950437316
0 0.2591310541310542 0.42791059280855187 0.01953125 0.029154518950437316
0 0.3153133903133904 0.47354248170574686 0.01953125 0.029154518950437316
0 0.3194444444444445 0.46367612734959657 0.01953125 0.029154518950437316
0 0.316965811965812 0.46737601023315295 0.01953125 0.029154518950437316
0 0.3136609686609687 0.46120953876055903 0.01953125 0.029154518950437316
0 0.3111823361823362 0.45627636158248386 0.01953125 0.029154518950437316
0 0.32770655270655275 0.4599762444660402 0.01953125 0.029154518950437316
0 0.3227492877492878 0.4476433015208524 0.01953125 0.029154518950437316
0 0.3244017094017094 0.4451767129318149 0.01953125 0.029154518950437316
0 0.31283475783475784 0.432843769986627 0.01953125 0.029154518950437316
0 0.31283475783475784 0.43901024145922085 0.01953125 0.029154518950437316
0 0.3062250712250713 0.41927753274692037 0.01953125 0.029154518950437316
0 0.3020940170940171 0.3835119982058756 0.01953125 0.029154518950437316
0 0.30870370370370376 0.3983115297401009 0.01953125 0.029154518950437316
0 0.30126780626780636 0.4007781183291386 0.01953125 0.029154518950437316
0 0.29878917378917386 0.3958449411510635 0.01953125 0.029154518950437316
0 0.3111823361823362 0.4106444726852888 0.01953125 0.029154518950437316
0 0.32027065527065535 0.4106444726852888 0.01953125 0.029154518950437316
0 0.32109686609686616 0.42791059280855187 0.01953125 0.029154518950437316
0 0.32770655270655275 0.42791059280855187 0.01953125 0.029154518950437316
0 0.3343162393162394 0.4254440042195142 0.01953125 0.029154518950437316
0 0.3450569800569801 0.4402435357537397 0.01953125 0.029154518950437316
0 0.33679487179487183 0.45627636158248386 0.01953125 0.029154518950437316
0 0.33514245014245014 0.44641000722633356 0.01953125 0.029154518950437316
0 0.34588319088319097 0.45627636158248386 0.01953125 0.029154518950437316
0 0.35166666666666674 0.44887659581537115 0.01953125 0.029154518950437316
0 0.3566239316239317 0.4414768300482584 0.01953125 0.029154518950437316
0 0.3582763532763533 0.45257647869892753 0.01953125 0.029154518950437316
0 0.3640598290598291 0.45010989010989 0.01953125 0.029154518950437316
0 0.36158119658119664 0.4353103585756645 0.01953125 0.029154518950437316
0 0.35001424501424505 0.4291438871030706 0.01953125 0.029154518950437316
0 0.35166666666666674 0.4254440042195142 0.01953125 0.029154518950437316
0 0.340925925925926 0.4217441213359579 0.01953125 0.029154518950437316
0 0.3417521367521368 0.41557764986336393 0.01953125 0.029154518950437316
0 0.3343162393162394 0.40694458980173254 0.01953125 0.029154518950437316
0 0.326880341880342 0.41434435556884525 0.01953125 0.029154518950437316
0 0.32192307692307703 0.4081778840962512 0.01953125 0.029154518950437316
0 0.32192307692307703 0.4044780012126949 0.01953125 0.029154518950437316
0 0.3260541310541311 0.40201141262365736 0.01953125 0.029154518950437316
0 0.3252279202279203 0.3958449411510635 0.01953125 0.029154518950437316
0 0.3186182336182337 0.3958449411510635 0.01953125 0.029154518950437316
0 0.2921794871794872 0.3452798750757933 0.01953125 0.029154518950437316
0 0.28722222222222227 0.33294693213060544 0.01953125 0.029154518950437316
0 0.2781339031339032 0.33541352071964303 0.01953125 0.029154518950437316
0 0.18394586894586898 0.3378801093086806 0.01953125 0.029154518950437316
0 0.31779202279202284 0.3415799921922369 0.01953125 0.029154518950437316
0 0.3120085470085471 0.3452798750757933 0.01953125 0.029154518950437316
0 0.3062250712250713 0.3539129351374248 0.01953125 0.029154518950437316
0 0.3285327635327636 0.3391134036031993 0.01953125 0.029154518950437316
0 0.32935897435897443 0.34774646366483086 0.01953125 0.029154518950437316
0 0.33927350427350433 0.36254599519905634 0.01953125 0.029154518950437316
0 0.340925925925926 0.3761122324387629 0.01953125 0.029154518950437316
0 0.3318376068376069 0.37487893814424406 0.01953125 0.029154518950437316
0 0.33101139601139606 0.36747917237713146 0.01953125 0.029154518950437316
0 0.3252279202279203 0.3711790552606878 0.01953125 0.029154518950437316
0 0.316965811965812 0.36501258378809376 0.01953125 0.029154518950437316
0 0.31283475783475784 0.3711790552606878 0.01953125 0.029154518950437316
0 0.31779202279202284 0.37734552673328164 0.01953125 0.029154518950437316
0 0.3285327635327636 0.3822787039113567 0.01953125 0.029154518950437316
0 0.32109686609686616 0.3859785867949132 0.01953125 0.029154518950437316
0 0.33514245014245014 0.39214505826750706 0.01953125 0.029154518950437316
0 0.33514245014245014 0.3872118810894319 0.01953125 0.029154518950437316
0 0.3483618233618234 0.3798121153223192 0.01953125 0.029154518950437316
0 0.34423076923076934 0.39461164685654465 0.01953125 0.029154518950437316
0 0.3483618233618234 0.3933783525620258 0.01953125 0.029154518950437316
0 0.359928774928775 0.3761122324387629 0.01953125 0.029154518950437316
0 0.359928774928775 0.37241234955520647 0.01953125 0.029154518950437316
0 0.36653846153846165 0.381045409616838 0.01953125 0.029154518950437316
0 0.37314814814814823 0.3822787039113567 0.01953125 0.029154518950437316
0 0.3748005698005699 0.38967846967846953 0.01953125 0.029154518950437316
0 0.36488603988603996 0.3958449411510635 0.01953125 0.029154518950437316
0 0.3582763532763533 0.3859785867949132 0.01953125 0.029154518950437316
0 0.3557977207977208 0.3958449411510635 0.01953125 0.029154518950437316
0 0.35497150997151006 0.4106444726852888 0.01953125 0.029154518950437316
0 0.359928774928775 0.4106444726852888 0.01953125 0.029154518950437316
0 0.3657122507122508 0.4057112955072137 0.01953125 0.029154518950437316
0 0.3748005698005699 0.4044780012126949 0.01953125 0.029154518950437316
0 0.3706695156695157 0.4081778840962512 0.01953125 0.029154518950437316
0 0.3805840455840457 0.40694458980173254 0.01953125 0.029154518950437316
0 0.3822364672364673 0.40324470691817604 0.01953125 0.029154518950437316
0 0.38554131054131063 0.3970782354455822 0.01953125 0.029154518950437316
0 0.3805840455840457 0.3872118810894319 0.01953125 0.029154518950437316
0 0.36901709401709404 0.43901024145922085 0.01953125 0.029154518950437316
0 0.36901709401709404 0.44641000722633356 0.01953125 0.029154518950437316
0 0.37314814814814823 0.4513431844044087 0.01953125 0.029154518950437316
0 0.37645299145299155 0.44271012434277723 0.01953125 0.029154518950437316
0 0.38388888888888895 0.44641000722633356 0.01953125 0.029154518950437316
0 0.38884615384615395 0.4476433015208524 0.01953125 0.029154518950437316
0 0.39215099715099727 0.4513431844044087 0.01953125 0.029154518950437316
0 0.3971082621082622 0.4550430672879651 0.01953125 0.029154518950437316
0 0.39297720797720803 0.46614271593863416 0.01953125 0.029154518950437316
0 0.3880199430199431 0.46120953876055903 0.01953125 0.029154518950437316
0 0.3896723646723647 0.40324470691817604 0.01953125 0.029154518950437316
0 0.39628205128205135 0.3970782354455822 0.01953125 0.029154518950437316
0 0.4045441595441596 0.39954482403461977 0.01953125 0.029154518950437316
0 0.4086752136752137 0.36501258378809376 0.01953125 0.029154518950437316
0 0.42602564102564106 0.36747917237713146 0.01953125 0.029154518950437316
0 0.435940170940171 0.36501258378809376 0.01953125 0.029154518950437316
0 0.449985754985755 0.3563795237264623 0.01953125 0.029154518950437316
0 0.4615527065527066 0.3600794066100186 0.01953125 0.029154518950437316
0 0.46733618233618246 0.3452798750757933 0.01953125 0.029154518950437316
0 0.473945868945869 0.346513169370312 0.01953125 0.029154518950437316
0 0.48633903133903145 0.3563795237264623 0.01953125 0.029154518950437316
0 0.5061680911680912 0.3489797579593496 0.01953125 0.029154518950437316
0 0.5012108262108262 0.35267964084290604 0.01953125 0.029154518950437316
0 0.4276780626780627 0.39214505826750706 0.01953125 0.029154518950437316
0 0.4161111111111112 0.3970782354455822 0.01953125 0.029154518950437316
0 0.4128062678062679 0.4131110612743264 0.01953125 0.029154518950437316
0 0.4045441595441596 0.43161047569210814 0.01953125 0.029154518950437316
0 0.4012393162393163 0.4476433015208524 0.01953125 0.029154518950437316
0 0.40619658119658125 0.44887659581537115 0.01953125 0.029154518950437316
0 0.411980056980057 0.44394341863729603 0.01953125 0.029154518950437316
0 0.41115384615384626 0.4365436528701833 0.01953125 0.029154518950437316
0 0.4128062678062679 0.44887659581537115 0.01953125 0.029154518950437316
0 0.4161111111111112 0.46120953876055903 0.01953125 0.029154518950437316
0 0.40784900284900294 0.4624428330550778 0.01953125 0.029154518950437316
0 0.4251994301994303 0.4550430672879651 0.01953125 0.029154518950437316
0 0.43346153846153856 0.4451767129318149 0.01953125 0.029154518950437316
0 0.430982905982906 0.46737601023315295 0.01953125 0.029154518950437316
0 0.44502849002849015 0.4476433015208524 0.01953125 0.029154518950437316
0 0.449985754985755 0.43777694716470206 0.01953125 0.029154518950437316
0 0.4541168091168092 0.43901024145922085 0.01953125 0.029154518950437316
0 0.4466809116809118 0.4217441213359579 0.01953125 0.029154518950437316
0 0.4475071225071226 0.4168109441578828 0.01953125 0.029154518950437316
0 0.45576923076923087 0.42051082704143905 0.01953125 0.029154518950437316
0 0.4764245014245015 0.39954482403461977 0.01953125 0.029154518950437316
0 0.4813817663817665 0.4044780012126949 0.01953125 0.029154518950437316
0 0.4235470085470086 0.42791059280855187 0.01953125 0.029154518950437316
0 0.42106837606837616 0.4303771813975894 0.01953125 0.029154518950437316
0 0.47477207977207986 0.426677298514033 0.01953125 0.029154518950437316
0 0.4698148148148149 0.41557764986336393 0.01953125 0.029154518950437316
0 0.4648575498575499 0.4291438871030706 0.01953125 0.029154518950437316
0 0.46733618233618246 0.4353103585756645 0.01953125 0.029154518950437316
0 0.4648575498575499 0.4402435357537397 0.01953125 0.029154518950437316
0 0.45990028490028495 0.4451767129318149 0.01953125 0.029154518950437316
0 0.4532905982905983 0.4513431844044087 0.01953125 0.029154518950437316
0 0.4582478632478633 0.4599762444660402 0.01953125 0.029154518950437316
0 0.46320512820512827 0.44887659581537115 0.01953125 0.029154518950437316
0 0.4689886039886041 0.4550430672879651 0.01953125 0.029154518950437316
0 0.46403133903133914 0.4698425988221905 0.01953125 0.029154518950437316
0 0.4590740740740742 0.4809422474728596 0.01953125 0.029154518950437316
0 0.4590740740740742 0.4846421303564159 0.01953125 0.029154518950437316
0 0.47146723646723654 0.4809422474728596 0.01953125 0.029154518950437316
0 0.4681623931623932 0.4760090702947844 0.01953125 0.029154518950437316
0 0.4764245014245015 0.4710758931167093 0.01953125 0.029154518950437316
0 0.47477207977207986 0.4945084847125662 0.01953125 0.029154518950437316
0 0.47890313390313394 0.4883420132399723 0.01953125 0.029154518950437316
0 0.47477207977207986 0.5043748390687164 0.01953125 0.029154518950437316
0 0.4855128205128206 0.4797089531783408 0.01953125 0.029154518950437316
0 0.49707977207977216 0.47477577600026566 0.01953125 0.029154518950437316
0 0.5012108262108262 0.4723091874112281 0.01953125 0.029154518950437316
0 0.5202136752136752 0.4834088360618971 0.01953125 0.029154518950437316
0 0.5309544159544161 0.47354248170574686 0.01953125 0.029154518950437316
0 0.5441737891737892 0.4834088360618971 0.01953125 0.029154518950437316
0 0.48303418803418813 0.45010989010989 0.01953125 0.029154518950437316
0 0.47477207977207986 0.45010989010989 0.01953125 0.029154518950437316
0 0.4755982905982906 0.43777694716470206 0.01953125 0.029154518950437316
0 0.48220797720797726 0.4365436528701833 0.01953125 0.029154518950437316
0 0.4879914529914531 0.43901024145922085 0.01953125 0.029154518950437316
0 0.4912962962962964 0.42791059280855187 0.01953125 0.029154518950437316
0 0.4946011396011397 0.43161047569210814 0.01953125 0.029154518950437316
0 0.5036894586894588 0.432843769986627 0.01953125 0.029154518950437316
0 0.4954273504273505 0.46120953876055903 0.01953125 0.029154518950437316
0 0.49377492877492885 0.4513431844044087 0.01953125 0.029154518950437316
0 0.4979059829059829 0.45380977299344627 0.01953125 0.029154518950437316
0 0.5036894586894588 0.45627636158248386 0.01953125 0.029154518950437316
0 0.5028632478632479 0.45750965587700265 0.01953125 0.029154518950437316
0 0.5102991452991454 0.44271012434277723 0.01953125 0.029154518950437316
0 0.5144301994301995 0.46860930452767174 0.01953125 0.029154518950437316
0 0.5144301994301995 0.4624428330550778 0.01953125 0.029154518950437316
0 0.5177350427350428 0.45010989010989 0.01953125 0.029154518950437316
0 0.5251709401709402 0.4649094216441153 0.01953125 0.029154518950437316
0 0.5284757834757835 0.45627636158248386 0.01953125 0.029154518950437316
0 0.5383903133903135 0.46367612734959657 0.01953125 0.029154518950437316
0 0.5458262108262109 0.46120953876055903 0.01953125 0.029154518950437316
0 0.549957264957265 0.47354248170574686 0.01953125 0.029154518950437316
0 0.559871794871795 0.4723091874112281 0.01953125 0.029154518950437316
0 0.5722649572649574 0.4649094216441153 0.01953125 0.029154518950437316
0 0.5772222222222222 0.49574177900708494 0.01953125 0.029154518950437316
0 0.5590455840455841 0.48217554176737837 0.01953125 0.029154518950437316
0 0.5301282051282051 0.489575307534491 0.01953125 0.029154518950437316
0 0.5904415954415955 0.49697507330160373 0.01953125 0.029154518950437316
0 0.4921225071225072 0.40941117839077007 0.01953125 0.029154518950437316
0 0.5053418803418804 0.4118777669798077 0.01953125 0.029154518950437316
0 0.5177350427350428 0.38474529250039435 0.01953125 0.029154518950437316
0 0.5094729344729345 0.4057112955072137 0.01953125 0.029154518950437316
0 0.5276495726495728 0.3970782354455822 0.01953125 0.029154518950437316
0 0.5276495726495728 0.3539129351374248 0.01953125 0.029154518950437316
0 0.5160826210826212 0.35761281802098116 0.01953125 0.029154518950437316
0 0.5177350427350428 0.4217441213359579 0.01953125 0.029154518950437316
0 0.5251709401709402 0.4365436528701833 0.01953125 0.029154518950437316
0 0.5251709401709402 0.42421070992499543 0.01953125 0.029154518950437316
0 0.5416951566951568 0.43901024145922085 0.01953125 0.029154518950437316
0 0.5309544159544161 0.432843769986627 0.01953125 0.029154518950437316
0 0.5309544159544161 0.44271012434277723 0.01953125 0.029154518950437316
0 0.540868945868946 0.4550430672879651 0.01953125 0.029154518950437316
0 0.5516096866096867 0.45257647869892753 0.01953125 0.029154518950437316
0 0.5516096866096867 0.4414768300482584 0.01953125 0.029154518950437316
0 0.559871794871795 0.44271012434277723 0.01953125 0.029154518950437316
0 0.5821794871794873 0.4834088360618971 0.01953125 0.029154518950437316
0 0.5722649572649574 0.4760090702947844 0.01953125 0.029154518950437316
0 0.5854843304843306 0.46367612734959657 0.01953125 0.029154518950437316
0 0.606965811965812 0.4698425988221905 0.01953125 0.029154518950437316
0 0.5359116809116811 0.3970782354455822 0.01953125 0.029154518950437316
0 0.5474786324786325 0.36501258378809376 0.01953125 0.029154518950437316
0 0.5483048433048434 0.39214505826750706 0.01953125 0.029154518950437316
0 0.5565669515669517 0.3970782354455822 0.01953125 0.029154518950437316
0 0.5673076923076923 0.3872118810894319 0.01953125 0.029154518950437316
0 0.5673076923076923 0.40941117839077007 0.01953125 0.029154518950437316
0 0.5606980056980058 0.4106444726852888 0.01953125 0.029154518950437316
0 0.5483048433048434 0.4131110612743264 0.01953125 0.029154518950437316
0 0.5400427350427351 0.40941117839077007 0.01953125 0.029154518950437316
0 0.545 0.4007781183291386 0.01953125 0.029154518950437316
0 0.5425213675213676 0.42051082704143905 0.01953125 0.029154518950437316
0 0.5416951566951568 0.42421070992499543 0.01953125 0.029154518950437316
0 0.5491310541310542 0.42791059280855187 0.01953125 0.029154518950437316
0 0.5606980056980058 0.4303771813975894 0.01953125 0.029154518950437316
0 0.5664814814814816 0.4254440042195142 0.01953125 0.029154518950437316
0 0.5681339031339032 0.41557764986336393 0.01953125 0.029154518950437316
0 0.5714387464387465 0.4353103585756645 0.01953125 0.029154518950437316
0 0.559871794871795 0.46120953876055903 0.01953125 0.029154518950437316
0 0.5640028490028491 0.4550430672879651 0.01953125 0.029154518950437316
0 0.5673076923076923 0.4476433015208524 0.01953125 0.029154518950437316
0 0.5780484330484331 0.4340770642811458 0.01953125 0.029154518950437316
0 0.5772222222222222 0.4118777669798077 0.01953125 0.029154518950437316
0 0.5821794871794873 0.40941117839077007 0.01953125 0.029154518950437316
0 0.5904415954415955 0.4081778840962512 0.01953125 0.029154518950437316
0 0.5838319088319088 0.4217441213359579 0.01953125 0.029154518950437316
0 0.5929202279202279 0.426677298514033 0.01953125 0.029154518950437316
0 0.5904415954415955 0.43901024145922085 0.01953125 0.029154518950437316
0 0.5863105413105415 0.4513431844044087 0.01953125 0.029154518950437316
0 0.5813532763532764 0.44271012434277723 0.01953125 0.029154518950437316
0 0.6077920227920229 0.4217441213359579 0.01953125 0.029154518950437316
0 0.6135754985754986 0.46367612734959657 0.01953125 0.029154518950437316
0 0.6102706552706554 0.43161047569210814 0.01953125 0.029154518950437316
0 0.6234900284900285 0.426677298514033 0.01953125 0.029154518950437316
0 0.6185327635327635 0.4291438871030706 0.01953125 0.029154518950437316
0 0.6193589743589745 0.4797089531783408 0.01953125 0.029154518950437316
0 0.6102706552706554 0.48710871894545343 0.01953125 0.029154518950437316
0 0.6284472934472934 0.4834088360618971 0.01953125 0.029154518950437316
0 0.6300997150997152 0.5006749561851601 0.01953125 0.029154518950437316
0 0.6276210826210827 0.4945084847125662 0.01953125 0.029154518950437316
0 0.6416666666666667 0.4797089531783408 0.01953125 0.029154518950437316
0 0.6292735042735044 0.4723091874112281 0.01953125 0.029154518950437316
0 0.6334045584045586 0.43161047569210814 0.01953125 0.029154518950437316
0 0.6466239316239317 0.4587429501715214 0.01953125 0.029154518950437316
0 0.6491025641025642 0.4451767129318149 0.01953125 0.029154518950437316
0 0.6474501424501424 0.43777694716470206 0.01953125 0.029154518950437316
0 0.6606695156695157 0.4414768300482584 0.01953125 0.029154518950437316
0 0.6623219373219374 0.45010989010989 0.01953125 0.029154518950437316
0 0.6697578347578348 0.4414768300482584 0.01953125 0.029154518950437316
0 0.6838034188034189 0.4649094216441153 0.01953125 0.029154518950437316
0 0.6771937321937322 0.4550430672879651 0.01953125 0.029154518950437316
0 0.6829772079772081 0.45380977299344627 0.01953125 0.029154518950437316
0 0.6755413105413107 0.46614271593863416 0.01953125 0.029154518950437316
0 0.6722364672364673 0.48587542465093464 0.01953125 0.029154518950437316
0 0.678846153846154 0.48587542465093464 0.01953125 0.029154518950437316
0 0.6829772079772081 0.4846421303564159 0.01953125 0.029154518950437316
0 0.692891737891738 0.4723091874112281 0.01953125 0.029154518950437316
0 0.6813247863247864 0.5080747219522728 0.01953125 0.029154518950437316
0 0.6895868945868947 0.5043748390687164 0.01953125 0.029154518950437316
0 0.7028062678062679 0.49204189612352855 0.01953125 0.029154518950437316
0 0.6970227920227922 0.5043748390687164 0.01953125 0.029154518950437316
0 0.7127207977207979 0.48587542465093464 0.01953125 0.029154518950437316
0 0.6970227920227922 0.4883420132399723 0.01953125 0.029154518950437316
0 0.6515811965811966 0.49697507330160373 0.01953125 0.029154518950437316
0 0.6457977207977209 0.4982083675961225 0.01953125 0.029154518950437316
0 0.6515811965811966 0.4772423645893032 0.01953125 0.029154518950437316
0 0.7110683760683761 0.5031415447741977 0.01953125 0.029154518950437316
0 0.726766381766382 0.49574177900708494 0.01953125 0.029154518950437316
0 0.7308974358974359 0.4797089531783408 0.01953125 0.029154518950437316
0 0.6524074074074075 0.8681966559517579 0.01953125 0.029154518950437316
0 0.7061111111111112 0.45627636158248386 0.01953125 0.029154518950437316
0 0.6970227920227922 0.45627636158248386 0.01953125 0.029154518950437316
0 0.7176780626780627 0.4587429501715214 0.01953125 0.029154518950437316
0 0.7077635327635328 0.43901024145922085 0.01953125 0.029154518950437316
0 0.692891737891738 0.4476433015208524 0.01953125 0.029154518950437316
0 0.6887606837606838 0.43161047569210814 0.01953125 0.029154518950437316
0 0.692065527065527 0.4168109441578828 0.01953125 0.029154518950437316
0 0.6838034188034189 0.4217441213359579 0.01953125 0.029154518950437316
0 0.7069373219373221 0.4106444726852888 0.01953125 0.029154518950437316
0 0.7102421652421654 0.42051082704143905 0.01953125 0.029154518950437316
0 0.7275925925925927 0.43777694716470206 0.01953125 0.029154518950437316
0 0.7366809116809117 0.4365436528701833 0.01953125 0.029154518950437316
0 0.7391595441595443 0.4476433015208524 0.01953125 0.029154518950437316
0 0.7300712250712252 0.45380977299344627 0.01953125 0.029154518950437316
0 0.7342022792022793 0.45257647869892753 0.01953125 0.029154518950437316
0 0.745769230769231 0.4513431844044087 0.01953125 0.029154518950437316
0 0.7523789173789176 0.43901024145922085 0.01953125 0.029154518950437316
0 0.7482478632478634 0.43161047569210814 0.01953125 0.029154518950437316
0 0.7474216524216525 0.42051082704143905 0.01953125 0.029154518950437316
0 0.7391595441595443 0.4180442384524015 0.01953125 0.029154518950437316
0 0.7317236467236469 0.4254440042195142 0.01953125 0.029154518950437316
0 0.7292450142450144 0.4229774156304767 0.01953125 0.029154518950437316
0 0.7300712250712252 0.4081778840962512 0.01953125 0.029154518950437316
0 0.7358547008547011 0.40694458980173254 0.01953125 0.029154518950437316
0 0.7515527065527067 0.4131110612743264 0.01953125 0.029154518950437316
0 0.7565099715099716 0.4106444726852888 0.01953125 0.029154518950437316
0 0.7713817663817666 0.4118777669798077 0.01953125 0.029154518950437316
0 0.7655982905982907 0.4106444726852888 0.01953125 0.029154518950437316
0 0.763945868945869 0.40324470691817604 0.01953125 0.029154518950437316
0 0.763945868945869 0.3909117639729884 0.01953125 0.029154518950437316
0 0.7689031339031339 0.381045409616838 0.01953125 0.029154518950437316
0 0.773860398860399 0.381045409616838 0.01953125 0.029154518950437316
0 0.773860398860399 0.3933783525620258 0.01953125 0.029154518950437316
0 0.8093874643874646 0.36501258378809376 0.01953125 0.029154518950437316
0 0.8399572649572651 0.4168109441578828 0.01953125 0.029154518950437316
0 0.8234330484330485 0.432843769986627 0.01953125 0.029154518950437316
0 0.7879059829059829 0.4353103585756645 0.01953125 0.029154518950437316
0 0.7655982905982907 0.4587429501715214 0.01953125 0.029154518950437316
0 0.7490740740740742 0.47354248170574686 0.01953125 0.029154518950437316
0 0.7532051282051283 0.46737601023315295 0.01953125 0.029154518950437316
0 0.7408119658119658 0.4772423645893032 0.01953125 0.029154518950437316
0 0.7730341880341881 0.432843769986627 0.01953125 0.029154518950437316
0 0.7622934472934473 0.4402435357537397 0.01953125 0.029154518950437316
0 0.7655982905982907 0.4291438871030706 0.01953125 0.029154518950437316
0 0.7945156695156695 0.4007781183291386 0.01953125 0.029154518950437316
0 0.7961680911680913 0.40694458980173254 0.01953125 0.029154518950437316
0 0.7994729344729347 0.41557764986336393 0.01953125 0.029154518950437316
0 0.7961680911680913 0.3736456438497254 0.01953125 0.029154518950437316
0 0.7969943019943022 0.36501258378809376 0.01953125 0.029154518950437316
0 0.8044301994301996 0.3711790552606878 0.01953125 0.029154518950437316
0 0.7854273504273505 0.3600794066100186 0.01953125 0.029154518950437316
0 0.7763390313390315 0.3588461123154999 0.01953125 0.029154518950437316
0 0.7912108262108263 0.3798121153223192 0.01953125 0.029154518950437316
0 0.7862535612535614 0.3872118810894319 0.01953125 0.029154518950437316
0 0.7846011396011396 0.3761122324387629 0.01953125 0.029154518950437316
0 0.7821225071225072 0.3909117639729884 0.01953125 0.029154518950437316
0 0.7763390313390315 0.37487893814424406 0.01953125 0.029154518950437316
0 0.7697293447293448 0.36747917237713146 0.01953125 0.029154518950437316
0 0.7664245014245015 0.36747917237713146 0.01953125 0.029154518950437316
0 0.7730341880341881 0.36747917237713146 0.01953125 0.029154518950437316
0 0.5631766381766383 0.3628543187726861 0.01953125 0.029154518950437316
0 0.5677207977207979 0.3616210244781673 0.01953125 0.029154518950437316
0 0.5602849002849003 0.36100437733090796 0.01953125 0.029154518950437316
0 0.5557407407407408 0.34250496291312615 0.01953125 0.029154518950437316
0 0.5677207977207979 0.3455881986494231 0.01953125 0.029154518950437316
0 0.5730911680911682 0.34990472868023886 0.01953125 0.029154518950437316
0 0.575982905982906 0.34435490435490435 0.01953125 0.029154518950437316
0 0.5801139601139602 0.34250496291312615 0.01953125 0.029154518950437316
0 0.5792877492877493 0.3647042602144642 0.01953125 0.029154518950437316
0 0.5830056980056981 0.3529879644165358 0.01953125 0.029154518950437316
0 0.5871367521367522 0.35175467012201705 0.01953125 0.029154518950437316
0 0.5991168091168092 0.34250496291312615 0.01953125 0.029154518950437316
0 0.5896153846153847 0.3375717857350511 0.01953125 0.029154518950437316
0 0.5987037037037038 0.3289387256734195 0.01953125 0.029154518950437316
0 0.5920940170940172 0.3301720199679383 0.01953125 0.029154518950437316
0 0.5863105413105414 0.3289387256734195 0.01953125 0.029154518950437316
0 0.6032478632478634 0.33818843288231043 0.01953125 0.029154518950437316
0 0.6032478632478634 0.3529879644165358 0.01953125 0.029154518950437316
0 0.597877492877493 0.3591544358891298 0.01953125 0.029154518950437316
0 0.5904415954415955 0.3505213758274982 0.01953125 0.029154518950437316
0 0.5850712250712252 0.3665542016562425 0.01953125 0.029154518950437316
0 0.6218376068376069 0.3634709659199455 0.01953125 0.029154518950437316
0 0.6193589743589745 0.35853778874187037 0.01953125 0.029154518950437316
0 0.6164672364672367 0.34250496291312615 0.01953125 0.029154518950437316
0 0.6127492877492878 0.3388050800295698 0.01953125 0.029154518950437316
0 0.6090313390313391 0.3394217271768292 0.01953125 0.029154518950437316
0 0.6251424501424503 0.3375717857350511 0.01953125 0.029154518950437316
0 0.6292735042735044 0.32770543137890074 0.01953125 0.029154518950437316
0 0.6251424501424503 0.32832207852616013 0.01953125 0.029154518950437316
0 0.5817663817663818 0.3967699118719527 0.01953125 0.029154518950437316
0 0.5858974358974359 0.39738655901921205 0.01953125 0.029154518950437316
0 0.5912678062678064 0.4029363833445467 0.01953125 0.029154518950437316
0 0.5945726495726497 0.39615326472469325 0.01953125 0.029154518950437316
0 0.5945726495726497 0.3881368518103212 0.01953125 0.029154518950437316
0 0.5987037037037038 0.38197038033772723 0.01953125 0.029154518950437316
0 0.6032478632478634 0.3856702632212836 0.01953125 0.029154518950437316
0 0.6020085470085471 0.38937014610483994 0.01953125 0.029154518950437316
0 0.59994301994302 0.3943033232829151 0.01953125 0.029154518950437316
0 0.5982905982905983 0.4029363833445467 0.01953125 0.029154518950437316
0 0.59994301994302 0.41341938484795626 0.01953125 0.029154518950437316
0 0.6094444444444445 0.4152693262897344 0.01953125 0.029154518950437316
0 0.6015954415954416 0.4226690920568471 0.01953125 0.029154518950437316
0 0.6049002849002849 0.4047863247863248 0.01953125 0.029154518950437316
0 0.6061396011396012 0.3930700289883963 0.01953125 0.029154518950437316
0 0.6102706552706554 0.3850536160740243 0.01953125 0.029154518950437316
0 0.6144017094017096 0.3856702632212836 0.01953125 0.029154518950437316
0 0.6177065527065528 0.3980032061664715 0.01953125 0.029154518950437316
0 0.6218376068376069 0.38937014610483994 0.01953125 0.029154518950437316
0 0.6123361823361825 0.40108644190276843 0.01953125 0.029154518950437316
0 0.6102706552706554 0.39553661757743386 0.01953125 0.029154518950437316
0 0.6156410256410257 0.4152693262897344 0.01953125 0.029154518950437316
0 0.6172934472934474 0.40601961908084355 0.01953125 0.029154518950437316
0 0.6218376068376069 0.41711926773151264 0.01953125 0.029154518950437316
0 0.6284472934472936 0.4220524449095878 0.01953125 0.029154518950437316
0 0.6305128205128205 0.42513568064588475 0.01953125 0.029154518950437316
0 0.6362962962962964 0.4232857392041066 0.01953125 0.029154518950437316
0 0.6437321937321938 0.42390238635136596 0.01953125 0.029154518950437316
0 0.6511680911680913 0.4220524449095878 0.01953125 0.029154518950437316
0 0.6565384615384616 0.42081915061506897 0.01953125 0.029154518950437316
0 0.6627350427350428 0.42143579776232837 0.01953125 0.029154518950437316
0 0.6681054131054132 0.4195858563205502 0.01953125 0.029154518950437316
0 0.6709971509971511 0.4152693262897344 0.01953125 0.029154518950437316
0 0.6796723646723647 0.411569443406178 0.01953125 0.029154518950437316
0 0.6900000000000001 0.39985314760824964 0.01953125 0.029154518950437316
0 0.6970227920227922 0.3906034403993588 0.01953125 0.029154518950437316
0 0.7003276353276354 0.3986198533137309 0.01953125 0.029154518950437316
0 0.7044586894586895 0.4331520935602568 0.01953125 0.029154518950437316
0 0.6904131054131055 0.4405518593273695 0.01953125 0.029154518950437316
0 0.7019800569800572 0.4232857392041066 0.01953125 0.029154518950437316
0 0.713960113960114 0.4220524449095878 0.01953125 0.029154518950437316
0 0.7193304843304844 0.4220524449095878 0.01953125 0.029154518950437316
0 0.7114814814814816 0.4103361491116593 0.01953125 0.029154518950437316
0 0.7185042735042736 0.4091028548171405 0.01953125 0.029154518950437316
0 0.70982905982906 0.4017030890500279 0.01953125 0.029154518950437316
0 0.7213960113960115 0.4017030890500279 0.01953125 0.029154518950437316
0 0.7197435897435899 0.3930700289883963 0.01953125 0.029154518950437316
0 0.7131339031339032 0.39245338184113693 0.01953125 0.029154518950437316
0 0.7247008547008548 0.3714873788343176 0.01953125 0.029154518950437316
0 0.7189173789173791 0.3671708488035018 0.01953125 0.029154518950437316
0 0.7313105413105414 0.37580390886513343 0.01953125 0.029154518950437316
0 0.7354415954415956 0.3733373202760958 0.01953125 0.029154518950437316
0 0.7403988603988605 0.36223767162542664 0.01953125 0.029154518950437316
0 0.7437037037037039 0.3807370860432085 0.01953125 0.029154518950437316
0 0.7523789173789175 0.3628543187726861 0.01953125 0.029154518950437316
0 0.7556837606837608 0.3591544358891298 0.01953125 0.029154518950437316
0 0.7589886039886041 0.36778749595076127 0.01953125 0.029154518950437316
0 0.7606410256410258 0.3597710830363891 0.01953125 0.029154518950437316
0 0.7610541310541312 0.35422125871105464 0.01953125 0.029154518950437316
0 0.7618803418803419 0.3788871446014303 0.01953125 0.029154518950437316
0 0.7565099715099717 0.3980032061664715 0.01953125 0.029154518950437316
0 0.751965811965812 0.4041696776390654 0.01953125 0.029154518950437316
0 0.7441168091168092 0.4103361491116593 0.01953125 0.029154518950437316
0 0.7420512820512822 0.4029363833445467 0.01953125 0.029154518950437316
0 0.7391595441595442 0.39923650046099024 0.01953125 0.029154518950437316
0 0.7465954415954418 0.35853778874187037 0.01953125 0.029154518950437316
0 0.7532051282051283 0.35607120015283283 0.01953125 0.029154518950437316
0 0.74494301994302 0.34743814009120133 0.01953125 0.029154518950437316
0 0.7366809116809118 0.34743814009120133 0.01953125 0.029154518950437316
0 0.7292450142450144 0.34003837432408857 0.01953125 0.029154518950437316
0 0.7370940170940172 0.3573044944473516 0.01953125 0.029154518950437316
0 0.7321367521367522 0.36223767162542664 0.01953125 0.029154518950437316
0 0.7234615384615386 0.35175467012201705 0.01953125 0.029154518950437316
0 0.728831908831909 0.35175467012201705 0.01953125 0.029154518950437316
0 0.7193304843304844 0.3394217271768292 0.01953125 0.029154518950437316
0 0.7123076923076924 0.33695513858779164 0.01953125 0.029154518950437316
0 0.7201566951566952 0.34743814009120133 0.01953125 0.029154518950437316
0 0.7135470085470086 0.3554545530055734 0.01953125 0.029154518950437316
0 0.7102421652421654 0.37087073168705825 0.01953125 0.029154518950437316
0 0.6986752136752138 0.3838203217795055 0.01953125 0.029154518950437316
0 0.6953703703703705 0.3727206731288364 0.01953125 0.029154518950437316
0 0.7028062678062679 0.3455881986494231 0.01953125 0.029154518950437316
0 0.7015669515669517 0.33818843288231043 0.01953125 0.029154518950437316
0 0.7127207977207979 0.31907237131726923 0.01953125 0.029154518950437316
0 0.6846296296296298 0.32462219564260375 0.01953125 0.029154518950437316
0 0.6780199430199432 0.32585548993712254 0.01953125 0.029154518950437316
0 0.6891737891737894 0.3320219614097165 0.01953125 0.029154518950437316
0 0.6916524216524217 0.33633849144053224 0.01953125 0.029154518950437316
0 0.6933048433048434 0.34065502147134796 0.01953125 0.029154518950437316
0 0.6945441595441597 0.34805478723846067 0.01953125 0.029154518950437316
0 0.6895868945868947 0.34435490435490435 0.01953125 0.029154518950437316
0 0.6829772079772081 0.3394217271768292 0.01953125 0.029154518950437316
0 0.6755413105413107 0.3394217271768292 0.01953125 0.029154518950437316
0 0.6747150997150998 0.33140531426245706 0.01953125 0.029154518950437316
0 0.6648005698005699 0.3388050800295698 0.01953125 0.029154518950437316
0 0.6577777777777779 0.34743814009120133 0.01953125 0.029154518950437316
0 0.6491025641025642 0.3529879644165358 0.01953125 0.029154518950437316
0 0.6412535612535614 0.3437382572076449 0.01953125 0.029154518950437316
0 0.6375356125356126 0.35113802297475766 0.01953125 0.029154518950437316
0 0.6338176638176639 0.35237131726927645 0.01953125 0.029154518950437316
0 0.6424928774928776 0.3492880815329795 0.01953125 0.029154518950437316
0 0.6334045584045586 0.3462048457966825 0.01953125 0.029154518950437316
0 0.6408404558404559 0.36100437733090796 0.01953125 0.029154518950437316
0 0.647863247863248 0.35853778874187037 0.01953125 0.029154518950437316
0 0.6652136752136752 0.3696374373925394 0.01953125 0.029154518950437316
0 0.6342307692307693 0.3788871446014303 0.01953125 0.029154518950437316
0 0.6371225071225072 0.4047863247863248 0.01953125 0.029154518950437316
0 0.6263817663817665 0.4029363833445467 0.01953125 0.029154518950437316
0 0.6296866096866098 0.40848620766988114 0.01953125 0.029154518950437316
0 0.6334045584045586 0.41280273770069686 0.01953125 0.029154518950437316
0 0.6371225071225072 0.41341938484795626 0.01953125 0.029154518950437316
0 0.6482763532763534 0.39553661757743386 0.01953125 0.029154518950437316
0 0.642905982905983 0.3912200875466181 0.01953125 0.029154518950437316
0 0.6437321937321938 0.3838203217795055 0.01953125 0.029154518950437316
0 0.6387749287749289 0.38875349895758066 0.01953125 0.029154518950437316
0 0.6491025641025642 0.38197038033772723 0.01953125 0.029154518950437316
0 0.6557122507122508 0.3770372031596521 0.01953125 0.029154518950437316
0 0.6557122507122508 0.3918367346938776 0.01953125 0.029154518950437316
0 0.6747150997150998 0.3986198533137309 0.01953125 0.029154518950437316
0 0.6800854700854703 0.39985314760824964 0.01953125 0.029154518950437316
0 0.6813247863247864 0.39245338184113693 0.01953125 0.029154518950437316
0 0.6875213675213676 0.3930700289883963 0.01953125 0.029154518950437316
0 0.6821509971509973 0.3807370860432085 0.01953125 0.029154518950437316
0 0.6780199430199432 0.3795037917486897 0.01953125 0.029154518950437316
0 0.6689316239316241 0.37827049745417085 0.01953125 0.029154518950437316
0 0.673888888888889 0.3696374373925394 0.01953125 0.029154518950437316
0 0.6660398860398862 0.3751872617178739 0.01953125 0.029154518950437316
0 0.6606695156695157 0.3936866761356557 0.01953125 0.029154518950437316
0 0.6689316239316241 0.3869035575158024 0.01953125 0.029154518950437316
0 0.673888888888889 0.3875202046630618 0.01953125 0.029154518950437316
0 0.6866951566951569 0.3856702632212836 0.01953125 0.029154518950437316
0 0.680911680911681 0.34990472868023886 0.01953125 0.029154518950437316
0 0.6862820512820513 0.3529879644165358 0.01953125 0.029154518950437316
0 0.6747150997150998 0.34743814009120133 0.01953125 0.029154518950437316
0 0.7040455840455841 0.37765385030691156 0.01953125 0.029154518950437316
0 0.659843304843305 0.4118777669798077 0.01953125 0.029154518950437316
0 0.6532336182336184 0.41434435556884525 0.01953125 0.029154518950437316
0 0.5995299145299146 0.43161047569210814 0.01953125 0.029154518950437316
0 0.6953703703703704 0.3292470492470491 0.01953125 0.029154518950437316
0 0.7308974358974359 0.530274019253611 0.01953125 0.029154518950437316
0 0.7837749287749289 0.426677298514033 0.01953125 0.029154518950437316
0 0.95493006993007 0.8102321002612547 0.01953125 0.029154518950437316
0 0.9699150849150852 0.8654072458154091 0.01953125 0.029154518950437316
0 0.9309540459540461 0.7520745144068758 0.01953125 0.029154518950437316
0 0.906978021978022 0.801284779360581 0.01953125 0.029154518950437316
0 0.8710139860139862 0.7893550181596828 0.01953125 0.029154518950437316
0 0.8530319680319681 0.8042672196608056 0.01953125 0.029154518950437316
0 0.8640209790209792 0.7550569547071002 0.01953125 0.029154518950437316
0 0.8830019980019982 0.7252325517048548 0.01953125 0.029154518950437316
0 0.8919930069930071 0.7043554696032829 0.01953125 0.029154518950437316
0 0.9449400599400601 0.7147940106540688 0.01953125 0.029154518950437316
0 0.9459390609390611 0.7326886524554161 0.01953125 0.029154518950437316
0 0.9219630369630372 0.7401447532059776 0.01953125 0.029154518950437316
0 0.9749100899100901 0.7282149920050793 0.01953125 0.029154518950437316
0 0.9849000999001001 0.7103203502037321 0.01953125 0.029154518950437316
0 0.9719130869130871 0.6790047270513742 0.01953125 0.029154518950437316
0 0.9519330669330671 0.6626013054001392 0.01953125 0.029154518950437316
0 0.941943056943057 0.6909344882522723 0.01953125 0.029154518950437316
0 0.925959040959041 0.6864608278019355 0.01953125 0.029154518950437316
0 0.9139710289710291 0.6521627643493532 0.01953125 0.029154518950437316
0 0.8949900099900102 0.6118998202963216 0.01953125 0.029154518950437316
0 0.929955044955045 0.6268120217974444 0.01953125 0.029154518950437316
0 0.9489360639360641 0.6268120217974444 0.01953125 0.029154518950437316
0 0.9699150849150852 0.6118998202963216 0.01953125 0.029154518950437316
0 0.9759090909090912 0.6044437195457601 0.01953125 0.029154518950437316
0 0.9739110889110891 0.6372505628482302 0.01953125 0.029154518950437316
0 0.9559290709290711 0.646197883748904 0.01953125 0.029154518950437316
0 0.9928921078921081 0.6640925255502514 0.01953125 0.029154518950437316
0 0.991893106893107 0.5954963986450865 0.01953125 0.029154518950437316
0 0.9219630369630372 0.6104086001462093 0.01953125 0.029154518950437316
0 0.925959040959041 0.5999700590954234 0.01953125 0.029154518950437316
0 0.935949050949051 0.602952499395648 0.01953125 0.029154518950437316
0 0.960924075924076 0.7267237718549671 0.01953125 0.029154518950437316
0 0.8650199800199802 0.410585100031164 0.01953125 0.029154518950437316
0 0.8820029970029971 0.39716411868015344 0.01953125 0.029154518950437316
0 0.8899950049950051 0.3941816783799289 0.01953125 0.029154518950437316
0 0.9049800199800201 0.3986553388302658 0.01953125 0.029154518950437316
0 0.9109740259740261 0.3718133761282447 0.01953125 0.029154518950437316
0 0.9249600399600401 0.37330459627835705 0.01953125 0.029154518950437316
0 0.9369480519480521 0.383743137329143 0.01953125 0.029154518950437316
0 0.935949050949051 0.3673397156779079 0.01953125 0.029154518950437316
0 0.9439410589410591 0.3986553388302658 0.01953125 0.029154518950437316
0 0.9689160839160841 0.4031289992806026 0.01953125 0.029154518950437316
0 0.9739110889110891 0.37926947687880613 0.01953125 0.029154518950437316
0 0.9559290709290711 0.38225191717903056 0.01953125 0.029154518950437316
0 0.989895104895105 0.37926947687880613 0.01953125 0.029154518950437316
0 0.95493006993007 0.35839239477723434 0.01953125 0.029154518950437316
0 0.9519330669330671 0.3464626335763361 0.01953125 0.029154518950437316
0 0.960924075924076 0.3524275141767852 0.01953125 0.029154518950437316
0 0.9579270729270731 0.3404977529758869 0.01953125 0.029154518950437316
0 0.9089760239760241 0.35391873432689736 0.01953125 0.029154518950437316
0 0.9159690309690312 0.35391873432689736 0.01953125 0.029154518950437316
0 0.9159690309690312 0.34497141342622367 0.01953125 0.029154518950437316
0 0.9159690309690312 0.33751531267566237 0.01953125 0.029154518950437316
0 0.906978021978022 0.3330416522253255 0.01953125 0.029154518950437316
0 0.9199650349650351 0.32856799177498863 0.01953125 0.029154518950437316
0 0.931953046953047 0.3360240925255501 0.01953125 0.029154518950437316
0 0.923961038961039 0.3419889731259991 0.01953125 0.029154518950437316
0 0.9269580419580421 0.3479538537264482 0.01953125 0.029154518950437316
0 0.9329520479520481 0.3464626335763361 0.01953125 0.029154518950437316
0 0.935949050949051 0.33900653282577464 0.01953125 0.029154518950437316
0 0.9389460539460541 0.33453287237543783 0.01953125 0.029154518950437316
0 0.9449400599400601 0.3464626335763361 0.01953125 0.029154518950437316
0 0.966918081918082 0.36137483507745877 0.01953125 0.029154518950437316
0 0.962922077922078 0.3419889731259991 0.01953125 0.029154518950437316
0 0.982902097902098 0.36584849552779564 0.01953125 0.029154518950437316
0 0.997887112887113 0.383743137329143 0.01953125 0.029154518950437316
0 0.952932067932068 0.6118998202963216 0.01953125 0.029154518950437316
0 0.958926073926074 0.5984788389453111 0.01953125 0.029154518950437316
0 0.9908941058941061 0.6402330031484549 0.01953125 0.029154518950437316
0 0.902982017982018 0.6968993688527215 0.01953125 0.029154518950437316
0 0.8830019980019982 0.6775135069012618 0.01953125 0.029154518950437316
0 0.9928921078921081 0.7147940106540688 0.01953125 0.029154518950437316
0 0.7031818181818182 0.35391873432689736 0.01953125 0.029154518950437316
0 0.6372477522477523 0.3240943313246518 0.01953125 0.029154518950437316
0 0.6392457542457542 0.33005921192510096 0.01953125 0.029154518950437316
0 0.6452397602397603 0.33005921192510096 0.01953125 0.029154518950437316
0 0.004880119880119852 0.2003230588653327 0.01953125 0.029154518950437316
0 0.04184315684315681 0.20777915961589408 0.01953125 0.029154518950437316
0 0.03285214785214783 0.21225282006623095 0.01953125 0.029154518950437316
0 0.042842157842157814 0.22567380141724147 0.01953125 0.029154518950437316
0 0.007877122877122859 0.3419889731259991 0.01953125 0.029154518950437316
0 0.02785714285714282 0.33751531267566237 0.01953125 0.029154518950437316
