0 0.11266539016539015 0.9476169645332643 0.01953125 0.02936857562408223
0 0.03774031524031523 0.9716516669820635 0.01953125 0.02936857562408223
0 0.09268537018537022 0.72830030468797 0.01953125 0.02936857562408223
0 0.05272533022533023 0.6982569266269708 0.01953125 0.02936857562408223
0 0.15462343212343216 0.7418198248154196 0.01953125 0.02936857562408223
0 0.20856948606948614 0.7358111492032197 0.01953125 0.02936857562408223
0 0.20856948606948614 0.6727200552751212 0.01953125 0.02936857562408223
0 0.15562243312243318 0.650187521729372 0.01953125 0.02936857562408223
0 0.11666139416139419 0.5179966582609754 0.01953125 0.02936857562408223
0 0.051726329226329214 0.5450356985158746 0.01953125 0.02936857562408223
0 0.005772283272283277 0.5810877521890739 0.01953125 0.02936857562408223
0 0.006771284271284263 0.47593592897557646 0.01953125 0.02936857562408223
0 0.025752303252303273 0.47593592897557646 0.01953125 0.02936857562408223
0 0.04872932622932623 0.4549055643328771 0.01953125 0.02936857562408223
0 0.028749306249306262 0.45340339542982716 0.01953125 0.02936857562408223
0 0.01875929625929625 0.4428882131084775 0.01953125 0.02936857562408223
0 0.014763292263292274 0.4128448350474782 0.01953125 0.02936857562408223
0 0.05971833721833722 0.4263643551749279 0.01953125 0.02936857562408223
0 0.07070734820734823 0.45190122652677717 0.01953125 0.02936857562408223
0 0.0876903651903652 0.4503990576237272 0.01953125 0.02936857562408223
0 0.0906873681873682 0.4053339905322284 0.01953125 0.02936857562408223
0 0.09368437118437124 0.34524723441023 0.01953125 0.02936857562408223
0 0.11865939615939616 0.4488968887206773 0.01953125 0.02936857562408223
0 0.12065739815739819 0.43387519969017757 0.01953125 0.02936857562408223
0 0.12964840714840717 0.4398838753023775 0.01953125 0.02936857562408223
0 0.17460345210345218 0.43087086188407775 0.01953125 0.02936857562408223
0 0.17959845709845715 0.4173513417566282 0.01953125 0.02936857562408223
0 0.1855924630924631 0.418853510659678 0.01953125 0.02936857562408223
0 0.19558247308247315 0.40683615943527845 0.01953125 0.02936857562408223
0 0.19857947607947615 0.3858057947925789 0.01953125 0.02936857562408223
0 0.2045734820734821 0.3602689234407296 0.01953125 0.02936857562408223
0 0.23254551004551008 0.34374506550718 0.01953125 0.02936857562408223
0 0.2405375180375181 0.35426024782852966 0.01953125 0.02936857562408223
0 0.20856948606948614 0.5134901515518255 0.01953125 0.02936857562408223
0 0.2005774780774781 0.4909576180060762 0.01953125 0.02936857562408223
0 0.2335445110445111 0.5795855832860238 0.01953125 0.02936857562408223
0 0.3064715839715841 0.7553393449428693 0.01953125 0.02936857562408223
0 0.30147657897657903 0.6832352375964712 0.01953125 0.02936857562408223
0 0.2904875679875681 0.8935388840234656 0.01953125 0.02936857562408223
0 0.18459346209346217 0.8514781547380667 0.01953125 0.02936857562408223
0 0.28049755799755804 0.9536256401454641 0.01953125 0.02936857562408223
0 0.3204575979575981 0.9836690182064634 0.01953125 0.02936857562408223
0 0.316461593961594 0.8214347766770675 0.01953125 0.02936857562408223
0 0.31845959595959605 0.5870964278012737 0.01953125 0.02936857562408223
0 0.2984795759795761 0.5810877521890739 0.01953125 0.02936857562408223
0 0.30747058497058505 0.4834467734908264 0.01953125 0.02936857562408223
0 0.22255550005550018 0.47443376007252647 0.01953125 0.02936857562408223
0 0.22255550005550018 0.4075872438868033 0.01953125 0.02936857562408223
0 0.21156648906648917 0.41584917285357803 0.01953125 0.02936857562408223
0 0.23804001554001566 0.42336001736882783 0.01953125 0.02936857562408223
0 0.23804001554001566 0.4413860442054274 0.01953125 0.02936857562408223
0 0.24902902652902664 0.4699272533633766 0.01953125 0.02936857562408223
0 0.2550230325230326 0.49771737806980093 0.01953125 0.02936857562408223
0 0.24852952602952616 0.4143470039505281 0.01953125 0.02936857562408223
0 0.25352453102453115 0.40458290608070335 0.01953125 0.02936857562408223
0 0.24603202353202366 0.3985742304685035 0.01953125 0.02936857562408223
0 0.24902902652902664 0.38280145698647894 0.01953125 0.02936857562408223
0 0.26651154401154414 0.3918144704047787 0.01953125 0.02936857562408223
0 0.2735045510045512 0.34449614995870487 0.01953125 0.02936857562408223
0 0.2844935619935621 0.28666264719128143 0.01953125 0.02936857562408223
0 0.29198606948606964 0.2874137316428064 0.01953125 0.02936857562408223
0 0.2964815739815741 0.44288821310847737 0.01953125 0.02936857562408223
0 0.3079700854700856 0.4519012265267771 0.01953125 0.02936857562408223
0 0.3199580974580976 0.4519012265267771 0.01953125 0.02936857562408223
0 0.3199580974580976 0.4316219463356026 0.01953125 0.02936857562408223
0 0.3124655899655901 0.4113426661444281 0.01953125 0.02936857562408223
0 0.2969810744810747 0.4083383283383282 0.01953125 0.02936857562408223
0 0.3129650904650906 0.38956121705020375 0.01953125 0.02936857562408223
0 0.3099680874680876 0.37979711918037895 0.01953125 0.02936857562408223
0 0.30946858696858714 0.3685308524075042 0.01953125 0.02936857562408223
0 0.29798007548007555 0.37529061247122913 0.01953125 0.02936857562408223
0 0.30247557997558017 0.3520069944739547 0.01953125 0.02936857562408223
0 0.31746059496059503 0.36026892344072947 0.01953125 0.02936857562408223
0 0.3164615939615942 0.34975374111937974 0.01953125 0.02936857562408223
0 0.31196608946608956 0.3437450655071799 0.01953125 0.02936857562408223
0 0.3034745809745811 0.33172771428278025 0.01953125 0.02936857562408223
0 0.31446359196359214 0.3227147008644805 0.01953125 0.02936857562408223
0 0.31146658896658913 0.3114484340916058 0.01953125 0.02936857562408223
0 0.3044735819735821 0.30393758957635597 0.01953125 0.02936857562408223
0 0.3074705849705851 0.29267132280348124 0.01953125 0.02936857562408223
0 0.33044760794760814 0.28891590054585636 0.01953125 0.02936857562408223
0 0.3269511044511046 0.304688674027881 0.01953125 0.02936857562408223
0 0.3284496059496061 0.31595494080075565 0.01953125 0.02936857562408223
0 0.3284496059496061 0.32496795421905544 0.01953125 0.02936857562408223
0 0.33394411144411157 0.32421686976753045 0.01953125 0.02936857562408223
0 0.3389391164391166 0.3550113322800546 0.01953125 0.02936857562408223
0 0.3279501054501056 0.35275807892547967 0.01953125 0.02936857562408223
0 0.3459321234321236 0.39406772375935356 0.01953125 0.02936857562408223
0 0.3489291264291266 0.3692819368590292 0.01953125 0.02936857562408223
0 0.3484296259296261 0.34975374111937974 0.01953125 0.02936857562408223
0 0.3444336219336221 0.31745710970380564 0.01953125 0.02936857562408223
0 0.3584196359196361 0.2986799984156811 0.01953125 0.02936857562408223
0 0.3459321234321236 0.25887252248485715 0.01953125 0.02936857562408223
0 0.35242562992563004 0.27539638041840675 0.01953125 0.02936857562408223
0 0.36041763791763803 0.2716409581607818 0.01953125 0.02936857562408223
0 0.3689091464091465 0.24985950906655738 0.01953125 0.02936857562408223
0 0.3798981573981575 0.2506105935180824 0.01953125 0.02936857562408223
0 0.38689116439116455 0.23859324229368267 0.01953125 0.02936857562408223
0 0.37665140415140425 0.2569948113560447 0.01953125 0.02936857562408223
0 0.38239565989566005 0.2599991491621446 0.01953125 0.02936857562408223
0 0.38489316239316257 0.2615013180651946 0.01953125 0.02936857562408223
0 0.3878901653901655 0.2592480647106197 0.01953125 0.02936857562408223
0 0.3911369186369188 0.25737035358180715 0.01953125 0.02936857562408223
0 0.389388666888667 0.25136167796960734 0.01953125 0.02936857562408223
0 0.3921359196359198 0.2479817979377449 0.01953125 0.02936857562408223
0 0.39613192363192373 0.24610408680893253 0.01953125 0.02936857562408223
0 0.3998781773781775 0.2479817979377449 0.01953125 0.02936857562408223
0 0.4046234321234322 0.2536149313241823 0.01953125 0.02936857562408223
0 0.40836968586968597 0.24685517126045747 0.01953125 0.02936857562408223
0 0.41361444111444123 0.24385083345435757 0.01953125 0.02936857562408223
0 0.40811993561993576 0.2562437269045197 0.01953125 0.02936857562408223
0 0.411366688866689 0.26037469138790714 0.01953125 0.02936857562408223
0 0.41511294261294274 0.2532393890984198 0.01953125 0.02936857562408223
0 0.417360694860695 0.2562437269045197 0.01953125 0.02936857562408223
0 0.41810994560994574 0.24347529122859507 0.01953125 0.02936857562408223
0 0.4223556998557 0.2412220378740201 0.01953125 0.02936857562408223
0 0.42160644910644923 0.24760625571198247 0.01953125 0.02936857562408223
0 0.4266014541014542 0.24347529122859507 0.01953125 0.02936857562408223
0 0.42834970584970594 0.24948396684079485 0.01953125 0.02936857562408223
0 0.430347707847708 0.246479629034695 0.01953125 0.02936857562408223
0 0.434343711843712 0.2412220378740201 0.01953125 0.02936857562408223
0 0.435342712842713 0.24985950906655738 0.01953125 0.02936857562408223
0 0.43883921633921646 0.24347529122859507 0.01953125 0.02936857562408223
0 0.44533272283272296 0.24535300235740748 0.01953125 0.02936857562408223
0 0.449328726828727 0.24234866455130757 0.01953125 0.02936857562408223
0 0.45657148407148423 0.24084649564825758 0.01953125 0.02936857562408223
0 0.4635644910644912 0.2397198689709702 0.01953125 0.02936857562408223
0 0.4610669885669887 0.24535300235740748 0.01953125 0.02936857562408223
0 0.4580699855699857 0.24610408680893253 0.01953125 0.02936857562408223
0 0.4563217338217339 0.24835734016350747 0.01953125 0.02936857562408223
0 0.44907897657897666 0.25286384687265734 0.01953125 0.02936857562408223
0 0.45881923631923643 0.2577458958075697 0.01953125 0.02936857562408223
0 0.46481324231324245 0.24948396684079485 0.01953125 0.02936857562408223
0 0.4710569985569987 0.25136167796960734 0.01953125 0.02936857562408223
0 0.4700579975579977 0.24535300235740748 0.01953125 0.02936857562408223
0 0.4735545010545012 0.2479817979377449 0.01953125 0.02936857562408223
0 0.468309745809746 0.2784007182245066 0.01953125 0.02936857562408223
0 0.47480325230325243 0.23633998893910774 0.01953125 0.02936857562408223
0 0.47854950604950613 0.2419731223255451 0.01953125 0.02936857562408223
0 0.4850430125430127 0.24009541119673267 0.01953125 0.02936857562408223
0 0.4862917637917639 0.24685517126045747 0.01953125 0.02936857562408223
0 0.49353452103452117 0.22206938436013313 0.01953125 0.02936857562408223
0 0.49403402153402165 0.228829144423858 0.01953125 0.02936857562408223
0 0.49578227328227337 0.23220902445572036 0.01953125 0.02936857562408223
0 0.5017762792762794 0.22845360219809552 0.01953125 0.02936857562408223
0 0.508519536019536 0.23033131332690798 0.01953125 0.02936857562408223
0 0.5110170385170386 0.22582480661775803 0.01953125 0.02936857562408223
0 0.5145135420135422 0.22282046881165812 0.01953125 0.02936857562408223
0 0.5100180375180376 0.20667215310387108 0.01953125 0.02936857562408223
0 0.5217562992562994 0.2153096242964083 0.01953125 0.02936857562408223
0 0.5235045510045512 0.21681179319945829 0.01953125 0.02936857562408223
0 0.5319960594960597 0.21117865981302092 0.01953125 0.02936857562408223
0 0.5382398157398158 0.20742323755539602 0.01953125 0.02936857562408223
0 0.5457323232323233 0.20629661087810855 0.01953125 0.02936857562408223
0 0.5487293262293264 0.1999123930401462 0.01953125 0.02936857562408223
0 0.5519760794760796 0.20479444197505858 0.01953125 0.02936857562408223
0 0.5567213342213343 0.20291673084624617 0.01953125 0.02936857562408223
0 0.5574705849705851 0.19841022413709627 0.01953125 0.02936857562408223
0 0.5607173382173384 0.1976591396855713 0.01953125 0.02936857562408223
0 0.5672108447108448 0.20028793526590874 0.01953125 0.02936857562408223
0 0.5677103452103454 0.19089937962184647 0.01953125 0.02936857562408223
0 0.5699580974580976 0.18789504181574654 0.01953125 0.02936857562408223
0 0.5717063492063494 0.1822619084293092 0.01953125 0.02936857562408223
0 0.5742038517038518 0.19127492184760894 0.01953125 0.02936857562408223
0 0.5796983571983573 0.17625323281710936 0.01953125 0.02936857562408223
0 0.5846933621933623 0.17099564165643452 0.01953125 0.02936857562408223
0 0.5871908646908648 0.17362443723677193 0.01953125 0.02936857562408223
0 0.5909371184371186 0.1702445572049095 0.01953125 0.02936857562408223
0 0.5891888666888668 0.18902166849303403 0.01953125 0.02936857562408223
0 0.5964316239316241 0.18564178846117163 0.01953125 0.02936857562408223
0 0.598429625929626 0.1717467261079595 0.01953125 0.02936857562408223
0 0.6079201354201356 0.1683668460760971 0.01953125 0.02936857562408223
0 0.6066713841713843 0.172122268333722 0.01953125 0.02936857562408223
0 0.610417637917638 0.172122268333722 0.01953125 0.02936857562408223
0 0.6196583971583972 0.16986901497914703 0.01953125 0.02936857562408223
0 0.6226554001554003 0.16911793052762206 0.01953125 0.02936857562408223
0 0.6231549006549008 0.172122268333722 0.01953125 0.02936857562408223
0 0.6266514041514043 0.172122268333722 0.01953125 0.02936857562408223
0 0.6301479076479077 0.1676157616245721 0.01953125 0.02936857562408223
0 0.6316464091464092 0.171371183882197 0.01953125 0.02936857562408223
0 0.637390664890665 0.16949347275338453 0.01953125 0.02936857562408223
0 0.6398881673881675 0.171371183882197 0.01953125 0.02936857562408223
0 0.6436344211344213 0.16724021939880962 0.01953125 0.02936857562408223
0 0.3679101454101455 0.46951081876192013 0.01953125 0.02936857562408223
0 0.37140664890664904 0.43195659618567117 0.01953125 0.02936857562408223
0 0.35492313242313256 0.42895225837957124 0.01953125 0.02936857562408223
0 0.36591214341214356 0.41393056934907163 0.01953125 0.02936857562408223
0 0.3609171384171385 0.3861404446426473 0.01953125 0.02936857562408223
0 0.3639141414141415 0.35684815103317313 0.01953125 0.02936857562408223
0 0.37690115440115457 0.3538438132270732 0.01953125 0.02936857562408223
0 0.3808971583971585 0.34182646200267347 0.01953125 0.02936857562408223
0 0.379398656898657 0.3831361068365474 0.01953125 0.02936857562408223
0 0.3958821733821735 0.46800864985887014 0.01953125 0.02936857562408223
0 0.40836968586968597 0.44397394741007085 0.01953125 0.02936857562408223
0 0.404373681873682 0.41993924496127144 0.01953125 0.02936857562408223
0 0.399378676878677 0.40341538702772195 0.01953125 0.02936857562408223
0 0.41536269286269295 0.40792189373687177 0.01953125 0.02936857562408223
0 0.413364690864691 0.39290020470637227 0.01953125 0.02936857562408223
0 0.404373681873682 0.3771274312243476 0.01953125 0.02936857562408223
0 0.41736069486069494 0.3726209245151977 0.01953125 0.02936857562408223
0 0.399378676878677 0.359852488839273 0.01953125 0.02936857562408223
0 0.40237567987568 0.34783513761487334 0.01953125 0.02936857562408223
0 0.39638167388167406 0.34182646200267347 0.01953125 0.02936857562408223
0 0.41186618936618946 0.33882212419657354 0.01953125 0.02936857562408223
0 0.42035769785769794 0.34558188426029846 0.01953125 0.02936857562408223
0 0.4338442113442114 0.35835031993622307 0.01953125 0.02936857562408223
0 0.42785020535020546 0.33807103974504865 0.01953125 0.02936857562408223
0 0.4383397158397159 0.33506670193894866 0.01953125 0.02936857562408223
0 0.4433347208347209 0.34483079980877346 0.01953125 0.02936857562408223
0 0.4438342213342214 0.35684815103317313 0.01953125 0.02936857562408223
0 0.44583222333222344 0.38238502238502237 0.01953125 0.02936857562408223
0 0.4318462093462095 0.41993924496127144 0.01953125 0.02936857562408223
0 0.435342712842713 0.44998262302227066 0.01953125 0.02936857562408223
0 0.44932872682872693 0.4815281699863198 0.01953125 0.02936857562408223
0 0.4558222333222334 0.4507337074737956 0.01953125 0.02936857562408223
0 0.4638142413142414 0.3898958669002723 0.01953125 0.02936857562408223
0 0.4827952602952604 0.4116773159944967 0.01953125 0.02936857562408223
0 0.4817962592962594 0.4537380452798956 0.01953125 0.02936857562408223
0 0.5022757797757799 0.4920433523076696 0.01953125 0.02936857562408223
0 0.5152627927627929 0.47401732547107 0.01953125 0.02936857562408223
0 0.5317463092463094 0.4312055117341462 0.01953125 0.02936857562408223
0 0.5057722832722834 0.43270768063719617 0.01953125 0.02936857562408223
0 0.5197582972582974 0.399659964770097 0.01953125 0.02936857562408223
0 0.5072707847707849 0.3906469513517972 0.01953125 0.02936857562408223
0 0.5057722832722834 0.37186984006367263 0.01953125 0.02936857562408223
0 0.4937842712842714 0.37637634677282256 0.01953125 0.02936857562408223
0 0.4782997557997559 0.3786296001273976 0.01953125 0.02936857562408223
0 0.46781024531024545 0.36961658670909775 0.01953125 0.02936857562408223
0 0.46631174381174395 0.35159055987249827 0.01953125 0.02936857562408223
0 0.47929875679875694 0.35609706658164814 0.01953125 0.02936857562408223
0 0.48878926628926644 0.34483079980877346 0.01953125 0.02936857562408223
0 0.49877927627927643 0.35159055987249827 0.01953125 0.02936857562408223
0 0.5042737817737819 0.36285682664537294 0.01953125 0.02936857562408223
0 0.5057722832722834 0.34182646200267347 0.01953125 0.02936857562408223
0 0.4952827727827729 0.33882212419657354 0.01953125 0.02936857562408223
0 0.4917862692862694 0.3185428440053991 0.01953125 0.02936857562408223
0 0.47879925629925646 0.32830694187522386 0.01953125 0.02936857562408223
0 0.46781024531024545 0.32980911077827385 0.01953125 0.02936857562408223
0 0.451326728826729 0.322298266263024 0.01953125 0.02936857562408223
0 0.45881923631923643 0.31178308394167425 0.01953125 0.02936857562408223
0 0.46131673881673896 0.32079609735997405 0.01953125 0.02936857562408223
0 0.42785020535020546 0.32004501290844906 0.01953125 0.02936857562408223
0 0.43134670884670895 0.30727657723252444 0.01953125 0.02936857562408223
0 0.42485320235320245 0.30727657723252444 0.01953125 0.02936857562408223
0 0.42635170385170396 0.2960103104596496 0.01953125 0.02936857562408223
0 0.4178601953601954 0.29075271929897484 0.01953125 0.02936857562408223
0 0.40886918636918645 0.2960103104596496 0.01953125 0.02936857562408223
0 0.3998781773781775 0.28699729704134996 0.01953125 0.02936857562408223
0 0.3958821733821735 0.2884994659443999 0.01953125 0.02936857562408223
0 0.3958821733821735 0.29525922600812476 0.01953125 0.02936857562408223
0 0.38789016539016546 0.29450814155659977 0.01953125 0.02936857562408223
0 0.38789016539016546 0.28324187478372503 0.01953125 0.02936857562408223
0 0.3779001554001555 0.29075271929897484 0.01953125 0.02936857562408223
0 0.37040764790764796 0.3080276616840494 0.01953125 0.02936857562408223
0 0.3619161394161395 0.3080276616840494 0.01953125 0.02936857562408223
0 0.5022757797757799 0.324551519617599 0.01953125 0.02936857562408223
0 0.5097682872682874 0.31779175955387406 0.01953125 0.02936857562408223
0 0.5152627927627929 0.3162895906508242 0.01953125 0.02936857562408223
0 0.51226578976579 0.32830694187522386 0.01953125 0.02936857562408223
0 0.5177602952602954 0.33882212419657354 0.01953125 0.02936857562408223
0 0.5217562992562994 0.3786296001273976 0.01953125 0.02936857562408223
0 0.5497283272283274 0.4206903294127965 0.01953125 0.02936857562408223
0 0.5492288267288269 0.40041104922162196 0.01953125 0.02936857562408223
0 0.5662118437118439 0.44397394741007085 0.01953125 0.02936857562408223
0 0.5637143412143414 0.4822792544378448 0.01953125 0.02936857562408223
0 0.5737043512043513 0.46500431205277026 0.01953125 0.02936857562408223
0 0.5876903651903654 0.44998262302227066 0.01953125 0.02936857562408223
0 0.6016763791763793 0.44547611631312084 0.01953125 0.02936857562408223
0 0.6176603951603953 0.4342098495402461 0.01953125 0.02936857562408223
0 0.6096683871683874 0.3944023736094221 0.01953125 0.02936857562408223
0 0.5981798756798758 0.40792189373687177 0.01953125 0.02936857562408223
0 0.5871908646908648 0.3831361068365474 0.01953125 0.02936857562408223
0 0.5786993561993563 0.3831361068365474 0.01953125 0.02936857562408223
0 0.5692088467088469 0.39290020470637227 0.01953125 0.02936857562408223
0 0.5542238317238318 0.3771274312243476 0.01953125 0.02936857562408223
0 0.5627153402153403 0.3508394754209732 0.01953125 0.02936857562408223
0 0.5697083472083474 0.359852488839273 0.01953125 0.02936857562408223
0 0.5727053502053503 0.34407971535724846 0.01953125 0.02936857562408223
0 0.540237817737818 0.33882212419657354 0.01953125 0.02936857562408223
0 0.5397383172383173 0.32154718181149905 0.01953125 0.02936857562408223
0 0.4972807747807749 0.29525922600812476 0.01953125 0.02936857562408223
0 0.5077702852702853 0.29150380375049983 0.01953125 0.02936857562408223
0 0.5007772782772784 0.27723319917152517 0.01953125 0.02936857562408223
0 0.4912867687867689 0.27873536807457516 0.01953125 0.02936857562408223
0 0.4827952602952604 0.28624621258982497 0.01953125 0.02936857562408223
0 0.4867912642912644 0.2644647634956005 0.01953125 0.02936857562408223
0 0.4977802752802754 0.2652158479471255 0.01953125 0.02936857562408223
0 0.5092687867687868 0.2712245235593254 0.01953125 0.02936857562408223
0 0.5047732822732823 0.26972235465627536 0.01953125 0.02936857562408223
0 0.5232548007548009 0.27573103026847523 0.01953125 0.02936857562408223
0 0.5147632922632923 0.2667180168501755 0.01953125 0.02936857562408223
0 0.5317463092463094 0.2802375369776251 0.01953125 0.02936857562408223
0 0.5382398157398159 0.2809886214291501 0.01953125 0.02936857562408223
0 0.5357423132423134 0.27723319917152517 0.01953125 0.02936857562408223
0 0.5437343212343213 0.2764821147200002 0.01953125 0.02936857562408223
0 0.5522258297258298 0.2802375369776251 0.01953125 0.02936857562408223
0 0.5417363192363194 0.2990146482657496 0.01953125 0.02936857562408223
0 0.5417363192363194 0.29150380375049983 0.01953125 0.02936857562408223
0 0.5602178377178378 0.28173970588067504 0.01953125 0.02936857562408223
0 0.5657123432123433 0.2960103104596496 0.01953125 0.02936857562408223
0 0.5697083472083474 0.2930059726535498 0.01953125 0.02936857562408223
0 0.5637143412143414 0.26972235465627536 0.01953125 0.02936857562408223
0 0.5702078477078478 0.2719756080108503 0.01953125 0.02936857562408223
0 0.5717063492063494 0.27948645252610016 0.01953125 0.02936857562408223
0 0.5826953601953604 0.2990146482657496 0.01953125 0.02936857562408223
0 0.5757023532023533 0.3065254927809994 0.01953125 0.02936857562408223
0 0.5752028527028529 0.324551519617599 0.01953125 0.02936857562408223
0 0.5627153402153403 0.323800435166074 0.01953125 0.02936857562408223
0 0.5532248307248309 0.3268047729721739 0.01953125 0.02936857562408223
0 0.5841938616938618 0.31028091503862437 0.01953125 0.02936857562408223
0 0.5936843711843713 0.31103199949014937 0.01953125 0.02936857562408223
0 0.5901878676878679 0.32830694187522386 0.01953125 0.02936857562408223
0 0.5846933621933623 0.3410753775511485 0.01953125 0.02936857562408223
0 0.6016763791763793 0.3358177863904736 0.01953125 0.02936857562408223
0 0.5991788766788767 0.359852488839273 0.01953125 0.02936857562408223
0 0.6331449106449109 0.38538936019112235 0.01953125 0.02936857562408223
0 0.6376404151404154 0.3658611644514729 0.01953125 0.02936857562408223
0 0.6256524031524033 0.35159055987249827 0.01953125 0.02936857562408223
0 0.6151628926628928 0.323800435166074 0.01953125 0.02936857562408223
0 0.6086693861693864 0.3087787461355744 0.01953125 0.02936857562408223
0 0.6036743811743813 0.29375705710507477 0.01953125 0.02936857562408223
0 0.6106673881673883 0.28925055039592495 0.01953125 0.02936857562408223
0 0.5976803751803753 0.28624621258982497 0.01953125 0.02936857562408223
0 0.6076703851703852 0.2809886214291501 0.01953125 0.02936857562408223
0 0.6226554001554003 0.27047343910780036 0.01953125 0.02936857562408223
0 0.6251529026529028 0.2877483814928749 0.01953125 0.02936857562408223
0 0.6356424131424132 0.3005168171687996 0.01953125 0.02936857562408223
0 0.6426354201354203 0.2712245235593254 0.01953125 0.02936857562408223
0 0.6621159396159397 0.29450814155659977 0.01953125 0.02936857562408223
0 0.6716064491064493 0.30352115497489957 0.01953125 0.02936857562408223
0 0.6536244311244312 0.3726209245151977 0.01953125 0.02936857562408223
0 0.6556224331224333 0.39890888031857197 0.01953125 0.02936857562408223
0 0.6631149406149408 0.47476840992259506 0.01953125 0.02936857562408223
0 0.6471309246309248 0.47101298766497013 0.01953125 0.02936857562408223
0 0.6636144411144413 0.4469782852161707 0.01953125 0.02936857562408223
0 0.6955824730824732 0.46800864985887014 0.01953125 0.02936857562408223
0 0.7025754800754803 0.4297033428310962 0.01953125 0.02936857562408223
0 0.6980799755799757 0.3846382757395974 0.01953125 0.02936857562408223
0 0.6771009546009547 0.36285682664537294 0.01953125 0.02936857562408223
0 0.6915864690864693 0.3493373065179233 0.01953125 0.02936857562408223
0 0.6815964590964593 0.3162895906508242 0.01953125 0.02936857562408223
0 0.6990789765789767 0.32154718181149905 0.01953125 0.02936857562408223
0 0.7085694860694862 0.324551519617599 0.01953125 0.02936857562408223
0 0.7160619935619936 0.3410753775511485 0.01953125 0.02936857562408223
0 0.7195584970584973 0.3726209245151977 0.01953125 0.02936857562408223
0 0.7280500055500058 0.35159055987249827 0.01953125 0.02936857562408223
0 0.7415365190365193 0.44998262302227066 0.01953125 0.02936857562408223
0 0.7535245310245312 0.34182646200267347 0.01953125 0.02936857562408223
0 0.7715065490065492 0.34407971535724846 0.01953125 0.02936857562408223
0 0.7500280275280278 0.3162895906508242 0.01953125 0.02936857562408223
0 0.7145634920634922 0.31178308394167425 0.01953125 0.02936857562408223
0 0.7095684870684873 0.30577440832947445 0.01953125 0.02936857562408223
0 0.7210569985569987 0.29676139491117465 0.01953125 0.02936857562408223
0 0.7030749805749807 0.28249079033220004 0.01953125 0.02936857562408223
0 0.7190589965589967 0.27948645252610016 0.01953125 0.02936857562408223
0 0.7150629925629927 0.24568765220747601 0.01953125 0.02936857562408223
0 0.7065714840714842 0.23817680769222624 0.01953125 0.02936857562408223
0 0.6661119436119437 0.07368931280825554 0.01953125 0.02936857562408223
0 0.6666114441114442 0.08871100183875513 0.01953125 0.02936857562408223
0 0.6736044511044512 0.08195124177503031 0.01953125 0.02936857562408223
0 0.6905874680874682 0.08946208629028009 0.01953125 0.02936857562408223
0 0.6820959595959597 0.06843172164758064 0.01953125 0.02936857562408223
0 0.6815964590964593 0.04514810365030626 0.01953125 0.02936857562408223
0 0.7035744810744812 0.05341003261708104 0.01953125 0.02936857562408223
0 0.7125654900654902 0.057165454874705965 0.01953125 0.02936857562408223
0 0.7185594960594962 0.030126414619806672 0.01953125 0.02936857562408223
0 0.7230550005550007 0.024117739007606814 0.01953125 0.02936857562408223
0 0.7410370185370188 0.050405694810981165 0.01953125 0.02936857562408223
0 0.7555225330225332 0.03313075242590655 0.01953125 0.02936857562408223
0 0.7575205350205353 0.01134930333168216 0.01953125 0.02936857562408223
0 0.7455325230325232 0.017357978943882014 0.01953125 0.02936857562408223
0 0.7695085470085472 0.015855810040832027 0.01953125 0.02936857562408223
0 0.7635145410145412 0.24268331440137608 0.01953125 0.02936857562408223
0 0.7700080475080477 0.2592071723349257 0.01953125 0.02936857562408223
0 0.7545235320235322 0.28699729704134996 0.01953125 0.02936857562408223
0 0.7515265290265292 0.29751247936269964 0.01953125 0.02936857562408223
0 0.7415365190365193 0.2930059726535498 0.01953125 0.02936857562408223
0 0.7670110445110447 0.30277007052337457 0.01953125 0.02936857562408223
0 0.7665115440115442 0.33656887084199866 0.01953125 0.02936857562408223
0 0.7235545010545011 0.4379652717978709 0.01953125 0.02936857562408223
0 0.6795984570984572 0.28699729704134996 0.01953125 0.02936857562408223
0 0.6246534021534024 0.26371367904407556 0.01953125 0.02936857562408223
0 0.6196583971583973 0.26371367904407556 0.01953125 0.02936857562408223
0 0.6301479076479078 0.25470066562577576 0.01953125 0.02936857562408223
0 0.6356424131424132 0.2501941589166259 0.01953125 0.02936857562408223
0 0.6401379176379178 0.2501941589166259 0.01953125 0.02936857562408223
0 0.6701079476079478 0.2659669323986505 0.01953125 0.02936857562408223
0 0.6800979575979578 0.2659669323986505 0.01953125 0.02936857562408223
0 0.41098943184021713 0.6412054954601718 0.01953125 0.02936857562408223
0 0.4051914872988171 0.5732035238873812 0.01953125 0.02936857562408223
0 0.372722997866977 0.5330997970624021 0.01953125 0.02936857562408223
0 0.40403189839053716 0.5243815955787109 0.01953125 0.02936857562408223
0 0.4596921659879774 0.5505362000297842 0.01953125 0.02936857562408223
0 0.4886818886949777 0.5348434373591402 0.01953125 0.02936857562408223
0 0.524629144851658 0.5348434373591402 0.01953125 0.02936857562408223
0 0.5385442117510179 0.7405929923742502 0.01953125 0.02936857562408223
0 0.5431825673841381 0.6882837834721037 0.01953125 0.02936857562408223
0 0.48752229978669764 0.8085949639470409 0.01953125 0.02936857562408223
0 0.5721722900911382 0.9463425473893603 0.01953125 0.02936857562408223
0 0.6347900911382587 0.8905460578937371 0.01953125 0.02936857562408223
0 0.6255133798720186 0.7772094386057529 0.01953125 0.02936857562408223
0 0.6011620127981385 0.611563610415622 0.01953125 0.02936857562408223
0 0.6475455691293387 0.6307436536797424 0.01953125 0.02936857562408223
0 0.6707373472949388 0.571459883590643 0.01953125 0.02936857562408223
0 0.6382688578630987 0.5470489194363078 0.01953125 0.02936857562408223
0 0.6162366686057785 0.5365870776558785 0.01953125 0.02936857562408223
0 0.5907257126236184 0.5627416821069519 0.01953125 0.02936857562408223
0 0.5779702346325383 0.5191506746884963 0.01953125 0.02936857562408223
0 0.6104387240643785 0.4877651493472084 0.01953125 0.02936857562408223
0 0.7159613147178593 0.571459883590643 0.01953125 0.02936857562408223
0 0.7414722707000194 0.5418179985460932 0.01953125 0.02936857562408223
0 0.7878558270312198 0.7493111938579414 0.01953125 0.02936857562408223
0 0.7217592592592593 0.951573468279575 0.01953125 0.02936857562408223
0 0.8238030831879 0.9132133817513342 0.01953125 0.02936857562408223
0 0.7855366492146596 0.8382368489915907 0.01953125 0.02936857562408223
0 0.9165701958503004 0.8643914534426639 0.01953125 0.02936857562408223
0 0.8469948613535001 0.6394618551634336 0.01953125 0.02936857562408223
0 0.7948133604808998 0.571459883590643 0.01953125 0.02936857562408223
0 0.7797387046732596 0.5453052791395697 0.01953125 0.02936857562408223
0 0.8203243164630598 0.5208943149852345 0.01953125 0.02936857562408223
0 0.983826352530541 0.9428552667958838 0.01953125 0.02936857562408223
0 0.989624297071941 0.7405929923742502 0.01953125 0.02936857562408223
0 0.9559962187318207 0.5784344447775958 0.01953125 0.02936857562408223
0 0.9907838859802212 0.6150508910090984 0.01953125 0.02936857562408223
0 0.9107722513089004 0.508688832908067 0.01953125 0.02936857562408223
0 0.9478790963738608 0.49473971053416116 0.01953125 0.02936857562408223
0 0.8667078727942603 0.5034579120178524 0.01953125 0.02936857562408223
0 0.8186935233662982 0.48253422845699384 0.01953125 0.02936857562408223
0 0.8227520845452783 0.4136604367358342 0.01953125 0.02936857562408223
0 0.8569599573395386 0.39971131436192836 0.01953125 0.02936857562408223
0 0.8471034516191583 0.37006942931737863 0.01953125 0.02936857562408223
0 0.8360873569904983 0.35263302634999644 0.01953125 0.02936857562408223
0 0.8297096179949582 0.33868390397609066 0.01953125 0.02936857562408223
0 0.8123157843707582 0.30293927789295716 0.01953125 0.02936857562408223
0 0.8355075625363583 0.29770835700274245 0.01953125 0.02936857562408223
0 0.8268106457242582 0.2924774361125278 0.01953125 0.02936857562408223
0 0.8355075625363583 0.27940013388699114 0.01953125 0.02936857562408223
0 0.8244914679076982 0.2706819324033001 0.01953125 0.02936857562408223
0 0.8152147566414581 0.2715537525516692 0.01953125 0.02936857562408223
0 0.8105764010083383 0.2706819324033001 0.01953125 0.02936857562408223
0 0.795501745200698 0.2680664719581927 0.01953125 0.02936857562408223
0 0.8163743455497383 0.24104004735875034 0.01953125 0.02936857562408223
0 0.8355075625363583 0.23319366602342834 0.01953125 0.02936857562408223
0 0.8447842738025985 0.26283555106797807 0.01953125 0.02936857562408223
0 0.8500024238898585 0.24975824884244144 0.01953125 0.02936857562408223
0 0.8766729687802987 0.2532455294359179 0.01953125 0.02936857562408223
0 0.8865294745006786 0.25498916973265606 0.01953125 0.02936857562408223
0 0.8952263913127788 0.25586098988102524 0.01953125 0.02936857562408223
0 0.8859496800465386 0.2785283137386221 0.01953125 0.02936857562408223
0 0.8766729687802987 0.29422107640926604 0.01953125 0.02936857562408223
0 0.8760931743261585 0.32124750100870847 0.01953125 0.02936857562408223
0 0.8876890634089586 0.32473478160218494 0.01953125 0.02936857562408223
0 0.9097212526662788 0.34914574575651997 0.01953125 0.02936857562408223
0 0.8871092689548186 0.3857621919880226 0.01953125 0.02936857562408223
0 0.929434264107039 0.3814030912461771 0.01953125 0.02936857562408223
0 0.9323332363777389 0.33781208382772154 0.01953125 0.02936857562408223
0 0.923056525111499 0.3421711845695671 0.01953125 0.02936857562408223
0 0.9526260422726391 0.3439148248663053 0.01953125 0.02936857562408223
0 0.9340726197401591 0.2898619756674205 0.01953125 0.02936857562408223
0 0.942769536552259 0.29073379581578956 0.01953125 0.02936857562408223
0 0.9607431646305991 0.26109191077123983 0.01953125 0.02936857562408223
0 0.9543654256350591 0.2253472846881063 0.01953125 0.02936857562408223
0 0.9619027535388793 0.23580912646853566 0.01953125 0.02936857562408223
0 0.9392907698274191 0.22186000409462994 0.01953125 0.02936857562408223
0 0.9323332363777389 0.22796274513321366 0.01953125 0.02936857562408223
0 0.9218969362032188 0.25237370928754876 0.01953125 0.02936857562408223
0 0.9584239868140392 0.40668587554888125 0.01953125 0.02936857562408223
0 0.8488428349815784 0.013059078560227933 0.01953125 0.02936857562408223
0 0.8076774287376381 0.03136730167597928 0.01953125 0.02936857562408223
0 0.8007198952879582 0.012187258411858864 0.01953125 0.02936857562408223
0 0.8111561954624782 0.00869997781838239 0.01953125 0.02936857562408223
0 0.7590190365190365 0.45246453986542085 0.01953125 0.02936857562408223
