0 0.07750116263047302 0.8928121059268596 0.04310344827586207 0.1092896174863388
0 0.07750116263047295 0.8016246049032932 0.04310344827586207 0.1092896174863388
0 0.03354511867442903 0.9409388425781866 0.04310344827586207 0.1092896174863388
0 0.14843023355954388 0.9206749534618385 0.04310344827586207 0.1092896174863388
0 0.1274512125805229 0.8041575910428367 0.04310344827586207 0.1092896174863388
0 0.10946919459850495 0.7332339791356184 0.04310344827586207 0.1092896174863388
0 0.09348517861448895 0.667376339507487 0.04310344827586207 0.1092896174863388
0 0.13244621757552788 0.5888537691816379 0.04310344827586207 0.1092896174863388
0 0.14643223156154192 0.7155030761588137 0.04310344827586207 0.1092896174863388
0 0.11046819559750592 0.5204631434139629 0.04310344827586207 0.1092896174863388
0 0.14443422956353988 0.4546055037858316 0.04310344827586207 0.1092896174863388
0 0.16341524854455888 0.43434161466948346 0.04310344827586207 0.1092896174863388
0 0.15142723655654688 0.4039457809949612 0.04310344827586207 0.1092896174863388
0 0.14543323056254093 0.3659509889018084 0.04310344827586207 0.1092896174863388
0 0.14543323056254093 0.32035723839002517 0.04310344827586207 0.1092896174863388
0 0.01356509869440904 0.41661071169267877 0.04310344827586207 0.1092896174863388
0 0.07850016362947394 0.4064787671345047 0.04310344827586207 0.1092896174863388
0 0.10447418960349995 0.4064787671345047 0.04310344827586207 0.1092896174863388
0 0.11446419959350992 0.3760829334599825 0.04310344827586207 0.1092896174863388
0 0.12245620758551792 0.07212459671476061 0.04310344827586207 0.1092896174863388
0 0.08149716662647695 0.1202513333660875 0.04310344827586207 0.1092896174863388
0 0.09947918460849492 0.09238848583110876 0.04310344827586207 0.1092896174863388
0 0.11246619759550795 0.12531730564517446 0.04310344827586207 0.1092896174863388
0 0.16841025353956388 0.33555515522728635 0.04310344827586207 0.1092896174863388
0 0.17140725653656688 0.3659509889018084 0.04310344827586207 0.1092896174863388
0 0.18139726652657687 0.373549947320439 0.04310344827586207 0.1092896174863388
0 0.17740126253057287 0.4039457809949612 0.04310344827586207 0.1092896174863388
0 0.20637229150160183 0.42674265625085284 0.04310344827586207 0.1092896174863388
0 0.22135730648661683 0.4850013374603538 0.04310344827586207 0.1092896174863388
0 0.22835031347962378 0.41661071169267877 0.04310344827586207 0.1092896174863388
0 0.20237628750559783 0.5001992542976148 0.04310344827586207 0.1092896174863388
0 0.22335530848461882 0.5356610602512241 0.04310344827586207 0.1092896174863388
0 0.24533333046264083 0.5381940463907676 0.04310344827586207 0.1092896174863388
0 0.24133732646663683 0.609117658297986 0.04310344827586207 0.1092896174863388
0 0.21236629749560787 0.609117658297986 0.04310344827586207 0.1092896174863388
0 0.23034831547762583 0.7762947435078581 0.04310344827586207 0.1092896174863388
0 0.2753033604326708 0.8320204385778155 0.04310344827586207 0.1092896174863388
0 0.27830036342967374 0.761096826670597 0.04310344827586207 0.1092896174863388
0 0.30127738640669677 0.8573502999732505 0.04310344827586207 0.1092896174863388
0 0.3372414223707327 0.7788277296474017 0.04310344827586207 0.1092896174863388
0 0.30227638740569773 0.8117565494614672 0.04310344827586207 0.1092896174863388
0 0.33424441937372973 0.8497513415546201 0.04310344827586207 0.1092896174863388
0 0.35522344035275066 0.6800412702052046 0.04310344827586207 0.1092896174863388
0 0.32525341038272076 0.6724423117865739 0.04310344827586207 0.1092896174863388
0 0.28529337042268077 0.6217825889957036 0.04310344827586207 0.1092896174863388
0 0.3132653983947087 0.5179301572744195 0.04310344827586207 0.1092896174863388
0 0.28529337042268077 0.5229961295535065 0.04310344827586207 0.1092896174863388
0 0.26930935443866477 0.5660568939257462 0.04310344827586207 0.1092896174863388
0 0.27030835543766585 0.38621487801815657 0.04310344827586207 0.1092896174863388
0 0.25931934444865484 0.30515932155276415 0.04310344827586207 0.1092896174863388
0 0.24033832546763578 0.3406211275063733 0.04310344827586207 0.1092896174863388
0 0.21436429949360983 0.3152912661109382 0.04310344827586207 0.1092896174863388
0 0.18839027351958387 0.3127582799713947 0.04310344827586207 0.1092896174863388
0 0.19738128251059284 0.2823624462968725 0.04310344827586207 0.1092896174863388
0 0.17939926452857488 0.25196661262235026 0.04310344827586207 0.1092896174863388
0 0.19038827551758583 0.22410376508737154 0.04310344827586207 0.1092896174863388
0 0.20037828550759587 0.20637286211056705 0.04310344827586207 0.1092896174863388
0 0.17240625753556788 0.14304820862197912 0.04310344827586207 0.1092896174863388
0 0.14743123256054289 0.09238848583110876 0.04310344827586207 0.1092896174863388
0 0.15342523855454887 0.0543936937379561 0.04310344827586207 0.1092896174863388
0 0.18439426952357987 0.11771834722654402 0.04310344827586207 0.1092896174863388
0 0.19937928450859488 0.10758640266836979 0.04310344827586207 0.1092896174863388
0 0.19638228151159187 0.07212459671476061 0.04310344827586207 0.1092896174863388
0 0.17540326053257088 0.03159681848206448 0.04310344827586207 0.1092896174863388
0 0.22035830548761587 0.023997860063433726 0.04310344827586207 0.1092896174863388
0 0.23334531847462883 0.04426174917978187 0.04310344827586207 0.1092896174863388
0 0.22435430948361984 0.13291626406380488 0.04310344827586207 0.1092896174863388
0 0.21536330049261082 0.16331209773832728 0.04310344827586207 0.1092896174863388
0 0.20936929449860484 0.26463154332006783 0.04310344827586207 0.1092896174863388
0 0.22535331048262083 0.22410376508737154 0.04310344827586207 0.1092896174863388
0 0.24033832546763578 0.11518536108700038 0.04310344827586207 0.1092896174863388
0 0.2723063574356677 0.08732251355202163 0.04310344827586207 0.1092896174863388
0 0.2633153484446588 0.05945966601704306 0.04310344827586207 0.1092896174863388
0 0.2613173464466568 0.021464873923890248 0.04310344827586207 0.1092896174863388
0 0.29428437941368973 0.046794735319325355 0.04310344827586207 0.1092896174863388
0 0.28229636742567776 0.12278431950563097 0.04310344827586207 0.1092896174863388
0 0.26531335044266074 0.13291626406380488 0.04310344827586207 0.1092896174863388
0 0.26731135244066284 0.19624091755239295 0.04310344827586207 0.1092896174863388
0 0.24133732646663683 0.2747634878782419 0.04310344827586207 0.1092896174863388
0 0.26930935443866477 0.2367686957850891 0.04310344827586207 0.1092896174863388
0 0.2882903734196838 0.30009334927367703 0.04310344827586207 0.1092896174863388
0 0.2743043594336698 0.26716452945961133 0.04310344827586207 0.1092896174863388
0 0.29028837541768576 0.22663675122691504 0.04310344827586207 0.1092896174863388
0 0.2962823814116918 0.18864195913376236 0.04310344827586207 0.1092896174863388
0 0.3122663973957077 0.17344404229650134 0.04310344827586207 0.1092896174863388
0 0.3052733904027007 0.1785100145755883 0.04310344827586207 0.1092896174863388
0 0.3132653983947087 0.23423570964554563 0.04310344827586207 0.1092896174863388
0 0.3272514123807227 0.24183466806417622 0.04310344827586207 0.1092896174863388
0 0.3192594043887147 0.29756036313413353 0.04310344827586207 0.1092896174863388
0 0.29728138241069274 0.358352030483178 0.04310344827586207 0.1092896174863388
0 0.3112673963967067 0.3912808502972437 0.04310344827586207 0.1092896174863388
0 0.3112673963967067 0.46473744834400565 0.04310344827586207 0.1092896174863388
0 0.33024841537772565 0.4039457809949612 0.04310344827586207 0.1092896174863388
0 0.34823043335974374 0.33048918294819923 0.04310344827586207 0.1092896174863388
0 0.3742044593337697 0.2924943908550466 0.04310344827586207 0.1092896174863388
0 0.3612174463467567 0.2950273769945901 0.04310344827586207 0.1092896174863388
0 0.3452334303627407 0.22663675122691504 0.04310344827586207 0.1092896174863388
0 0.3272514123807227 0.1303832779242614 0.04310344827586207 0.1092896174863388
0 0.3272514123807227 0.06959161057521714 0.04310344827586207 0.1092896174863388
0 0.3132653983947087 0.05945966601704306 0.04310344827586207 0.1092896174863388
0 0.4031754883047986 0.677508284065661 0.04310344827586207 0.1092896174863388
0 0.3851934703227807 0.6065846721584425 0.04310344827586207 0.1092896174863388
0 0.33824042336973364 0.5736558523443769 0.04310344827586207 0.1092896174863388
0 0.35422443935374964 0.6116506444375295 0.04310344827586207 0.1092896174863388
0 0.36821045333976365 0.5331280741116805 0.04310344827586207 0.1092896174863388
0 0.3612174463467567 0.4571384899253751 0.04310344827586207 0.1092896174863388
0 0.3891894743187847 0.49006730973944074 0.04310344827586207 0.1092896174863388
0 0.4031754883047986 0.46727043448354916 0.04310344827586207 0.1092896174863388
0 0.3732054583347687 0.3760829334599825 0.04310344827586207 0.1092896174863388
0 0.40117748630679667 0.33555515522728635 0.04310344827586207 0.1092896174863388
0 0.4331455182748286 0.38621487801815657 0.04310344827586207 0.1092896174863388
0 0.4151635002928107 0.5761888384839203 0.04310344827586207 0.1092896174863388
0 0.40117748630679667 0.5457930048093981 0.04310344827586207 0.1092896174863388
0 0.4471315322608427 0.6268485612747907 0.04310344827586207 0.1092896174863388
0 0.4371415222708326 0.6901732147633786 0.04310344827586207 0.1092896174863388
0 0.4391395242688347 0.7281680068565313 0.04310344827586207 0.1092896174863388
0 0.45012853525784563 0.7864266880660322 0.04310344827586207 0.1092896174863388
0 0.4771015622308726 0.8218884940196414 0.04310344827586207 0.1092896174863388
0 0.44613253126184155 0.9384058564386432 0.04310344827586207 0.1092896174863388
0 0.3612174463467567 0.9384058564386432 0.04310344827586207 0.1092896174863388
0 0.4950835802128905 0.7155030761588137 0.04310344827586207 0.1092896174863388
0 0.48609257122188154 0.6724423117865739 0.04310344827586207 0.1092896174863388
0 0.4741045592338696 0.5432600186698546 0.04310344827586207 0.1092896174863388
0 0.47210655723586764 0.41661071169267877 0.04310344827586207 0.1092896174863388
0 0.45412453925384955 0.41407772555313527 0.04310344827586207 0.1092896174863388
0 0.44613253126184155 0.46473744834400565 0.04310344827586207 0.1092896174863388
0 0.4451335302628406 0.33048918294819923 0.04310344827586207 0.1092896174863388
0 0.42515351028282067 0.2950273769945901 0.04310344827586207 0.1092896174863388
0 0.40017848530779565 0.28489543243641596 0.04310344827586207 0.1092896174863388
0 0.3891894743187847 0.22663675122691504 0.04310344827586207 0.1092896174863388
0 0.4051734903028006 0.23930168192463275 0.04310344827586207 0.1092896174863388
0 0.4071714923008027 0.2038398759710234 0.04310344827586207 0.1092896174863388
0 0.3742044593337697 0.19877390369193645 0.04310344827586207 0.1092896174863388
0 0.3772014623307727 0.14051522248243564 0.04310344827586207 0.1092896174863388
0 0.3791994643287746 0.09745445811019587 0.04310344827586207 0.1092896174863388
0 0.3512274363567467 0.11011938880791326 0.04310344827586207 0.1092896174863388
0 0.3502284353577457 0.05692667987749958 0.04310344827586207 0.1092896174863388
0 0.3672114523407627 0.06199265215658654 0.04310344827586207 0.1092896174863388
0 0.36821045333976365 0.03159681848206448 0.04310344827586207 0.1092896174863388
0 0.3851934703227807 0.04932772145886899 0.04310344827586207 0.1092896174863388
0 0.40017848530779565 0.06959161057521714 0.04310344827586207 0.1092896174863388
0 0.3991794843087947 0.1126523749474569 0.04310344827586207 0.1092896174863388
0 0.41816050328981363 0.11011938880791326 0.04310344827586207 0.1092896174863388
0 0.41716150229081267 0.16331209773832728 0.04310344827586207 0.1092896174863388
0 0.4361425212718316 0.17344404229650134 0.04310344827586207 0.1092896174863388
0 0.4371415222708326 0.11011938880791326 0.04310344827586207 0.1092896174863388
0 0.42515351028282067 0.05945966601704306 0.04310344827586207 0.1092896174863388
0 0.3122663973957077 0.1455811947615226 0.04310344827586207 0.1092896174863388
0 0.46411454924385964 0.2772964740177854 0.04310344827586207 0.1092896174863388
0 0.42615251128182163 0.33555515522728635 0.04310344827586207 0.1092896174863388
0 0.4531255382548486 0.22410376508737154 0.04310344827586207 0.1092896174863388
0 0.4291495142788246 0.23423570964554563 0.04310344827586207 0.1092896174863388
0 0.6079706931000035 0.75603085439151 0.04310344827586207 0.1092896174863388
0 0.5829956681249785 0.918141967322295 0.04310344827586207 0.1092896174863388
0 0.5170616021909126 0.7079041177401831 0.04310344827586207 0.1092896174863388
0 0.5370416221709325 0.6699093256470304 0.04310344827586207 0.1092896174863388
0 0.5360426211719315 0.6116506444375295 0.04310344827586207 0.1092896174863388
0 0.5300486151779256 0.4824683513208102 0.04310344827586207 0.1092896174863388
0 0.5090695941989045 0.4394075869485704 0.04310344827586207 0.1092896174863388
0 0.4900885752178856 0.38621487801815657 0.04310344827586207 0.1092896174863388
0 0.49208657721588756 0.3254232106691123 0.04310344827586207 0.1092896174863388
0 0.5010775862068966 0.08985549969156512 0.04310344827586207 0.1092896174863388
0 0.5100685951979056 0.04932772145886899 0.04310344827586207 0.1092896174863388
0 0.5490296341589446 0.0670586244356735 0.04310344827586207 0.1092896174863388
0 0.5710076561369665 0.06199265215658654 0.04310344827586207 0.1092896174863388
0 0.5720066571359675 0.13291626406380488 0.04310344827586207 0.1092896174863388
0 0.5969816821109926 0.09998744424973935 0.04310344827586207 0.1092896174863388
0 0.5989796841089945 0.06452563829613002 0.04310344827586207 0.1092896174863388
0 0.5939846791139894 0.02653084620297736 0.04310344827586207 0.1092896174863388
0 0.5610176461469565 0.03159681848206448 0.04310344827586207 0.1092896174863388
0 0.5130655981949085 0.22157077894782806 0.04310344827586207 0.1092896174863388
0 0.4930855782148886 0.26463154332006783 0.04310344827586207 0.1092896174863388
0 0.4771015622308726 0.30515932155276415 0.04310344827586207 0.1092896174863388
0 0.5100685951979056 0.28996140471550297 0.04310344827586207 0.1092896174863388
0 0.5160626011919116 0.36341800276226494 0.04310344827586207 0.1092896174863388
0 0.5260526111819216 0.33555515522728635 0.04310344827586207 0.1092896174863388
0 0.5490296341589446 0.28742841857595947 0.04310344827586207 0.1092896174863388
0 0.5400386251679355 0.33555515522728635 0.04310344827586207 0.1092896174863388
0 0.5330456181749286 0.4191436978322223 0.04310344827586207 0.1092896174863388
0 0.5730056581349685 0.4064787671345047 0.04310344827586207 0.1092896174863388
0 0.5770016621309725 0.30515932155276415 0.04310344827586207 0.1092896174863388
0 0.5570216421509525 0.3406211275063733 0.04310344827586207 0.1092896174863388
0 0.5959826811119914 0.31782425225048166 0.04310344827586207 0.1092896174863388
0 0.5899886751179855 0.39381383643678713 0.04310344827586207 0.1092896174863388
0 0.5600186451479555 0.4520725176462881 0.04310344827586207 0.1092896174863388
0 0.5770016621309725 0.4748693929021797 0.04310344827586207 0.1092896174863388
0 0.5929856781149885 0.6015186998793554 0.04310344827586207 0.1092896174863388
0 0.6069716921010024 0.5153971711348758 0.04310344827586207 0.1092896174863388
0 0.5710076561369665 0.5483259909489417 0.04310344827586207 0.1092896174863388
0 0.5590196441489546 0.5888537691816379 0.04310344827586207 0.1092896174863388
0 0.5470316321609426 0.5381940463907676 0.04310344827586207 0.1092896174863388
0 0.6009776861069964 0.6800412702052046 0.04310344827586207 0.1092896174863388
0 0.6289497140790243 0.6547114088097693 0.04310344827586207 0.1092896174863388
0 0.6659127510420614 0.8801471752291422 0.04310344827586207 0.1092896174863388
0 0.6689097540390644 0.7155030761588137 0.04310344827586207 0.1092896174863388
0 0.6968817820110924 0.6901732147633786 0.04310344827586207 0.1092896174863388
0 0.7078707930001034 0.6648433533679433 0.04310344827586207 0.1092896174863388
0 0.7078707930001034 0.5787218246234638 0.04310344827586207 0.1092896174863388
0 0.6888897740190845 0.5711228662048333 0.04310344827586207 0.1092896174863388
0 0.6719067570360674 0.49513328201852785 0.04310344827586207 0.1092896174863388
0 0.6509277360570465 0.4698034206230926 0.04310344827586207 0.1092896174863388
0 0.6569217420510525 0.28489543243641596 0.04310344827586207 0.1092896174863388
0 0.6139646990940095 0.16077911159878364 0.04310344827586207 0.1092896174863388
0 0.6359427210720314 0.11771834722654402 0.04310344827586207 0.1092896174863388
0 0.6808977660270764 0.12278431950563097 0.04310344827586207 0.1092896174863388
0 0.6848937700230804 0.30515932155276415 0.04310344827586207 0.1092896174863388
0 0.7028757880050983 0.2924943908550466 0.04310344827586207 0.1092896174863388
0 0.7258528109821213 0.2595655710409809 0.04310344827586207 0.1092896174863388
0 0.6908877760170864 0.23170272350600213 0.04310344827586207 0.1092896174863388
0 0.7488298339591444 0.4039457809949612 0.04310344827586207 0.1092896174863388
0 0.7278508129801233 0.4444735592276575 0.04310344827586207 0.1092896174863388
0 0.7438348289641393 0.5432600186698546 0.04310344827586207 0.1092896174863388
0 0.7348438199731303 0.6445794642515952 0.04310344827586207 0.1092896174863388
0 0.7538248389541493 0.7256350207169877 0.04310344827586207 0.1092896174863388
0 0.7228558079851184 0.7661627989496841 0.04310344827586207 0.1092896174863388
0 0.7248538099831203 0.8244214801591848 0.04310344827586207 0.1092896174863388
0 0.7368418219711322 0.8624162722523375 0.04310344827586207 0.1092896174863388
0 0.7178608029901133 0.8978780782059469 0.04310344827586207 0.1092896174863388
0 0.7837948689241793 0.8421523831359895 0.04310344827586207 0.1092896174863388
0 0.7927858779151883 0.8725482168105118 0.04310344827586207 0.1092896174863388
0 0.8567219418512522 0.9029440504850338 0.04310344827586207 0.1092896174863388
0 0.8567219418512522 0.8421523831359895 0.04310344827586207 0.1092896174863388
0 0.8487299338592442 0.8041575910428367 0.04310344827586207 0.1092896174863388
0 0.8037748889041992 0.771228771228771 0.04310344827586207 0.1092896174863388
0 0.7787998639291742 0.7205690484379008 0.04310344827586207 0.1092896174863388
0 0.7787998639291742 0.6597773810888564 0.04310344827586207 0.1092896174863388
0 0.7997788849081953 0.5052652265767018 0.04310344827586207 0.1092896174863388
0 0.7797988649281753 0.30515932155276415 0.04310344827586207 0.1092896174863388
0 0.8517269368562472 0.6243155751352472 0.04310344827586207 0.1092896174863388
0 0.8866919718212821 0.8370864108569024 0.04310344827586207 0.1092896174863388
0 0.8777009628302733 0.7129700900192703 0.04310344827586207 0.1092896174863388
0 0.9166620017913122 0.6800412702052046 0.04310344827586207 0.1092896174863388
0 0.9076709928003031 0.6597773810888564 0.04310344827586207 0.1092896174863388
0 0.939639024768335 0.8649492583918813 0.04310344827586207 0.1092896174863388
0 0.9786000637293741 0.667376339507487 0.04310344827586207 0.1092896174863388
0 0.988590073719384 0.5331280741116805 0.04310344827586207 0.1092896174863388
0 0.8936849788142893 0.5103311988557889 0.04310344827586207 0.1092896174863388
0 0.8297489148782253 0.5736558523443769 0.04310344827586207 0.1092896174863388
0 0.8337449188742292 0.358352030483178 0.04310344827586207 0.1092896174863388
0 0.8017768869061972 0.3456870997854604 0.04310344827586207 0.1092896174863388
0 0.7428358279651384 0.3127582799713947 0.04310344827586207 0.1092896174863388
0 0.7088697939991043 0.33808814136682985 0.04310344827586207 0.1092896174863388
0 0.3422364273657377 0.021464873923890557 0.04310344827586207 0.1092896174863388
