0 0.06521681443556449 0.8407020063270065 0.03125 0.041666666666666664
0 0.09518684440559447 0.7088338744588746 0.03125 0.041666666666666664
0 0.09618584540459545 0.48239364801864804 0.03125 0.041666666666666664
0 0.06521681443556449 0.40114156676656687 0.03125 0.041666666666666664
0 0.14313889235764238 0.3412015068265068 0.03125 0.041666666666666664
0 0.16711491633366635 0.41312957875457884 0.03125 0.041666666666666664
0 0.09019183941058943 0.261281426906427 0.03125 0.041666666666666664
0 0.025256774475524546 0.16271332833832836 0.03125 0.041666666666666664
0 0.10717485639360644 0.07480124042624041 0.03125 0.041666666666666664
0 0.23504698426573428 0.10010926573426578 0.03125 0.041666666666666664
0 0.25602600524475533 0.16670933233433233 0.03125 0.041666666666666664
0 0.11216986138861143 0.008201173826173877 0.03125 0.041666666666666664
0 0.008273757492507538 0.2706054362304362 0.03125 0.041666666666666664
0 0.20207995129870135 0.4610816267066267 0.03125 0.041666666666666664
0 0.24004198926073922 0.33187749750249745 0.03125 0.041666666666666664
0 0.2140679632867133 0.2865894522144522 0.03125 0.041666666666666664
0 0.29798404720279714 0.21066537629037635 0.03125 0.041666666666666664
0 0.3219600711788212 0.09344925907425908 0.03125 0.041666666666666664
0 0.3988831481018981 0.11076527639027643 0.03125 0.041666666666666664
0 0.447834197052947 0.10144126706626709 0.03125 0.041666666666666664
0 0.4808012300199801 0.01752518315018321 0.03125 0.041666666666666664
0 0.532749281968032 0.1440653096903097 0.03125 0.041666666666666664
0 0.5407412899600399 0.018857184482184527 0.03125 0.041666666666666664
0 0.6286533778721278 0.018857184482184527 0.03125 0.041666666666666664
0 0.6716104208291709 0.06947323509823515 0.03125 0.041666666666666664
0 0.6046773538961039 0.20533737096237098 0.03125 0.041666666666666664
0 0.2270549762737263 0.6289137945387946 0.03125 0.041666666666666664
0 0.21806396728271732 0.8646780303030304 0.03125 0.041666666666666664
0 0.2790030282217782 0.8007419663669665 0.03125 0.041666666666666664
0 0.2650170142357643 0.7447979104229104 0.03125 0.041666666666666664
0 0.3279540771728272 0.6595498251748252 0.03125 0.041666666666666664
0 0.2810010302197802 0.546329711954712 0.03125 0.041666666666666664
0 0.27400802322677326 0.4264495920745921 0.03125 0.041666666666666664
0 0.34493709415584417 0.4371056027306028 0.03125 0.041666666666666664
0 0.38789413711288717 0.5623137279387279 0.03125 0.041666666666666664
0 0.3828991321178821 0.6955138611388612 0.03125 0.041666666666666664
0 0.28899303821178823 0.9565861222111223 0.03125 0.041666666666666664
0 0.416865166083916 0.9579181235431236 0.03125 0.041666666666666664
0 0.44084119005994005 0.9552541208791209 0.03125 0.041666666666666664
0 0.528753277972028 0.9059700715950716 0.03125 0.041666666666666664
0 0.509772258991009 0.7541219197469198 0.03125 0.041666666666666664
0 0.43484718406593414 0.5183576839826841 0.03125 0.041666666666666664
0 0.42485717407592405 0.42112158674658673 0.03125 0.041666666666666664
0 0.414867164085914 0.3225534881784882 0.03125 0.041666666666666664
0 0.4668152160339661 0.22664939227439238 0.03125 0.041666666666666664
0 0.48180023101898095 0.32521749084249085 0.03125 0.041666666666666664
0 0.548733297952048 0.31056547619047614 0.03125 0.041666666666666664
0 0.5587233079420579 0.40646957209457213 0.03125 0.041666666666666664
0 0.4947872440059939 0.49837766400266403 0.03125 0.041666666666666664
0 0.544737293956044 0.5250176906426908 0.03125 0.041666666666666664
0 0.5966853459040958 0.7741019397269397 0.03125 0.041666666666666664
0 0.6206613698801199 0.8140619796869797 0.03125 0.041666666666666664
0 0.7405414897602398 0.843366008991009 0.03125 0.041666666666666664
0 0.7005814498001998 0.7860899517149517 0.03125 0.041666666666666664
0 0.7525295017482516 0.5636457292707292 0.03125 0.041666666666666664
0 0.6935884428071928 0.4717376373626374 0.03125 0.041666666666666664
0 0.6596224088411589 0.3545215201465202 0.03125 0.041666666666666664
0 0.6965854458041958 0.27992944555444554 0.03125 0.041666666666666664
0 0.7355464847652348 0.18002934565434572 0.03125 0.041666666666666664
0 0.7505314997502497 0.12674929237429233 0.03125 0.041666666666666664
0 0.8014805506993007 0.07480124042624041 0.03125 0.041666666666666664
0 0.9333486825674324 0.02418518981018991 0.03125 0.041666666666666664
0 0.9243576735764234 0.09877726440226446 0.03125 0.041666666666666664
0 0.9393426885614385 0.15205731768231773 0.03125 0.041666666666666664
0 0.9043776535964035 0.25861742424242423 0.03125 0.041666666666666664
0 0.9123696615884116 0.2905854562104563 0.03125 0.041666666666666664
0 0.8044775536963037 0.3079014735264735 0.03125 0.041666666666666664
0 0.7615205107392606 0.43444160006660015 0.03125 0.041666666666666664
0 0.7884935377122877 0.5010416666666667 0.03125 0.041666666666666664
0 0.8184635676823178 0.6155937812187813 0.03125 0.041666666666666664
0 0.8564256056443555 0.6861898518148519 0.03125 0.041666666666666664
0 0.8893926386113886 0.5556537212787214 0.03125 0.041666666666666664
0 0.9713107205294704 0.4930496586746588 0.03125 0.041666666666666664
0 0.9523297015484514 0.4038055694305695 0.03125 0.041666666666666664
0 0.9683137175324674 0.2679414335664336 0.03125 0.041666666666666664
0 0.9822997315184814 0.6222537878787879 0.03125 0.041666666666666664
0 0.9293526785714284 0.7767659423909424 0.03125 0.041666666666666664
0 0.8624196116383616 0.8846580502830503 0.03125 0.041666666666666664
0 0.7155664647852147 0.9592501248751248 0.03125 0.041666666666666664
0 0.8054765546953047 0.9672421328671329 0.03125 0.041666666666666664
0 0.9902917395104895 0.8859900516150516 0.03125 0.041666666666666664
