0 0.11559092054618766 0.757113153326337 0.01953125 0.033444816053511704
0 0.1263436087182307 0.6332463702730181 0.01953125 0.033444816053511704
0 0.2671060720613392 0.6524959379096825 0.01953125 0.033444816053511704
0 0.2974091023643695 0.810677167619664 0.01953125 0.033444816053511704
0 0.37561047088831867 0.5729868541930253 0.01953125 0.033444816053511704
0 0.324290822794477 0.6031166122330217 0.01953125 0.033444816053511704
0 0.21041007988147603 0.5420201584296956 0.01953125 0.033444816053511704
0 0.15957919034090906 0.5462048470463617 0.01953125 0.033444816053511704
0 0.09506306130865103 0.7395374611363391 0.01953125 0.033444816053511704
0 0.0439877924914468 0.515064061698003 0.01953125 0.033444816053511704
0 0.09481868203201377 0.4748910509780077 0.01953125 0.033444816053511704
0 0.13587440050708705 0.4899559299980059 0.01953125 0.033444816053511704
0 0.2140757690310362 0.45480454561801 0.01953125 0.033444816053511704
0 0.26001907303885635 0.5100424353580035 0.01953125 0.033444816053511704
0 0.4780053877993646 0.7862318840579712 0.01953125 0.033444816053511704
0 0.5366564141923265 0.8498391510312969 0.01953125 0.033444816053511704
0 0.5454540681512707 0.6590173501113195 0.01953125 0.033444816053511704
0 0.5953074405852883 0.6272137166246565 0.01953125 0.033444816053511704
0 0.6471158472324046 0.7293201188713112 0.01953125 0.033444816053511704
0 0.7360699039283969 0.771167005037973 0.01953125 0.033444816053511704
0 0.7966759645344574 0.843143649244631 0.01953125 0.033444816053511704
0 0.9286407739186215 0.6556695992179865 0.01953125 0.033444816053511704
0 0.9090904317876343 0.9720320586379494 0.01953125 0.033444816053511704
0 0.9951119371639785 0.6673867273446518 0.01953125 0.033444816053511704
0 0.9579662871151027 0.5451938197379995 0.01953125 0.033444816053511704
0 0.8983377436155913 0.540172193398 0.01953125 0.033444816053511704
0 0.9257082225989735 0.45480454561801 0.01953125 0.033444816053511704
0 0.9501461502627078 0.4447612929380112 0.01953125 0.033444816053511704
0 0.9765391121395406 0.47823880187134066 0.01953125 0.033444816053511704
0 0.9648089068609482 0.45145679472467704 0.01953125 0.033444816053511704
0 0.9276632568120722 0.540172193398 0.01953125 0.033444816053511704
0 0.8260014777309383 0.5652803250979971 0.01953125 0.033444816053511704
0 0.7878783105755132 0.5719758268846629 0.01953125 0.033444816053511704
0 0.7546427289528348 0.518411812591336 0.01953125 0.033444816053511704
0 0.7839682421493157 0.4748910509780077 0.01953125 0.033444816053511704
0 0.7194521131170577 0.4598261719580094 0.01953125 0.033444816053511704
0 0.534212621425953 0.3625321616205206 0.01953125 0.033444816053511704
0 0.5180835891678885 0.34872268918552224 0.01953125 0.033444816053511704
0 0.544232171768084 0.3303100592721911 0.01953125 0.033444816053511704
0 0.5522966878971163 0.32947312154885783 0.01953125 0.033444816053511704
0 0.5559623770466764 0.3579290041421878 0.01953125 0.033444816053511704
0 0.6060601287573314 0.31608211797552604 0.01953125 0.033444816053511704
0 0.6192566096957478 0.3223591509005253 0.01953125 0.033444816053511704
0 0.6329418491874389 0.34495646943052266 0.01953125 0.033444816053511704
0 0.6554247426380743 0.324869964070525 0.01953125 0.033444816053511704
0 0.66959874068304 0.33240240358052414 0.01953125 0.033444816053511704
0 0.5102634523154936 0.33072852813385767 0.01953125 0.033444816053511704
0 0.491935006567693 0.34704881373885577 0.01953125 0.033444816053511704
0 0.4689633545637829 0.3529073778021884 0.01953125 0.033444816053511704
0 0.48435924899193544 0.3001803012321945 0.01953125 0.033444816053511704
0 0.4623651140945747 0.3148267113905262 0.01953125 0.033444816053511704
0 0.47653911213954053 0.3118974293588599 0.01953125 0.033444816053511704
0 0.450390529539345 0.30562039643386063 0.01953125 0.033444816053511704
0 0.4445254269000488 0.3303100592721911 0.01953125 0.033444816053511704
0 0.43401711800464315 0.3453749382921893 0.01953125 0.033444816053511704
0 0.43768280715420327 0.3633690993438538 0.01953125 0.033444816053511704
0 0.44721359894305956 0.39684660827718327 0.01953125 0.033444816053511704
0 0.48924683452468226 0.4073083298188487 0.01953125 0.033444816053511704
0 0.4770278706928152 0.39642813941551663 0.01953125 0.033444816053511704
0 0.5728245471346529 0.324869964070525 0.01953125 0.033444816053511704
0 0.5606055833027859 0.3110604916355266 0.01953125 0.033444816053511704
0 0.37047850607893446 0.5016730581246709 0.01953125 0.033444816053511704
0 0.4037140877016129 0.4489459815546771 0.01953125 0.033444816053511704
0 0.45894380422165193 0.46568473602134186 0.01953125 0.033444816053511704
0 0.4877805588648582 0.47572798870134064 0.01953125 0.033444816053511704
0 0.3084061698130498 0.45815229651134276 0.01953125 0.033444816053511704
0 0.34261926854227753 0.4037513444946825 0.01953125 0.033444816053511704
0 0.3172038237719941 0.341817952968023 0.01953125 0.033444816053511704
0 0.3225801678580156 0.3937080918146836 0.01953125 0.033444816053511704
0 0.3587483008003421 0.34935039247802213 0.01953125 0.033444816053511704
0 0.37341105739858255 0.32173144760802536 0.01953125 0.033444816053511704
0 0.3900288482099218 0.3100143194813601 0.01953125 0.033444816053511704
0 0.4037140877016129 0.3116881949280266 0.01953125 0.033444816053511704
0 0.42277567127932547 0.327590011671358 0.01953125 0.033444816053511704
0 0.48191545622556203 0.33512245118135714 0.01953125 0.033444816053511704
0 0.5303025529997556 0.30834044403469363 0.01953125 0.033444816053511704
0 0.49462317861070376 0.31670982126802594 0.01953125 0.033444816053511704
0 0.6994130124327956 0.33512245118135714 0.01953125 0.033444816053511704
0 0.6852390143878299 0.3694368978380198 0.01953125 0.033444816053511704
0 0.6627561209371945 0.36692608466802007 0.01953125 0.033444816053511704
0 0.6383181932734603 0.3937080918146836 0.01953125 0.033444816053511704
0 0.6642223965970185 0.4179792857913474 0.01953125 0.033444816053511704
0 0.7199408716703323 0.39036034092135063 0.01953125 0.033444816053511704
0 0.7033230808589931 0.3769693373480189 0.01953125 0.033444816053511704
0 0.7336261111620234 0.3552089565413548 0.01953125 0.033444816053511704
0 0.782013207936217 0.3786432127946854 0.01953125 0.033444816053511704
0 0.7683279684445259 0.3652522092213536 0.01953125 0.033444816053511704
0 0.7839682421493157 0.3552089565413548 0.01953125 0.033444816053511704
0 0.7546427289528348 0.327590011671358 0.01953125 0.033444816053511704
0 0.6221891610153958 0.3769693373480189 0.01953125 0.033444816053511704
0 0.6006837846713098 0.41546847262134773 0.01953125 0.033444816053511704
0 0.5806446839870478 0.441413542044678 0.01953125 0.033444816053511704
0 0.5376339312988758 0.5108793730813365 0.01953125 0.033444816053511704
0 0.6524921913184261 0.5284550652713345 0.01953125 0.033444816053511704
0 0.6045938530975072 0.48995592999800563 0.01953125 0.033444816053511704
0 0.7869007934689638 0.4096099085580151 0.01953125 0.033444816053511704
0 0.6974579782196969 0.31419900809802626 0.01953125 0.033444816053511704
0 0.6754638433223362 0.31419900809802626 0.01953125 0.033444816053511704
0 0.35972581790689145 0.30080800452469453 0.01953125 0.033444816053511704
0 0.36265836922653955 0.32591613622469157 0.01953125 0.033444816053511704
0 0.4305958081317204 0.3108512572046933 0.01953125 0.033444816053511704
0 0.5092859352089443 0.3100143194813601 0.01953125 0.033444816053511704
0 0.4990220055901759 0.3711107732846863 0.01953125 0.033444816053511704
0 0.7082106663917399 0.32173144760802536 0.01953125 0.033444816053511704
0 0.6854833936644672 0.328217714963858 0.01953125 0.033444816053511704
0 0.7194521131170577 0.3144082425288596 0.01953125 0.033444816053511704
0 0.8282008912206745 0.30562039643386063 0.01953125 0.033444816053511704
0 0.8345547524132454 0.36420603706718707 0.01953125 0.033444816053511704
0 0.832110959646872 0.38638488673551785 0.01953125 0.033444816053511704
0 0.8330884767534213 0.4165146447755143 0.01953125 0.033444816053511704
0 0.8704785060789345 0.3855479490121846 0.01953125 0.033444816053511704
0 0.8814755735276149 0.3671353190988534 0.01953125 0.033444816053511704
0 0.8641246448863636 0.3474672826005224 0.01953125 0.033444816053511704
0 0.9010259156586021 0.22443743727053675 0.01953125 0.033444816053511704
0 0.805717997770039 0.37173847657718617 0.01953125 0.033444816053511704
0 0.7915439997250733 0.31566364911385947 0.01953125 0.033444816053511704
0 0.8306446839870479 0.33909790536719003 0.01953125 0.033444816053511704
0 0.9120229831072824 0.34432876613802293 0.01953125 0.033444816053511704
0 0.9921793858443304 0.3945450295380171 0.01953125 0.033444816053511704
0 0.8641246448863635 0.4481090438313441 0.01953125 0.033444816053511704
0 0.8162263066654447 0.46652167374467535 0.01953125 0.033444816053511704
0 0.8338216145833333 0.4748910509780077 0.01953125 0.033444816053511704
0 0.8279565119440371 0.518411812591336 0.01953125 0.033444816053511704
0 0.5014657983565494 0.5870407059046612 0.01953125 0.033444816053511704
0 0.06451565172898349 0.32926388711802473 0.01953125 0.033444816053511704
0 0.0830884767534214 0.33763326435135704 0.01953125 0.033444816053511704
0 0.11436902416300104 0.3744585241780195 0.01953125 0.033444816053511704
0 0.16422239659701865 0.3761323996246859 0.01953125 0.033444816053511704
0 0.17595260187561101 0.42132703668468063 0.01953125 0.033444816053511704
0 0.13880695182673514 0.3995666558780165 0.01953125 0.033444816053511704
0 0.07722337411412522 0.4397396665980118 0.01953125 0.033444816053511704
0 0.017594830614613977 0.44643516838467767 0.01953125 0.033444816053511704
0 0.04203275827834807 0.3911972786446842 0.01953125 0.033444816053511704
0 0.02150489904081143 0.3526981433713553 0.01953125 0.033444816053511704
0 0.24144624801441844 0.3744585241780195 0.01953125 0.033444816053511704
0 0.20234556375244384 0.3627413960513542 0.01953125 0.033444816053511704
0 0.20821066639174002 0.3393071397980235 0.01953125 0.033444816053511704
0 0.22287342298998047 0.32089450988469237 0.01953125 0.033444816053511704
0 0.29520968887463345 0.39789278043135007 0.01953125 0.033444816053511704
0 0.2580640388257576 0.44643516838467767 0.01953125 0.033444816053511704
0 0.27565934674364617 0.40291440677134943 0.01953125 0.033444816053511704
0 0.21212073481793747 0.39789278043135007 0.01953125 0.033444816053511704
0 0.09970626756476059 0.35604589426468825 0.01953125 0.033444816053511704
0 0.05865054908968731 0.4096099085580153 0.01953125 0.033444816053511704
0 0.24633383354716526 0.3342855134580241 0.01953125 0.033444816053511704
0 0.14687146795576733 0.34223642182968983 0.01953125 0.033444816053511704
0 0.19721359894305962 0.3271715428096916 0.01953125 0.033444816053511704
0 0.3384648208394428 0.3347039823196907 0.01953125 0.033444816053511704
0 0.30229668789711633 0.3347039823196907 0.01953125 0.033444816053511704
0 0.29105524117179865 0.3229868541930254 0.01953125 0.033444816053511704
0 0.3990708814455034 0.3698553666996866 0.01953125 0.033444816053511704
0 0.3770767465481427 0.3991481870163498 0.01953125 0.033444816053511704
0 0.11705719620601171 0.33637785776635715 0.01953125 0.033444816053511704
0 0.13514126267717497 0.32131297874635895 0.01953125 0.033444816053511704
0 0.05058603296065492 0.346421110446356 0.01953125 0.033444816053511704
0 0.509774693762219 0.38408330799635143 0.01953125 0.033444816053511704
0 0.5762458570075757 0.3037372865563609 0.01953125 0.033444816053511704
0 0.6163240583760997 0.29369403387636206 0.01953125 0.033444816053511704
0 0.5928636478189149 0.3405625463830232 0.01953125 0.033444816053511704
0 0.4809379391190127 0.36567067808302023 0.01953125 0.033444816053511704
0 0.47067400950024435 0.38240943254968496 0.01953125 0.033444816053511704
0 0.3597258179068915 0.3740400553163526 0.01953125 0.033444816053511704
0 0.8585039215237048 0.33177470028802436 0.01953125 0.033444816053511704
0 0.876587987994868 0.3083404440346938 0.01953125 0.033444816053511704
0 0.8804980564210655 0.3066665685880273 0.01953125 0.033444816053511704
0 0.887340676166911 0.3217314476080256 0.01953125 0.033444816053511704
0 0.8932057788062072 0.31670982126802616 0.01953125 0.033444816053511704
0 0.9616319762646628 0.3217314476080256 0.01953125 0.033444816053511704
0 0.9616319762646628 0.3217314476080256 0.01953125 0.033444816053511704
0 0.9660308032441349 0.35018733020135556 0.01953125 0.033444816053511704
0 0.9963338335471652 0.3284269493946914 0.01953125 0.033444816053511704
0 0.9948675578873412 0.29662331590802854 0.01953125 0.033444816053511704
0 0.9415928755804007 0.3083404440346938 0.01953125 0.033444816053511704
0 0.930351428855083 0.3217314476080256 0.01953125 0.033444816053511704
0 0.7265391121395406 0.3208945098846923 0.01953125 0.033444816053511704
0 0.7280053877993646 0.30499269314136085 0.01953125 0.033444816053511704
0 0.8462849576918376 0.3150359458213597 0.01953125 0.033444816053511704
0 0.83504351096652 0.2832323123346967 0.01953125 0.033444816053511704
0 0.7387580759714076 0.4330441648113458 0.01953125 0.033444816053511704
0 0.845796199138563 0.39203421636801733 0.01953125 0.033444816053511704
0 0.8575264044171554 0.3669260846680203 0.01953125 0.033444816053511704
0 0.9836261111620235 0.3150359458213597 0.01953125 0.033444816053511704
0 0.9630982519244868 0.2932755650146956 0.01953125 0.033444816053511704
0 0.28152444938294235 0.3091773817580271 0.01953125 0.033444816053511704
0 0.5249262089137341 0.29411250273802886 0.01953125 0.033444816053511704
0 0.5356788970857771 0.28909087639802944 0.01953125 0.033444816053511704
0 0.5454540681512707 0.28909087639802944 0.01953125 0.033444816053511704
0 0.3910063653164712 0.6941687344913152 0.01953125 0.033444816053511704
0 0.1603123281708212 0.32256838533135884 0.01953125 0.033444816053511704
0 0.01563979640151525 0.8983815389846246 0.01953125 0.033444816053511704
0 0.22932747060460942 0.33515997678150045 0.01953125 0.033444816053511704
0 0.18541147902790386 0.34259740150072787 0.01953125 0.033444816053511704
0 0.34611505259980435 0.36160415356097575 0.01953125 0.033444816053511704
0 0.2746912421234041 0.3467293041225209 0.01953125 0.033444816053511704
0 0.27034790229713657 0.32524341048919714 0.01953125 0.033444816053511704
0 0.271313088925196 0.31367408314817674 0.01953125 0.033444816053511704
0 0.20085446507685525 0.31202132209945954 0.01953125 0.033444816053511704
0 0.2187104176959553 0.3607777730366171 0.01953125 0.033444816053511704
0 0.2307752505466986 0.39879127715711293 0.01953125 0.033444816053511704
0 0.097096902560463 0.3326808352084246 0.01953125 0.033444816053511704
0 0.09275356273419541 0.39879127715711293 0.01953125 0.033444816053511704
0 0.08599725633777919 0.37565262247507203 0.01953125 0.033444816053511704
0 0.380861771209945 0.34342378202508644 0.01953125 0.033444816053511704
0 0.46145485465291025 0.3326808352084246 0.01953125 0.033444816053511704
0 0.41464330319202625 0.32524341048919714 0.01953125 0.033444816053511704
0 0.3509409857401017 0.3004519947584391 0.01953125 0.033444816053511704
0 0.3509409857401017 0.31367408314817674 0.01953125 0.033444816053511704
0 0.3272939133526449 0.31367408314817674 0.01953125 0.033444816053511704
0 0.3215027935842881 0.3045838973802321 0.01953125 0.033444816053511704
0 0.30123387439503935 0.3078894194776665 0.01953125 0.033444816053511704
0 0.29206460142847446 0.3062366584289493 0.01953125 0.033444816053511704
0 0.26166122264460145 0.3004519947584391 0.01953125 0.033444816053511704
0 0.2500789831078879 0.3004519947584391 0.01953125 0.033444816053511704
0 0.24380527002550137 0.31367408314817674 0.01953125 0.033444816053511704
0 0.22932747060460942 0.3062366584289493 0.01953125 0.033444816053511704
0 0.2119541112995391 0.3095421805263837 0.01953125 0.033444816053511704
0 0.41609108313411547 0.3045838973802321 0.01953125 0.033444816053511704
0 0.4011306903991938 0.29797285318536326 0.01953125 0.033444816053511704
0 0.33935874620338813 0.3078894194776665 0.01953125 0.033444816053511704
0 0.4281559159848588 0.42771459550966406 0.01953125 0.033444816053511704
0 0.15018216710373344 0.4409366838994017 0.01953125 0.033444816053511704
0 0.12701768803030633 0.3541667288417483 0.01953125 0.033444816053511704
0 0.1385999275670199 0.3392918794032934 0.01953125 0.033444816053511704
0 0.3128161139317529 0.3541667288417483 0.01953125 0.033444816053511704
0 0.31233352061772324 0.31532684419689394 0.01953125 0.033444816053511704
0 0.310885740675634 0.3029311363315149 0.01953125 0.033444816053511704
0 0.23608377700102565 0.3541667288417483 0.01953125 0.033444816053511704
0 0.25828306944639334 0.3640832951340516 0.01953125 0.033444816053511704
0 0.1429432673932875 0.36656243670712735 0.01953125 0.033444816053511704
0 0.07344983017300616 0.31367408314817674 0.01953125 0.033444816053511704
0 0.09323615604822516 0.3095421805263837 0.01953125 0.033444816053511704
0 0.10723136215508737 0.32359064944048 0.01953125 0.033444816053511704
0 0.11784841506374145 0.31202132209945954 0.01953125 0.033444816053511704
0 0.17994150232653017 0.3214467415203229 0.01953125 0.033444816053511704
0 0.18772150651179403 0.30754523047938603 0.01953125 0.033444816053511704
0 0.14882148558547473 0.31507521562656016 0.01953125 0.033444816053511704
0 0.1721614981412663 0.31391675637314875 0.01953125 0.033444816053511704
0 0.17689715286273125 0.3052283119725633 0.01953125 0.033444816053511704
0 0.2580798052307019 0.3411405488283166 0.01953125 0.033444816053511704
0 0.032797944909583335 0.3318728748010254 0.01953125 0.033444816053511704
0 0.0412544711979136 0.31217906749303165 0.01953125 0.033444816053511704
0 0.096391022597827 0.31565444525326586 0.01953125 0.033444816053511704
0 0.12818756144194884 0.30812446010609174 0.01953125 0.033444816053511704
0 0.04463708171324572 0.36257204501642754 0.01953125 0.033444816053511704
0 0.27465459675582926 0.37068125979030736 0.01953125 0.033444816053511704
0 0.6787633218843254 0.2984616336639717 0.01953125 0.033444816053511704
0 0.6733626115361172 0.2994891935667152 0.01953125 0.033444816053511704
0 0.6658616249413836 0.31027857254552127 0.01953125 0.033444816053511704
0 0.6604609145931754 0.3041132131290607 0.01953125 0.033444816053511704
0 0.6379579548089744 0.316443931961982 0.01953125 0.033444816053511704
0 0.6385580337365531 0.30462699308043234 0.01953125 0.033444816053511704
0 0.6505596122881269 0.29743407376122827 0.01953125 0.033444816053511704
0 0.7381711357146158 0.29178249429613934 0.01953125 0.033444816053511704
0 0.7423716882076666 0.3005167534694586 0.01953125 0.033444816053511704
0 0.7516729115851364 0.29126871434476764 0.01953125 0.033444816053511704
0 0.7576737008609232 0.28818603463653725 0.01953125 0.033444816053511704
0 0.7600740165712381 0.3041132131290607 0.01953125 0.033444816053511704
0 0.7372710173232477 0.32055417157295574 0.01953125 0.033444816053511704
0 0.7042666763064198 0.33853646987096603 0.01953125 0.033444816053511704
0 0.7189686100320977 0.34213292953056806 0.01953125 0.033444816053511704
0 0.7165682943217829 0.3323711104545054 0.01953125 0.033444816053511704
0 0.7555734246143979 0.3359675701141074 0.01953125 0.033444816053511704
0 0.7648746479918676 0.3251781911353013 0.01953125 0.033444816053511704
0 0.628056652503926 0.3025718732749455 0.01953125 0.033444816053511704
0 0.5938521536319407 0.3020580933235738 0.01953125 0.033444816053511704
0 0.587251285428575 0.31181991239963647 0.01953125 0.033444816053511704
0 0.5617479310064807 0.2953789539557414 0.01953125 0.033444816053511704
0 0.5557471417306937 0.3025718732749455 0.01953125 0.033444816053511704
0 0.5878513643561537 0.2948651740043697 0.01953125 0.033444816053511704
0 0.5650483651081635 0.33853646987096603 0.01953125 0.033444816053511704
0 0.7912781208053299 0.3375089099682226 0.01953125 0.033444816053511704
0 0.8170815146912136 0.30770967278866274 0.01953125 0.033444816053511704
0 0.8059800545310079 0.30616833293454754 0.01953125 0.033444816053511704
0 0.816481435763635 0.3005167534694586 0.01953125 0.033444816053511704
0 0.8209820277204751 0.29178249429613934 0.01953125 0.033444816053511704
0 0.8137810805895309 0.2933238341502545 0.01953125 0.033444816053511704
0 0.7999792652552209 0.2958927339071131 0.01953125 0.033444816053511704
0 0.7825769763554389 0.30822345274003443 0.01953125 0.033444816053511704
0 0.7651746874556569 0.30770967278866274 0.01953125 0.033444816053511704
0 0.7729757135141799 0.2969202938098566 0.01953125 0.033444816053511704
0 0.8271982911971681 0.32654690747072307 0.01953125 0.033444816053511704
0 0.8446846675899867 0.3007957327105697 0.01953125 0.033444816053511704
0 0.8404879372557102 0.29660368100542844 0.01953125 0.033444816053511704
0 0.8495808529799759 0.2834286613606988 0.01953125 0.033444816053511704
0 0.8639196816220871 0.2870218485365341 0.01953125 0.033444816053511704
0 0.8712639597070709 0.2792366096555575 0.01953125 0.033444816053511704
0 0.8691655945399327 0.2882195775951459 0.01953125 0.033444816053511704
0 0.8800071479034801 0.2954059519468166 0.01953125 0.033444816053511704
0 0.8849033332934694 0.2972025455347343 0.01953125 0.033444816053511704
0 0.8908487012670276 0.29899913912265197 0.01953125 0.033444816053511704
0 0.929668456859085 0.3031911908277932 0.01953125 0.033444816053511704
0 0.9331657321376485 0.2995980036519579 0.01953125 0.033444816053511704
0 0.9433078304454834 0.2888184421244518 0.01953125 0.033444816053511704
0 0.9478542883076162 0.2954059519468166 0.01953125 0.033444816053511704
0 0.957996386615451 0.2888184421244518 0.01953125 0.033444816053511704
0 0.8051654569422168 0.32654690747072307 0.01953125 0.033444816053511704
0 0.7086406592538583 0.3007957327105697 0.01953125 0.033444816053511704
0 0.7128373895881348 0.2948070874175107 0.01953125 0.033444816053511704
0 0.8565754035371034 0.31217415876738164 0.01953125 0.033444816053511704
0 0.8443349400621303 0.33373328182239376 0.01953125 0.033444816053511704
0 0.8471327602849813 0.3588855920532413 0.01953125 0.033444816053511704
0 0.9436575579733397 0.40679475439771273 0.01953125 0.033444816053511704
0 0.9884226815389552 0.42416182574758365 0.01953125 0.033444816053511704
0 0.9772314006475513 0.337925333527535 0.01953125 0.033444816053511704
0 0.9730346703132748 0.3193605331190524 0.01953125 0.033444816053511704
0 0.9796794933425459 0.30678437800362857 0.01953125 0.033444816053511704
0 0.9754827630082695 0.2882195775951459 0.01953125 0.033444816053511704
0 0.9877232264832425 0.2954059519468166 0.01953125 0.033444816053511704
0 0.9426083753897706 0.34630943693781757 0.01953125 0.033444816053511704
0 0.9440072855011961 0.33133782370517023 0.01953125 0.033444816053511704
0 0.9342149147212178 0.3534958112894882 0.01953125 0.033444816053511704
0 0.8870016984606076 0.3469083014671234 0.01953125 0.033444816053511704
0 0.8946957040734478 0.36427537281699435 0.01953125 0.033444816053511704
0 0.6831105497203432 0.45769823938871373 0.01953125 0.033444816053511704
0 0.6967499233067417 0.41577772233730115 0.01953125 0.033444816053511704
0 0.6841597323039124 0.4145799932786894 0.01953125 0.033444816053511704
0 0.7051433839752946 0.349303759584347 0.01953125 0.033444816053511704
0 0.7114384794767092 0.35229808223087644 0.01953125 0.033444816053511704
0 0.687657007582476 0.30678437800362857 0.01953125 0.033444816053511704
0 0.7481598699016282 0.37565379887380634 0.01953125 0.033444816053511704
0 0.49973149381267146 0.3010149891229384 0.01953125 0.033444816053511704
0 0.5434569901916537 0.30429074537340395 0.01953125 0.033444816053511704
0 0.584176358694581 0.2958673721579211 0.01953125 0.033444816053511704
0 0.38823147804626656 0.33283662127031816 0.01953125 0.033444816053511704
0 0.3980697147315376 0.32394528287619734 0.01953125 0.033444816053511704
0 0.4024422643694358 0.3206695266257318 0.01953125 0.033444816053511704
0 0.3928773120365335 0.34032406412852517 0.01953125 0.033444816053511704
0 0.403808686131279 0.43204523914156095 0.01953125 0.033444816053511704
0 0.467483940233172 0.43672489092794037 0.01953125 0.033444816053511704
0 0.5390844405537556 0.402095467708733 0.01953125 0.033444816053511704
0 0.5620403261527213 0.3206695266257318 0.01953125 0.033444816053511704
0 0.09090861360581631 0.540172193398 0.01953125 0.033444816053511704
0 0.5708695129215542 0.38115402596468534 0.01953125 0.033444816053511704
0 0.6011725432245845 0.3744585241780195 0.01953125 0.033444816053511704
0 0.14333259023637146 0.3083318614575558 0.01953125 0.033444816053511704
0 0.37065870554727437 0.29896218513728323 0.01953125 0.033444816053511704
0 0.37911503806431013 0.29555503011172957 0.01953125 0.033444816053511704
0 0.39155082117759804 0.2921478750861759 0.01953125 0.033444816053511704
0 0.4119455054833902 0.2929996638425643 0.01953125 0.033444816053511704
0 0.4268684452193357 0.29470324135534115 0.01953125 0.033444816053511704
0 0.4398016596571551 0.296406818868118 0.01953125 0.033444816053511704
0 0.47412442104982977 0.29470324135534115 0.01953125 0.033444816053511704
0 0.49700626197827946 0.2929996638425643 0.01953125 0.033444816053511704
0 0.510934339065162 0.2929996638425643 0.01953125 0.033444816053511704
0 0.5706260980089437 0.29725860762450634 0.01953125 0.033444816053511704
0 0.5671440787372231 0.29214787508617585 0.01953125 0.033444816053511704
0 0.5606774715183134 0.2870371425478454 0.01953125 0.033444816053511704
0 0.596989958209114 0.29214787508617585 0.01953125 0.033444816053511704
0 0.6054462907261499 0.28192641000951485 0.01953125 0.033444816053511704
0 0.6039539967525553 0.28959250881701065 0.01953125 0.033444816053511704
0 0.6293229943036627 0.2870371425478454 0.01953125 0.033444816053511704
0 0.6367844641716354 0.290444297573399 0.01953125 0.033444816053511704
0 0.6467330906622657 0.28618535379145693 0.01953125 0.033444816053511704
0 0.6512099725830494 0.2870371425478454 0.01953125 0.033444816053511704
0 0.65469199185477 0.2827781987659033 0.01953125 0.033444816053511704
0 0.656681717152896 0.29555503011172957 0.01953125 0.033444816053511704
0 0.6631483243718057 0.29555503011172957 0.01953125 0.033444816053511704
0 0.6815532833794719 0.2947032413553411 0.01953125 0.033444816053511704
0 0.6905070472210391 0.2947032413553411 0.01953125 0.033444816053511704
0 0.6979685170890119 0.2964068188681179 0.01953125 0.033444816053511704
0 0.7213477893419931 0.29385145259895273 0.01953125 0.033444816053511704
0 0.7278143965609029 0.29299966384256426 0.01953125 0.033444816053511704
0 0.7929779000745314 0.28533356503506857 0.01953125 0.033444816053511704
