0 0.47162378837451074 0.9151983192677755 0.01953125 0.026041666666666668
0 0.3380621445388943 0.8858441118313763 0.01953125 0.026041666666666668
0 0.4129153735017123 0.8486621157452707 0.01953125 0.026041666666666668
0 0.537670755106409 0.7566855991112198 0.01953125 0.026041666666666668
0 0.6888449234038652 0.8075662253343118 0.01953125 0.026041666666666668
0 0.8913889547150198 0.8701885345319634 0.01953125 0.026041666666666668
0 0.9324848451259786 0.7077619200505544 0.01953125 0.026041666666666668
0 0.7592950212512233 0.7155897087002608 0.01953125 0.026041666666666668
0 0.8913889547150198 0.6099145619292236 0.01953125 0.026041666666666668
0 0.9809192873960373 0.6020867732795172 0.01953125 0.026041666666666668
0 0.922210872523239 0.5707756186806914 0.01953125 0.026041666666666668
0 0.8693732991377203 0.588388143142531 0.01953125 0.026041666666666668
0 0.7974554909185423 0.6725368711268754 0.01953125 0.026041666666666668
0 0.7020543167502447 0.6529673995026092 0.01953125 0.026041666666666668
0 0.7534241797639434 0.5786034073303977 0.01953125 0.026041666666666668
0 0.8003909116621821 0.5609908828685582 0.01953125 0.026041666666666668
0 0.8605670369068006 0.5277227811073059 0.01953125 0.026041666666666668
0 0.8679055887659004 0.5786034073303977 0.01953125 0.026041666666666668
0 0.8811149821122799 0.5492491998939987 0.01953125 0.026041666666666668
0 0.9354202658696185 0.5688186715182648 0.01953125 0.026041666666666668
0 0.989725549626957 0.5081533094830397 0.01953125 0.026041666666666668
0 0.9662421836778377 0.4787991020466405 0.01953125 0.026041666666666668
0 0.9427588177287183 0.48271299637149373 0.01953125 0.026041666666666668
0 0.9236785828950589 0.5159810981327461 0.01953125 0.026041666666666668
0 0.8987275065741196 0.5101102566454664 0.01953125 0.026041666666666668
0 0.8664378783940803 0.48466994353392034 0.01953125 0.026041666666666668
0 0.8341482502140412 0.5257658339448793 0.01953125 0.026041666666666668
0 0.8370836709576812 0.49641162650848 0.01953125 0.026041666666666668
0 0.8605670369068006 0.5081533094830397 0.01953125 0.026041666666666668
0 0.7710367042257829 0.5335936225945858 0.01953125 0.026041666666666668
0 0.7387470760457437 0.5257658339448793 0.01953125 0.026041666666666668
0 0.6932480545193249 0.5296797282697324 0.01953125 0.026041666666666668
0 0.6374750603901664 0.5786034073303977 0.01953125 0.026041666666666668
0 0.6433459018774463 0.5335936225945858 0.01953125 0.026041666666666668
0 0.6022500114664873 0.6666660296395954 0.01953125 0.026041666666666668
0 0.5640895417991683 0.6392687693656228 0.01953125 0.026041666666666668
0 0.5523478588246087 0.5923020374673841 0.01953125 0.026041666666666668
0 0.5229936513882094 0.6196992977413568 0.01953125 0.026041666666666668
0 0.5244613617600293 0.5512061470564252 0.01953125 0.026041666666666668
0 0.5670249625428083 0.4924977321836268 0.01953125 0.026041666666666668
0 0.45401126391267127 0.537507516919439 0.01953125 0.026041666666666668
0 0.41585079424535226 0.5825173016552512 0.01953125 0.026041666666666668
0 0.40851224238625244 0.633397927878343 0.01953125 0.026041666666666668
0 0.44814042242539137 0.6529673995026092 0.01953125 0.026041666666666668
0 0.3365944341670744 0.5531630942188519 0.01953125 0.026041666666666668
0 0.32632046156433464 0.7488578104615132 0.01953125 0.026041666666666668
0 0.20743592144691775 0.6529673995026092 0.01953125 0.026041666666666668
0 0.26320891557607634 0.6099145619292236 0.01953125 0.026041666666666668
0 0.2852245711533757 0.6099145619292236 0.01953125 0.026041666666666668
0 0.30136938524339535 0.5512061470564252 0.01953125 0.026041666666666668
0 0.2793537296660959 0.5022824679957599 0.01953125 0.026041666666666668
0 0.19569423847235806 0.5472922527315719 0.01953125 0.026041666666666668
0 0.21330676293419765 0.5335936225945858 0.01953125 0.026041666666666668
0 0.15019521694593935 0.5609908828685582 0.01953125 0.026041666666666668
0 0.10616390579134044 0.5923020374673841 0.01953125 0.026041666666666668
0 0.08561596058586102 0.6431826636904762 0.01953125 0.026041666666666668
0 0.01810128348214285 0.588388143142531 0.01953125 0.026041666666666668
0 0.08268053984222112 0.5531630942188519 0.01953125 0.026041666666666668
0 0.13698582359955963 0.49836857367090664 0.01953125 0.026041666666666668
0 0.08268053984222112 0.4924977321836268 0.01953125 0.026041666666666668
0 0.1032284850477006 0.4396601587981082 0.01953125 0.026041666666666668
0 0.17514629326687864 0.48662689069634696 0.01953125 0.026041666666666668
0 0.18688797624143832 0.5101102566454664 0.01953125 0.026041666666666668
0 0.20596821107509783 0.48075604920906706 0.01953125 0.026041666666666668
0 0.2470641014860568 0.48075604920906706 0.01953125 0.026041666666666668
0 0.24412868074241684 0.44553100028538806 0.01953125 0.026041666666666668
0 0.26320891557607634 0.45922963042237436 0.01953125 0.026041666666666668
0 0.2925631230124755 0.4514018417726679 0.01953125 0.026041666666666668
0 0.3101756474743151 0.4572726832599477 0.01953125 0.026041666666666668
0 0.3160464889615949 0.48075604920906706 0.01953125 0.026041666666666668
0 0.3615455104880137 0.5296797282697324 0.01953125 0.026041666666666668
0 0.3791580349498533 0.5140241509703195 0.01953125 0.026041666666666668
0 0.4173185046171722 0.5198949924575994 0.01953125 0.026041666666666668
0 0.4305278979635519 0.5003255208333333 0.01953125 0.026041666666666668
0 0.4437372913099315 0.46901436623450743 0.01953125 0.026041666666666668
0 0.4818977609772505 0.4944546793460534 0.01953125 0.026041666666666668
0 0.50097799581091 0.5159810981327461 0.01953125 0.026041666666666668
0 0.5141873891572897 0.4924977321836268 0.01953125 0.026041666666666668
0 0.5420738862218688 0.4944546793460534 0.01953125 0.026041666666666668
0 0.5494124380809686 0.5101102566454664 0.01953125 0.026041666666666668
0 0.6169271151846869 0.4670574190720808 0.01953125 0.026041666666666668
0 0.6462813226210862 0.4944546793460534 0.01953125 0.026041666666666668
0 0.6227979566719668 0.5003255208333333 0.01953125 0.026041666666666668
0 0.6638938470829256 0.4787991020466405 0.01953125 0.026041666666666668
0 0.6727001093138454 0.4944546793460534 0.01953125 0.026041666666666668
0 0.725537682699364 0.48271299637149373 0.01953125 0.026041666666666668
0 0.7387470760457437 0.46510047190965415 0.01953125 0.026041666666666668
0 0.7754398353412428 0.4729282605593606 0.01953125 0.026041666666666668
0 0.7974554909185423 0.5061963623206132 0.01953125 0.026041666666666668
0 0.8517607746758806 0.4514018417726679 0.01953125 0.026041666666666668
0 0.8708410095095402 0.45531573609752113 0.01953125 0.026041666666666668
0 0.9119368999204991 0.45922963042237436 0.01953125 0.026041666666666668
0 0.8899212443431996 0.4514018417726679 0.01953125 0.026041666666666668
0 0.9368879762414384 0.44553100028538806 0.01953125 0.026041666666666668
0 0.9618390525623779 0.45922963042237436 0.01953125 0.026041666666666668
0 0.13319423847235815 0.43672473805446826 0.01953125 0.026041666666666668
0 0.1676854322101272 0.44259557954174805 0.01953125 0.026041666666666668
0 0.17795940481286696 0.4602081040035875 0.01953125 0.026041666666666668
0 0.212450598550636 0.45629420967873435 0.01953125 0.026041666666666668
0 0.22639384708292562 0.44650947386660134 0.01953125 0.026041666666666668
0 0.2087813226210861 0.43378931731082826 0.01953125 0.026041666666666668
0 0.36068934610445214 0.4846699435339203 0.01953125 0.026041666666666668
0 0.3841727120535715 0.4876053642775602 0.01953125 0.026041666666666668
0 0.3841727120535715 0.4739067341405739 0.01953125 0.026041666666666668
0 0.3805034361240216 0.4651004719096541 0.01953125 0.026041666666666668
0 0.3973821053999511 0.4602081040035875 0.01953125 0.026041666666666668
0 0.43480871988136016 0.4602081040035875 0.01953125 0.026041666666666668
0 0.42159932653498045 0.45825115684116097 0.01953125 0.026041666666666668
0 0.41352691948997067 0.4396601587981081 0.01953125 0.026041666666666668
0 0.3665601875917319 0.4504233681914545 0.01953125 0.026041666666666668
0 0.34307682164261255 0.4445525267041746 0.01953125 0.026041666666666668
0 0.31665803494985323 0.4357462644732549 0.01953125 0.026041666666666668
0 0.3173918901357633 0.4240045814986952 0.01953125 0.026041666666666668
0 0.3841727120535715 0.42596152866112186 0.01953125 0.026041666666666668
0 0.3981159605858611 0.43378931731082826 0.01953125 0.026041666666666668
0 0.4531550995291096 0.4514018417726678 0.01953125 0.026041666666666668
0 0.4516873891572897 0.432810843729615 0.01953125 0.026041666666666668
0 0.43701028543909004 0.43378931731082826 0.01953125 0.026041666666666668
0 0.46563063768957935 0.43770321163568154 0.01953125 0.026041666666666668
0 0.46563063768957935 0.47194978697814727 0.01953125 0.026041666666666668
0 0.4971864106837085 0.4651004719096541 0.01953125 0.026041666666666668
0 0.4891140036386987 0.4494448946102412 0.01953125 0.026041666666666668
0 0.49204942438233856 0.4357462644732549 0.01953125 0.026041666666666668
0 0.49571870031188847 0.42596152866112186 0.01953125 0.026041666666666668
0 0.4891140036386987 0.41519831926777545 0.01953125 0.026041666666666668
0 0.475904610292319 0.4279184758235484 0.01953125 0.026041666666666668
0 0.4612275065741195 0.4122628985241355 0.01953125 0.026041666666666668
0 0.36215705647627205 0.43672473805446826 0.01953125 0.026041666666666668
0 0.35261693905944236 0.432810843729615 0.01953125 0.026041666666666668
0 0.3438106768285225 0.42009068717384196 0.01953125 0.026041666666666668
0 0.3350044145976028 0.4298754229859751 0.01953125 0.026041666666666668
0 0.35481850461717224 0.42009068717384196 0.01953125 0.026041666666666668
0 0.365092477219912 0.42106916075505535 0.01953125 0.026041666666666668
0 0.3555523598030822 0.4063920570368557 0.01953125 0.026041666666666668
0 0.37536644982265166 0.41715526643020207 0.01953125 0.026041666666666668
0 0.3827050016817515 0.407370530618069 0.01953125 0.026041666666666668
0 0.39518053984222123 0.40052121554957587 0.01953125 0.026041666666666668
0 0.38123729130993156 0.3936719004810827 0.01953125 0.026041666666666668
0 0.3746325946367417 0.3966073212247226 0.01953125 0.026041666666666668
0 0.3672940427776419 0.3966073212247226 0.01953125 0.026041666666666668
0 0.3577539253608122 0.3897580061562295 0.01953125 0.026041666666666668
0 0.3474799527580724 0.3878010589938028 0.01953125 0.026041666666666668
0 0.3496815183158024 0.3966073212247226 0.01953125 0.026041666666666668
0 0.34674609757216246 0.4034566362932157 0.01953125 0.026041666666666668
0 0.3328028490398729 0.4034566362932157 0.01953125 0.026041666666666668
0 0.34307682164261255 0.39856426838714926 0.01953125 0.026041666666666668
0 0.3350044145976028 0.3917149533186561 0.01953125 0.026041666666666668
0 0.32986742829623295 0.4122628985241355 0.01953125 0.026041666666666668
0 0.31225490383439336 0.4063920570368557 0.01953125 0.026041666666666668
0 0.3115210486484834 0.41421984568656217 0.01953125 0.026041666666666668
0 0.2975778001161937 0.4132413721053488 0.01953125 0.026041666666666668
0 0.3005132208598337 0.3936719004810827 0.01953125 0.026041666666666668
0 0.28803768269936403 0.39269342689986936 0.01953125 0.026041666666666668
0 0.28803768269936403 0.41421984568656217 0.01953125 0.026041666666666668
0 0.2579496200770548 0.4288969494047617 0.01953125 0.026041666666666668
0 0.2689574478657045 0.42596152866112186 0.01953125 0.026041666666666668
0 0.2638204615643347 0.4034566362932157 0.01953125 0.026041666666666668
0 0.250611068217955 0.41519831926777545 0.01953125 0.026041666666666668
0 0.23960324042930528 0.4288969494047617 0.01953125 0.026041666666666668
0 0.22199071596746575 0.4288969494047617 0.01953125 0.026041666666666668
0 0.22639384708292562 0.41519831926777545 0.01953125 0.026041666666666668
0 0.23446625412793545 0.4122628985241355 0.01953125 0.026041666666666668
0 0.23446625412793545 0.4034566362932157 0.01953125 0.026041666666666668
0 0.24400637154476515 0.39856426838714926 0.01953125 0.026041666666666668
0 0.25354648896159493 0.40052121554957587 0.01953125 0.026041666666666668
0 0.21905529522382586 0.40149968913078915 0.01953125 0.026041666666666668
0 0.212450598550636 0.41715526643020207 0.01953125 0.026041666666666668
0 0.19777349483243642 0.432810843729615 0.01953125 0.026041666666666668
0 0.19116879815924656 0.4308538965671884 0.01953125 0.026041666666666668
0 0.19557192927470649 0.41421984568656217 0.01953125 0.026041666666666668
0 0.19116879815924656 0.40541358345564243 0.01953125 0.026041666666666668
0 0.2007089155760763 0.40149968913078915 0.01953125 0.026041666666666668
0 0.18970108778742664 0.3966073212247226 0.01953125 0.026041666666666668
0 0.19997506039016635 0.3917149533186561 0.01953125 0.026041666666666668
0 0.17429012888331705 0.42106916075505535 0.01953125 0.026041666666666668
0 0.15007290774828766 0.41421984568656217 0.01953125 0.026041666666666668
0 0.14787134219055773 0.4416171059605348 0.01953125 0.026041666666666668
0 0.08475979620229943 0.44063863237932144 0.01953125 0.026041666666666668
0 0.06201028543909001 0.4651004719096541 0.01953125 0.026041666666666668
0 0.053937878394080235 0.4876053642775602 0.01953125 0.026041666666666668
0 0.01430969835494128 0.432810843729615 0.01953125 0.026041666666666668
0 0.0033018705662915815 0.4347677908920416 0.01953125 0.026041666666666668
0 0.03999462986179059 0.4514018417726678 0.01953125 0.026041666666666668
0 0.057607154323630144 0.4396601587981081 0.01953125 0.026041666666666668
0 0.04586547134907043 0.4240045814986952 0.01953125 0.026041666666666668
0 0.03999462986179059 0.41030595136170894 0.01953125 0.026041666666666668
0 0.036325353932240706 0.39856426838714926 0.01953125 0.026041666666666668
0 0.01430969835494128 0.40541358345564243 0.01953125 0.026041666666666668
0 0.023849815771771032 0.4034566362932157 0.01953125 0.026041666666666668
0 0.07155040285591976 0.41519831926777545 0.01953125 0.026041666666666668
0 0.09356605843321916 0.41421984568656217 0.01953125 0.026041666666666668
0 0.11117858289505869 0.4034566362932157 0.01953125 0.026041666666666668
0 0.08402594101638941 0.39856426838714926 0.01953125 0.026041666666666668
0 0.12879110735689822 0.3917149533186561 0.01953125 0.026041666666666668
0 0.137597369587818 0.407370530618069 0.01953125 0.026041666666666668
0 0.1456697766328278 0.40541358345564243 0.01953125 0.026041666666666668
0 0.14126664551736792 0.3897580061562295 0.01953125 0.026041666666666668
0 0.10163846547822894 0.3966073212247226 0.01953125 0.026041666666666668
0 0.15374218367783757 0.39269342689986936 0.01953125 0.026041666666666668
0 0.1596130251651174 0.40541358345564243 0.01953125 0.026041666666666668
0 0.175023984069227 0.39954274196836254 0.01953125 0.026041666666666668
0 0.1684192873960372 0.39954274196836254 0.01953125 0.026041666666666668
0 0.05540558876590021 0.3897580061562295 0.01953125 0.026041666666666668
0 0.040728485047700574 0.3868225854125895 0.01953125 0.026041666666666668
0 0.41572848504770066 0.4083490041992823 0.01953125 0.026041666666666668
0 0.12879110735689822 0.4122628985241355 0.01953125 0.026041666666666668
0 0.02378866117294519 0.3838871646689496 0.01953125 0.026041666666666668
0 0.00947848504770056 0.39122571652804944 0.01953125 0.026041666666666668
0 0.011313123012475515 0.3824194542971296 0.01953125 0.026041666666666668
0 0.0769931621514188 0.3917149533186561 0.01953125 0.026041666666666668
0 0.06708611714163407 0.3863333486219829 0.01953125 0.026041666666666668
0 0.10121038328644816 0.38193021750652295 0.01953125 0.026041666666666668
0 0.09350490383439336 0.3780163231816697 0.01953125 0.026041666666666668
0 0.04617124434319961 0.3785055599722764 0.01953125 0.026041666666666668
0 0.07002153788527399 0.4000319787589692 0.01953125 0.026041666666666668
0 0.05314286860934442 0.40688129382746235 0.01953125 0.026041666666666668
0 0.12029061812010766 0.39416113727168933 0.01953125 0.026041666666666668
0 0.15771723260151668 0.40883824098988897 0.01953125 0.026041666666666668
0 0.1764305398422212 0.3907364797374428 0.01953125 0.026041666666666668
0 0.1690919879831214 0.3897580061562294 0.01953125 0.026041666666666668
0 0.2021154713490705 0.38437640145955626 0.01953125 0.026041666666666668
0 0.10860271416531618 0.3879730563030004 0.01953125 0.026041666666666668
0 0.12954553652649525 0.3756537490317186 0.01953125 0.026041666666666668
0 0.230255873469224 0.3879730563030004 0.01953125 0.026041666666666668
0 0.5284617325097847 0.445436720278865 0.01953125 0.026041666666666668
0 0.5225947131849314 0.42822679692596227 0.01953125 0.026041666666666668
0 0.514380886130137 0.43292041238584483 0.01953125 0.026041666666666668
0 0.5061670590753424 0.4219686429794522 0.01953125 0.026041666666666668
0 0.5120340784001957 0.4078877965998044 0.01953125 0.026041666666666668
0 0.5448893866193737 0.42040410449282467 0.01953125 0.026041666666666668
0 0.5331553479696672 0.41258141205968696 0.01953125 0.026041666666666668
0 0.567184060053816 0.44387218179223753 0.01953125 0.026041666666666668
0 0.5519298098091976 0.41258141205968696 0.01953125 0.026041666666666668
0 0.5437159827544031 0.46577572060502287 0.01953125 0.026041666666666668
0 0.5237681170499021 0.46577572060502287 0.01953125 0.026041666666666668
0 0.5929989450831702 0.4704693360649055 0.01953125 0.026041666666666668
0 0.6117734069227005 0.4407431048189825 0.01953125 0.026041666666666668
0 0.6023861760029354 0.45169487422537524 0.01953125 0.026041666666666668
0 0.6023861760029354 0.4313558738992173 0.01953125 0.026041666666666668
0 0.5847851180283757 0.43292041238584483 0.01953125 0.026041666666666668
0 0.5847851180283757 0.4172750275195696 0.01953125 0.026041666666666668
0 0.5730510793786693 0.4219686429794522 0.01953125 0.026041666666666668
0 0.6751372156311154 0.45169487422537524 0.01953125 0.026041666666666668
0 0.639935099681996 0.4548239511986302 0.01953125 0.026041666666666668
0 0.6375882919520548 0.43292041238584483 0.01953125 0.026041666666666668
0 0.6493223306017613 0.43761402784572745 0.01953125 0.026041666666666668
0 0.6927382736056751 0.43761402784572745 0.01953125 0.026041666666666668
0 0.6880446581457925 0.415710489032942 0.01953125 0.026041666666666668
0 0.7279403895547946 0.4548239511986302 0.01953125 0.026041666666666668
0 0.7021255045254403 0.45638848968525775 0.01953125 0.026041666666666668
0 0.3219426522749511 0.3953714887067841 0.01953125 0.026041666666666668
0 0.10322991835861062 0.32144704521363354 0.01953125 0.026041666666666668
0 0.0782950862279844 0.3365057281474235 0.01953125 0.026041666666666668
0 0.08181529782289634 0.33552789159328134 0.01953125 0.026041666666666668
0 0.06318751146648735 0.3347456223499676 0.01953125 0.026041666666666668
0 0.05482700892857149 0.343350584026419 0.01953125 0.026041666666666668
0 0.05424030699608617 0.34882646872961526 0.01953125 0.026041666666666668
0 0.04367967221135035 0.3341589204174822 0.01953125 0.026041666666666668
0 0.04265294382950103 0.3474574975538162 0.01953125 0.026041666666666668
0 0.04338632124510768 0.3611472093118071 0.01953125 0.026041666666666668
0 0.04851996315435426 0.3574314304060667 0.01953125 0.026041666666666668
0 0.0467598573568983 0.3539112188111548 0.01953125 0.026041666666666668
0 0.05834722052348342 0.3609516420009786 0.01953125 0.026041666666666668
0 0.0734547952849805 0.3574314304060667 0.01953125 0.026041666666666668
0 0.07228139142000986 0.3625161804876062 0.01953125 0.026041666666666668
0 0.07536157656555778 0.361538343933464 0.01953125 0.026041666666666668
0 0.06861450434197658 0.36016937275766486 0.01953125 0.026041666666666668
0 0.09428271388820947 0.3566491611627529 0.01953125 0.026041666666666668
0 0.10719015640288657 0.3617339112442924 0.01953125 0.026041666666666668
0 0.08929574746208421 0.35880040158186577 0.01953125 0.026041666666666668
0 0.06142740566903137 0.3750324883806264 0.01953125 0.026041666666666668
0 0.09736289903375742 0.3793349692188521 0.01953125 0.026041666666666668
0 0.08401543006971632 0.3754236230022833 0.01953125 0.026041666666666668
0 0.10777685833537187 0.3707300075424007 0.01953125 0.026041666666666668
0 0.10924361316658518 0.3793349692188521 0.01953125 0.026041666666666668
0 0.013464522688356212 0.33924367049902165 0.01953125 0.026041666666666668
0 0.03649257353840515 0.37346794989399884 0.01953125 0.026041666666666668
0 0.048226612188111605 0.3677964978799741 0.01953125 0.026041666666666668
0 0.025491912304305336 0.37346794989399884 0.01953125 0.026041666666666668
0 0.03473246774094917 0.3697521709882585 0.01953125 0.026041666666666668
0 0.03634954105384664 0.38441971930039154 0.01953125 0.026041666666666668
0 0.0040809347671538765 0.3496087379729291 0.01953125 0.026041666666666668
0 0.002760855419061903 0.38050837308382274 0.01953125 0.026041666666666668
0 0.028722415931537452 0.36564525746086124 0.01953125 0.026041666666666668
0 0.024322151437897524 0.35938710351435116 0.01953125 0.026041666666666668
0 0.008481199260793798 0.35410678612198315 0.01953125 0.026041666666666668
0 0.0843124240345218 0.3857886904761907 0.01953125 0.026041666666666668
0 0.07360511376666465 0.3769881614889108 0.01953125 0.026041666666666668
0 0.0984898397367295 0.36486298821754753 0.01953125 0.026041666666666668
0 0.12078451317117178 0.3850064212328769 0.01953125 0.026041666666666668
0 0.08836923140135769 0.3818773442596219 0.01953125 0.026041666666666668
0 0.08778252946887238 0.3709255748532292 0.01953125 0.026041666666666668
0 0.08440899335708177 0.36525412283920433 0.01953125 0.026041666666666668
0 0.09716976038863753 0.3736635172048273 0.01953125 0.026041666666666668
0 0.1355987369664262 0.3588004015818658 0.01953125 0.026041666666666668
0 0.13515871051706219 0.34823976679713 0.01953125 0.026041666666666668
0 0.1366254653482755 0.3709255748532292 0.01953125 0.026041666666666668
0 0.12401137379984106 0.3773792961105677 0.01953125 0.026041666666666668
0 0.11374408998134791 0.3717078440965429 0.01953125 0.026041666666666668
0 0.07912867596471385 0.37249011333985665 0.01953125 0.026041666666666668
0 0.11936422150195697 0.36701422863666044 0.01953125 0.026041666666666668
0 0.16468694578644816 0.3599738054468366 0.01953125 0.026041666666666668
0 0.15016607295743642 0.38226847888127885 0.01953125 0.026041666666666668
0 0.1457658084637965 0.3771837287997393 0.01953125 0.026041666666666668
0 0.13681860399339532 0.3830507481245926 0.01953125 0.026041666666666668
0 0.14356567621697652 0.37503248838062647 0.01953125 0.026041666666666668
0 0.14781926522749514 0.3646674209067191 0.01953125 0.026041666666666668
0 0.15793987356286696 0.37190341140737143 0.01953125 0.026041666666666668
0 0.15940662839408026 0.3869620943411614 0.01953125 0.026041666666666668
0 0.17187404445939336 0.3787482672863669 0.01953125 0.026041666666666668
0 0.16292683998899218 0.366818661325832 0.01953125 0.026041666666666668
0 0.17876779216609592 0.3681876325016311 0.01953125 0.026041666666666668
0 0.18815502308586107 0.38148620963796503 0.01953125 0.026041666666666668
0 0.18844837405210374 0.3544979207436402 0.01953125 0.026041666666666668
0 0.09948969353901665 0.3938069502201569 0.01953125 0.026041666666666668
0 0.11349720217710377 0.3677964978799742 0.01953125 0.026041666666666668
0 0.13036488273605681 0.3662319593933467 0.01953125 0.026041666666666668
0 0.12772472403987287 0.37073000754240076 0.01953125 0.026041666666666668
0 0.12655132017490223 0.3656452574608613 0.01953125 0.026041666666666668
0 0.15119280133928578 0.3715122767857146 0.01953125 0.026041666666666668
0 0.1551530393835617 0.3836374500570779 0.01953125 0.026041666666666668
0 0.13366508110628678 0.3941980848418137 0.01953125 0.026041666666666668
0 0.1600666680681263 0.36408071897423383 0.01953125 0.026041666666666668
0 0.1495060332833905 0.36212504586594935 0.01953125 0.026041666666666668
0 0.14363901395853726 0.3566491611627531 0.01953125 0.026041666666666668
0 0.15449299970951574 0.36212504586594935 0.01953125 0.026041666666666668
0 0.14774592748593451 0.3883310655169605 0.01953125 0.026041666666666668
0 0.18646825502996583 0.37073000754240076 0.01953125 0.026041666666666668
0 0.19526878401724568 0.38559312316536226 0.01953125 0.026041666666666668
0 0.1867616059962085 0.38989560400358797 0.01953125 0.026041666666666668
0 0.1806012357051126 0.38285518081376413 0.01953125 0.026041666666666668
0 0.17708102411020066 0.37659702686725405 0.01953125 0.026041666666666668
0 0.18236134150256858 0.3746413537589696 0.01953125 0.026041666666666668
0 0.17796107700892866 0.3605605073793219 0.01953125 0.026041666666666668
0 0.1738541634815314 0.36212504586594935 0.01953125 0.026041666666666668
0 0.17678767314395802 0.36681866132583196 0.01953125 0.026041666666666668
0 0.17561426927898735 0.36916546905577324 0.01953125 0.026041666666666668
0 0.20700282266695216 0.3605605073793219 0.01953125 0.026041666666666668
0 0.21228314005932006 0.360169372757665 0.01953125 0.026041666666666668
0 0.2181501593841733 0.360169372757665 0.01953125 0.026041666666666668
0 0.22343047677654118 0.3582136996493806 0.01953125 0.026041666666666668
0 0.22137702001284257 0.34765306486464476 0.01953125 0.026041666666666668
0 0.21609670262047467 0.3550846226761255 0.01953125 0.026041666666666668
0 0.20348261107204021 0.3539112188111549 0.01953125 0.026041666666666668
0 0.1996690485108856 0.3605605073793219 0.01953125 0.026041666666666668
0 0.20700282266695216 0.4215775083577955 0.01953125 0.026041666666666668
0 0.2281240922364238 0.3945892194634706 0.01953125 0.026041666666666668
0 0.2281240922364238 0.38207291157045037 0.01953125 0.026041666666666668
0 0.2111097361943494 0.3922424117335293 0.01953125 0.026041666666666668
0 0.21639005358671734 0.3738590845156559 0.01953125 0.026041666666666668
0 0.2096429813631361 0.38129064232713655 0.01953125 0.026041666666666668
0 0.2254839335402398 0.3746413537589696 0.01953125 0.026041666666666668
0 0.21961691421538657 0.36916546905577324 0.01953125 0.026041666666666668
0 0.21932356324914395 0.37777043073222466 0.01953125 0.026041666666666668
0 0.22049696711411457 0.3859842577870192 0.01953125 0.026041666666666668
0 0.1615334228993396 0.40006510416666696 0.01953125 0.026041666666666668
0 0.1509727881146038 0.40045623878832387 0.01953125 0.026041666666666668
0 0.14187890816108129 0.3636895843525769 0.01953125 0.026041666666666668
0 0.2337906869190313 0.38285518081376396 0.01953125 0.026041666666666668
0 0.23877765334515655 0.37933496921885207 0.01953125 0.026041666666666668
0 0.23085717725660468 0.3777704307322245 0.01953125 0.026041666666666668
0 0.23731089851394324 0.3691654690557731 0.01953125 0.026041666666666668
0 0.2648858893407534 0.3852019885437053 0.01953125 0.026041666666666668
0 0.2619523796783268 0.3969360271934117 0.01953125 0.026041666666666668
0 0.2525651487585616 0.3914601424902154 0.01953125 0.026041666666666668
0 0.24787153329867903 0.38715766165198967 0.01953125 0.026041666666666668
0 0.2540319035897749 0.3722945460290282 0.01953125 0.026041666666666668
0 0.2915808272688356 0.38715766165198967 0.01953125 0.026041666666666668
0 0.2772066299229452 0.38441971930039154 0.01953125 0.026041666666666668
0 0.270459557699364 0.3754236230022832 0.01953125 0.026041666666666668
0 0.2733930673617906 0.3715122767857144 0.01953125 0.026041666666666668
0 0.2610723267795988 0.37464135375896945 0.01953125 0.026041666666666668
0 0.2804334905516145 0.36799206519080246 0.01953125 0.026041666666666668
0 0.30507497171599807 0.38715766165198967 0.01953125 0.026041666666666668
0 0.3006747072223581 0.3914601424902154 0.01953125 0.026041666666666668
0 0.307715130412182 0.37933496921885207 0.01953125 0.026041666666666668
0 0.3159289574669765 0.38481085392204833 0.01953125 0.026041666666666668
0 0.31387550070327785 0.39810943105838237 0.01953125 0.026041666666666668
0 0.326782943217955 0.39341581559849975 0.01953125 0.026041666666666668
0 0.32707629418419765 0.3773792961105677 0.01953125 0.026041666666666668
0 0.3341167173740215 0.3773792961105677 0.01953125 0.026041666666666668
0 0.32472948645425637 0.3852019885437053 0.01953125 0.026041666666666668
0 0.32179597679182975 0.37620589224559703 0.01953125 0.026041666666666668
0 0.3655052707619863 0.38441971930039154 0.01953125 0.026041666666666668
0 0.38339967970278865 0.38011723846216583 0.01953125 0.026041666666666668
0 0.37811936231042076 0.3734679498939988 0.01953125 0.026041666666666668
0 0.3748925016817515 0.3574314304060667 0.01953125 0.026041666666666668
0 0.3678520784919276 0.3546934880544685 0.01953125 0.026041666666666668
0 0.3655052707619863 0.3625161804876061 0.01953125 0.026041666666666668
0 0.35993160240337574 0.3625161804876061 0.01953125 0.026041666666666668
0 0.3578781456396771 0.3570402957844097 0.01953125 0.026041666666666668
0 0.35494463597725046 0.36603639208251804 0.01953125 0.026041666666666668
0 0.33088985674535226 0.36799206519080246 0.01953125 0.026041666666666668
0 0.32296938065680036 0.3589959688926942 0.01953125 0.026041666666666668
0 0.29598109176247556 0.362907315109263 0.01953125 0.026041666666666668
0 0.289527370505137 0.3589959688926942 0.01953125 0.026041666666666668
0 0.27691327895670254 0.3589959688926942 0.01953125 0.026041666666666668
0 0.2651792403069961 0.3617339112442923 0.01953125 0.026041666666666668
0 0.29950130335738745 0.3589959688926942 0.01953125 0.026041666666666668
0 0.31182204393957924 0.3625161804876061 0.01953125 0.026041666666666668
0 0.3889733480613992 0.3906778732469016 0.01953125 0.026041666666666668
0 0.3816395739053327 0.3570402957844097 0.01953125 0.026041666666666668
0 0.38867999709515655 0.3574314304060667 0.01953125 0.026041666666666668
0 0.27603322605797453 0.4067143927348338 0.01953125 0.026041666666666668
0 0.2710462596318493 0.38872220013861725 0.01953125 0.026041666666666668
0 0.24405797073752444 0.35977823813600796 0.01953125 0.026041666666666668
0 0.25139174489359095 0.362907315109263 0.01953125 0.026041666666666668
0 0.40129408864359095 0.42275091222276595 0.01953125 0.026041666666666668
0 0.41214807439456946 0.4207952391144815 0.01953125 0.026041666666666668
0 0.42681562270670254 0.42509771995270723 0.01953125 0.026041666666666668
0 0.42270870917930525 0.43448495087247235 0.01953125 0.026041666666666668
0 0.44412332971501955 0.4207952391144815 0.01953125 0.026041666666666668
0 0.43708290652519566 0.4149282197896283 0.01953125 0.026041666666666668
0 0.4294557814028865 0.40593212349152 0.01953125 0.026041666666666668
0 0.4303358343016145 0.39771829643672546 0.01953125 0.026041666666666668
0 0.4364962045927104 0.3957626233284411 0.01953125 0.026041666666666668
0 0.44617678647871817 0.3973271618150686 0.01953125 0.026041666666666668
0 0.44412332971501955 0.39185127711187223 0.01953125 0.026041666666666668
0 0.4523371567698141 0.3805083730838226 0.01953125 0.026041666666666668
0 0.45321720966854206 0.40436758500489245 0.01953125 0.026041666666666668
0 0.4652445992844912 0.39380695022015666 0.01953125 0.026041666666666668
0 0.4611376857570939 0.3914601424902154 0.01953125 0.026041666666666668
0 0.4722850224743151 0.38129064232713644 0.01953125 0.026041666666666668
0 0.4699382147443738 0.37503248838062636 0.01953125 0.026041666666666668
0 0.46143103672333663 0.3777704307322245 0.01953125 0.026041666666666668
0 0.4608443347908513 0.3840285846787346 0.01953125 0.026041666666666668
0 0.47257837344055775 0.39419808484181357 0.01953125 0.026041666666666668
0 0.4781520417991683 0.4098434697080888 0.01953125 0.026041666666666668
0 0.4878326236851761 0.402803046518265 0.01953125 0.026041666666666668
0 0.4945796959087574 0.40475871962654936 0.01953125 0.026041666666666668
0 0.49956666233488256 0.3985005656800393 0.01953125 0.026041666666666668
0 0.49017943141511744 0.38481085392204833 0.01953125 0.026041666666666668
0 0.4910594843138454 0.3832463154354208 0.01953125 0.026041666666666668
0 0.5092472442208904 0.39419808484181357 0.01953125 0.026041666666666668
0 0.5013267681323386 0.3875487962736465 0.01953125 0.026041666666666668
0 0.4978065565374266 0.385984257787019 0.01953125 0.026041666666666668
0 0.5136475087145304 0.3867665270303328 0.01953125 0.026041666666666668
0 0.5201012299718689 0.3887222001386172 0.01953125 0.026041666666666668
0 0.5209812828705969 0.39615375795009794 0.01953125 0.026041666666666668
0 0.5359421821489726 0.3887222001386172 0.01953125 0.026041666666666668
0 0.53124856668909 0.39615375795009794 0.01953125 0.026041666666666668
0 0.5280217060604208 0.40475871962654936 0.01953125 0.026041666666666668
0 0.5201012299718689 0.4051498542482062 0.01953125 0.026041666666666668
0 0.40393424733977495 0.3902867386252447 0.01953125 0.026041666666666668
0 0.40804116086717224 0.3945892194634704 0.01953125 0.026041666666666668
0 0.4520438058035714 0.4164927582762558 0.01953125 0.026041666666666668
0 0.42974913236912915 0.3922424117335291 0.01953125 0.026041666666666668
0 0.4209486033818493 0.3910690078685584 0.01953125 0.026041666666666668
0 0.42153530531433464 0.38481085392204833 0.01953125 0.026041666666666668
0 0.41332147825954013 0.3867665270303328 0.01953125 0.026041666666666668
0 0.41537493502323874 0.3777704307322245 0.01953125 0.026041666666666668
0 0.420361901449364 0.3762058922455969 0.01953125 0.026041666666666668
0 0.4303358343016145 0.3805083730838226 0.01953125 0.026041666666666668
0 0.43708290652519566 0.3738590845156557 0.01953125 0.026041666666666668
0 0.43121588720034243 0.37503248838062636 0.01953125 0.026041666666666668
0 0.41772174275318 0.36877433443411617 0.01953125 0.026041666666666668
0 0.41830844468566536 0.3632984497309198 0.01953125 0.026041666666666668
0 0.4086278627996575 0.3652541228392043 0.01953125 0.026041666666666668
0 0.4018807905760763 0.37073000754240065 0.01953125 0.026041666666666668
0 0.40452094927226023 0.3668186613258318 0.01953125 0.026041666666666668
0 0.3971871751161937 0.3640807189742336 0.01953125 0.026041666666666668
0 0.3954270693187377 0.36486298821754737 0.01953125 0.026041666666666668
0 0.399533982846135 0.36016937275766486 0.01953125 0.026041666666666668
0 0.4071611079684442 0.35625802654109595 0.01953125 0.026041666666666668
0 0.39777387704867906 0.3546934880544685 0.01953125 0.026041666666666668
0 0.3936669635212818 0.3546934880544685 0.01953125 0.026041666666666668
0 0.3898534009601272 0.3640807189742336 0.01953125 0.026041666666666668
0 0.383106328736546 0.36799206519080246 0.01953125 0.026041666666666668
0 0.3616917082008317 0.36955660367743 0.01953125 0.026041666666666668
0 0.35699809274094907 0.37855269997553825 0.01953125 0.026041666666666668
0 0.3473175108549413 0.3625161804876061 0.01953125 0.026041666666666668
0 0.3411571405638454 0.362907315109263 0.01953125 0.026041666666666668
0 0.3452640540912426 0.3586048342710373 0.01953125 0.026041666666666668
0 0.3417438424963307 0.3578225650277235 0.01953125 0.026041666666666668
0 0.33441006834026415 0.3586048342710373 0.01953125 0.026041666666666668
0 0.3655052707619863 0.34960873797292896 0.01953125 0.026041666666666668
0 0.3860398383989726 0.3531289495678409 0.01953125 0.026041666666666668
0 0.4147882330907534 0.35625802654109595 0.01953125 0.026041666666666668
0 0.42652227174045987 0.3589959688926942 0.01953125 0.026041666666666668
0 0.42358876207803325 0.3574314304060666 0.01953125 0.026041666666666668
0 0.42974913236912915 0.3574314304060666 0.01953125 0.026041666666666668
0 0.4356161516939824 0.3546934880544685 0.01953125 0.026041666666666668
0 0.4408964690863503 0.36016937275766486 0.01953125 0.026041666666666668
0 0.4373762574914384 0.35938710351435105 0.01953125 0.026041666666666668
0 0.4429499258500489 0.3613427766226354 0.01953125 0.026041666666666668
0 0.44412332971501955 0.35117327645955654 0.01953125 0.026041666666666668
0 0.4499903490398728 0.3574314304060666 0.01953125 0.026041666666666668
0 0.45937757995963796 0.3570402957844097 0.01953125 0.026041666666666668
0 0.4570307722296967 0.36799206519080246 0.01953125 0.026041666666666668
0 0.4373762574914384 0.38950446938193095 0.01953125 0.026041666666666668
0 0.46377784445327785 0.3613427766226354 0.01953125 0.026041666666666668
0 0.4608443347908513 0.3652541228392043 0.01953125 0.026041666666666668
0 0.46700470508194714 0.3589959688926942 0.01953125 0.026041666666666668
0 0.4690581618456458 0.35586689191943915 0.01953125 0.026041666666666668
0 0.4731650753730431 0.3586048342710373 0.01953125 0.026041666666666668
0 0.48020549856286693 0.3586048342710373 0.01953125 0.026041666666666668
0 0.4690581618456458 0.37073000754240065 0.01953125 0.026041666666666668
0 0.4781520417991683 0.37542362300228316 0.01953125 0.026041666666666668
0 0.4828456572590509 0.3832463154354208 0.01953125 0.026041666666666668
0 0.4875392727189335 0.37503248838062636 0.01953125 0.026041666666666668
0 0.49399299397627205 0.36877433443411617 0.01953125 0.026041666666666668
0 0.48108555146159493 0.36486298821754737 0.01953125 0.026041666666666668
0 0.4863658688539628 0.35664916116275286 0.01953125 0.026041666666666668
0 0.49311294107754405 0.35586689191943915 0.01953125 0.026041666666666668
0 0.49428634494251467 0.3613427766226354 0.01953125 0.026041666666666668
0 0.5098339461533757 0.3586048342710373 0.01953125 0.026041666666666668
0 0.5027935229635518 0.37033887292074374 0.01953125 0.026041666666666668
0 0.4989799604023973 0.3715122767857144 0.01953125 0.026041666666666668
0 0.5004467152336106 0.3762058922455969 0.01953125 0.026041666666666668
0 0.5239147925330234 0.37933496921885207 0.01953125 0.026041666666666668
0 0.5318352686215754 0.37972610384050887 0.01953125 0.026041666666666668
0 0.5353554802164873 0.3738590845156557 0.01953125 0.026041666666666668
0 0.5271416531616928 0.3676009305691455 0.01953125 0.026041666666666668
0 0.5218613357693249 0.3574314304060666 0.01953125 0.026041666666666668
0 0.3963071222174658 0.385984257787019 0.01953125 0.026041666666666668
0 0.39102680482509783 0.3805083730838226 0.01953125 0.026041666666666668
0 0.3942536654537671 0.39380695022015666 0.01953125 0.026041666666666668
0 0.40833451183341485 0.372685680650685 0.01953125 0.026041666666666668
0 0.3951337183524951 0.372685680650685 0.01953125 0.026041666666666668
0 0.6626697995658024 0.4243154507093934 0.01953125 0.026041666666666668
0 0.6667767130931996 0.4176661621412265 0.01953125 0.026041666666666668
0 0.6746971891817516 0.4247065853310503 0.01953125 0.026041666666666668
0 0.6767506459454502 0.40867006584311816 0.01953125 0.026041666666666668
0 0.6867245787977007 0.4074966619781475 0.01953125 0.026041666666666668
0 0.7034455838735324 0.4094523350864319 0.01953125 0.026041666666666668
0 0.704618987738503 0.42900906616927603 0.01953125 0.026041666666666668
0 0.7113660599620842 0.4356583547374431 0.01953125 0.026041666666666668
0 0.7333673824302839 0.4305736046559036 0.01953125 0.026041666666666668
0 0.72192669474682 0.43292041238584483 0.01953125 0.026041666666666668
0 0.7154729734894815 0.41883956600619704 0.01953125 0.026041666666666668
0 0.7231000986117907 0.3949803540851273 0.01953125 0.026041666666666668
0 0.7330740314640412 0.40788779659980445 0.01953125 0.026041666666666668
0 0.7398211036876224 0.4031941811399218 0.01953125 0.026041666666666668
0 0.7483282817086596 0.41844843138454024 0.01953125 0.026041666666666668
0 0.7580088635946673 0.41962183524951086 0.01953125 0.026041666666666668
0 0.7597689693921234 0.4278356623043054 0.01953125 0.026041666666666668
0 0.7832370466915364 0.4172750275195696 0.01953125 0.026041666666666668
0 0.7671027435481899 0.4493480664954339 0.01953125 0.026041666666666668
0 0.8040649652947653 0.43213814314253113 0.01953125 0.026041666666666668
0 0.7976112440374268 0.4133636813030008 0.01953125 0.026041666666666668
0 0.804358316261008 0.40436758500489245 0.01953125 0.026041666666666668
0 0.7973178930711841 0.40475871962654936 0.01953125 0.026041666666666668
0 0.8005447536998533 0.38559312316536215 0.01953125 0.026041666666666668
0 0.7797168350966244 0.3945892194634704 0.01953125 0.026041666666666668
0 0.7638758829195207 0.40475871962654936 0.01953125 0.026041666666666668
0 0.7553687048984834 0.39771829643672546 0.01953125 0.026041666666666668
0 0.7662226906494619 0.38989560400358786 0.01953125 0.026041666666666668
0 0.7574221616621821 0.3836374500570778 0.01953125 0.026041666666666668
0 0.7363008920927104 0.39419808484181357 0.01953125 0.026041666666666668
0 0.7151796225232389 0.39967396954500983 0.01953125 0.026041666666666668
0 0.704618987738503 0.39928283492335304 0.01953125 0.026041666666666668
0 0.6990453193798924 0.3969360271934117 0.01953125 0.026041666666666668
0 0.6940583529537672 0.3969360271934117 0.01953125 0.026041666666666668
0 0.6729370833842956 0.4031941811399218 0.01953125 0.026041666666666668
0 0.6688301698568984 0.4031941811399218 0.01953125 0.026041666666666668
0 0.6720570304855675 0.3953714887067841 0.01953125 0.026041666666666668
0 0.6521091647810666 0.41101687357305944 0.01953125 0.026041666666666668
0 0.6585628860384052 0.42235977760110904 0.01953125 0.026041666666666668
0 0.6415485299963308 0.4161016236545989 0.01953125 0.026041666666666668
0 0.6345081068065069 0.4161016236545989 0.01953125 0.026041666666666668
0 0.6189605055956459 0.4137548159246576 0.01953125 0.026041666666666668
0 0.6066397650134541 0.4063232581131769 0.01953125 0.026041666666666668
0 0.6277610345829256 0.39810943105838237 0.01953125 0.026041666666666668
0 0.6130934862707926 0.39889170030169613 0.01953125 0.026041666666666668
0 0.6007727456886008 0.39341581559849975 0.01953125 0.026041666666666668
0 0.6042929572835127 0.38285518081376396 0.01953125 0.026041666666666668
0 0.6139735391695206 0.3883310655169603 0.01953125 0.026041666666666668
0 0.6233607700892858 0.3883310655169603 0.01953125 0.026041666666666668
0 0.6262942797517124 0.3840285846787346 0.01953125 0.026041666666666668
0 0.6339214048740216 0.3867665270303328 0.01953125 0.026041666666666668
0 0.6471221983549413 0.38715766165198967 0.01953125 0.026041666666666668
0 0.6421352319288162 0.38559312316536215 0.01953125 0.026041666666666668
0 0.6568027802409492 0.3910690078685584 0.01953125 0.026041666666666668
0 0.6638432034307731 0.38715766165198967 0.01953125 0.026041666666666668
0 0.6717636795193249 0.38559312316536215 0.01953125 0.026041666666666668
0 0.6122134333720647 0.3762058922455969 0.01953125 0.026041666666666668
0 0.6022395005198141 0.3781615653538814 0.01953125 0.026041666666666668
0 0.6016527985873288 0.3691654690557731 0.01953125 0.026041666666666668
0 0.6066397650134541 0.37073000754240065 0.01953125 0.026041666666666668
0 0.6042929572835127 0.3597782381360079 0.01953125 0.026041666666666668
0 0.6169070488319472 0.35078214183789963 0.01953125 0.026041666666666668
0 0.6242408229880138 0.36016937275766486 0.01953125 0.026041666666666668
0 0.6230674191230431 0.3632984497309198 0.01953125 0.026041666666666668
0 0.6312812461778377 0.3535200841894978 0.01953125 0.026041666666666668
0 0.6400817751651176 0.3523466803245272 0.01953125 0.026041666666666668
0 0.6793908046416341 0.35625802654109595 0.01953125 0.026041666666666668
0 0.6098666256421234 0.35156441108121345 0.01953125 0.026041666666666668
0 0.7013921271098338 0.3578225650277235 0.01953125 0.026041666666666668
0 0.7316072766328279 0.35117327645955654 0.01953125 0.026041666666666668
0 0.745394772046233 0.35195554570287024 0.01953125 0.026041666666666668
0 0.7436346662487769 0.36447185359589046 0.01953125 0.026041666666666668
0 0.798197945969912 0.3715122767857144 0.01953125 0.026041666666666668
0 0.7814769408940803 0.37698816148891073 0.01953125 0.026041666666666668
0 0.7847038015227497 0.36368958435257676 0.01953125 0.026041666666666668
0 0.7650492867844914 0.3617339112442923 0.01953125 0.026041666666666668
0 0.7723830609405578 0.3617339112442923 0.01953125 0.026041666666666668
0 0.7210466418480921 0.36799206519080246 0.01953125 0.026041666666666668
0 0.7113660599620842 0.36486298821754737 0.01953125 0.026041666666666668
0 0.7142995696245109 0.37894383459719516 0.01953125 0.026041666666666668
0 0.7175264302531801 0.36799206519080246 0.01953125 0.026041666666666668
0 0.6978719155149218 0.36368958435257676 0.01953125 0.026041666666666668
0 0.706379093535959 0.36564525746086113 0.01953125 0.026041666666666668
0 0.6952317568187378 0.3589959688926942 0.01953125 0.026041666666666668
0 0.7010987761435911 0.3715122767857144 0.01953125 0.026041666666666668
0 0.6867245787977007 0.38559312316536215 0.01953125 0.026041666666666668
0 0.689071386527642 0.3965448925717548 0.01953125 0.026041666666666668
0 0.6814442614053328 0.39928283492335304 0.01953125 0.026041666666666668
0 0.6861378768652153 0.4031941811399218 0.01953125 0.026041666666666668
0 0.6638432034307731 0.39967396954500983 0.01953125 0.026041666666666668
0 0.6612030447345891 0.41023460432974573 0.01953125 0.026041666666666668
0 0.6532825686460373 0.4031941811399218 0.01953125 0.026041666666666668
0 0.652695866713552 0.3836374500570778 0.01953125 0.026041666666666668
0 0.6576828331396771 0.37972610384050887 0.01953125 0.026041666666666668
0 0.654455972511008 0.37464135375896945 0.01953125 0.026041666666666668
0 0.6638432034307731 0.3715122767857144 0.01953125 0.026041666666666668
0 0.6758705930467221 0.36994773829908684 0.01953125 0.026041666666666668
0 0.689071386527642 0.37464135375896945 0.01953125 0.026041666666666668
0 0.6814442614053328 0.3625161804876061 0.01953125 0.026041666666666668
0 0.6735237853167809 0.3652541228392043 0.01953125 0.026041666666666668
0 0.6480022512536694 0.3715122767857144 0.01953125 0.026041666666666668
0 0.6884846845951567 0.36212504586594924 0.01953125 0.026041666666666668
0 0.6934716510212819 0.37698816148891073 0.01953125 0.026041666666666668
0 0.6949384058524952 0.3676009305691455 0.01953125 0.026041666666666668
0 0.7307272237340999 0.36994773829908684 0.01953125 0.026041666666666668
0 0.7327806804977985 0.3773792961105676 0.01953125 0.026041666666666668
0 0.7272070121391879 0.37894383459719516 0.01953125 0.026041666666666668
0 0.7272070121391879 0.3867665270303328 0.01953125 0.026041666666666668
0 0.7283804160041586 0.402803046518265 0.01953125 0.026041666666666668
0 0.7330740314640412 0.4211863737361384 0.01953125 0.026041666666666668
0 0.6359748616377202 0.40202077727495117 0.01953125 0.026041666666666668
0 0.7468542408803205 0.45560622044194404 0.01953125 0.026041666666666668
0 0.8055244341288528 0.4207952391144816 0.01953125 0.026041666666666668
0 0.8043510302638821 0.4153193544112852 0.01953125 0.026041666666666668
0 0.8169651218123166 0.43370268162915865 0.01953125 0.026041666666666668
0 0.8234188430696552 0.4470012587654926 0.01953125 0.026041666666666668
0 0.8146183140823753 0.45247714346868895 0.01953125 0.026041666666666668
0 0.8081645928250367 0.4720338745515331 0.01953125 0.026041666666666668
0 0.8357395836518469 0.45130373960371833 0.01953125 0.026041666666666668
0 0.8316326701244496 0.43331154700750174 0.01953125 0.026041666666666668
0 0.8210720353397138 0.42157750835779534 0.01953125 0.026041666666666668
0 0.8266457036983244 0.419230700627854 0.01953125 0.026041666666666668
0 0.8363262855843323 0.4133636813030008 0.01953125 0.026041666666666668
0 0.8289925114282657 0.4106257389514026 0.01953125 0.026041666666666668
0 0.8351528817193616 0.4043675850048925 0.01953125 0.026041666666666668
0 0.8301659152932364 0.4012385080316374 0.01953125 0.026041666666666668
0 0.8336861268881484 0.39537148870678424 0.01953125 0.026041666666666668
0 0.831339319158207 0.3824640461921071 0.01953125 0.026041666666666668
0 0.8225387901709271 0.3969360271934117 0.01953125 0.026041666666666668
0 0.8172584727785592 0.4024119118966081 0.01953125 0.026041666666666668
0 0.80963134765625 0.40788779659980445 0.01953125 0.026041666666666668
0 0.8119781553861913 0.3957626233284411 0.01953125 0.026041666666666668
0 0.8075778908925515 0.3914601424902154 0.01953125 0.026041666666666668
0 0.8216587372721992 0.38441971930039154 0.01953125 0.026041666666666668
0 0.8116848044199487 0.36799206519080246 0.01953125 0.026041666666666668
0 0.8377930404155456 0.37933496921885207 0.01953125 0.026041666666666668
0 0.7902701838842344 0.37385908451565575 0.01953125 0.026041666666666668
0 0.788803429053021 0.3965448925717549 0.01953125 0.026041666666666668
0 0.774135880740888 0.4176661621412265 0.01953125 0.026041666666666668
0 0.7738425297746454 0.42900906616927603 0.01953125 0.026041666666666668
0 0.7864566213230798 0.44582785490052196 0.01953125 0.026041666666666668
0 0.8372063384830603 0.3617339112442924 0.01953125 0.026041666666666668
0 0.819311929542258 0.36799206519080246 0.01953125 0.026041666666666668
0 0.7485410089362159 0.3940025175309851 0.01953125 0.026041666666666668
0 0.7447274463750613 0.38129064232713644 0.01953125 0.026041666666666668
0 0.7520612205311278 0.37033887292074374 0.01953125 0.026041666666666668
0 0.7554347566429184 0.3617339112442923 0.01953125 0.026041666666666668
0 0.5682841261772261 0.40260747920743656 0.01953125 0.026041666666666668
0 0.5615370539536448 0.4037808830724072 0.01953125 0.026041666666666668
0 0.5782580590294766 0.4061276908023485 0.01953125 0.026041666666666668
0 0.5946857131390656 0.40651882542400547 0.01953125 0.026041666666666668
0 0.5907254750947897 0.3981094310583824 0.01953125 0.026041666666666668
0 0.5855918331855432 0.3914601424902155 0.01953125 0.026041666666666668
0 0.5836850519049659 0.38363745005707783 0.01953125 0.026041666666666668
0 0.576644628715142 0.3867665270303329 0.01953125 0.026041666666666668
0 0.5712176358396527 0.38344188274624935 0.01953125 0.026041666666666668
0 0.5643238881329502 0.37913940190802364 0.01953125 0.026041666666666668
0 0.5458427772596625 0.38774436358447506 0.01953125 0.026041666666666668
0 0.5264816134876469 0.3832463154354209 0.01953125 0.026041666666666668
0 0.5666706958628914 0.3719034114073714 0.01953125 0.026041666666666668
0 0.559776948156189 0.37151227678571447 0.01953125 0.026041666666666668
0 0.5962991434534003 0.3687743344341163 0.01953125 0.026041666666666668
0 0.5873519389829991 0.36955660367743004 0.01953125 0.026041666666666668
0 0.5955657660377937 0.351368843770385 0.01953125 0.026041666666666668
0 0.5364555463398973 0.36818763250163095 0.01953125 0.026041666666666668
0 0.5461361282259052 0.3654496901500328 0.01953125 0.026041666666666668
0 0.5789180987035225 0.3719034114073712 0.01953125 0.026041666666666668
0 0.5765712909735812 0.36095164200097857 0.01953125 0.026041666666666668
0 0.6387616958170254 0.36095164200097857 0.01953125 0.026041666666666668
0 0.8548894952703546 0.4164094369172493 0.01953125 0.026041666666666668
0 0.8439004842813437 0.3937654142732267 0.01953125 0.026041666666666668
0 0.8558884962693557 0.38976941027722267 0.01953125 0.026041666666666668
0 0.8648795052603647 0.4017574222652347 0.01953125 0.026041666666666668
0 0.8708735112543705 0.4204054409132533 0.01953125 0.026041666666666668
0 0.8856087759896354 0.39642941693722933 0.01953125 0.026041666666666668
0 0.8781162684971278 0.3957634162712287 0.01953125 0.026041666666666668
0 0.8681262585071179 0.39043541094322337 0.01953125 0.026041666666666668
0 0.8606337510146104 0.37644939695720936 0.01953125 0.026041666666666668
0 0.8481462385270979 0.37245339296120533 0.01953125 0.026041666666666668
0 0.8286657190465785 0.3604653809731933 0.01953125 0.026041666666666668
0 0.8516427420236015 0.3637953843031967 0.01953125 0.026041666666666668
0 0.8411532315340908 0.36246338297119535 0.01953125 0.026041666666666668
0 0.8616327520136113 0.36446138496919733 0.01953125 0.026041666666666668
0 0.8691252595061189 0.37644939695720936 0.01953125 0.026041666666666668
0 0.8816127719936313 0.37844739895521134 0.01953125 0.026041666666666668
0 0.8731212635021228 0.37045539096320335 0.01953125 0.026041666666666668
0 0.8906037809846403 0.3731193936272061 0.01953125 0.026041666666666668
0 0.8916027819836414 0.3864394069472194 0.01953125 0.026041666666666668
0 0.8955987859796453 0.40042542093323336 0.01953125 0.026041666666666668
0 0.8995947899756493 0.4104154309232433 0.01953125 0.026041666666666668
0 0.8990952894761488 0.423069443577256 0.01953125 0.026041666666666668
0 0.9110833014641608 0.4164094369172493 0.01953125 0.026041666666666668
0 0.9085857989666584 0.40508742559523797 0.01953125 0.026041666666666668
0 0.9060882964691559 0.38710540761322004 0.01953125 0.026041666666666668
0 0.9000942904751499 0.37245339296120533 0.01953125 0.026041666666666668
0 0.9105838009646603 0.37578339629120866 0.01953125 0.026041666666666668
0 0.9190753094561688 0.37511739562520807 0.01953125 0.026041666666666668
0 0.9235708139516734 0.4017574222652347 0.01953125 0.026041666666666668
0 0.9210733114541709 0.41907343958125204 0.01953125 0.026041666666666668
0 0.9280663184471778 0.415077435585248 0.01953125 0.026041666666666668
0 0.9105838009646603 0.4403854608932733 0.01953125 0.026041666666666668
0 0.8606337510146104 0.4430494635572759 0.01953125 0.026041666666666668
0 0.9385558289366882 0.4257334462412586 0.01953125 0.026041666666666668
0 0.9515428419237013 0.40641942692723926 0.01953125 0.026041666666666668
0 0.9385558289366882 0.3924334129412253 0.01953125 0.026041666666666668
0 0.9410533314341909 0.379113399621212 0.01953125 0.026041666666666668
0 0.9315628219436813 0.3817774022852147 0.01953125 0.026041666666666668
0 0.9485458389266983 0.37511739562520807 0.01953125 0.026041666666666668
0 0.9540403444212038 0.3637953843031967 0.01953125 0.026041666666666668
0 0.9535408439217032 0.38244340295121537 0.01953125 0.026041666666666668
0 0.9595348499157093 0.38976941027722267 0.01953125 0.026041666666666668
0 0.9705238609047202 0.3997594202672327 0.01953125 0.026041666666666668
0 0.9610333514142109 0.4217374422452546 0.01953125 0.026041666666666668
0 0.9715228619037213 0.4430494635572759 0.01953125 0.026041666666666668
0 0.9585358489167082 0.43838745889527125 0.01953125 0.026041666666666668
0 0.9820123723932317 0.43705545756326997 0.01953125 0.026041666666666668
0 0.9780163683972278 0.41973944024725257 0.01953125 0.026041666666666668
0 0.9685258589067183 0.4104154309232433 0.01953125 0.026041666666666668
0 0.9835108738917333 0.40641942692723926 0.01953125 0.026041666666666668
0 0.9959983863792456 0.4237354442432566 0.01953125 0.026041666666666668
0 0.9915028818837412 0.4057534262612387 0.01953125 0.026041666666666668
0 0.9915028818837412 0.39776141826923067 0.01953125 0.026041666666666668
0 0.9855088758897352 0.3937654142732267 0.01953125 0.026041666666666668
0 0.9700243604052197 0.37511739562520807 0.01953125 0.026041666666666668
0 0.9660283564092158 0.36912338963120206 0.01953125 0.026041666666666668
0 0.9620323524132117 0.37778139828921065 0.01953125 0.026041666666666668
0 0.9710233614042207 0.38444140494921736 0.01953125 0.026041666666666668
0 0.9790153693962287 0.37578339629120866 0.01953125 0.026041666666666668
0 0.9930013833822426 0.37511739562520807 0.01953125 0.026041666666666668
0 0.9865078768887363 0.3817774022852147 0.01953125 0.026041666666666668
0 0.9800143703952298 0.385107405615218 0.01953125 0.026041666666666668
