0 0.2755 0.9086913580246913 0.02 0.02666666666666667
0 0.2671666666666666 0.986469135802469 0.02 0.02666666666666667
0 0.16161111111111104 0.9543703703703701 0.02 0.02666666666666667
0 0.0949444444444444 0.951901234567901 0.02 0.02666666666666667
0 0.1162407407407407 0.8630123456790122 0.02 0.02666666666666667
0 0.10975925925925918 0.8037530864197531 0.02 0.02666666666666667
0 0.025499999999999943 0.8395555555555554 0.02 0.02666666666666667
0 0.05975925925925918 0.7395555555555553 0.02 0.02666666666666667
0 0.16346296296296287 0.7370864197530864 0.02 0.02666666666666667
0 0.11253703703703695 0.6988148148148148 0.02 0.02666666666666667
0 0.20883333333333326 0.6802962962962962 0.02 0.02666666666666667
0 0.2847592592592592 0.6988148148148148 0.02 0.02666666666666667
0 0.3551296296296296 0.7531358024691357 0.02 0.02666666666666667
0 0.3542037037037036 0.8741234567901234 0.02 0.02666666666666667
0 0.399574074074074 0.9000493827160493 0.02 0.02666666666666667
0 0.4106851851851851 0.8383209876543208 0.02 0.02666666666666667
0 0.45975925925925915 0.969185185185185 0.02 0.02666666666666667
0 0.5366111111111109 0.8272098765432097 0.02 0.02666666666666667
0 0.5930925925925925 0.9383209876543208 0.02 0.02666666666666667
0 0.6264259259259257 0.8716543209876542 0.02 0.02666666666666667
0 0.5995740740740739 0.7691851851851851 0.02 0.02666666666666667
0 0.6708703703703702 0.7580740740740739 0.02 0.02666666666666667
0 0.6264259259259257 0.7198024691358023 0.02 0.02666666666666667
0 0.6421666666666666 0.6704197530864197 0.02 0.02666666666666667
0 0.5292037037037036 0.7457283950617283 0.02 0.02666666666666667
0 0.46994444444444433 0.7296790123456788 0.02 0.02666666666666667
0 0.4282777777777777 0.7531358024691357 0.02 0.02666666666666667
0 0.4106851851851851 0.7679506172839504 0.02 0.02666666666666667
0 0.3792037037037036 0.7136296296296296 0.02 0.02666666666666667
0 0.34957407407407404 0.6481975308641974 0.02 0.02666666666666667
0 0.31624074074074066 0.6321481481481481 0.02 0.02666666666666667
0 0.26346296296296295 0.6309135802469134 0.02 0.02666666666666667
0 0.28012962962962956 0.6111604938271603 0.02 0.02666666666666667
0 0.2699444444444443 0.577827160493827 0.02 0.02666666666666667
0 0.27920370370370357 0.558074074074074 0.02 0.02666666666666667
0 0.24401851851851847 0.5481975308641974 0.02 0.02666666666666667
0 0.2560555555555554 0.5185679012345679 0.02 0.02666666666666667
0 0.20512962962962955 0.59758024691358 0.02 0.02666666666666667
0 0.13105555555555548 0.6111604938271603 0.02 0.02666666666666667
0 0.14864814814814808 0.558074074074074 0.02 0.02666666666666667
0 0.15512962962962956 0.5383209876543209 0.02 0.02666666666666667
0 0.1282777777777777 0.5284444444444444 0.02 0.02666666666666667
0 0.10049999999999994 0.5568395061728395 0.02 0.02666666666666667
0 0.00698148148148141 0.5926419753086419 0.02 0.02666666666666667
0 0.07920370370370364 0.7185679012345678 0.02 0.02666666666666667
0 0.03198148148148141 0.5556049382716047 0.02 0.02666666666666667
0 0.01716666666666663 0.521037037037037 0.02 0.02666666666666667
0 0.01253703703703701 0.4988148148148147 0.02 0.02666666666666667
0 0.05512962962962956 0.5556049382716047 0.02 0.02666666666666667
0 0.05975925925925918 0.49017283950617274 0.02 0.02666666666666667
0 0.015314814814814781 0.4691851851851851 0.02 0.02666666666666667
0 0.07827777777777771 0.46424691358024683 0.02 0.02666666666666667
0 0.05698148148148141 0.4481975308641974 0.02 0.02666666666666667
0 0.029203703703703638 0.4333827160493826 0.02 0.02666666666666667
0 0.056055555555555484 0.41856790123456783 0.02 0.02666666666666667
0 0.00790740740740739 0.40375308641975305 0.02 0.02666666666666667
0 0.025499999999999943 0.40375308641975305 0.02 0.02666666666666667
0 0.1412407407407407 0.5000493827160493 0.02 0.02666666666666667
0 0.16161111111111104 0.5012839506172839 0.02 0.02666666666666667
0 0.19216666666666662 0.5296790123456789 0.02 0.02666666666666667
0 0.4079074074074073 0.47288888888888875 0.02 0.02666666666666667
0 0.22827777777777772 0.4691851851851851 0.02 0.02666666666666667
0 0.19679629629629625 0.47041975308641965 0.02 0.02666666666666667
0 0.19401851851851848 0.4481975308641974 0.02 0.02666666666666667
0 0.17642592592592587 0.44325925925925913 0.02 0.02666666666666667
0 0.10605555555555549 0.43091358024691345 0.02 0.02666666666666667
0 0.08661111111111103 0.395111111111111 0.02 0.02666666666666667
0 0.0699444444444444 0.3963456790123456 0.02 0.02666666666666667
0 0.06253703703703702 0.38029629629629624 0.02 0.02666666666666667
0 0.04031481481481478 0.3852345679012345 0.02 0.02666666666666667
0 0.031055555555555486 0.3309135802469135 0.02 0.02666666666666667
0 0.04864814814814809 0.3395555555555555 0.02 0.02666666666666667
0 0.008833333333333315 0.31609876543209875 0.02 0.02666666666666667
0 0.009759259259259238 0.295111111111111 0.02 0.02666666666666667
0 0.03753703703703701 0.2593086419753085 0.02 0.02666666666666667
0 0.039388888888888855 0.20622222222222217 0.02 0.02666666666666667
0 0.05698148148148141 0.26177777777777766 0.02 0.02666666666666667
0 0.04957407407407402 0.2580740740740739 0.02 0.02666666666666667
0 0.11716666666666663 0.2012839506172839 0.02 0.02666666666666667
0 0.12549999999999994 0.21362962962962956 0.02 0.02666666666666667
0 0.13753703703703696 0.24079012345679 0.02 0.02666666666666667
0 0.1199444444444444 0.2716543209876542 0.02 0.02666666666666667
0 0.10512962962962956 0.26548148148148143 0.02 0.02666666666666667
0 0.0736481481481481 0.2914074074074072 0.02 0.02666666666666667
0 0.09772222222222217 0.2975802469135802 0.02 0.02666666666666667
0 0.10975925925925918 0.2877037037037037 0.02 0.02666666666666667
0 0.1282777777777777 0.2914074074074072 0.02 0.02666666666666667
0 0.09772222222222217 0.30992592592592577 0.02 0.02666666666666667
0 0.12549999999999994 0.3333827160493826 0.02 0.02666666666666667
0 0.15049999999999994 0.29017283950617273 0.02 0.02666666666666667
0 0.18753703703703695 0.27782716049382716 0.02 0.02666666666666667
0 0.1856851851851851 0.2321481481481481 0.02 0.02666666666666667
0 0.19679629629629625 0.2259753086419752 0.02 0.02666666666666667
0 0.20883333333333326 0.2321481481481481 0.02 0.02666666666666667
0 0.2180925925925925 0.2568395061728394 0.02 0.02666666666666667
0 0.1708703703703703 0.29264197530864194 0.02 0.02666666666666667
0 0.1643888888888888 0.31486419753086403 0.02 0.02666666666666667
0 0.16531481481481472 0.349432098765432 0.02 0.02666666666666667
0 0.13012962962962957 0.3704197530864197 0.02 0.02666666666666667
0 0.10142592592592586 0.36301234567901225 0.02 0.02666666666666667
0 0.11253703703703695 0.3765925925925925 0.02 0.02666666666666667
0 0.13012962962962957 0.4025185185185184 0.02 0.02666666666666667
0 0.1606851851851851 0.38029629629629624 0.02 0.02666666666666667
0 0.1782777777777777 0.3704197530864197 0.02 0.02666666666666667
0 0.20049999999999996 0.358074074074074 0.02 0.02666666666666667
0 0.20142592592592587 0.3284444444444443 0.02 0.02666666666666667
0 0.23753703703703696 0.312395061728395 0.02 0.02666666666666667
0 0.23753703703703696 0.2938765432098765 0.02 0.02666666666666667
0 0.2504999999999999 0.26177777777777766 0.02 0.02666666666666667
0 0.2930925925925925 0.2667160493827159 0.02 0.02666666666666667
0 0.31994444444444436 0.2580740740740739 0.02 0.02666666666666667
0 0.40142592592592585 0.2802962962962962 0.02 0.02666666666666667
0 0.4819814814814814 0.2914074074074072 0.02 0.02666666666666667
0 0.3764259259259259 0.2877037037037037 0.02 0.02666666666666667
0 0.3393888888888888 0.30004938271604925 0.02 0.02666666666666667
0 0.3217962962962962 0.3086913580246913 0.02 0.02666666666666667
0 0.26624074074074067 0.3074567901234567 0.02 0.02666666666666667
0 0.26346296296296295 0.3284444444444443 0.02 0.02666666666666667
0 0.2329074074074074 0.35683950617283944 0.02 0.02666666666666667
0 0.21346296296296294 0.36548148148148135 0.02 0.02666666666666667
0 0.2643888888888888 0.3519012345679012 0.02 0.02666666666666667
0 0.2690185185185185 0.38276543209876535 0.02 0.02666666666666667
0 0.2542037037037036 0.38646913580246905 0.02 0.02666666666666667
0 0.2403148148148148 0.3877037037037036 0.02 0.02666666666666667
0 0.26624074074074067 0.4111604938271604 0.02 0.02666666666666667
0 0.1810555555555555 0.4025185185185184 0.02 0.02666666666666667
0 0.29216666666666663 0.4481975308641974 0.02 0.02666666666666667
0 0.3356851851851851 0.4370864197530863 0.02 0.02666666666666667
0 0.30235185185185176 0.39264197530864187 0.02 0.02666666666666667
0 0.3208703703703703 0.375358024691358 0.02 0.02666666666666667
0 0.3097592592592591 0.375358024691358 0.02 0.02666666666666667
0 0.31161111111111106 0.34079012345679 0.02 0.02666666666666667
0 0.29124074074074063 0.32967901234567887 0.02 0.02666666666666667
0 0.323648148148148 0.349432098765432 0.02 0.02666666666666667
0 0.34772222222222215 0.33585185185185173 0.02 0.02666666666666667
0 0.34772222222222215 0.375358024691358 0.02 0.02666666666666667
0 0.36716666666666664 0.40375308641975305 0.02 0.02666666666666667
0 0.36809259259259247 0.35930864197530854 0.02 0.02666666666666667
0 0.36994444444444435 0.321037037037037 0.02 0.02666666666666667
0 0.38753703703703696 0.32720987654320977 0.02 0.02666666666666667
0 0.3903148148148148 0.3852345679012345 0.02 0.02666666666666667
0 0.411611111111111 0.35066666666666657 0.02 0.02666666666666667
0 0.40883333333333327 0.32597530864197527 0.02 0.02666666666666667
0 0.40142592592592585 0.3543703703703703 0.02 0.02666666666666667
0 0.4310555555555554 0.375358024691358 0.02 0.02666666666666667
0 0.43753703703703695 0.35066666666666657 0.02 0.02666666666666667
0 0.45142592592592584 0.32720987654320977 0.02 0.02666666666666667
0 0.4671666666666665 0.34572839506172826 0.02 0.02666666666666667
0 0.4829074074074073 0.3395555555555555 0.02 0.02666666666666667
0 0.49031481481481465 0.3617777777777777 0.02 0.02666666666666667
0 0.4810555555555554 0.38399999999999984 0.02 0.02666666666666667
0 0.47642592592592586 0.41362962962962957 0.02 0.02666666666666667
0 0.45790740740740726 0.358074074074074 0.02 0.02666666666666667
0 0.43753703703703695 0.41856790123456783 0.02 0.02666666666666667
0 0.42087037037037034 0.44202469135802464 0.02 0.02666666666666667
0 0.39864814814814803 0.4593086419753086 0.02 0.02666666666666667
0 0.5310555555555554 0.35930864197530854 0.02 0.02666666666666667
0 0.5912407407407406 0.3790617283950616 0.02 0.02666666666666667
0 0.5699444444444444 0.395111111111111 0.02 0.02666666666666667
0 0.597722222222222 0.43461728395061716 0.02 0.02666666666666667
0 0.612537037037037 0.4086913580246913 0.02 0.02666666666666667
0 0.6060555555555555 0.38646913580246905 0.02 0.02666666666666667
0 0.6060555555555555 0.3716543209876542 0.02 0.02666666666666667
0 0.6292037037037036 0.3790617283950616 0.02 0.02666666666666667
0 0.6671666666666665 0.3741234567901233 0.02 0.02666666666666667
0 0.6430925925925925 0.4025185185185184 0.02 0.02666666666666667
0 0.7393888888888887 0.3679506172839505 0.02 0.02666666666666667
0 0.7180925925925924 0.36918518518518506 0.02 0.02666666666666667
0 0.6921666666666665 0.39264197530864187 0.02 0.02666666666666667
0 0.6606851851851852 0.4111604938271604 0.02 0.02666666666666667
0 0.6606851851851852 0.43461728395061716 0.02 0.02666666666666667
0 0.6847592592592592 0.42474074074074064 0.02 0.02666666666666667
0 0.7171666666666665 0.4259753086419752 0.02 0.02666666666666667
0 0.7069814814814814 0.4198024691358023 0.02 0.02666666666666667
0 0.7338333333333332 0.40745679012345665 0.02 0.02666666666666667
0 0.760685185185185 0.38893827160493816 0.02 0.02666666666666667
0 0.8097592592592592 0.4333827160493826 0.02 0.02666666666666667
0 0.7884629629629628 0.43214814814814806 0.02 0.02666666666666667
0 0.7727222222222222 0.4543703703703703 0.02 0.02666666666666667
0 0.7486481481481481 0.44202469135802464 0.02 0.02666666666666667
0 0.7347592592592591 0.4778271604938271 0.02 0.02666666666666667
0 0.6930925925925925 0.5000493827160493 0.02 0.02666666666666667
0 0.5967962962962962 0.5074567901234567 0.02 0.02666666666666667
0 0.6190185185185184 0.5506666666666665 0.02 0.02666666666666667
0 0.7171666666666665 0.5741234567901233 0.02 0.02666666666666667
0 0.687537037037037 0.6086913580246911 0.02 0.02666666666666667
0 0.737537037037037 0.5716543209876542 0.02 0.02666666666666667
0 0.7708703703703702 0.5160987654320986 0.02 0.02666666666666667
0 0.7847592592592592 0.49017283950617274 0.02 0.02666666666666667
0 0.8069814814814813 0.4716543209876542 0.02 0.02666666666666667
0 0.8162407407407406 0.5037530864197529 0.02 0.02666666666666667
0 0.8440185185185185 0.47659259259259246 0.02 0.02666666666666667
0 0.8875370370370369 0.4605432098765431 0.02 0.02666666666666667
0 0.8949444444444443 0.42844444444444435 0.02 0.02666666666666667
0 0.8680925925925924 0.49387654320987645 0.02 0.02666666666666667
0 0.8912407407407407 0.5148641975308641 0.02 0.02666666666666667
0 0.8949444444444443 0.5593086419753085 0.02 0.02666666666666667
0 0.8754999999999997 0.5852345679012343 0.02 0.02666666666666667
0 0.8986481481481481 0.5864691358024691 0.02 0.02666666666666667
0 0.9347592592592592 0.5827654320987653 0.02 0.02666666666666667
0 0.885685185185185 0.6358518518518518 0.02 0.02666666666666667
0 0.937537037037037 0.6765925925925924 0.02 0.02666666666666667
0 0.9347592592592592 0.7963456790123455 0.02 0.02666666666666667
0 0.8477222222222222 0.6556049382716048 0.02 0.02666666666666667
0 0.8245740740740739 0.7346172839506171 0.02 0.02666666666666667
0 0.8292037037037034 0.8012839506172837 0.02 0.02666666666666667
0 0.8292037037037034 0.6272098765432098 0.02 0.02666666666666667
0 0.8023518518518518 0.6012839506172838 0.02 0.02666666666666667
0 0.7884629629629628 0.5543703703703703 0.02 0.02666666666666667
0 0.7680925925925923 0.6173333333333331 0.02 0.02666666666666667
0 0.7792037037037035 0.6765925925925924 0.02 0.02666666666666667
0 0.7903148148148148 0.725975308641975 0.02 0.02666666666666667
0 0.7810555555555554 0.7877037037037035 0.02 0.02666666666666667
0 0.7143888888888889 0.7222716049382715 0.02 0.02666666666666667
0 0.6884629629629628 0.7012839506172838 0.02 0.02666666666666667
0 0.562537037037037 0.7704197530864197 0.02 0.02666666666666667
0 0.7562442557442557 0.3434905094905096 0.02 0.02666666666666667
0 0.7692312687312688 0.33816250416250426 0.02 0.02666666666666667
0 0.7702302697302696 0.3488185148185149 0.02 0.02666666666666667
0 0.7442562437562438 0.3288384948384949 0.02 0.02666666666666667
0 0.7592412587412588 0.3261744921744923 0.02 0.02666666666666667
0 0.7632372627372628 0.3115224775224776 0.02 0.02666666666666667
0 0.7822182817182817 0.3261744921744923 0.02 0.02666666666666667
0 0.7832172827172827 0.33949450549450555 0.02 0.02666666666666667
0 0.8101903096903096 0.33150249750249755 0.02 0.02666666666666667
0 0.8221783216783216 0.35281451881451886 0.02 0.02666666666666667
0 0.8421583416583416 0.3461545121545122 0.02 0.02666666666666667
0 0.8621383616383616 0.3687985347985349 0.02 0.02666666666666667
0 0.8821183816183817 0.36347052947052955 0.02 0.02666666666666667
0 0.8971033966033967 0.35281451881451886 0.02 0.02666666666666667
0 0.9240764235764235 0.3594745254745255 0.02 0.02666666666666667
0 0.9380624375624376 0.3594745254745255 0.02 0.02666666666666667
0 0.9640364635364634 0.3674665334665335 0.02 0.02666666666666667
0 0.9800204795204794 0.37412654012654023 0.02 0.02666666666666667
0 0.9590414585414586 0.3981025641025642 0.02 0.02666666666666667
0 0.9630374625374626 0.5392947052947054 0.02 0.02666666666666667
0 0.9540464535464536 0.8403270063270064 0.02 0.02666666666666667
0 0.9750254745254746 0.970863136863137 0.02 0.02666666666666667
0 0.4285719280719281 0.27023043623043635 0.02 0.02666666666666667
