0 0.24263639984070084 0.9006052099369132 0.03225806451612903 0.0488997555012225
0 0.3224492234169653 0.9141854568504936 0.03225806451612903 0.0488997555012225
0 0.1856272401433691 0.9660373087023454 0.03225806451612903 0.0488997555012225
0 0.23204898446833927 0.9882595309245676 0.03225806451612903 0.0488997555012225
0 0.09522700119474309 0.9401113827764195 0.03225806451612903 0.0488997555012225
0 0.11314416567104735 0.9894940988258022 0.03225806451612903 0.0488997555012225
0 0.16363799283154115 0.9092471852455554 0.03225806451612903 0.0488997555012225
0 0.08382516925527675 0.7993706420356788 0.03225806451612903 0.0488997555012225
0 0.03658900836320188 0.9080126173443208 0.03225806451612903 0.0488997555012225
0 0.022743926722421294 0.8277657037640738 0.03225806451612903 0.0488997555012225
0 0.01704301075268812 0.7746792840109874 0.03225806451612903 0.0488997555012225
0 0.006455595380326521 0.9327039753690121 0.03225806451612903 0.0488997555012225
0 0.14409199522102742 0.8623336049986418 0.03225806451612903 0.0488997555012225
0 0.05450617283950609 0.8092471852455553 0.03225806451612903 0.0488997555012225
0 0.28172839506172836 0.9006052099369133 0.03225806451612903 0.0488997555012225
0 0.3916746316208681 0.949987925986296 0.03225806451612903 0.0488997555012225
0 0.5016208681800081 0.9512224938875306 0.03225806451612903 0.0488997555012225
0 0.526867781760255 0.9894940988258022 0.03225806451612903 0.0488997555012225
0 0.6245977698128237 0.9598644691961726 0.03225806451612903 0.0488997555012225
0 0.7304719235364397 0.9536916296899998 0.03225806451612903 0.0488997555012225
0 0.801326164874552 0.9314694074677775 0.03225806451612903 0.0488997555012225
0 0.8713659896455597 0.9462842222825922 0.03225806451612903 0.0488997555012225
0 0.8811389884508164 0.8524570617887652 0.03225806451612903 0.0488997555012225
0 0.9414058144165672 0.7265311358628392 0.03225806451612903 0.0488997555012225
0 0.8347172441258464 0.8327039753690121 0.03225806451612903 0.0488997555012225
0 0.9234886499402628 0.8228274321591355 0.03225806451612903 0.0488997555012225
0 0.876252489048188 0.8030743457393824 0.03225806451612903 0.0488997555012225
0 0.8436758263639985 0.7808521235171603 0.03225806451612903 0.0488997555012225
0 0.876252489048188 0.7623336049986418 0.03225806451612903 0.0488997555012225
0 0.8998705694942254 0.7722101482085182 0.03225806451612903 0.0488997555012225
0 0.7711927518916767 0.8252965679616047 0.03225806451612903 0.0488997555012225
0 0.6750915969733174 0.8080126173443207 0.03225806451612903 0.0488997555012225
0 0.6351851851851854 0.812950888949259 0.03225806451612903 0.0488997555012225
0 0.6425149342891279 0.8697410124060492 0.03225806451612903 0.0488997555012225
0 0.5529291119076065 0.878382987714691 0.03225806451612903 0.0488997555012225
0 0.5309398645957786 0.8030743457393824 0.03225806451612903 0.0488997555012225
0 0.45194145758661886 0.8277657037640738 0.03225806451612903 0.0488997555012225
0 0.39981879729191555 0.8573953333937034 0.03225806451612903 0.0488997555012225
0 0.498363201911589 0.8228274321591355 0.03225806451612903 0.0488997555012225
0 0.4877757865392273 0.7771484198134565 0.03225806451612903 0.0488997555012225
0 0.40633412982875344 0.7894940988258022 0.03225806451612903 0.0488997555012225
0 0.31756272401433694 0.8561607654924688 0.03225806451612903 0.0488997555012225
0 0.2678833134209478 0.7882595309245676 0.03225806451612903 0.0488997555012225
0 0.30208880923934683 0.7734447161097529 0.03225806451612903 0.0488997555012225
0 0.176668657905217 0.6462842222825923 0.03225806451612903 0.0488997555012225
0 0.07160892074870566 0.7302348395665429 0.03225806451612903 0.0488997555012225
0 0.06835125448028667 0.6635681728998762 0.03225806451612903 0.0488997555012225
0 0.013785344484269138 0.6660373087023455 0.03225806451612903 0.0488997555012225
0 0.13024691358024687 0.787024963023333 0.03225806451612903 0.0488997555012225
0 0.12210274790919946 0.6623336049986417 0.03225806451612903 0.0488997555012225
0 0.13920549581839897 0.601839777838148 0.03225806451612903 0.0488997555012225
0 0.21168857029072083 0.6252965679616047 0.03225806451612903 0.0488997555012225
0 0.33222222222222214 0.5981360741344443 0.03225806451612903 0.0488997555012225
0 0.3688709677419354 0.6796175556159256 0.03225806451612903 0.0488997555012225
0 0.40551971326164876 0.6290002716653084 0.03225806451612903 0.0488997555012225
0 0.8029549980087615 0.7314694074677774 0.03225806451612903 0.0488997555012225
0 0.7630485862206292 0.6734447161097529 0.03225806451612903 0.0488997555012225
0 0.7866666666666667 0.5573953333937035 0.03225806451612903 0.0488997555012225
0 0.5789904420549582 0.7475187901838268 0.03225806451612903 0.0488997555012225
0 0.6604320987654321 0.7178891605541973 0.03225806451612903 0.0488997555012225
0 0.5317542811628834 0.7055434815418516 0.03225806451612903 0.0488997555012225
0 0.3843448825169255 0.7166545926529627 0.03225806451612903 0.0488997555012225
0 0.41203504579848665 0.7401113827764195 0.03225806451612903 0.0488997555012225
0 0.4511270410195141 0.6512224938875306 0.03225806451612903 0.0488997555012225
0 0.45357029072082833 0.6092471852455552 0.03225806451612903 0.0488997555012225
0 0.4999920350457985 0.5944323704307405 0.03225806451612903 0.0488997555012225
0 0.5684030266825966 0.5648027408011107 0.03225806451612903 0.0488997555012225
0 0.47067303863002785 0.3709755803072837 0.03225806451612903 0.0488997555012225
0 0.45682795698924733 0.5203582963566664 0.03225806451612903 0.0488997555012225
0 0.20028673835125446 0.4030743457393824 0.03225806451612903 0.0488997555012225
0 0.22553365193150132 0.26356817289987633 0.03225806451612903 0.0488997555012225
0 0.3965611310234966 0.20677804944308606 0.03225806451612903 0.0488997555012225
0 0.42262246117084823 0.26480274080111077 0.03225806451612903 0.0488997555012225
0 0.48126045400238954 0.2969015062332097 0.03225806451612903 0.0488997555012225
0 0.5871346077260056 0.3549261975912342 0.03225806451612903 0.0488997555012225
0 0.7939964157706094 0.36850644450481457 0.03225806451612903 0.0488997555012225
0 0.8110991636798088 0.6178891605541972 0.03225806451612903 0.0488997555012225
0 0.8518199920350458 0.5931978025295059 0.03225806451612903 0.0488997555012225
0 0.85426324173636 0.5252965679616047 0.03225806451612903 0.0488997555012225
0 0.8192433293508564 0.5425805185788887 0.03225806451612903 0.0488997555012225
0 0.3949322978892871 0.4771484198134565 0.03225806451612903 0.0488997555012225
0 0.37620071684587814 0.4610990370974071 0.03225806451612903 0.0488997555012225
0 0.3493249701314217 0.5339385432702467 0.03225806451612903 0.0488997555012225
0 0.3696853843090402 0.5524570617887652 0.03225806451612903 0.0488997555012225
0 0.28987256073277573 0.43393854327024667 0.03225806451612903 0.0488997555012225
0 0.22960573476702503 0.5092471852455551 0.03225806451612903 0.0488997555012225
0 0.08219633612106725 0.15862990129493795 0.03225806451612903 0.0488997555012225
0 0.16526682596575065 0.13517311117148112 0.03225806451612903 0.0488997555012225
0 0.6783492632417365 0.3499879259862959 0.03225806451612903 0.0488997555012225
0 0.9145300677021108 0.5882595309245676 0.03225806451612903 0.0488997555012225
0 0.6205256869772999 0.6771484198134564 0.03225806451612903 0.0488997555012225
0 0.5741039426523298 0.6302348395665429 0.03225806451612903 0.0488997555012225
0 0.7280286738351256 0.8141854568504936 0.03225806451612903 0.0488997555012225
0 0.11740930300941094 0.455707467961399 0.03225806451612903 0.0488997555012225
0 0.15234263620000313 0.5253853298136932 0.03225806451612903 0.0488997555012225
0 0.33672800966071875 0.27738736843950185 0.03225806451612903 0.0488997555012225
0 0.25636348453899627 0.12716833219896034 0.03225806451612903 0.0488997555012225
0 0.31678793951773493 0.16014324259322554 0.03225806451612903 0.0488997555012225
0 0.6730557489492277 0.10982607556986197 0.03225806451612903 0.0488997555012225
0 0.6967787060674042 0.16376825190214583 0.03225806451612903 0.0488997555012225
0 0.5870600293958382 0.209619101784587 0.03225806451612903 0.0488997555012225
0 0.5763846986926587 0.17815283225742154 0.03225806451612903 0.0488997555012225
0 0.5639301462056161 0.15657596172450794 0.03225806451612903 0.0488997555012225
0 0.6439951264794617 0.22400368213986274 0.03225806451612903 0.0488997555012225
0 0.5313110801681236 0.2258017546842722 0.03225806451612903 0.0488997555012225
0 0.45005995203836924 0.21231621060120123 0.03225806451612903 0.0488997555012225
0 0.3498304582140739 0.029811847343640983 0.03225806451612903 0.0488997555012225
0 0.41684781207292226 0.03520606497686942 0.03225806451612903 0.0488997555012225
0 0.10548399989685665 0.31300827308813106 0.03225806451612903 0.0488997555012225
0 0.10192555632913015 0.3471716514319108 0.03225806451612903 0.0488997555012225
0 0.13039310487094188 0.38223406604789534 0.03225806451612903 0.0488997555012225
0 0.4969127923467678 0.13320101864718495 0.03225806451612903 0.0488997555012225
0 0.3071291354013562 0.08744007239196411 0.03225806451612903 0.0488997555012225
0 0.2854819370310202 0.0851924817114523 0.03225806451612903 0.0488997555012225
0 0.1766528712513859 0.11036549733318474 0.03225806451612903 0.0488997555012225
0 0.36940189783656935 0.15351923839901183 0.03225806451612903 0.0488997555012225
0 0.3563542714215723 0.1777932177485395 0.03225806451612903 0.0488997555012225
0 0.37414648926020466 0.20521382405078378 0.03225806451612903 0.0488997555012225
0 0.44561189757871106 0.049680548959365446 0.03225806451612903 0.0488997555012225
0 0.4915751269951778 0.0555242847286962 0.03225806451612903 0.0488997555012225
0 0.010147365978185182 0.3581848457664187 0.03225806451612903 0.0488997555012225
0 0.09910845517134675 0.5150666752661441 0.03225806451612903 0.0488997555012225
0 0.12757600371315847 0.3078388145229538 0.03225806451612903 0.0488997555012225
0 0.23403277378097515 0.4548312450284272 0.03225806451612903 0.0488997555012225
0 0.2479700110879038 0.41752123973193095 0.03225806451612903 0.0488997555012225
0 0.25301113947551634 0.4584273901172462 0.03225806451612903 0.0488997555012225
0 0.08576429179237254 0.4719129342003171 0.03225806451612903 0.0488997555012225
0 0.029422268636703528 0.2429733474833824 0.03225806451612903 0.0488997555012225
0 0.05759328021453803 0.10587031597216107 0.03225806451612903 0.0488997555012225
0 0.08665390268430416 0.08923814493637358 0.03225806451612903 0.0488997555012225
0 0.10059113999123281 0.09373332629739724 0.03225806451612903 0.0488997555012225
0 0.2518249916196075 0.04473584946223943 0.03225806451612903 0.0488997555012225
0 0.2865198164049405 0.189480689287201 0.03225806451612903 0.0488997555012225
0 0.14803705422758562 0.19757201573704358 0.03225806451612903 0.0488997555012225
0 0.1616777545705371 0.0744040464449955 0.03225806451612903 0.0488997555012225
0 0.3241800108300456 0.019113315704404613 0.03225806451612903 0.0488997555012225
0 0.49439222815296147 0.1971224976009412 0.03225806451612903 0.0488997555012225
0 0.5350177922178386 0.13868513990763376 0.03225806451612903 0.0488997555012225
0 0.7067126943606404 0.0555242847286962 0.03225806451612903 0.0488997555012225
0 0.5697126170031716 0.09013718120857832 0.03225806451612903 0.0488997555012225
0 0.5041779479642092 0.04248825878172759 0.03225806451612903 0.0488997555012225
0 0.664752713957866 0.586315299838369 0.03225806451612903 0.0488997555012225
0 0.6902548928599056 0.5629403567610461 0.03225806451612903 0.0488997555012225
0 0.6309475000644645 0.636661331081834 0.03225806451612903 0.0488997555012225
0 0.3106875789690828 0.2563689879392331 0.03225806451612903 0.0488997555012225
0 0.7258393285371703 0.2878352574663986 0.03225806451612903 0.0488997555012225
0 0.6356920914880999 0.3795369572312811 0.03225806451612903 0.0488997555012225
0 0.13172752120883935 0.21928374171078788 0.03225806451612903 0.0488997555012225
0 0.4208863716928234 0.9797659553160776 0.03225806451612903 0.0488997555012225
0 0.5227844735909253 0.9207052116587569 0.03225806451612903 0.0488997555012225
0 0.7365706873771389 0.8904176508088488 0.03225806451612903 0.0488997555012225
0 0.7265806773871288 0.864673224086427 0.03225806451612903 0.0488997555012225
0 0.6506566014630532 0.9116189434037846 0.03225806451612903 0.0488997555012225
0 0.83746978827624 0.9297914799137292 0.03225806451612903 0.0488997555012225
0 0.9873199381263897 0.6678040785620248 0.03225806451612903 0.0488997555012225
0 0.9723349231413747 0.6360021396696212 0.03225806451612903 0.0488997555012225
0 0.9473598981663498 0.5814845301397868 0.03225806451612903 0.0488997555012225
0 0.8964108472172988 0.5178806523549799 0.03225806451612903 0.0488997555012225
0 0.9323748831813349 0.525452542567457 0.03225806451612903 0.0488997555012225
0 0.9663409171473688 0.4648774208676409 0.03225806451612903 0.0488997555012225
0 0.9833239341303858 0.5405963229924109 0.03225806451612903 0.0488997555012225
0 0.9943129451193967 0.49970811584503516 0.03225806451612903 0.0488997555012225
0 0.9353718861783378 0.4875930915050719 0.03225806451612903 0.0488997555012225
0 0.9103968612033129 0.46639179891013627 0.03225806451612903 0.0488997555012225
0 0.8894178402242918 0.4769924452076041 0.03225806451612903 0.0488997555012225
0 0.8684388192452709 0.4406473721877144 0.03225806451612903 0.0488997555012225
0 0.9193878701943218 0.408845433295311 0.03225806451612903 0.0488997555012225
0 0.9673399181463697 0.39218727482786153 0.03225806451612903 0.0488997555012225
0 0.8924148432212948 0.43610423806022824 0.03225806451612903 0.0488997555012225
0 0.9883189391253908 0.3740147383179166 0.03225806451612903 0.0488997555012225
0 0.5252094679514034 0.38840132972162306 0.03225806451612903 0.0488997555012225
0 0.5077269504688859 0.4096026223165587 0.03225806451612903 0.0488997555012225
0 0.5431914859334214 0.39824478699784316 0.03225806451612903 0.0488997555012225
0 0.5047299474718829 0.3596281469142104 0.03225806451612903 0.0488997555012225
0 0.6865481292900647 0.45881990869765926 0.03225806451612903 0.0488997555012225
0 0.6370975798395153 0.4595770977189069 0.03225806451612903 0.0488997555012225
0 0.6490855918275273 0.15291554411358804 0.03225806451612903 0.0488997555012225
0 0.6236110663530018 0.13777176368863395 0.03225806451612903 0.0488997555012225
0 0.6380965808385163 0.1286854954336615 0.03225806451612903 0.0488997555012225
0 0.6311035738455094 0.1059698247962305 0.03225806451612903 0.0488997555012225
0 0.6151195578614933 0.10294106871123969 0.03225806451612903 0.0488997555012225
0 0.599635042376978 0.14004333075237704 0.03225806451612903 0.0488997555012225
0 0.5811535238954594 0.10899858088122132 0.03225806451612903 0.0488997555012225
0 0.6021325448744803 0.08022539807380867 0.03225806451612903 0.0488997555012225
0 0.6296050723470079 0.04918064820265295 0.03225806451612903 0.0488997555012225
0 0.6555790983210338 0.10748420283872591 0.03225806451612903 0.0488997555012225
0 0.6096250523669878 0.17563121475101903 0.03225806451612903 0.0488997555012225
0 0.5566779994199349 0.13398581858239547 0.03225806451612903 0.0488997555012225
0 0.5481864909284264 0.11884203815744149 0.03225806451612903 0.0488997555012225
0 0.5556789984209339 0.11278452598745986 0.03225806451612903 0.0488997555012225
0 0.5356989784409139 0.09991231262624888 0.03225806451612903 0.0488997555012225
0 0.520713963455899 0.11505609305120293 0.03225806451612903 0.0488997555012225
0 0.520713963455899 0.08628291024379028 0.03225806451612903 0.0488997555012225
0 0.5366979794399149 0.07492507492507477 0.03225806451612903 0.0488997555012225
0 0.5222124649544005 0.05978129450012072 0.03225806451612903 0.0488997555012225
0 0.540693983435919 0.04993783722390068 0.03225806451612903 0.0488997555012225
0 0.5566779994199349 0.06053848352136846 0.03225806451612903 0.0488997555012225
0 0.5581765009184364 0.07038194079758857 0.03225806451612903 0.0488997555012225
0 0.5676670104089458 0.05599534939388224 0.03225806451612903 0.0488997555012225
0 0.5798644903483613 0.06648428864297622 0.03225806451612903 0.0488997555012225
0 0.580235087493152 0.03165359366558194 0.03225806451612903 0.0488997555012225
0 0.5831998646514776 0.011429319162578883 0.03225806451612903 0.0488997555012225
0 0.5635582159775708 0.014800031579746058 0.03225806451612903 0.0488997555012225
0 0.6058062904837098 0.015361816982607242 0.03225806451612903 0.0488997555012225
0 0.5943177789951984 0.024912168831247587 0.03225806451612903 0.0488997555012225
0 0.6072886790628726 0.0456982287371119 0.03225806451612903 0.0488997555012225
0 0.6247067448680352 0.038956803902777545 0.03225806451612903 0.0488997555012225
0 0.6328598820534305 0.011991104565440067 0.03225806451612903 0.0488997555012225
0 0.6506485450033838 0.023226812622663965 0.03225806451612903 0.0488997555012225
0 0.6476837678450582 0.05300143897430743 0.03225806451612903 0.0488997555012225
0 0.6328598820534305 0.08614677774311812 0.03225806451612903 0.0488997555012225
0 0.6495367535690116 0.08446142153453452 0.03225806451612903 0.0488997555012225
0 0.6639900422158488 0.08614677774311812 0.03225806451612903 0.0488997555012225
0 0.6728843736908253 0.06985500106014339 0.03225806451612903 0.0488997555012225
0 0.729956333988592 0.05861929300291942 0.03225806451612903 0.0488997555012225
0 0.7284739454094293 0.11142712087187201 0.03225806451612903 0.0488997555012225
0 0.6565780993200349 0.1355838931949035 0.03225806451612903 0.0488997555012225
0 0.7281033482646385 0.319287719930515 0.03225806451612903 0.0488997555012225
0 0.015259740259740317 0.26559870447401 0.03225806451612903 0.0488997555012225
0 0.12569768940736692 0.10605165006142994 0.03225806451612903 0.0488997555012225
0 0.12718007798652967 0.07908595072409245 0.03225806451612903 0.0488997555012225
0 0.11087380361573917 0.06897381347259086 0.03225806451612903 0.0488997555012225
0 0.11902694080113442 0.048749538969587794 0.03225806451612903 0.0488997555012225
0 0.13014485514485524 0.03639026010664146 0.03225806451612903 0.0488997555012225
0 0.16201620959685484 0.0352666893009191 0.03225806451612903 0.0488997555012225
0 0.036013180368019135 0.057738105415366885 0.03225806451612903 0.0488997555012225
0 0.023412877445135583 0.039760972523808565 0.03225806451612903 0.0488997555012225
0 0.007847797363926464 0.03301954768947421 0.03225806451612903 0.0488997555012225
0 0.008588991653507856 0.2273972970794486 0.03225806451612903 0.0488997555012225
0 0.05306064902839105 0.356607939737524 0.03225806451612903 0.0488997555012225
0 0.09530872353453004 0.4408757501667037 0.03225806451612903 0.0488997555012225
0 0.17313412394057565 0.43301075452664706 0.03225806451612903 0.0488997555012225
0 0.18499323257387784 0.49930143206426825 0.03225806451612903 0.0488997555012225
0 0.23910041571331905 0.6442420660024571 0.03225806451612903 0.0488997555012225
0 0.3265613418839226 0.319530103148685 0.03225806451612903 0.0488997555012225
0 0.31692581611936466 0.2993058286456819 0.03225806451612903 0.0488997555012225
0 0.29839595887982995 0.30492368267429387 0.03225806451612903 0.0488997555012225
0 0.340644033385969 0.3296422404001865 0.03225806451612903 0.0488997555012225
0 0.3399028390963875 0.3667200769890256 0.03225806451612903 0.0488997555012225
0 0.36213866778382914 0.3521136565146345 0.03225806451612903 0.0488997555012225
0 0.379186136444201 0.39818005954925273 0.03225806451612903 0.0488997555012225
0 0.3917864393670847 0.37346150182335996 0.03225806451612903 0.0488997555012225
0 0.3814097193129452 0.3487429440974673 0.03225806451612903 0.0488997555012225
0 0.3591738906255036 0.2981822578399595 0.03225806451612903 0.0488997555012225
0 0.4080927137378751 0.40604505518930945 0.03225806451612903 0.0488997555012225
0 0.44144645676903754 0.38357363907486147 0.03225806451612903 0.0488997555012225
0 0.4392228739002934 0.3655965061833032 0.03225806451612903 0.0488997555012225
0 0.4525643711127583 0.4543585998353724 0.03225806451612903 0.0488997555012225
0 0.402163159421224 0.4375050377495365 0.03225806451612903 0.0488997555012225
0 0.39549241081499154 0.4240221880808677 0.03225806451612903 0.0488997555012225
0 0.41624585092327043 0.549862118321776 0.03225806451612903 0.0488997555012225
0 0.5029655828042926 0.5172785649558266 0.03225806451612903 0.0488997555012225
0 0.5214954400438272 0.5757042468533912 0.03225806451612903 0.0488997555012225
0 0.5333545486771294 0.5206492773729937 0.03225806451612903 0.0488997555012225
0 0.5340957429667109 0.464470737086874 0.03225806451612903 0.0488997555012225
0 0.5311309658083853 0.43525789613809174 0.03225806451612903 0.0488997555012225
0 0.5088951371209437 0.4363814669438141 0.03225806451612903 0.0488997555012225
0 0.5889441203957334 0.3330129528173537 0.03225806451612903 0.0488997555012225
0 0.6556516064580582 0.4071686259950318 0.03225806451612903 0.0488997555012225
0 0.5970972575811287 0.5037957152871578 0.03225806451612903 0.0488997555012225
0 0.6512044407205699 0.5464914059046089 0.03225806451612903 0.0488997555012225
0 0.6096975605040122 0.5588506847675552 0.03225806451612903 0.0488997555012225
0 0.6919701266475462 0.6880613274256305 0.03225806451612903 0.0488997555012225
0 0.6645459379330347 0.6992970354828545 0.03225806451612903 0.0488997555012225
0 0.6749226579871743 0.6655899113111827 0.03225806451612903 0.0488997555012225
0 0.6141447262415006 0.6992970354828545 0.03225806451612903 0.0488997555012225
0 0.7090175953079181 0.6633427696997378 0.03225806451612903 0.0488997555012225
0 0.5681906802874546 0.28694654978273554 0.03225806451612903 0.0488997555012225
0 0.513342302858432 0.17346589840477367 0.03225806451612903 0.0488997555012225
0 0.4332933195836423 0.14425305745599143 0.03225806451612903 0.0488997555012225
0 0.40438674228996824 0.14762376987315853 0.03225806451612903 0.0488997555012225
0 0.4066103251587123 0.16223019034754976 0.03225806451612903 0.0488997555012225
0 0.4117986851857821 0.18582517726772 0.03225806451612903 0.0488997555012225
0 0.38956285649834044 0.13414092020448984 0.03225806451612903 0.0488997555012225
0 0.3917864393670847 0.08695094636414924 0.03225806451612903 0.0488997555012225
0 0.2880192388256905 0.0521202513867549 0.03225806451612903 0.0488997555012225
0 0.27764251877155116 0.0285252644665846 0.03225806451612903 0.0488997555012225
0 0.30729029035480654 0.057738105415366885 0.03225806451612903 0.0488997555012225
0 0.29839595887982995 0.07009738427831322 0.03225806451612903 0.0488997555012225
0 0.3095138732235508 0.017289556409360633 0.03225806451612903 0.0488997555012225
0 0.18425203828429643 0.018413127215083147 0.03225806451612903 0.0488997555012225
0 0.01081257452225201 0.19930802693638877 0.03225806451612903 0.0488997555012225
0 0.4799885598272696 0.10380450844998518 0.03225806451612903 0.0488997555012225
0 0.4488583996648514 0.13638806181593457 0.03225806451612903 0.0488997555012225
0 0.4377404853211306 0.10043379603281795 0.03225806451612903 0.0488997555012225
0 0.4399640681898748 0.06785024266686848 0.03225806451612903 0.0488997555012225
0 0.44811720537527006 0.11279307489576434 0.03225806451612903 0.0488997555012225
0 0.49407125132931595 0.0285252644665846 0.03225806451612903 0.0488997555012225
0 0.48221214269601376 0.02627812285513986 0.03225806451612903 0.0488997555012225
0 0.46887064548354884 0.01616598560363826 0.03225806451612903 0.0488997555012225
0 0.4607175082981536 0.021783839632250245 0.03225806451612903 0.0488997555012225
0 0.4651646740356419 0.04650239735814292 0.03225806451612903 0.0488997555012225
0 0.4332933195836423 0.013918843992193525 0.03225806451612903 0.0488997555012225
0 0.5244602172021529 0.029648835272306967 0.03225806451612903 0.0488997555012225
0 0.5415076858625246 0.03301954768947421 0.03225806451612903 0.0488997555012225
0 0.6652871322226162 0.048749538969587794 0.03225806451612903 0.0488997555012225
0 0.7201355096516387 0.2071730225764455 0.03225806451612903 0.0488997555012225
0 0.7408889497599176 0.22964443869089343 0.03225806451612903 0.0488997555012225
0 0.3384204505172248 0.13189377859304505 0.03225806451612903 0.0488997555012225
0 0.33471447906931784 0.16784804437616166 0.03225806451612903 0.0488997555012225
0 0.2872780445361091 0.14425305745599143 0.03225806451612903 0.0488997555012225
0 0.2880192388256905 0.12065807053582114 0.03225806451612903 0.0488997555012225
0 0.30284312461731827 0.11504021650720914 0.03225806451612903 0.0488997555012225
0 0.25392430150494677 0.017289556409360633 0.03225806451612903 0.0488997555012225
0 0.23539444426541212 0.0352666893009191 0.03225806451612903 0.0488997555012225
0 0.06288147336534435 0.07378749888017178 0.03225806451612903 0.0488997555012225
0 0.07066401340594891 0.058057507600058234 0.03225806451612903 0.0488997555012225
0 0.05157826044922825 0.05998524702681176 0.03225806451612903 0.0488997555012225
0 0.015259740259740317 0.10380450844998518 0.03225806451612903 0.0488997555012225
0 0.03971915181592607 0.021783839632250245 0.03225806451612903 0.0488997555012225
0 0.053801843317972414 0.03189597688375184 0.03225806451612903 0.0488997555012225
0 0.07752006058457678 0.03639026010664146 0.03225806451612903 0.0488997555012225
0 0.05083706615964688 0.20043159774211114 0.03225806451612903 0.0488997555012225
0 0.059731397634623505 0.5622213971847224 0.03225806451612903 0.0488997555012225
0 0.07307289484708847 0.5925578089392269 0.03225806451612903 0.0488997555012225
0 0.05083706615964688 0.6183999374708421 0.03225806451612903 0.0488997555012225
0 0.10716783216783224 0.37683221424052715 0.03225806451612903 0.0488997555012225
0 0.16053382101769206 0.2903172621999027 0.03225806451612903 0.0488997555012225
0 0.19833472978634276 0.21840873063366945 0.03225806451612903 0.0488997555012225
0 0.2717129644549 0.2408801467481174 0.03225806451612903 0.0488997555012225
0 0.2746777416132256 0.27683441253123403 0.03225806451612903 0.0488997555012225
0 0.35769150204634087 0.21279087660505747 0.03225806451612903 0.0488997555012225
0 0.26948938158615593 0.0925688003927612 0.03225806451612903 0.0488997555012225
0 0.3591738906255036 0.0847038047527045 0.03225806451612903 0.0488997555012225
0 0.718653121072476 0.1689716151818841 0.03225806451612903 0.0488997555012225
0 0.48072975411685104 0.008300989963581543 0.03225806451612903 0.0488997555012225
0 0.39252763365666604 0.01953669802080551 0.03225806451612903 0.0488997555012225
0 0.41402226805452624 0.1273994953701555 0.03225806451612903 0.0488997555012225
0 0.42958734813573535 0.12065807053582114 0.03225806451612903 0.0488997555012225
0 0.3458323934130387 0.10942236247859717 0.03225806451612903 0.0488997555012225
0 0.6734402694080114 0.23189158030233822 0.03225806451612903 0.0488997555012225
0 0.7401477554703363 0.07796237991836993 0.03225806451612903 0.0488997555012225
0 0.7394065611807549 0.01616598560363826 0.03225806451612903 0.0488997555012225
0 0.21093503270922637 0.1273994953701555 0.03225806451612903 0.0488997555012225
0 0.21908816989462163 0.0420081141352533 0.03225806451612903 0.0488997555012225
0 0.10865022074699503 0.12290521214726588 0.03225806451612903 0.0488997555012225
0 0.41105749089620064 0.5757042468533912 0.03225806451612903 0.0488997555012225
0 0.47035303406271156 0.5633449679904449 0.03225806451612903 0.0488997555012225
0 0.44515242821694445 0.5768278176591135 0.03225806451612903 0.0488997555012225
0 0.5170482743063389 0.6262649331108989 0.03225806451612903 0.0488997555012225
0 0.6260038348748027 0.4925600072299339 0.03225806451612903 0.0488997555012225
0 0.1634985981760176 0.008300989963581543 0.03225806451612903 0.0488997555012225
0 0.11680335793239027 0.19256660210205434 0.03225806451612903 0.0488997555012225
0 0.5607787373916407 0.2116673057993351 0.03225806451612903 0.0488997555012225
0 0.10420305500950662 0.016621520289001615 0.03225806451612903 0.0488997555012225
0 0.18811913892559054 0.0787110200313132 0.03225806451612903 0.0488997555012225
0 0.7685387193451708 0.30435334836312805 0.03225806451612903 0.0488997555012225
0 0.759547710354162 0.2558932510032751 0.03225806451612903 0.0488997555012225
0 0.9213858721923239 0.34827031159549465 0.03225806451612903 0.0488997555012225
0 0.8514558022622538 0.3058677264056234 0.03225806451612903 0.0488997555012225
0 0.8504568012632528 0.28466643381068774 0.03225806451612903 0.0488997555012225
0 0.8204867712932228 0.2574076290457705 0.03225806451612903 0.0488997555012225
0 0.812494763301215 0.21349066581340398 0.03225806451612903 0.0488997555012225
0 0.7785287293351809 0.15291554411358788 0.03225806451612903 0.0488997555012225
0 0.7785287293351809 0.18926061713347747 0.03225806451612903 0.0488997555012225
0 0.8005067513132029 0.11051295892371665 0.03225806451612903 0.0488997555012225
0 0.8234837742902258 0.11202733696621198 0.03225806451612903 0.0488997555012225
0 0.7955117463181979 0.0787110200313132 0.03225806451612903 0.0488997555012225
0 0.7565507073571588 0.048423459181405074 0.03225806451612903 0.0488997555012225
0 0.7655417163481679 0.033279678756451006 0.03225806451612903 0.0488997555012225
0 0.7695377203441718 0.012078386161515466 0.03225806451612903 0.0488997555012225
0 0.7855217363281879 0.04539470309641426 0.03225806451612903 0.0488997555012225
0 0.8204867712932228 0.05902410547887298 0.03225806451612903 0.0488997555012225
0 0.834472785279237 0.07719664198881772 0.03225806451612903 0.0488997555012225
0 0.8414657922722439 0.06053848352136832 0.03225806451612903 0.0488997555012225
0 0.8484587992652509 0.05145221526639588 0.03225806451612903 0.0488997555012225
0 0.8224847732912248 0.03479405679894648 0.03225806451612903 0.0488997555012225
0 0.8074997583062099 0.013592764204010802 0.03225806451612903 0.0488997555012225
0 0.8564508072572589 0.0741678859038269 0.03225806451612903 0.0488997555012225
0 0.8644428152492669 0.12262798326367975 0.03225806451612903 0.0488997555012225
0 0.8734338242402758 0.16654494649604645 0.03225806451612903 0.0488997555012225
0 0.891415842222294 0.19380375126096364 0.03225806451612903 0.0488997555012225
0 0.8924148432212948 0.21651942189839465 0.03225806451612903 0.0488997555012225
0 0.891415842222294 0.24074947057832113 0.03225806451612903 0.0488997555012225
0 0.8904168412232929 0.2680082753432383 0.03225806451612903 0.0488997555012225
0 0.9064008572073089 0.28315205576819236 0.03225806451612903 0.0488997555012225
0 0.9183888691953207 0.28618081185318317 0.03225806451612903 0.0488997555012225
0 0.9233838741903257 0.3164683727030913 0.03225806451612903 0.0488997555012225
0 0.9453618961683478 0.26346514121575215 0.03225806451612903 0.0488997555012225
0 0.9393678901743419 0.24074947057832113 0.03225806451612903 0.0488997555012225
0 0.9233838741903257 0.23772071449333032 0.03225806451612903 0.0488997555012225
0 0.9093978602043119 0.2059187756009269 0.03225806451612903 0.0488997555012225
0 0.9373698881763397 0.20743315364342235 0.03225806451612903 0.0488997555012225
0 0.9833239341303858 0.23166320232334872 0.03225806451612903 0.0488997555012225
0 0.9713359221423737 0.19077499517597296 0.03225806451612903 0.0488997555012225
0 0.9883189391253908 0.17411683670852343 0.03225806451612903 0.0488997555012225
0 0.9743329251393769 0.1453436539011108 0.03225806451612903 0.0488997555012225
0 0.9533539041603558 0.12262798326367975 0.03225806451612903 0.0488997555012225
0 0.9513559021623539 0.0741678859038269 0.03225806451612903 0.0488997555012225
0 0.9293778801843318 0.08628291024379015 0.03225806451612903 0.0488997555012225
0 0.9044028552093069 0.0787110200313132 0.03225806451612903 0.0488997555012225
0 0.9173898681963198 0.054480971351386694 0.03225806451612903 0.0488997555012225
0 0.9323748831813349 0.06508161764885462 0.03225806451612903 0.0488997555012225
0 0.9044028552093069 0.03933719092643263 0.03225806451612903 0.0488997555012225
0 0.8854218362282879 0.033279678756451006 0.03225806451612903 0.0488997555012225
0 0.8554518062582579 0.03479405679894648 0.03225806451612903 0.0488997555012225
0 0.8714358222422739 0.02267903245898324 0.03225806451612903 0.0488997555012225
0 0.834472785279237 0.0060208739915338415 0.03225806451612903 0.0488997555012225
0 0.9054018562083078 0.018135898331497088 0.03225806451612903 0.0488997555012225
0 0.9203868711933229 0.030250922671460338 0.03225806451612903 0.0488997555012225
0 0.9323748831813349 0.01056400811901999 0.03225806451612903 0.0488997555012225
0 0.9493579001643517 0.04085156896892811 0.03225806451612903 0.0488997555012225
0 0.9593479101543617 0.054480971351386694 0.03225806451612903 0.0488997555012225
0 0.9673399181463697 0.04388032505391892 0.03225806451612903 0.0488997555012225
0 0.9573499081563598 0.012078386161515466 0.03225806451612903 0.0488997555012225
0 0.9833239341303858 0.046909081138909736 0.03225806451612903 0.0488997555012225
0 0.9793279301343817 0.024193410501478715 0.03225806451612903 0.0488997555012225
0 0.9943129451193967 0.030250922671460338 0.03225806451612903 0.0488997555012225
0 0.9853219361283878 0.08173977611630401 0.03225806451612903 0.0488997555012225
0 0.9833239341303858 0.12414236130617523 0.03225806451612903 0.0488997555012225
0 0.9943129451193967 0.12414236130617523 0.03225806451612903 0.0488997555012225
