0 0.030891685875452077 0.18776071918548773 0.01953125 0.029282576866764276
0 0.005789082850771124 0.18710044676769025 0.01953125 0.029282576866764276
0 0.030891685875452077 0.214831888315184 0.01953125 0.029282576866764276
0 0.013936418920185125 0.2329893798046144 0.01953125 0.029282576866764276
0 0.0071102724836490695 0.2184633866130701 0.01953125 0.029282576866764276
0 0.047406556286426385 0.2415729212359815 0.01953125 0.029282576866764276
0 0.039259220217012385 0.23860169535589296 0.01953125 0.029282576866764276
0 0.059077064710181565 0.2075688917194118 0.01953125 0.029282576866764276
0 0.06612340941886392 0.18115799500751303 0.01953125 0.029282576866764276
0 0.07206876276681466 0.24256332986267773 0.01953125 0.029282576866764276
0 0.052471116545791834 0.26798381794788034 0.01953125 0.029282576866764276
0 0.02648772043252559 0.2894426715262981 0.01953125 0.029282576866764276
0 0.016798996458087335 0.33500146835432343 0.01953125 0.029282576866764276
0 0.044984375292816826 0.33103983384753866 0.01953125 0.029282576866764276
0 0.0740505472161316 0.3330206511009311 0.01953125 0.029282576866764276
0 0.08285847810198457 0.30693989059793103 0.01953125 0.029282576866764276
0 0.07955550401978971 0.2782180404237411 0.01953125 0.029282576866764276
0 0.08792303836135004 0.24025237640038655 0.01953125 0.029282576866764276
0 0.10333691741159272 0.26237150239660184 0.01953125 0.029282576866764276
0 0.10862167594310446 0.27425640591695627 0.01953125 0.029282576866764276
0 0.10289652086730006 0.30925084406022213 0.01953125 0.029282576866764276
0 0.11720940855681111 0.3396233752789058 0.01953125 0.029282576866764276
0 0.1277789256198347 0.311891933731412 0.01953125 0.029282576866764276
0 0.1324030893349075 0.27557695075255123 0.01953125 0.029282576866764276
0 0.15089974419519872 0.334341195936526 0.01953125 0.029282576866764276
0 0.1707175886883679 0.3046289371356399 0.01953125 0.029282576866764276
0 0.19692118307378045 0.29208376119748797 0.01953125 0.029282576866764276
0 0.1808467092070988 0.27392626970805756 0.01953125 0.029282576866764276
0 0.15045934765090607 0.24421401090717137 0.01953125 0.029282576866764276
0 0.12381535672120086 0.24718523678726 0.01953125 0.029282576866764276
0 0.11720940855681111 0.213511343479589 0.01953125 0.029282576866764276
0 0.14517458911939432 0.214831888315184 0.01953125 0.029282576866764276
0 0.14913815801802813 0.1946935795723612 0.01953125 0.029282576866764276
0 0.13372427896778544 0.18941140022998143 0.01953125 0.029282576866764276
0 0.18503047637787898 0.20426752963042447 0.01953125 0.029282576866764276
0 0.17798413166919658 0.18214840363420925 0.01953125 0.029282576866764276
0 0.09056541762710593 0.15078546378882945 0.01953125 0.029282576866764276
0 0.12865971870842 0.16002927763799402 0.01953125 0.029282576866764276
0 0.1572854940874421 0.15441696208671551 0.01953125 0.029282576866764276
0 0.17798413166919658 0.1606895500557915 0.01953125 0.029282576866764276
0 0.20440792432675547 0.15309641725112058 0.01953125 0.029282576866764276
0 0.023332326043364982 0.09834824392752563 0.01953125 0.029282576866764276
0 0.058538281703866095 0.09795137805938141 0.01953125 0.029282576866764276
0 0.08712657652592713 0.10231690260896786 0.01953125 0.029282576866764276
0 0.11253839414553699 0.10231690260896786 0.01953125 0.029282576866764276
0 0.14271492756882367 0.08207674333361246 0.01953125 0.029282576866764276
0 0.17342087385918553 0.06461464513526662 0.01953125 0.029282576866764276
0 0.20836212308614904 0.06778957208042041 0.01953125 0.029282576866764276
0 0.2321857021045333 0.0356434367607383 0.01953125 0.029282576866764276
0 0.2358915921740597 0.08644226788319893 0.01953125 0.029282576866764276
0 0.20439152658308501 0.09398271937793919 0.01953125 0.029282576866764276
0 0.19645033357695696 0.09477645111422761 0.01953125 0.029282576866764276
0 0.2501857395850902 0.12096959841174637 0.01953125 0.029282576866764276
0 0.24780338168325178 0.1693872343253417 0.01953125 0.029282576866764276
0 0.2480680881167894 0.21978919957965812 0.01953125 0.029282576866764276
0 0.21921508686119076 0.22336099239295606 0.01953125 0.029282576866764276
0 0.21021506812091223 0.23606070017357123 0.01953125 0.029282576866764276
0 0.2663726551226551 0.01237761425169933 0.01953125 0.029282576866764276
0 0.2577146464646465 0.0918842471990349 0.01953125 0.029282576866764276
0 0.17003825359344843 0.10799419177582743 0.01953125 0.029282576866764276
0 0.14796220554337436 0.098385120844477 0.01953125 0.029282576866764276
0 0.13122713686025372 0.12934768273438388 0.01953125 0.029282576866764276
0 0.15223498903693708 0.12881384546041996 0.01953125 0.029282576866764276
0 0.04363507524221804 0.12774617091249216 0.01953125 0.029282576866764276
0 0.03651376941961352 0.13041535728231174 0.01953125 0.029282576866764276
0 0.018710504863102197 0.1341522182000591 0.01953125 0.029282576866764276
0 0.05894588276081777 0.14215977730951776 0.01953125 0.029282576866764276
0 0.2914565178688556 0.09678360902258526 0.01953125 0.029282576866764276
0 0.30819158655197626 0.06955790805042575 0.01953125 0.029282576866764276
0 0.32706304698187827 0.06902407077646183 0.01953125 0.029282576866764276
0 0.30641126009632513 0.12134012362492522 0.01953125 0.029282576866764276
0 0.326706981690748 0.15657338370654342 0.01953125 0.029282576866764276
0 0.3327600916399619 0.1250769845426726 0.01953125 0.029282576866764276
0 0.3291994387286596 0.19073896924023376 0.01953125 0.029282576866764276
0 0.32706304698187827 0.2147616465686098 0.01953125 0.029282576866764276
0 0.30819158655197626 0.18540059650059465 0.01953125 0.029282576866764276
0 0.2975096278180695 0.1581748955284351 0.01953125 0.029282576866764276
0 0.2686683392365211 0.17792687466509988 0.01953125 0.029282576866764276
0 0.27294112273008386 0.16458094281600208 0.01953125 0.029282576866764276
0 0.28682766908416263 0.14963349914501253 0.01953125 0.029282576866764276
0 0.21205395794681509 0.20461873836329547 0.01953125 0.029282576866764276
0 0.22024345964281034 0.17525768829528032 0.01953125 0.029282576866764276
0 0.2141903496935965 0.189137457418342 0.01953125 0.029282576866764276
0 0.26510768632521886 0.21796467021239327 0.01953125 0.029282576866764276
0 0.29715356252693925 0.2110247856508624 0.01953125 0.029282576866764276
0 0.2900322567043347 0.19234048106212548 0.01953125 0.029282576866764276
0 0.31566895766571096 0.24412269663662492 0.01953125 0.029282576866764276
0 0.3210099370326644 0.2718822348827484 0.01953125 0.029282576866764276
0 0.2928807790333765 0.2419873475407693 0.01953125 0.029282576866764276
0 0.3288433734375294 0.30764933223833046 0.01953125 0.029282576866764276
0 0.3199417411592737 0.33487503321048995 0.01953125 0.029282576866764276
0 0.30463093364067395 0.3097846813341861 0.01953125 0.029282576866764276
0 0.3131765006277994 0.37224364238796376 0.01953125 0.029282576866764276
0 0.2861155385019022 0.33701038230634556 0.01953125 0.029282576866764276
0 0.285759473210772 0.2777544448963513 0.01953125 0.029282576866764276
0 0.2725850574389536 0.30764933223833046 0.01953125 0.029282576866764276
0 0.25834244579374455 0.3097846813341861 0.01953125 0.029282576866764276
0 0.2540696623001818 0.3311381722927425 0.01953125 0.029282576866764276
0 0.23804672419932166 0.33701038230634556 0.01953125 0.029282576866764276
0 0.2440998341485355 0.30498014586851085 0.01953125 0.029282576866764276
0 0.2658198169074793 0.27615293307445965 0.01953125 0.029282576866764276
0 0.25157720526227023 0.23451362570527456 0.01953125 0.029282576866764276
0 0.23911492007271232 0.27988979399220704 0.01953125 0.029282576866764276
0 0.21810706789602893 0.30498014586851085 0.01953125 0.029282576866764276
0 0.21347821911133602 0.3423487550459847 0.01953125 0.029282576866764276
0 0.22273591668072193 0.37277747966192765 0.01953125 0.029282576866764276
0 0.2177510026048988 0.3626345714566133 0.01953125 0.029282576866764276
0 0.19959167275725723 0.3642360832785051 0.01953125 0.029282576866764276
0 0.19745528101047582 0.34074724322409294 0.01953125 0.029282576866764276
0 0.16220481718858343 0.37598050330571114 0.01953125 0.029282576866764276
0 0.13977270384737916 0.37384515420985553 0.01953125 0.029282576866764276
0 0.11591632934165401 0.37010829329210815 0.01953125 0.029282576866764276
0 0.09704486891175199 0.34715329051165994 0.01953125 0.029282576866764276
0 0.09099175896253817 0.37598050330571114 0.01953125 0.029282576866764276
0 0.031172790052660118 0.37010829329210815 0.01953125 0.029282576866764276
0 0.31832070707070703 0.03347121074793109 0.01953125 0.029282576866764276
0 0.34754148629148623 0.03509379509379523 0.01953125 0.029282576866764276
0 0.36485750360750363 0.03509379509379523 0.01953125 0.029282576866764276
0 0.3875847763347764 0.04645188551484309 0.01953125 0.029282576866764276
0 0.41031204906204904 0.04969705420657119 0.01953125 0.029282576866764276
0 0.4362860750360751 0.01237761425169933 0.01953125 0.029282576866764276
0 0.4633423520923521 0.015622782943427236 0.01953125 0.029282576866764276
0 0.49256313131313134 0.009132445559971235 0.01953125 0.029282576866764276
0 0.004467893217893169 0.28334920001098624 0.01953125 0.029282576866764276
0 0.0012211399711399432 0.37421392337937004 0.01953125 0.029282576866764276
0 0.007714646464646459 0.3969301042214659 0.01953125 0.029282576866764276
0 0.01961940836940831 0.4326269598304738 0.01953125 0.029282576866764276
0 0.031524170274170225 0.40342044160492185 0.01953125 0.029282576866764276
0 0.016372655122655084 0.46507864674775373 0.01953125 0.029282576866764276
0 0.039099927849927794 0.4423624659056578 0.01953125 0.029282576866764276
0 0.058580447330447274 0.40342044160492185 0.01953125 0.029282576866764276
0 0.044466675099792005 0.46239365598495485 0.01953125 0.029282576866764276
0 0.07451436910852496 0.4673000419831627 0.01953125 0.029282576866764276
0 0.10069453814583688 0.4664079718016703 0.01953125 0.029282576866764276
0 0.12717220910402732 0.465515901620178 0.01953125 0.029282576866764276
0 0.020964023350387006 0.4994145685168865 0.01953125 0.029282576866764276
0 0.044466675099792005 0.4967383579724094 0.01953125 0.029282576866764276
0 0.0673743230074399 0.4967383579724094 0.01953125 0.029282576866764276
0 0.09980203238320125 0.5069971650595712 0.01953125 0.029282576866764276
0 0.1357997648095051 0.503874919424348 0.01953125 0.029282576866764276
0 0.15692240119188172 0.5110114808762867 0.01953125 0.029282576866764276
0 0.165252454976481 0.49227800706494773 0.01953125 0.029282576866764276
0 0.19797766627312086 0.4704222876183858 0.01953125 0.029282576866764276
0 0.15989742040066718 0.46105555071271637 0.01953125 0.029282576866764276
0 0.2289178660444895 0.46953021743689344 0.01953125 0.029282576866764276
0 0.2586680581323439 0.4704222876183858 0.01953125 0.029282576866764276
0 0.2479579889807163 0.4998606036076325 0.01953125 0.029282576866764276
0 0.22296782762691858 0.49584628779091716 0.01953125 0.029282576866764276
0 0.20006017971927068 0.49852249833539414 0.01953125 0.029282576866764276
0 0.25896556005322247 0.5520467092249337 0.01953125 0.029282576866764276
0 0.2488504947433519 0.5489244635897105 0.01953125 0.029282576866764276
0 0.22653785067746113 0.5391116915932949 0.01953125 0.029282576866764276
0 0.20720022582035574 0.5453561828637412 0.01953125 0.029282576866764276
0 0.18637509135885763 0.5422339372285181 0.01953125 0.029282576866764276
0 0.1423448070688331 0.5319751301413563 0.01953125 0.029282576866764276
0 0.12181717452821351 0.5391116915932949 0.01953125 0.029282576866764276
0 0.08909196323157365 0.5328672003228486 0.01953125 0.029282576866764276
0 0.06082928074811194 0.5266227090524023 0.01953125 0.029282576866764276
0 0.03345910402728587 0.5328672003228486 0.01953125 0.029282576866764276
0 0.008171440752609603 0.5328672003228486 0.01953125 0.029282576866764276
0 0.0007338927306459829 0.4994145685168865 0.01953125 0.029282576866764276
0 0.009063946515245237 0.5725643233992571 0.01953125 0.029282576866764276
0 0.037921632840464035 0.5631975864935878 0.01953125 0.029282576866764276
0 0.06856433069095409 0.5614134461306031 0.01953125 0.029282576866764276
0 0.08849695938981657 0.5752405339437341 0.01953125 0.029282576866764276
0 0.0974220170161729 0.5975422884810422 0.01953125 0.029282576866764276
0 0.062316790352504654 0.5966502182995499 0.01953125 0.029282576866764276
0 0.037326628998706944 0.602002639388504 0.01953125 0.029282576866764276
0 0.016501494537208842 0.5988803937532807 0.01953125 0.029282576866764276
0 0.012336467644909213 0.6314409553777507 0.01953125 0.029282576866764276
0 0.025129050242686617 0.6778286048153516 0.01953125 0.029282576866764276
0 0.026914061767957884 0.7028065698971367 0.01953125 0.029282576866764276
0 0.01412147917018048 0.7300147104326526 0.01953125 0.029282576866764276
0 0.04595418470418472 0.662663411729982 0.01953125 0.029282576866764276
0 0.04625168662506327 0.6341171659222277 0.01953125 0.029282576866764276
0 0.07005184029534679 0.6332250957407353 0.01953125 0.029282576866764276
0 0.0727293575832537 0.6510664993705818 0.01953125 0.029282576866764276
0 0.10723958040516483 0.6898715522654981 0.01953125 0.029282576866764276
0 0.09444699780738745 0.6372394115574509 0.01953125 0.029282576866764276
0 0.11556963418976408 0.6457140782816279 0.01953125 0.029282576866764276
0 0.12360218605348479 0.6028947095699961 0.01953125 0.029282576866764276
0 0.11408212458537137 0.5663198321288108 0.01953125 0.029282576866764276
0 0.16376494537208827 0.6283187097425276 0.01953125 0.029282576866764276
0 0.1423448070688331 0.6635554819114745 0.01953125 0.029282576866764276
0 0.1432373128314687 0.7099431313490754 0.01953125 0.029282576866764276
0 0.17239250107756604 0.7050367453508675 0.01953125 0.029282576866764276
0 0.1935151374599427 0.6693539380911746 0.01953125 0.029282576866764276
0 0.23219038717415347 0.6827349908135594 0.01953125 0.029282576866764276
0 0.23635541406645305 0.6702460082726668 0.01953125 0.029282576866764276
0 0.266403108075186 0.6684618679096822 0.01953125 0.029282576866764276
0 0.26372559078727914 0.7130653769842985 0.01953125 0.029282576866764276
0 0.2649155984707933 0.6448220081001356 0.01953125 0.029282576866764276
0 0.23219038717415347 0.6394695870111816 0.01953125 0.029282576866764276
0 0.2577755523697082 0.6082471306589502 0.01953125 0.029282576866764276
0 0.22148031802252588 0.6011105692070116 0.01953125 0.029282576866764276
0 0.22951286988624656 0.5752405339437341 0.01953125 0.029282576866764276
0 0.2045227085324488 0.6684618679096822 0.01953125 0.029282576866764276
0 0.19321763553906415 0.6403616571926739 0.01953125 0.029282576866764276
0 0.18250756638743654 0.6042328148422347 0.01953125 0.029282576866764276
0 0.17269000299844461 0.5819310603049266 0.01953125 0.029282576866764276
0 0.1988701720357565 0.5689960426732878 0.01953125 0.029282576866764276
0 0.2583705562114654 0.5756865690344803 0.01953125 0.029282576866764276
0 0.1122994555949101 0.43382809369689257 0.01953125 0.029282576866764276
0 0.07977570229193601 0.42889712308738376 0.01953125 0.029282576866764276
0 0.10316356983564771 0.40643381253295496 0.01953125 0.029282576866764276
0 0.13861080658158578 0.3987634138070524 0.01953125 0.029282576866764276
0 0.16346041584677945 0.39985918505360996 0.01953125 0.029282576866764276
0 0.16528759299863194 0.43547175056672877 0.01953125 0.029282576866764276
0 0.13970711287269724 0.4365675218132863 0.01953125 0.029282576866764276
0 0.004861439065984443 0.49847859724378524 0.01953125 0.029282576866764276
0 0.19415699199790104 0.43766329305984375 0.01953125 0.029282576866764276
0 0.18721371882086169 0.40150284192344615 0.01953125 0.029282576866764276
0 0.22010290755420622 0.4382111786831225 0.01953125 0.029282576866764276
0 0.24422164595865894 0.42560980934771125 0.01953125 0.029282576866764276
0 0.25920449860384925 0.4179394106218087 0.01953125 0.029282576866764276
0 0.2964789125016398 0.39492821444410114 0.01953125 0.029282576866764276
0 0.27418735124903953 0.432732322450335 0.01953125 0.029282576866764276
0 0.29976783137497426 0.44204637804607383 0.01953125 0.029282576866764276
0 0.33229158467794834 0.44369003491591 0.01953125 0.029282576866764276
0 0.2935554290586759 0.4716322017031264 0.01953125 0.029282576866764276
0 0.2913628164764528 0.5012180253601789 0.01953125 0.029282576866764276
0 0.2851504141601544 0.5379263621198553 0.01953125 0.029282576866764276
0 0.3198667800453515 0.5028616822300152 0.01953125 0.029282576866764276
0 0.3132889422986826 0.5357348196267402 0.01953125 0.029282576866764276
0 0.30196044395719723 0.5686079570234654 0.01953125 0.029282576866764276
0 0.3162124257416465 0.5970980094339605 0.01953125 0.029282576866764276
0 0.2957480416408988 0.620109205611668 0.01953125 0.029282576866764276
0 0.3213285217668335 0.6299711468306856 0.01953125 0.029282576866764276
0 0.04038597946065473 0.7387211749205246 0.01953125 0.029282576866764276
0 0.04576209684975914 0.7894532763837399 0.01953125 0.029282576866764276
0 0.0391210106632184 0.8003583075393842 0.01953125 0.029282576866764276
0 0.03247992447667766 0.7927721989093707 0.01953125 0.029282576866764276
0 0.004650610933078399 0.7946687260668742 0.01953125 0.029282576866764276
0 0.005599337531155647 0.8231166334294246 0.01953125 0.029282576866764276
0 0.006231821929873813 0.8363923235319483 0.01953125 0.029282576866764276
0 0.004650610933078399 0.8572541222644853 0.01953125 0.029282576866764276
0 0.004650610933078399 0.8136339976419078 0.01953125 0.029282576866764276
0 0.022360174097187015 0.8653143626838747 0.01953125 0.029282576866764276
0 0.02299265849590518 0.9060896965701971 0.01953125 0.029282576866764276
0 0.02836877588500959 0.9776835967659492 0.01953125 0.029282576866764276
0 0.06536911321002226 0.9094086190958282 0.01953125 0.029282576866764276
0 0.046710823447836385 0.8672108898413781 0.01953125 0.029282576866764276
0 0.07169395719720391 0.8269096877444313 0.01953125 0.029282576866764276
0 0.06442038661194499 0.8117374704844044 0.01953125 0.029282576866764276
0 0.12766882648376152 0.7463072835505381 0.01953125 0.029282576866764276
0 0.11248920091452556 0.8050996254331427 0.01953125 0.029282576866764276
0 0.09572836434849416 0.8463490911088408 0.01953125 0.029282576866764276
0 0.08845479376323527 0.8605730447901162 0.01953125 0.029282576866764276
0 0.12007901369914352 0.8454008275300893 0.01953125 0.029282576866764276
0 0.11596786510747546 0.8629437037369955 0.01953125 0.029282576866764276
0 0.11723283390491179 0.8838055024695325 0.01953125 0.029282576866764276
0 0.10363441933247125 0.9103568826745797 0.01953125 0.029282576866764276
0 0.11185671651580739 0.9691492245571841 0.01953125 0.029282576866764276
0 0.12703634208504333 0.9634596430846741 0.01953125 0.029282576866764276
0 0.04576209684975914 0.987640364342842 0.01953125 0.029282576866764276
0 0.15328444463184718 0.8686332852095056 0.01953125 0.029282576866764276
0 0.17573764078634208 0.8563058586857336 0.01953125 0.029282576866764276
0 0.18617363336519177 0.8572541222644853 0.01953125 0.029282576866764276
0 0.19566089934596428 0.8586765176326127 0.01953125 0.029282576866764276
0 0.20546440752609582 0.9900110232897211 0.01953125 0.029282576866764276
0 0.2219090018927681 0.8610471765794921 0.01953125 0.029282576866764276
0 0.20008829013699142 0.834021664585069 0.01953125 0.029282576866764276
0 0.16087425741646516 0.813159865852532 0.01953125 0.029282576866764276
0 0.19060102415621896 0.75863471007431 0.01953125 0.029282576866764276
0 0.2152679157062274 0.7543675239699275 0.01953125 0.029282576866764276
0 0.2415160182530312 0.749626206076169 0.01953125 0.029282576866764276
0 0.2725077537902213 0.7444107563930348 0.01953125 0.029282576866764276
0 0.2693453317966305 0.8212201062719212 0.01953125 0.029282576866764276
0 0.290533559153689 0.813159865852532 0.01953125 0.029282576866764276
0 0.2819950197709938 0.8472973546875926 0.01953125 0.029282576866764276
0 0.2785163555780439 0.8781159209970223 0.01953125 0.029282576866764276
0 0.2895848325556118 0.8743228666820155 0.01953125 0.029282576866764276
0 0.25764437042034444 0.8785900527863981 0.01953125 0.029282576866764276
0 0.2430972292498266 0.825013160586928 0.01953125 0.029282576866764276
0 0.282943746369071 0.9881144961322179 0.01953125 0.029282576866764276
0 0.38193809617510927 0.06464537589939277 0.01953125 0.029282576866764276
0 0.4019456859878939 0.06349165521191155 0.01953125 0.029282576866764276
0 0.4347786538857968 0.0719522735867738 0.01953125 0.029282576866764276
0 0.43760023706452283 0.06349165521191155 0.01953125 0.029282576866764276
0 0.47094622008583054 0.04195553571226215 0.01953125 0.029282576866764276
0 0.5004445896816028 0.03926352077480598 0.01953125 0.029282576866764276
0 0.49685348381776956 0.056569331087024236 0.01953125 0.029282576866764276
0 0.5373816785667436 0.03657150583734981 0.01953125 0.029282576866764276
0 0.5786793960008246 0.03387949089989365 0.01953125 0.029282576866764276
0 0.5550807003242069 0.06926025864931763 0.01953125 0.029282576866764276
0 0.5304559744007796 0.05926134602448042 0.01953125 0.029282576866764276
0 0.5163480585071495 0.10002614364881675 0.01953125 0.029282576866764276
0 0.5101918770262927 0.11271707121111016 0.01953125 0.029282576866764276
0 0.4960839611326625 0.09848784939884181 0.01953125 0.029282576866764276
0 0.4742808183879613 0.09233467239894197 0.01953125 0.029282576866764276
0 0.4660725764134856 0.10002614364881675 0.01953125 0.029282576866764276
0 0.43990880511984415 0.09233467239894197 0.01953125 0.029282576866764276
0 0.4129755111410956 0.0915655252739545 0.01953125 0.029282576866764276
0 0.3886072927793708 0.09925699652382929 0.01953125 0.029282576866764276
0 0.36783018028147907 0.12963830796083464 0.01953125 0.029282576866764276
0 0.35474829463465835 0.15617388377290267 0.01953125 0.029282576866764276
0 0.3542352795112536 0.18578604808492055 0.01953125 0.029282576866764276
0 0.3575698778133844 0.2196285215843696 0.01953125 0.029282576866764276
0 0.3716777937070146 0.24424122958396893 0.01953125 0.029282576866764276
0 0.3829641264219187 0.21809022733439462 0.01953125 0.029282576866764276
0 0.3760384222559548 0.19655410783474525 0.01953125 0.029282576866764276
0 0.3837336491070258 0.16194248721030874 0.01953125 0.029282576866764276
0 0.39835458012406066 0.12579257233589725 0.01953125 0.029282576866764276
0 0.40964091283896487 0.15732760446038388 0.01953125 0.029282576866764276
0 0.40964091283896487 0.1804020182100082 0.01953125 0.029282576866764276
0 0.4098974204006672 0.21424449170945722 0.01953125 0.029282576866764276
0 0.40502377672832224 0.24424122958396893 0.01953125 0.029282576866764276
0 0.43221357826877316 0.24385665602147516 0.01953125 0.029282576866764276
0 0.4309310404602613 0.2215513893968383 0.01953125 0.029282576866764276
0 0.43836975974962994 0.19040093083484544 0.01953125 0.029282576866764276
0 0.44221737317516546 0.15617388377290267 0.01953125 0.029282576866764276
0 0.4240053362942974 0.12886916083584718 0.01953125 0.029282576866764276
0 0.4470910168475104 0.12425427808592232 0.01953125 0.029282576866764276
0 0.46479003860497375 0.06733739083684893 0.01953125 0.029282576866764276
0 0.4771024015666874 0.15155900102297779 0.01953125 0.029282576866764276
0 0.4645335310432714 0.18770891589738922 0.01953125 0.029282576866764276
0 0.4578643344390098 0.21616735952192592 0.01953125 0.029282576866764276
0 0.4604294100560335 0.2507789801463625 0.01953125 0.029282576866764276
0 0.48325858304754415 0.25616301002127484 0.01953125 0.029282576866764276
0 0.5240432853582204 0.24770239164641256 0.01953125 0.029282576866764276
0 0.5422553222390886 0.26539277552112456 0.01953125 0.029282576866764276
0 0.5791924111242294 0.23885719970905656 0.01953125 0.029282576866764276
0 0.5835530396731696 0.20539929977210125 0.01953125 0.029282576866764276
0 0.5581587910646353 0.2200130951468633 0.01953125 0.029282576866764276
0 0.5443073827327074 0.2188593744593821 0.01953125 0.029282576866764276
0 0.5107048921496974 0.22501255145928198 0.01953125 0.029282576866764276
0 0.5058312484773524 0.1850169009599331 0.01953125 0.029282576866764276
0 0.5417423071156838 0.15194357458547153 0.01953125 0.029282576866764276
0 0.5473854734731359 0.1830940331474644 0.01953125 0.029282576866764276
0 0.5676495708476228 0.1804020182100082 0.01953125 0.029282576866764276
0 0.5738057523284796 0.15425101596043397 0.01953125 0.029282576866764276
0 0.5863746228518956 0.12579257233589725 0.01953125 0.029282576866764276
0 0.5591848213114448 0.1231005573984411 0.01953125 0.029282576866764276
0 0.574062259890182 0.10117986433629797 0.01953125 0.029282576866764276
0 0.5540546700773974 0.09771870227385432 0.01953125 0.029282576866764276
0 0.4855671511028654 0.2153982123969385 0.01953125 0.029282576866764276
0 0.3472416418357977 0.27613361659415164 0.01953125 0.029282576866764276
0 0.3472416418357977 0.24393128787721016 0.01953125 0.029282576866764276
0 0.38087809917355375 0.27734879880988533 0.01953125 0.029282576866764276
0 0.4068146445906186 0.27734879880988533 0.01953125 0.029282576866764276
0 0.36223620715503835 0.31015871863469363 0.01953125 0.029282576866764276
0 0.3553468122786304 0.3423610473516351 0.01953125 0.029282576866764276
0 0.35088896853507245 0.37820892271577755 0.01953125 0.029282576866764276
0 0.3666940508985963 0.40798088700125174 0.01953125 0.029282576866764276
0 0.3589941389779052 0.4365376690709922 0.01953125 0.029282576866764276
0 0.38087809917355375 0.43775285128672586 0.01953125 0.029282576866764276
0 0.3950621474485111 0.4055505225697844 0.01953125 0.029282576866764276
0 0.40154628380277724 0.3721330116371093 0.01953125 0.029282576866764276
0 0.3739887042971458 0.3423610473516351 0.01953125 0.029282576866764276
0 0.39222533779351965 0.31258908306616096 0.01953125 0.029282576866764276
0 0.4161355905998763 0.3174498119290954 0.01953125 0.029282576866764276
0 0.41005671276775174 0.3399306829201678 0.01953125 0.029282576866764276
0 0.4291038633084088 0.3733481938528429 0.01953125 0.029282576866764276
0 0.42869860478626715 0.40433534035405083 0.01953125 0.029282576866764276
0 0.4363985167069583 0.44079080682606003 0.01953125 0.029282576866764276
0 0.4092461957234685 0.43471489574739175 0.01953125 0.029282576866764276
0 0.4542298916811904 0.40798088700125174 0.01953125 0.029282576866764276
0 0.4615245450797399 0.37760133160791065 0.01953125 0.029282576866764276
0 0.485029539363955 0.40312015813831714 0.01953125 0.029282576866764276
0 0.4712507496111392 0.4310693491001909 0.01953125 0.029282576866764276
0 0.5004293632053373 0.38246206047084524 0.01953125 0.029282576866764276
0 0.5069134995596034 0.33932309181230097 0.01953125 0.029282576866764276
0 0.48665057345252155 0.33750031848870055 0.01953125 0.029282576866764276
0 0.4651718717790147 0.3368927273808337 0.01953125 0.029282576866764276
0 0.47327704222184747 0.30712076309535946 0.01953125 0.029282576866764276
0 0.49191893424036287 0.30772835420322636 0.01953125 0.029282576866764276
0 0.4862453149303799 0.277956389917752 0.01953125 0.029282576866764276
0 0.4554456672476153 0.28463989210428714 0.01953125 0.029282576866764276
0 0.4351827411405334 0.27917157213348576 0.01953125 0.029282576866764276
0 0.4461247212383576 0.3198801763605627 0.01953125 0.029282576866764276
0 0.4384248093176665 0.346006593998836 0.01953125 0.029282576866764276
0 0.6006266046363449 0.0319733055022364 0.01953125 0.029282576866764276
0 0.6385733260246247 0.028454193998869025 0.01953125 0.029282576866764276
0 0.6663487612675923 0.0337328612539201 0.01953125 0.029282576866764276
0 0.6851265203050917 0.035492417005603766 0.01953125 0.029282576866764276
0 0.7129019555480594 0.032559824086130965 0.01953125 0.029282576866764276
0 0.6933417898839976 0.05426101169022972 0.01953125 0.029282576866764276
0 0.6507006287363429 0.05484753027412429 0.01953125 0.029282576866764276
0 0.6100154841550944 0.07068353203927744 0.01953125 0.029282576866764276
0 0.5916289284308764 0.07068353203927744 0.01953125 0.029282576866764276
0 0.5998441980097824 0.09355775681116528 0.01953125 0.029282576866764276
0 0.6284020398793125 0.09003864530779791 0.01953125 0.029282576866764276
0 0.66243672813478 0.08827908955611426 0.01953125 0.029282576866764276
0 0.6855177236183729 0.09414427539505985 0.01953125 0.029282576866764276
0 0.7797977221191505 0.029627231166658163 0.01953125 0.029282576866764276
0 0.7915338215175877 0.02141597099213433 0.01953125 0.029282576866764276
0 0.8345661859785236 0.039598047092865706 0.01953125 0.029282576866764276
0 0.83026294953243 0.05719360460970251 0.01953125 0.029282576866764276
0 0.8373046091714923 0.09649034973063808 0.01953125 0.029282576866764276
0 0.8161796302543055 0.09297123822727071 0.01953125 0.029282576866764276
0 0.783709755251963 0.08945212672390339 0.01953125 0.029282576866764276
0 0.7664968094675886 0.06423182761643727 0.01953125 0.029282576866764276
0 0.624098803433219 0.12405672317368244 0.01953125 0.029282576866764276
0 0.6460061889769682 0.12229716742199877 0.01953125 0.029282576866764276
0 0.6487446121699367 0.14927702228114859 0.01953125 0.029282576866764276
0 0.5963233681902512 0.15514220812009416 0.01953125 0.029282576866764276
0 0.5994529946965012 0.18446813731482226 0.01953125 0.029282576866764276
0 0.6424853591574371 0.18446813731482226 0.01953125 0.029282576866764276
0 0.6334876829519686 0.19150636032155696 0.01953125 0.029282576866764276
0 0.6021914178894697 0.25015821871101307 0.01953125 0.029282576866764276
0 0.6127539073480631 0.21086147359007745 0.01953125 0.029282576866764276
0 0.5646358998144712 0.27420548065069006 0.01953125 0.029282576866764276
0 0.5611150699949401 0.29414711250310505 0.01953125 0.029282576866764276
0 0.5693303395738459 0.29004148241584315 0.01953125 0.029282576866764276
0 0.5290363983058788 0.29649318683868336 0.01953125 0.029282576866764276
0 0.5212123320402541 0.2970797054225779 0.01953125 0.029282576866764276
0 0.6053210443957197 0.32640563461730593 0.01953125 0.029282576866764276
0 0.5912377251175952 0.3727406027449763 0.01953125 0.029282576866764276
0 0.6182307537340004 0.3686349726577143 0.01953125 0.029282576866764276
0 0.6334876829519686 0.36687541690603065 0.01953125 0.029282576866764276
0 0.6405293425910309 0.36746193548992523 0.01953125 0.029282576866764276
0 0.6616543215082176 0.3322708204562515 0.01953125 0.029282576866764276
0 0.6507006287363429 0.33403037620793524 0.01953125 0.029282576866764276
0 0.6526566453027491 0.2994257797581562 0.01953125 0.029282576866764276
0 0.6596983049418115 0.2753785178184791 0.01953125 0.029282576866764276
0 0.6733904209066547 0.2454660700398565 0.01953125 0.029282576866764276
0 0.7015570594629036 0.1879872488181896 0.01953125 0.029282576866764276
0 0.6976450263300912 0.24370651428817286 0.01953125 0.029282576866764276
0 0.6960802130769662 0.27479199923458464 0.01953125 0.029282576866764276
0 0.6729992175933734 0.30763703993267993 0.01953125 0.029282576866764276
0 0.6800408772324356 0.34576074788582645 0.01953125 0.029282576866764276
0 0.6831705037386855 0.36687541690603065 0.01953125 0.029282576866764276
0 0.7113371422949345 0.3762597142483436 0.01953125 0.029282576866764276
0 0.6949066031371226 0.3310977832884624 0.01953125 0.029282576866764276
0 0.7093811257285283 0.33461689479182977 0.01953125 0.029282576866764276
0 0.7082075157886846 0.30646400276489083 0.01953125 0.029282576866764276
0 0.7453718305504018 0.3586641567315068 0.01953125 0.029282576866764276
0 0.780580128745713 0.35925067531540134 0.01953125 0.029282576866764276
0 0.82713332302618 0.36687541690603065 0.01953125 0.029282576866764276
0 0.8357397959183673 0.32757867178509503 0.01953125 0.029282576866764276
0 0.8114851904949306 0.3158483001072038 0.01953125 0.029282576866764276
0 0.7938810413972751 0.33813600629519713 0.01953125 0.029282576866764276
0 0.775494485673057 0.34752030363751013 0.01953125 0.029282576866764276
0 0.7614111663949324 0.29825274259036705 0.01953125 0.029282576866764276
0 0.7418510007308707 0.28886844524805405 0.01953125 0.029282576866764276
0 0.7285500880793087 0.3105696328521528 0.01953125 0.029282576866764276
0 0.7324621212121211 0.2794841479057411 0.01953125 0.029282576866764276
0 0.7301149013324336 0.2495717001271185 0.01953125 0.029282576866764276
0 0.7465454404902455 0.25015821871101307 0.01953125 0.029282576866764276
0 0.7242468516332153 0.18388161873092768 0.01953125 0.029282576866764276
0 0.7531958968160266 0.27772459215405737 0.01953125 0.029282576866764276
0 0.8431726588707107 0.2654077018922716 0.01953125 0.029282576866764276
0 0.8345661859785236 0.26247510897279885 0.01953125 0.029282576866764276
0 0.8024875142894623 0.28007066648963563 0.01953125 0.029282576866764276
0 0.8126588004347743 0.2519177744626967 0.01953125 0.029282576866764276
0 0.7684528260339948 0.2630616275566933 0.01953125 0.029282576866764276
0 0.7762768922996195 0.2220053266840741 0.01953125 0.029282576866764276
0 0.8126588004347743 0.23256266119417623 0.01953125 0.029282576866764276
0 0.8376958124847735 0.230216586858598 0.01953125 0.029282576866764276
0 0.8490407085699293 0.24781214437543478 0.01953125 0.029282576866764276
0 0.8419990489308671 0.18740073023429504 0.01953125 0.029282576866764276
0 0.8110939871816494 0.18622769306650594 0.01953125 0.029282576866764276
0 0.8040523275425873 0.19033332315376783 0.01953125 0.029282576866764276
0 0.7934898380839939 0.20968843642228832 0.01953125 0.029282576866764276
0 0.7574991332621202 0.22083228951628506 0.01953125 0.029282576866764276
0 0.7786241121793068 0.1832951001470331 0.01953125 0.029282576866764276
0 0.8369134058582111 0.18446813731482226 0.01953125 0.029282576866764276
0 0.8345661859785236 0.15748828245567245 0.01953125 0.029282576866764276
0 0.8075731573621183 0.14869050369725398 0.01953125 0.029282576866764276
0 0.783709755251963 0.14693094794557035 0.01953125 0.029282576866764276
0 0.7441982206105582 0.14927702228114859 0.01953125 0.029282576866764276
0 0.7340269344652461 0.12522976034147157 0.01953125 0.029282576866764276
0 0.7555431166957141 0.12698931609315528 0.01953125 0.029282576866764276
0 0.7723648591668072 0.12816235326094438 0.01953125 0.029282576866764276
0 0.7927074314574314 0.12405672317368244 0.01953125 0.029282576866764276
0 0.8146148170011805 0.13637361343546822 0.01953125 0.029282576866764276
0 0.8259597130863364 0.1352005762676791 0.01953125 0.029282576866764276
0 0.622533990180094 0.33813600629519713 0.01953125 0.029282576866764276
0 0.6754635642135642 0.005887276868243332 0.01953125 0.029282576866764276
0 0.75122113997114 0.009132445559971235 0.01953125 0.029282576866764276
0 0.6137752525252526 0.009132445559971235 0.01953125 0.029282576866764276
0 0.8594462481962483 0.009132445559971235 0.01953125 0.029282576866764276
0 0.7220003607503607 0.0010195238306512837 0.01953125 0.029282576866764276
0 0.6895328282828284 0.004264692522379379 0.01953125 0.029282576866764276
0 0.6473250360750361 0.004264692522379379 0.01953125 0.029282576866764276
0 0.8085804473304473 0.004264692522379379 0.01953125 0.029282576866764276
0 0.8919137806637807 0.004264692522379379 0.01953125 0.029282576866764276
0 0.9525198412698415 0.004264692522379379 0.01953125 0.029282576866764276
0 0.947108585858586 0.022113120326883236 0.01953125 0.029282576866764276
0 0.9243813131313133 0.028603457710339238 0.01953125 0.029282576866764276
0 0.9806583694083697 0.03184862640206714 0.01953125 0.029282576866764276
0 0.9968921356421359 0.009132445559971235 0.01953125 0.029282576866764276
0 0.9936453823953826 0.095129415890763 0.01953125 0.029282576866764276
0 0.9568488455988458 0.04645188551484309 0.01953125 0.029282576866764276
0 0.9611778499278502 0.07728098808625895 0.01953125 0.029282576866764276
0 0.9341215728715729 0.088639078507307 0.01953125 0.029282576866764276
0 0.9027362914862918 0.04969705420657119 0.01953125 0.029282576866764276
0 0.8583639971139974 0.044829301168979145 0.01953125 0.029282576866764276
0 0.8778445165945168 0.04969705420657119 0.01953125 0.029282576866764276
0 0.9135412332977269 0.10957726513924353 0.01953125 0.029282576866764276
0 0.854319610764416 0.11990807001664383 0.01953125 0.029282576866764276
0 0.86176887146043 0.1436410001404013 0.01953125 0.029282576866764276
0 0.8841166535484717 0.13666072657459025 0.01953125 0.029282576866764276
0 0.9167071690935327 0.14001125788617955 0.01953125 0.029282576866764276
0 0.9802121165270515 0.1436410001404013 0.01953125 0.029282576866764276
0 0.9790947274226495 0.1749126257152346 0.01953125 0.029282576866764276
0 0.9990214997844868 0.17798394608419144 0.01953125 0.029282576866764276
0 0.9720179297614363 0.20283371997847868 0.01953125 0.029282576866764276
0 0.9470629064297895 0.18468500870737004 0.01953125 0.029282576866764276
0 0.9241564297895467 0.1858018524778998 0.01953125 0.029282576866764276
0 0.8673558169824405 0.1838473758794727 0.01953125 0.029282576866764276
0 0.8828130329266693 0.17993842268261856 0.01953125 0.029282576866764276
0 0.9012499531493039 0.19194449321581344 0.01953125 0.029282576866764276
0 0.9185694842675363 0.22070322030695483 0.01953125 0.029282576866764276
0 0.9316056904855606 0.23410534555331197 0.01953125 0.029282576866764276
0 0.9427795815295815 0.21846953276589534 0.01953125 0.029282576866764276
0 0.9561882507824067 0.21400215768377628 0.01953125 0.029282576866764276
0 0.9546983986432038 0.23047560329909028 0.01953125 0.029282576866764276
0 0.9872889141882648 0.24834510362756648 0.01953125 0.029282576866764276
0 0.9662447527220254 0.2631432835870858 0.01953125 0.029282576866764276
0 0.9377513305597721 0.2681690805544697 0.01953125 0.029282576866764276
0 0.9047883519799105 0.23605982215173904 0.01953125 0.029282576866764276
0 0.8798333286482638 0.23326771272541463 0.01953125 0.029282576866764276
0 0.8852340426528739 0.217631899937998 0.01953125 0.029282576866764276
0 0.8653072702910366 0.2134437357985114 0.01953125 0.029282576866764276
0 0.8872825893442777 0.27012355715289676 0.01953125 0.029282576866764276
0 0.9483665270515921 0.15453022690306645 0.01953125 0.029282576866764276
0 0.8429594882029947 0.2167942671101007 0.01953125 0.029282576866764276
0 0.9730826118326119 0.28821695304857825 0.01953125 0.029282576866764276
0 0.972000360750361 0.31093313389067423 0.01953125 0.029282576866764276
0 0.9112888860778471 0.27293849514685775 0.01953125 0.029282576866764276
0 0.9160149500571579 0.2937230279581632 0.01953125 0.029282576866764276
0 0.9412206246134819 0.34426723274929244 0.01953125 0.029282576866764276
0 0.8829325022019827 0.301281039889547 0.01953125 0.029282576866764276
0 0.8558364020539344 0.29325065221245167 0.01953125 0.029282576866764276
0 0.871589948651637 0.33434734208935124 0.01953125 0.029282576866764276
0 0.8870284243173855 0.3636346383234635 0.01953125 0.029282576866764276
0 0.852685692734394 0.3636346383234635 0.01953125 0.029282576866764276
0 0.9588645968029087 0.4066208311832089 0.01953125 0.029282576866764276
0 0.9298780710631361 0.40425895245465143 0.01953125 0.029282576866764276
0 0.999508747024981 0.4099274614031893 0.01953125 0.029282576866764276
0 0.9780839236521056 0.43543575167160964 0.01953125 0.029282576866764276
0 0.9768236399242894 0.46614017514285644 0.01953125 0.029282576866764276
0 0.954453603755552 0.4685020538714139 0.01953125 0.029282576866764276
0 0.9254670780157794 0.4685020538714139 0.01953125 0.029282576866764276
0 0.9182204465808363 0.4297672427230718 0.01953125 0.029282576866764276
0 0.9446864048649765 0.4189026005717076 0.01953125 0.029282576866764276
0 0.9002614034594555 0.4108722128946123 0.01953125 0.029282576866764276
0 0.8876585661812935 0.46614017514285644 0.01953125 0.029282576866764276
0 0.8734803742433612 0.4004799464889595 0.01953125 0.029282576866764276
0 0.8485897706189914 0.4052037039460744 0.01953125 0.029282576866764276
0 0.820233386743127 0.4085103341660548 0.01953125 0.029282576866764276
0 0.8243293088585296 0.45385840575435776 0.01953125 0.029282576866764276
0 0.801329130825884 0.4340186244344753 0.01953125 0.029282576866764276
0 0.7884112226157679 0.40000757074324805 0.01953125 0.029282576866764276
0 0.7729727469500195 0.44488326658583943 0.01953125 0.029282576866764276
0 0.7606849806038116 0.4604716661943186 0.01953125 0.029282576866764276
0 0.7291778874084067 0.4500793997886658 0.01953125 0.029282576866764276
0 0.7398902990948443 0.4330738729430523 0.01953125 0.029282576866764276
0 0.7461917177339253 0.3967009405232677 0.01953125 0.029282576866764276
0 0.7546986328966846 0.40189707372609396 0.01953125 0.029282576866764276
0 0.7137394117426582 0.41323409162316976 0.01953125 0.029282576866764276
0 0.5280759590337513 0.37126552606691793 0.01953125 0.029282576866764276
0 0.5747837606116827 0.3971355613301954 0.01953125 0.029282576866764276
0 0.5503886030996421 0.41899128077675746 0.01953125 0.029282576866764276
0 0.5173658898821236 0.3944593507857184 0.01953125 0.029282576866764276
0 0.4902932150821761 0.4662710003958507 0.01953125 0.029282576866764276
0 0.4620305325987144 0.46448686003286604 0.01953125 0.029282576866764276
0 0.4376353750866737 0.4586884038531659 0.01953125 0.029282576866764276
0 0.44775044039654427 0.5037379480185283 0.01953125 0.029282576866764276
0 0.4810706555349412 0.505522088381513 0.01953125 0.029282576866764276
0 0.44358541350424463 0.5313921236447905 0.01953125 0.029282576866764276
0 0.4358503635614025 0.5438811061856831 0.01953125 0.029282576866764276
0 0.4566754980229006 0.5804559836268685 0.01953125 0.029282576866764276
0 0.4810706555349412 0.5889306503510456 0.01953125 0.029282576866764276
0 0.4992182727085325 0.5594923343617987 0.01953125 0.029282576866764276
0 0.5242084340623302 0.5501255974561294 0.01953125 0.029282576866764276
0 0.5286709628755083 0.532730228917029 0.01953125 0.029282576866764276
0 0.5560411395963344 0.5006157023833052 0.01953125 0.029282576866764276
0 0.5724037452446544 0.4346025089528731 0.01953125 0.029282576866764276
0 0.5920388720226384 0.3975815964209416 0.01953125 0.029282576866764276
0 0.6140540141676507 0.3913371051504953 0.01953125 0.029282576866764276
0 0.6384491716796912 0.3971355613301954 0.01953125 0.029282576866764276
0 0.6551092792488897 0.4163150702322804 0.01953125 0.029282576866764276
0 0.6815869502070802 0.42523577204720364 0.01953125 0.029282576866764276
0 0.6845619694158657 0.4065022982358648 0.01953125 0.029282576866764276
0 0.6441017081763836 0.4631487547606275 0.01953125 0.029282576866764276
0 0.624169079477521 0.4350485440436193 0.01953125 0.029282576866764276
0 0.6036414469369015 0.42255956150272667 0.01953125 0.029282576866764276
0 0.6042364507786586 0.46002650912540444 0.01953125 0.029282576866764276
0 0.5920388720226384 0.5090903691074824 0.01953125 0.029282576866764276
0 0.5768662740578325 0.518903141103898 0.01953125 0.029282576866764276
0 0.5691312241149904 0.5296079832818059 0.01953125 0.029282576866764276
0 0.5721062433237758 0.5666288958137374 0.01953125 0.029282576866764276
0 0.5393810320271359 0.5661828607229913 0.01953125 0.029282576866764276
0 0.5515786107831562 0.5697511414489604 0.01953125 0.029282576866764276
0 0.5872788412885817 0.5661828607229913 0.01953125 0.029282576866764276
0 0.6075089719083225 0.5336222990985213 0.01953125 0.029282576866764276
0 0.624169079477521 0.49749345674808215 0.01953125 0.029282576866764276
0 0.6446967120181407 0.49437121111285903 0.01953125 0.029282576866764276
0 0.6687943676093028 0.49347914093136663 0.01953125 0.029282576866764276
0 0.6720668887389667 0.4716234214848047 0.01953125 0.029282576866764276
0 0.6872394867037726 0.46002650912540444 0.01953125 0.029282576866764276
0 0.6857519770993799 0.5019538076555438 0.01953125 0.029282576866764276
0 0.6765294175521449 0.5313921236447905 0.01953125 0.029282576866764276
0 0.6961645443301288 0.5305000534632982 0.01953125 0.029282576866764276
0 0.6997345673806714 0.5608304396340372 0.01953125 0.029282576866764276
0 0.6693893714510598 0.562614579997022 0.01953125 0.029282576866764276
0 0.643209202413748 0.5701971765397067 0.01953125 0.029282576866764276
0 0.617624037218193 0.5755495976286606 0.01953125 0.029282576866764276
0 0.3454542877757164 0.4696250437947686 0.01953125 0.029282576866764276
0 0.37121748561683626 0.46099584522812825 0.01953125 0.029282576866764276
0 0.40328444463184726 0.47126870066460486 0.01953125 0.029282576866764276
0 0.4150697372612957 0.5004436101041984 0.01953125 0.029282576866764276
0 0.38464723768295206 0.5004436101041984 0.01953125 0.029282576866764276
0 0.3528543552407189 0.4979781247994439 0.01953125 0.029282576866764276
0 0.36052849927849934 0.5378368038929732 0.01953125 0.029282576866764276
0 0.3429875986207155 0.5493424019818269 0.01953125 0.029282576866764276
0 0.3421653689023819 0.5924883948150286 0.01953125 0.029282576866764276
0 0.34983951294016236 0.5998848507292918 0.01953125 0.029282576866764276
0 0.3624470352879444 0.5760518261166662 0.01953125 0.029282576866764276
0 0.348469130076273 0.6413871866926573 0.01953125 0.029282576866764276
0 0.3558691975412755 0.6689184392624146 0.01953125 0.029282576866764276
0 0.3306541528457113 0.6845331795258589 0.01953125 0.029282576866764276
0 0.37669901707239367 0.6413871866926573 0.01953125 0.029282576866764276
0 0.38875838627462006 0.5674226275500258 0.01953125 0.029282576866764276
0 0.38437316111017417 0.5476987451119907 0.01953125 0.029282576866764276
0 0.2868019012012519 0.665631125522742 0.01953125 0.029282576866764276
0 0.40492890406851456 0.5452332598072364 0.01953125 0.029282576866764276
0 0.42959579561852296 0.5390695465453504 0.01953125 0.029282576866764276
0 0.4169882732707409 0.5859137673356837 0.01953125 0.029282576866764276
0 0.44028478195685994 0.6393326156053619 0.01953125 0.029282576866764276
0 0.4652257500796463 0.6450854146497889 0.01953125 0.029282576866764276
0 0.4863296461835424 0.6220742184720812 0.01953125 0.029282576866764276
0 0.5233299835085551 0.6479618141720023 0.01953125 0.029282576866764276
0 0.5033223936957704 0.5904338237277333 0.01953125 0.029282576866764276
0 0.501952010831881 0.6697402676973326 0.01953125 0.029282576866764276
0 0.4715295112535373 0.6771367236115957 0.01953125 0.029282576866764276
0 0.49044079477521046 0.6943951207448763 0.01953125 0.029282576866764276
0 0.46092017109874256 0.5513495598901847 0.01953125 0.029282576866764276
0 0.5711598592605085 0.628510118501942 0.01953125 0.029282576866764276
0 0.5577605601469237 0.6120735498035795 0.01953125 0.029282576866764276
0 0.5337027276475328 0.5951804097524848 0.01953125 0.029282576866764276
0 0.5416204953055601 0.6317061179710681 0.01953125 0.029282576866764276
0 0.5343117866981503 0.681472395418888 0.01953125 0.029282576866764276
0 0.5504518515395138 0.6591003991350057 0.01953125 0.029282576866764276
0 0.5796866859691534 0.670514682953313 0.01953125 0.029282576866764276
0 0.6037445184685443 0.629879832560139 0.01953125 0.029282576866764276
0 0.5888225717284157 0.6088775503344536 0.01953125 0.029282576866764276
0 0.6058762251457054 0.5983764092216107 0.01953125 0.029282576866764276
0 0.6390699434043589 0.6056815508653275 0.01953125 0.029282576866764276
0 0.63632917767658 0.6303364039128714 0.01953125 0.029282576866764276
0 0.6235389376136128 0.681472395418888 0.01953125 0.029282576866764276
0 0.29880739210284674 0.708226598667168 0.01953125 0.029282576866764276
0 0.2974627771218681 0.7424975468207198 0.01953125 0.029282576866764276
0 0.3048581595172505 0.7566091137074762 0.01953125 0.029282576866764276
0 0.29712662337662343 0.8216231182928904 0.01953125 0.029282576866764276
0 0.30216892955529323 0.8700056333331986 0.01953125 0.029282576866764276
0 0.3189766168175259 0.9360276069819524 0.01953125 0.029282576866764276
0 0.33847353404171593 0.8745414941182273 0.01953125 0.029282576866764276
0 0.33275892037255683 0.8488382830030639 0.01953125 0.029282576866764276
0 0.3233466155057065 0.8301908553312783 0.01953125 0.029282576866764276
0 0.35696199003017187 0.7228421500855945 0.01953125 0.029282576866764276
0 0.346205070182343 0.7137704285155368 0.01953125 0.029282576866764276
0 0.3714166010756921 0.7102425367938475 0.01953125 0.029282576866764276
0 0.3841904433949889 0.7223381655539246 0.01953125 0.029282576866764276
0 0.41041043552407197 0.7399776241623703 0.01953125 0.029282576866764276
0 0.4194865866456776 0.7097385522621777 0.01953125 0.029282576866764276
0 0.4379750426341336 0.7384656705673607 0.01953125 0.029282576866764276
0 0.43663042765315496 0.7223381655539246 0.01953125 0.029282576866764276
0 0.3744419847828939 0.8407745304963458 0.01953125 0.029282576866764276
0 0.3556173750491933 0.8306948398629482 0.01953125 0.029282576866764276
0 0.3690635248589794 0.8745414941182273 0.01953125 0.029282576866764276
0 0.3720889085661814 0.9743304313888631 0.01953125 0.029282576866764276
0 0.4305796602387512 0.9506431584003788 0.01953125 0.029282576866764276
0 0.4275542765315493 0.9314917461969237 0.01953125 0.029282576866764276
0 0.444361963793782 0.9199001019685165 0.01953125 0.029282576866764276
0 0.4789857995539814 0.9632427716921259 0.01953125 0.029282576866764276
0 0.3969642857142858 0.8836132156882853 0.01953125 0.029282576866764276
0 0.4060404368358914 0.8826052466249457 0.01953125 0.029282576866764276
0 0.42217581660763487 0.8805893084982661 0.01953125 0.029282576866764276
0 0.42990735274826186 0.8513582056614132 0.01953125 0.029282576866764276
0 0.42284812409812417 0.8322067934579578 0.01953125 0.029282576866764276
0 0.4083935130526041 0.8367426542429867 0.01953125 0.029282576866764276
0 0.4574719598583235 0.7036907378821392 0.01953125 0.029282576866764276
0 0.4641950347632166 0.733425825250662 0.01953125 0.029282576866764276
0 0.5243665551620097 0.7097385522621777 0.01953125 0.029282576866764276
0 0.5310896300669028 0.8075115514061338 0.01953125 0.029282576866764276
0 0.5001634855043946 0.8155753039128519 0.01953125 0.029282576866764276
0 0.4984827167781713 0.839262576901336 0.01953125 0.029282576866764276
0 0.490078873147055 0.8533741437880926 0.01953125 0.029282576866764276
0 0.4712542634133543 0.8629498498898204 0.01953125 0.029282576866764276
0 0.45579119113210026 0.8558940664464421 0.01953125 0.029282576866764276
0 0.4490681162272072 0.8332147625212976 0.01953125 0.029282576866764276
0 0.462850419782238 0.8206151492295506 0.01953125 0.029282576866764276
0 0.470581955922865 0.8226310873562301 0.01953125 0.029282576866764276
0 0.4766327233372688 0.8826052466249457 0.01953125 0.029282576866764276
0 0.4574719598583235 0.8790773549032566 0.01953125 0.029282576866764276
0 0.5388211662075298 0.9153642411834875 0.01953125 0.029282576866764276
0 0.5102480978617342 0.8730295405232178 0.01953125 0.029282576866764276
0 0.528064246359701 0.8579100045731215 0.01953125 0.029282576866764276
0 0.5213411714548079 0.8412785150280156 0.01953125 0.029282576866764276
0 0.5331065525383706 0.8372466387746565 0.01953125 0.029282576866764276
0 0.5569734684507412 0.7142744130472067 0.01953125 0.029282576866764276
0 0.996416601075692 0.5328355915368901 0.01953125 0.029282576866764276
0 0.9794004282153633 0.5439970050675303 0.01953125 0.029282576866764276
0 0.9873767592436424 0.5647253444815764 0.01953125 0.029282576866764276
0 0.9671700539720021 0.5846564400720055 0.01953125 0.029282576866764276
0 0.9602572337474935 0.572697782717748 0.01953125 0.029282576866764276
0 0.9549396797286408 0.5416052735966789 0.01953125 0.029282576866764276
0 0.9384552622701975 0.5057293015339067 0.01953125 0.029282576866764276
0 0.9129310029797044 0.501743082415821 0.01953125 0.029282576866764276
0 0.9097404705683928 0.5176879588881641 0.01953125 0.029282576866764276
0 0.8991053625306874 0.5782784894830683 0.01953125 0.029282576866764276
0 0.8948513193156052 0.6021958041915828 0.01953125 0.029282576866764276
0 0.9044229165495401 0.6476387021377609 0.01953125 0.029282576866764276
0 0.8953830747174905 0.6468414583141437 0.01953125 0.029282576866764276
0 0.8975100963250315 0.6954733315547903 0.01953125 0.029282576866764276
0 0.9038911611476548 0.6771367236115957 0.01953125 0.029282576866764276
0 0.9203755786060982 0.6914871124367046 0.01953125 0.029282576866764276
0 0.9262248880268362 0.7233768653813908 0.01953125 0.029282576866764276
0 0.9182485569985571 0.7233768653813908 0.01953125 0.029282576866764276
0 0.8975100963250315 0.7385244980301168 0.01953125 0.029282576866764276
0 0.9730193633927401 0.8469496580420502 0.01953125 0.029282576866764276
0 0.9469633487003618 0.860502803043542 0.01953125 0.029282576866764276
0 0.9272883988306068 0.8333965130405586 0.01953125 0.029282576866764276
0 0.9235661110174098 0.8541248524546048 0.01953125 0.029282576866764276
0 0.9177168015966719 0.8676779974560965 0.01953125 0.029282576866764276
0 0.8905972761005231 0.8652862659852449 0.01953125 0.029282576866764276
0 0.8815574342684732 0.8517331209837532 0.01953125 0.029282576866764276
0 0.8687953046232266 0.8644890221616278 0.01953125 0.029282576866764276
0 0.8661365276138003 0.850138633336519 0.01953125 0.029282576866764276
0 0.8783669018571615 0.6037902918388172 0.01953125 0.029282576866764276
0 0.8757081248477352 0.5384162983022102 0.01953125 0.029282576866764276
0 0.8804939234647027 0.49217615653241514 0.01953125 0.029282576866764276
0 0.8666682830156855 0.4857982059434779 0.01953125 0.029282576866764276
0 0.8570966857817507 0.5647253444815764 0.01953125 0.029282576866764276
0 0.8539061533704391 0.5009458385922038 0.01953125 0.029282576866764276
0 0.8241278508648638 0.4977568632977352 0.01953125 0.029282576866764276
0 0.7954130591630593 0.466664354176666 0.01953125 0.029282576866764276
0 0.7837144403215831 0.4993513509449695 0.01953125 0.029282576866764276
0 0.7954130591630593 0.5200796903590156 0.01953125 0.029282576866764276
0 0.8198738076497817 0.5360245668313587 0.01953125 0.029282576866764276
0 0.8177467860422406 0.5583473938926392 0.01953125 0.029282576866764276
0 0.828381894079946 0.6029930480152 0.01953125 0.029282576866764276
0 0.8384852467157662 0.6619890909628696 0.01953125 0.029282576866764276
0 0.848056843949701 0.6803256989060644 0.01953125 0.029282576866764276
0 0.8672000384175709 0.6508276774322295 0.01953125 0.029282576866764276
0 0.8602872181930623 0.648435945961378 0.01953125 0.029282576866764276
0 0.8762398802496204 0.6755422359643615 0.01953125 0.029282576866764276
0 0.8618824843987182 0.7273630844994765 0.01953125 0.029282576866764276
0 0.8725175924364236 0.713809939497985 0.01953125 0.029282576866764276
0 0.8512473763610127 0.7265658406758594 0.01953125 0.029282576866764276
0 0.8336994480987988 0.713809939497985 0.01953125 0.029282576866764276
0 0.8198738076497817 0.6898926247894702 0.01953125 0.029282576866764276
0 0.8246596062667492 0.7560638621496943 0.01953125 0.029282576866764276
0 0.8076434334064205 0.7369300103828824 0.01953125 0.029282576866764276
0 0.7922225267517476 0.7337410350884138 0.01953125 0.029282576866764276
0 0.7773333754989599 0.7193906462633051 0.01953125 0.029282576866764276
0 0.761912468844287 0.7146071833216021 0.01953125 0.029282576866764276
0 0.7448962959839583 0.7313493036175623 0.01953125 0.029282576866764276
0 0.5630359485391953 0.8294102939224729 0.01953125 0.029282576866764276
0 0.5678217471561626 0.846152414218433 0.01953125 0.029282576866764276
0 0.5752663227825565 0.8628945345143936 0.01953125 0.029282576866764276
0 0.5837744092127208 0.854922096278222 0.01953125 0.029282576866764276
0 0.6305688845786248 0.860502803043542 0.01953125 0.029282576866764276
0 0.6656647411030528 0.8676779974560965 0.01953125 0.029282576866764276
0 0.6592836762804294 0.8533276086309877 0.01953125 0.029282576866764276
0 0.6996970868237101 0.8373827321586444 0.01953125 0.029282576866764276
0 0.7613807134424018 0.8676779974560965 0.01953125 0.029282576866764276
0 0.7597854472367459 0.855719340101839 0.01953125 0.029282576866764276
0 0.781587418714042 0.8613000468671592 0.01953125 0.029282576866764276
0 0.7193720366934652 0.7217823777341564 0.01953125 0.029282576866764276
0 0.8012623685837972 0.6699615291990413 0.01953125 0.029282576866764276
0 0.8118974766215027 0.6524221650794638 0.01953125 0.029282576866764276
0 0.8161515198365848 0.6133572177222231 0.01953125 0.029282576866764276
0 0.7948813037611739 0.5647253444815764 0.01953125 0.029282576866764276
0 0.7651030012555986 0.567914319776045 0.01953125 0.029282576866764276
0 0.7603172026386312 0.6117627300749887 0.01953125 0.029282576866764276
0 0.7885002389385507 0.6133572177222231 0.01953125 0.029282576866764276
0 0.7906272605460918 0.648435945961378 0.01953125 0.029282576866764276
0 0.773611087685763 0.6755422359643615 0.01953125 0.029282576866764276
0 0.7464915621896142 0.4850009621198607 0.01953125 0.029282576866764276
0 0.7156497488802683 0.48818993741432937 0.01953125 0.029282576866764276
0 0.7278801231236297 0.5806702209539196 0.01953125 0.029282576866764276
0 0.7385152311613351 0.6133572177222231 0.01953125 0.029282576866764276
0 0.7331976771424824 0.6396662639015892 0.01953125 0.029282576866764276
0 0.7369199649556792 0.6548138965503152 0.01953125 0.029282576866764276
0 0.7534043824141227 0.6452469706669094 0.01953125 0.029282576866764276
0 0.7108639502633008 0.6675697977281898 0.01953125 0.029282576866764276
0 0.7034193746369071 0.6356800447835034 0.01953125 0.029282576866764276
0 0.7167132596840389 0.6006013165443486 0.01953125 0.029282576866764276
0 0.6826809139633815 0.67315050449351 0.01953125 0.029282576866764276
0 0.6794903815520699 0.6396662639015892 0.01953125 0.029282576866764276
0 0.6906572449916606 0.6029930480152 0.01953125 0.029282576866764276
0 0.6630059640936264 0.7249713530286251 0.01953125 0.029282576866764276
0 0.6927842665992017 0.7249713530286251 0.01953125 0.029282576866764276
0 0.6412039926163302 0.7201878900869222 0.01953125 0.029282576866764276
0 0.6475850574389534 0.6755422359643615 0.01953125 0.029282576866764276
0 0.664069474897397 0.5950206097790285 0.01953125 0.029282576866764276
0 0.7438327851801878 0.5408080297730616 0.01953125 0.029282576866764276
0 0.6103621793069844 0.7177961586160707 0.01953125 0.029282576866764276
0 0.5864331862221471 0.7082292327326648 0.01953125 0.029282576866764276
0 0.996906190850996 0.9098142651822938 0.01953125 0.029282576866764276
0 0.9639326708644891 0.905452252720036 0.01953125 0.029282576866764276
0 0.9552043861621784 0.9078755929768461 0.01953125 0.029282576866764276
0 0.94098051479545 0.9607044105753011 0.01953125 0.029282576866764276
0 0.9122095022582036 0.9020595763605024 0.01953125 0.029282576866764276
0 0.9238472151946178 0.8952742236414347 0.01953125 0.029282576866764276
0 0.9364547375423999 0.8836421904087475 0.01953125 0.029282576866764276
0 0.9118862324544142 0.8792801779464897 0.01953125 0.029282576866764276
0 0.8811756010944323 0.9156302817986376 0.01953125 0.029282576866764276
0 0.8656586505125466 0.9073909249254842 0.01953125 0.029282576866764276
0 0.876326554037593 0.8792801779464897 0.01953125 0.029282576866764276
0 0.850141699930661 0.8768568376896798 0.01953125 0.029282576866764276
0 0.8423832246397182 0.9253236428258769 0.01953125 0.029282576866764276
0 0.8646888411011788 0.9859071492461235 0.01953125 0.029282576866764276
0 0.8132889422986825 0.9607044105753011 0.01953125 0.029282576866764276
0 0.8158751007289969 0.9078755929768461 0.01953125 0.029282576866764276
0 0.8090864348494219 0.8802495140492136 0.01953125 0.029282576866764276
0 0.7861342787803828 0.8836421904087475 0.01953125 0.029282576866764276
0 0.767061360356815 0.9922078339138294 0.01953125 0.029282576866764276
0 0.7237432066490509 0.8807341821005757 0.01953125 0.029282576866764276
0 0.662364109555668 0.9755816124997164 0.01953125 0.029282576866764276
0 0.6608836275557054 0.9034433387680141 0.01953125 0.029282576866764276
0 0.7001164005547121 0.8707036606897801 0.01953125 0.029282576866764276
0 0.6853115805550869 0.8901255036175458 0.01953125 0.029282576866764276
0 0.604255191057139 0.9212004523019716 0.01953125 0.029282576866764276
0 0.5957424195573546 0.8845764056381842 0.01953125 0.029282576866764276
0 0.6135082035569048 0.8762527586691417 0.01953125 0.029282576866764276
0 0.6257221800565955 0.8734782096794608 0.01953125 0.029282576866764276
0 0.4662002445606341 0.9877896280543121 0.01953125 0.029282576866764276
0 0.43436988156143985 0.9950034554274825 0.01953125 0.029282576866764276
0 0.31507395382395387 0.9924185591535517 0.01953125 0.029282576866764276
0 0.3500690813515489 0.06525999118191708 0.01953125 0.029282576866764276
0 0.350699223215457 0.10352242658454756 0.01953125 0.029282576866764276
0 0.5113268351417701 0.27380334665155265 0.01953125 0.029282576866764276
