0 0.1578366750031794 0.8424621677758468 0.03225806451612903 0.03225806451612903
0 0.35757386291382337 0.9160495527955578 0.03225806451612903 0.03225806451612903
0 0.2761021152134291 0.8963386460938494 0.03225806451612903 0.03225806451612903
0 0.23273812046967085 0.7583622991818915 0.03225806451612903 0.03225806451612903
0 0.17623352125810715 0.6834608537154 0.03225806451612903 0.03225806451612903
0 0.1039601966851767 0.6650640074604723 0.03225806451612903 0.03225806451612903
0 0.09738989445127393 0.5796500784197364 0.03225806451612903 0.03225806451612903
0 0.01460408630409921 0.6164437709295918 0.03225806451612903 0.03225806451612903
0 0.05008371836717409 0.43773155016743664 0.03225806451612903 0.03225806451612903
0 0.12629922428044613 0.5008064516129033 0.03225806451612903 0.03225806451612903
0 0.09344771311093233 0.5086908142935865 0.03225806451612903 0.03225806451612903
0 0.25113496672459856 0.6046172269085669 0.03225806451612903 0.03225806451612903
0 0.26033338985206245 0.4810955449111949 0.03225806451612903 0.03225806451612903
0 0.12498516383366552 0.37597070916875075 0.03225806451612903 0.03225806451612903
0 0.07899304819634628 0.37465664872197024 0.03225806451612903 0.03225806451612903
0 0.02643063032512417 0.3510035606799203 0.03225806451612903 0.03225806451612903
0 0.09738989445127393 0.29712708236191765 0.03225806451612903 0.03225806451612903
0 0.09870395489805452 0.21696939510830393 0.03225806451612903 0.03225806451612903
0 0.0487696579203935 0.23142406002288998 0.03225806451612903 0.03225806451612903
0 0.008033784070196434 0.1578366750031791 0.03225806451612903 0.03225806451612903
0 0.04219935568649081 0.12761328472722636 0.03225806451612903 0.03225806451612903
0 0.08030710864312678 0.11053049891907911 0.03225806451612903 0.03225806451612903
0 0.05796808104785736 0.06848056462210146 0.03225806451612903 0.03225806451612903
0 0.10790237802551839 0.07636492730278482 0.03225806451612903 0.03225806451612903
0 0.12761328472722672 0.01197596541053775 0.03225806451612903 0.03225806451612903
0 0.14469607053537387 0.10790237802551811 0.03225806451612903 0.03225806451612903
0 0.17360540036454597 0.10921643847229862 0.03225806451612903 0.03225806451612903
0 0.22485375778898756 0.18280382349200955 0.03225806451612903 0.03225806451612903
0 0.1578366750031794 0.23273812046967057 0.03225806451612903 0.03225806451612903
0 0.20251473019371816 0.3010692637022594 0.03225806451612903 0.03225806451612903
0 0.23010999957610975 0.3877972531897757 0.03225806451612903 0.03225806451612903
0 0.2747880547666485 0.35757386291382304 0.03225806451612903 0.03225806451612903
0 0.34968950023314 0.30632550548938153 0.03225806451612903 0.03225806451612903
0 0.3602019838073844 0.26427557119240386 0.03225806451612903 0.03225806451612903
0 0.23799436225679302 0.281358357000551 0.03225806451612903 0.03225806451612903
0 0.2669036920859652 0.14601013098215407 0.03225806451612903 0.03225806451612903
0 0.2524490271713792 0.11315861981264029 0.03225806451612903 0.03225806451612903
0 0.22485375778898756 0.08030710864312651 0.03225806451612903 0.03225806451612903
0 0.23010999957610975 0.03562905345258767 0.03225806451612903 0.03225806451612903
0 0.20382879064049872 0.04614153702683221 0.03225806451612903 0.03225806451612903
0 0.3063255054893818 0.08424928998346817 0.03225806451612903 0.03225806451612903
0 0.40488003899792324 0.647981221652325 0.03225806451612903 0.03225806451612903
0 0.3864831927429955 0.8030403543724303 0.03225806451612903 0.03225806451612903
0 0.44824403374168137 0.7846435081175025 0.03225806451612903 0.03225806451612903
0 0.46007057776270643 0.712370183544572 0.03225806451612903 0.03225806451612903
0 0.48635178669831736 0.9567854266457547 0.03225806451612903 0.03225806451612903
0 0.5704516552922728 0.8621730744775551 0.03225806451612903 0.03225806451612903
0 0.6716343096943752 0.8253793819676996 0.03225806451612903 0.03225806451612903
0 0.7688747827561361 0.8910824043067271 0.03225806451612903 0.03225806451612903
0 0.7478498156076473 0.9751822729006825 0.03225806451612903 0.03225806451612903
0 0.8976527065406302 0.9502151244118521 0.03225806451612903 0.03225806451612903
0 0.8739996184985803 0.8161809588402357 0.03225806451612903 0.03225806451612903
0 0.8464043491161887 0.5205173583146114 0.03225806451612903 0.03225806451612903
0 0.9357604594972664 0.5231454792081726 0.03225806451612903 0.03225806451612903
0 0.9199917341358996 0.431161247933534 0.03225806451612903 0.03225806451612903
0 0.716312364884914 0.4810955449111949 0.03225806451612903 0.03225806451612903
0 0.6164437709295922 0.4968642702725615 0.03225806451612903 0.03225806451612903
0 0.5665094739519312 0.4810955449111949 0.03225806451612903 0.03225806451612903
0 0.36677228604128725 0.49817833071934214 0.03225806451612903 0.03225806451612903
0 0.34706137933957887 0.571765715739053 0.03225806451612903 0.03225806451612903
0 0.41145034123182594 0.4101362807850451 0.03225806451612903 0.03225806451612903
0 0.39042537408333716 0.3562598024670424 0.03225806451612903 0.03225806451612903
0 0.4705830613369508 0.345747318892798 0.03225806451612903 0.03225806451612903
0 0.4140784621253871 0.23930842270357325 0.03225806451612903 0.03225806451612903
0 0.3772847696155317 0.19988660930015678 0.03225806451612903 0.03225806451612903
0 0.34706137933957887 0.19068818617269293 0.03225806451612903 0.03225806451612903
0 0.45875651731592576 0.16572103768386234 0.03225806451612903 0.03225806451612903
0 0.4153925225721676 0.10133207579161542 0.03225806451612903 0.03225806451612903
0 0.3234082912975289 0.1407538891950319 0.03225806451612903 0.03225806451612903
0 0.3812269509558733 0.1420679496418124 0.03225806451612903 0.03225806451612903
0 0.3602019838073844 0.10658831757873762 0.03225806451612903 0.03225806451612903
0 0.3654582255945066 0.06322432283497927 0.03225806451612903 0.03225806451612903
0 0.40093785765758155 0.03562905345258767 0.03225806451612903 0.03225806451612903
0 0.3654582255945066 0.01197596541053775 0.03225806451612903 0.03225806451612903
0 0.46795494044338964 0.09870395489805424 0.03225806451612903 0.03225806451612903
0 0.5310298418888562 0.08950553177059037 0.03225806451612903 0.03225806451612903
0 0.49029396803865904 0.03825717434614885 0.03225806451612903 0.03225806451612903
0 0.5717657157390533 0.021174388538001618 0.03225806451612903 0.03225806451612903
0 0.5796500784197368 0.081621169089907 0.03225806451612903 0.03225806451612903
0 0.5625672926115894 0.24062248315035384 0.03225806451612903 0.03225806451612903
0 0.5481126276970033 0.1736054003645457 0.03225806451612903 0.03225806451612903
0 0.511318935187148 0.2774161756602093 0.03225806451612903 0.03225806451612903
0 0.5323439023356367 0.34968950023313966 0.03225806451612903 0.03225806451612903
0 0.513947056080709 0.4259050061464117 0.03225806451612903 0.03225806451612903
0 0.6085594082489089 0.369400406934848 0.03225806451612903 0.03225806451612903
0 0.6506093425458864 0.37334258827518957 0.03225806451612903 0.03225806451612903
0 0.6374687380780808 0.307639565936162 0.03225806451612903 0.03225806451612903
0 0.6453531007587643 0.21959751600186503 0.03225806451612903 0.03225806451612903
0 0.6755764910347168 0.29318490102157596 0.03225806451612903 0.03225806451612903
0 0.725510788012378 0.37728476961553126 0.03225806451612903 0.03225806451612903
0 0.8227512610741387 0.32472235174430925 0.03225806451612903 0.03225806451612903
0 0.9659838497732189 0.34837543978635915 0.03225806451612903 0.03225806451612903
0 0.8739996184985803 0.31683798906362587 0.03225806451612903 0.03225806451612903
0 0.7228826671188169 0.6571796447797889 0.03225806451612903 0.03225806451612903
0 0.5507407485905644 0.6887170955025221 0.03225806451612903 0.03225806451612903
0 0.5914766224407616 0.6440390403119834 0.03225806451612903 0.03225806451612903
0 0.7347092111398418 0.7412795133737443 0.03225806451612903 0.03225806451612903
0 0.9213057945826801 0.3023833241490398 0.03225806451612903 0.03225806451612903
0 0.8674293162646776 0.2721599338730871 0.03225806451612903 0.03225806451612903
0 0.913421431901997 0.2511349667245983 0.03225806451612903 0.03225806451612903
0 0.9686119706667802 0.2563912085117205 0.03225806451612903 0.03225806451612903
0 0.9764963333474633 0.2025147301937178 0.03225806451612903 0.03225806451612903
0 0.8713714976050193 0.1749194608113264 0.03225806451612903 0.03225806451612903
0 0.7439076342673057 0.2209115764486455 0.03225806451612903 0.03225806451612903
0 0.6952873977364253 0.20120066974693726 0.03225806451612903 0.03225806451612903
0 0.6913452163960836 0.12498516383366534 0.03225806451612903 0.03225806451612903
0 0.7333951506930612 0.16177885634352063 0.03225806451612903 0.03225806451612903
0 0.6966014581832058 0.16177885634352063 0.03225806451612903 0.03225806451612903
0 0.6046172269085672 0.13155546606756802 0.03225806451612903 0.03225806451612903
0 0.6164437709295922 0.18411788393879014 0.03225806451612903 0.03225806451612903
0 0.6295843753973976 0.07636492730278482 0.03225806451612903 0.03225806451612903
0 0.6085594082489089 0.030372811665465488 0.03225806451612903 0.03225806451612903
0 0.7268248484591583 0.07242274596244312 0.03225806451612903 0.03225806451612903
0 0.7741310245432584 0.09607583400449306 0.03225806451612903 0.03225806451612903
0 0.7675607223093556 0.0513977788139544 0.03225806451612903 0.03225806451612903
0 0.7360232715866223 0.01854626764444062 0.03225806451612903 0.03225806451612903
0 0.8372059259887248 0.03825717434614885 0.03225806451612903 0.03225806451612903
0 0.8937105252002885 0.0527118392607349 0.03225806451612903 0.03225806451612903
0 0.8805699207324832 0.10658831757873762 0.03225806451612903 0.03225806451612903
0 0.9344463990504857 0.12498516383366534 0.03225806451612903 0.03225806451612903
0 0.8306356237548221 0.1118445593658598 0.03225806451612903 0.03225806451612903
0 0.8634871349243359 0.07505086685600432 0.03225806451612903 0.03225806451612903
0 0.9791244542410246 0.13286952651434852 0.03225806451612903 0.03225806451612903
0 0.9843806960281467 0.07767898774956532 0.03225806451612903 0.03225806451612903
0 0.4495580941884619 0.4863517866983171 0.03225806451612903 0.03225806451612903
0 0.4981783307193424 0.5297157814420752 0.03225806451612903 0.03225806451612903
0 0.2445646644906958 0.2511349667245983 0.03225806451612903 0.03225806451612903
0 0.2984411428086984 0.04745559747361272 0.03225806451612903 0.03225806451612903
0 0.5717657157390533 0.41276440167860623 0.03225806451612903 0.03225806451612903
0 0.8214372006273584 0.2261678182357678 0.03225806451612903 0.03225806451612903
0 0.8648011953711164 0.23668030181001226 0.03225806451612903 0.03225806451612903
0 0.9226198550294608 0.18543194438557073 0.03225806451612903 0.03225806451612903
0 0.13286952651434888 0.1683491585774235 0.03225806451612903 0.03225806451612903
0 0.32078017040396783 0.46532681954982824 0.03225806451612903 0.03225806451612903
0 0.22616781823576806 0.34443325844601747 0.03225806451612903 0.03225806451612903
0 0.584906320206859 0.2997552032554787 0.03225806451612903 0.03225806451612903
0 0.7360232715866223 0.29187084057479545 0.03225806451612903 0.03225806451612903
0 0.03694311389936854 0.28267241744733157 0.03225806451612903 0.03225806451612903
0 0.8201231401805777 0.16177885634352063 0.03225806451612903 0.03225806451612903
0 0.6334417046670048 0.019131058942746075 0.03225806451612903 0.03225806451612903
0 0.858572594719361 0.00865985475426434 0.03225806451612903 0.03225806451612903
