0 0.05125600206245361 0.9097270376682143 0.03225806451612903 0.058823529411764705
0 0.11319406400051567 0.9006184991479109 0.03225806451612903 0.058823529411764705
0 0.013293964100415724 0.7548818828230592 0.03225806451612903 0.058823529411764705
0 0.01629096709741873 0.6583313745078451 0.03225806451612903 0.058823529411764705
0 0.02128597209242374 0.5854630663454192 0.03225806451612903 0.058823529411764705
0 0.013293964100415724 0.5326335429276606 0.03225806451612903 0.058823529411764705
0 0.03327398408043571 0.4998428042545689 0.03225806451612903 0.058823529411764705
0 0.0482589990654507 0.5198815889992359 0.03225806451612903 0.058823529411764705
0 0.05824900905546071 0.5909281894576013 0.03225806451612903 0.058823529411764705
0 0.04326399407044573 0.5617808661926308 0.03225806451612903 0.058823529411764705
0 0.062245013051464716 0.5435637891520243 0.03225806451612903 0.058823529411764705
0 0.09721004801649968 0.576354527825116 0.03225806451612903 0.058823529411764705
0 0.09321404402049567 0.6729050361403303 0.03225806451612903 0.058823529411764705
0 0.14016709097354263 0.6492228359875418 0.03225806451612903 0.058823529411764705
0 0.16414311494956663 0.8405021449139095 0.03225806451612903 0.058823529411764705
0 0.22907817988463156 0.7603470059352413 0.03225806451612903 0.058823529411764705
0 0.22508217588862753 0.8295718986895458 0.03225806451612903 0.058823529411764705
0 0.2170901678966196 0.6528662513956631 0.03225806451612903 0.058823529411764705
0 0.20710015790660954 0.6000367279779044 0.03225806451612903 0.058823529411764705
0 0.17013712094357258 0.6127886819063288 0.03225806451612903 0.058823529411764705
0 0.18112613193258367 0.556315743080449 0.03225806451612903 0.058823529411764705
0 0.13717008797653962 0.5289901275195393 0.03225806451612903 0.058823529411764705
0 0.10620105700750865 0.48526914262208376 0.03225806451612903 0.058823529411764705
0 0.08722003802648967 0.5034862196626901 0.03225806451612903 0.058823529411764705
0 0.061246012052463716 0.36685814185814175 0.03225806451612903 0.058823529411764705
0 0.0262809770874287 0.45430011165305273 0.03225806451612903 0.058823529411764705
0 0.019287970094421736 0.4142225421637187 0.03225806451612903 0.058823529411764705
0 0.025281976088427745 0.375966680378445 0.03225806451612903 0.058823529411764705
0 0.04326399407044573 0.3686798495622024 0.03225806451612903 0.058823529411764705
0 0.03726998807643972 0.3322456954809895 0.03225806451612903 0.058823529411764705
0 0.0502570010634527 0.3340674031850501 0.03225806451612903 0.058823529411764705
0 0.06724001804646967 0.3322456954809895 0.03225806451612903 0.058823529411764705
0 0.08422303502948666 0.3650364341540811 0.03225806451612903 0.058823529411764705
0 0.10919806000451165 0.4287962037962038 0.03225806451612903 0.058823529411764705
0 0.12218507299152463 0.4470132808368102 0.03225806451612903 0.058823529411764705
0 0.09820904901550069 0.39418375741905143 0.03225806451612903 0.058823529411764705
0 0.14915809996455162 0.38325351119468754 0.03225806451612903 0.058823529411764705
0 0.15015710096355264 0.4706954809895985 0.03225806451612903 0.058823529411764705
0 0.14216509297154462 0.432439619204325 0.03225806451612903 0.058823529411764705
0 0.18012713093358262 0.43608303461244613 0.03225806451612903 0.058823529411764705
0 0.2130941639006156 0.4998428042545689 0.03225806451612903 0.058823529411764705
0 0.20010715091360257 0.47433889639771987 0.03225806451612903 0.058823529411764705
0 0.2170901678966196 0.4287962037962038 0.03225806451612903 0.058823529411764705
0 0.17013712094357258 0.3286022800728682 0.03225806451612903 0.058823529411764705
0 0.21908816989462152 0.36685814185814175 0.03225806451612903 0.058823529411764705
0 0.21808916889562058 0.31220691073632245 0.03225806451612903 0.058823529411764705
0 0.19211514292159462 0.2775944643591702 0.03225806451612903 0.058823529411764705
0 0.1651421159485676 0.2867030028794733 0.03225806451612903 0.058823529411764705
0 0.16114611195256362 0.2539122642063817 0.03225806451612903 0.058823529411764705
0 0.14815909896555063 0.28852471058353396 0.03225806451612903 0.058823529411764705
0 0.11918806999452163 0.36685814185814175 0.03225806451612903 0.058823529411764705
0 0.11019706100351266 0.31585032614444375 0.03225806451612903 0.058823529411764705
0 0.09721004801649968 0.33042398777692883 0.03225806451612903 0.058823529411764705
0 0.11918806999452163 0.28852471058353396 0.03225806451612903 0.058823529411764705
0 0.05824900905546071 0.25573397191044234 0.03225806451612903 0.058823529411764705
0 0.05824900905546071 0.2903464182875946 0.03225806451612903 0.058823529411764705
0 0.01629096709741873 0.2939898336957159 0.03225806451612903 0.058823529411764705
0 0.017289968096419733 0.24480372568607853 0.03225806451612903 0.058823529411764705
0 0.01029696110341272 0.20472615619674422 0.03225806451612903 0.058823529411764705
0 0.04725999806644969 0.2156564024211083 0.03225806451612903 0.058823529411764705
0 0.061246012052463716 0.1792222483398953 0.03225806451612903 0.058823529411764705
0 0.045261996068447684 0.1792222483398953 0.03225806451612903 0.058823529411764705
0 0.0492580000644517 0.14460980196274303 0.03225806451612903 0.058823529411764705
0 0.07323402404047569 0.1573617558911675 0.03225806451612903 0.058823529411764705
0 0.08821903902549065 0.13732297114650047 0.03225806451612903 0.058823529411764705
0 0.09421304501949668 0.1792222483398953 0.03225806451612903 0.058823529411764705
0 0.09721004801649968 0.16464858670741014 0.03225806451612903 0.058823529411764705
0 0.11619106699751867 0.16464858670741014 0.03225806451612903 0.058823529411764705
0 0.12118607199252364 0.20472615619674422 0.03225806451612903 0.058823529411764705
0 0.09321404402049567 0.22294323323735074 0.03225806451612903 0.058823529411764705
0 0.11719006799651967 0.25209055650232104 0.03225806451612903 0.058823529411764705
0 0.14915809996455162 0.22840835634953277 0.03225806451612903 0.058823529411764705
0 0.13816908897554064 0.2539122642063817 0.03225806451612903 0.058823529411764705
0 0.17713012793657965 0.24298201798201796 0.03225806451612903 0.058823529411764705
0 0.1901171409235926 0.23023006405359334 0.03225806451612903 0.058823529411764705
0 0.17313412394057562 0.2010827407886231 0.03225806451612903 0.058823529411764705
0 0.1601471109535626 0.19015249456425903 0.03225806451612903 0.058823529411764705
0 0.1441630949695466 0.17011370981959192 0.03225806451612903 0.058823529411764705
0 0.12917807998453165 0.1573617558911675 0.03225806451612903 0.058823529411764705
0 0.11818906899552063 0.1355012634424397 0.03225806451612903 0.058823529411764705
0 0.1441630949695466 0.14825321737086433 0.03225806451612903 0.058823529411764705
0 0.05725000805645971 0.12092760180995449 0.03225806451612903 0.058823529411764705
0 0.061246012052463716 0.09906710936122685 0.03225806451612903 0.058823529411764705
0 0.07023702104347268 0.07538490920843849 0.03225806451612903 0.058823529411764705
0 0.019287970094421736 0.16282687900334936 0.03225806451612903 0.058823529411764705
0 0.013293964100415724 0.1355012634424397 0.03225806451612903 0.058823529411764705
0 0.01029696110341272 0.1045322324734089 0.03225806451612903 0.058823529411764705
0 0.018288969095420732 0.08449344772874166 0.03225806451612903 0.058823529411764705
0 0.01629096709741873 0.05534612446377142 0.03225806451612903 0.058823529411764705
0 0.03726998807643972 0.06991978609625663 0.03225806451612903 0.058823529411764705
0 0.04226499307144473 0.051702709055649956 0.03225806451612903 0.058823529411764705
0 0.09721004801649968 0.10817564788153003 0.03225806451612903 0.058823529411764705
0 0.09321404402049567 0.07720661691249922 0.03225806451612903 0.058823529411764705
0 0.11319406400051567 0.07720661691249922 0.03225806451612903 0.058823529411764705
0 0.10420305500950665 0.05898953987189256 0.03225806451612903 0.058823529411764705
0 0.1441630949695466 0.09542369395310556 0.03225806451612903 0.058823529411764705
0 0.13117608198253364 0.0680980783921959 0.03225806451612903 0.058823529411764705
0 0.1441630949695466 0.07356320150437776 0.03225806451612903 0.058823529411764705
0 0.1601471109535626 0.06627637068813516 0.03225806451612903 0.058823529411764705
0 0.16614111694756858 0.10817564788153003 0.03225806451612903 0.058823529411764705
0 0.1561511069575586 0.11728418640183336 0.03225806451612903 0.058823529411764705
0 0.1391680899745416 0.12092760180995449 0.03225806451612903 0.058823529411764705
0 0.1571501079565596 0.1355012634424397 0.03225806451612903 0.058823529411764705
0 0.1631441139505656 0.1573617558911675 0.03225806451612903 0.058823529411764705
0 0.1761311269375786 0.16282687900334936 0.03225806451612903 0.058823529411764705
0 0.1971101479165996 0.17011370981959192 0.03225806451612903 0.058823529411764705
0 0.20809915890561057 0.2156564024211083 0.03225806451612903 0.058823529411764705
0 0.2170901678966196 0.2174781101251687 0.03225806451612903 0.058823529411764705
0 0.22008717089362256 0.1719354175236527 0.03225806451612903 0.058823529411764705
0 0.20710015790660954 0.13732297114650047 0.03225806451612903 0.058823529411764705
0 0.22308417389062554 0.09360198624904482 0.03225806451612903 0.058823529411764705
0 0.1971101479165996 0.07902832461655979 0.03225806451612903 0.058823529411764705
0 0.18911813992459156 0.1045322324734089 0.03225806451612903 0.058823529411764705
0 0.18112613193258367 0.04077246283128622 0.03225806451612903 0.058823529411764705
0 0.17812912893558058 0.0899585708409237 0.03225806451612903 0.058823529411764705
0 0.22208517289162458 0.04441587823940752 0.03225806451612903 0.058823529411764705
0 0.20010715091360257 0.051702709055649956 0.03225806451612903 0.058823529411764705
0 0.2360711868776386 0.046237585943468086 0.03225806451612903 0.058823529411764705
0 0.24606119686764852 0.2393386025738965 0.03225806451612903 0.058823529411764705
0 0.22208517289162458 0.2611990950226243 0.03225806451612903 0.058823529411764705
0 0.2580492088556606 0.401470588235294 0.03225806451612903 0.058823529411764705
0 0.23906818987464157 0.3395325262972321 0.03225806451612903 0.058823529411764705
0 0.26004721085366256 0.2684859258388669 0.03225806451612903 0.058823529411764705
0 0.2770302278366795 0.28852471058353396 0.03225806451612903 0.058823529411764705
0 0.27603122683767845 0.21201298701298685 0.03225806451612903 0.058823529411764705
0 0.2660412168476686 0.22840835634953277 0.03225806451612903 0.058823529411764705
0 0.26204521285166454 0.1937959099723805 0.03225806451612903 0.058823529411764705
0 0.24905819986465158 0.1937959099723805 0.03225806451612903 0.058823529411764705
0 0.24905819986465158 0.1573617558911675 0.03225806451612903 0.058823529411764705
0 0.24206519287164452 0.11910589410589392 0.03225806451612903 0.058823529411764705
0 0.26404321484966653 0.12457101721807592 0.03225806451612903 0.058823529411764705
0 0.28102623183268355 0.1045322324734089 0.03225806451612903 0.058823529411764705
0 0.2770302278366795 0.17011370981959192 0.03225806451612903 0.058823529411764705
0 0.2840232348296865 0.14278809425868225 0.03225806451612903 0.058823529411764705
0 0.30300425381070545 0.2010827407886231 0.03225806451612903 0.058823529411764705
0 0.2990082498147015 0.27577275665510953 0.03225806451612903 0.058823529411764705
0 0.2900172408236925 0.23023006405359334 0.03225806451612903 0.058823529411764705
0 0.3129942638007155 0.3103852030322618 0.03225806451612903 0.058823529411764705
0 0.30000725081370255 0.3504627725215959 0.03225806451612903 0.058823529411764705
0 0.2860212368276885 0.3358891108891108 0.03225806451612903 0.058823529411764705
0 0.27303422384067555 0.37778838808250564 0.03225806451612903 0.058823529411764705
0 0.2850222358286875 0.4032922959393548 0.03225806451612903 0.058823529411764705
0 0.27003722084367254 0.45247840394899214 0.03225806451612903 0.058823529411764705
0 0.27403322483967646 0.5089513427748721 0.03225806451612903 0.058823529411764705
0 0.25505220585865757 0.5380986660398425 0.03225806451612903 0.058823529411764705
0 0.24506219586864758 0.49802109655050825 0.03225806451612903 0.058823529411764705
0 0.24506219586864758 0.46887377328553803 0.03225806451612903 0.058823529411764705
0 0.24106619187264355 0.4196876652759005 0.03225806451612903 0.058823529411764705
0 0.30200525281170454 0.44336986542868884 0.03225806451612903 0.058823529411764705
0 0.3060012568077085 0.3923620497149908 0.03225806451612903 0.058823529411764705
0 0.3309762817827334 0.41786595757183986 0.03225806451612903 0.058823529411764705
0 0.3319752827817345 0.35957131104189916 0.03225806451612903 0.058823529411764705
0 0.34696029776674947 0.33042398777692883 0.03225806451612903 0.058823529411764705
0 0.36993732074377245 0.38689692660280883 0.03225806451612903 0.058823529411764705
0 0.3769303277367794 0.3541061879297172 0.03225806451612903 0.058823529411764705
0 0.36993732074377245 0.44519157313274954 0.03225806451612903 0.058823529411764705
0 0.3769303277367794 0.4907342657342657 0.03225806451612903 0.058823529411764705
0 0.3529543037607555 0.4907342657342657 0.03225806451612903 0.058823529411764705
0 0.3499573007637524 0.46887377328553803 0.03225806451612903 0.058823529411764705
0 0.3339732847797365 0.49802109655050825 0.03225806451612903 0.058823529411764705
0 0.3119952628017145 0.5089513427748721 0.03225806451612903 0.058823529411764705
0 0.2840232348296865 0.5654242816007521 0.03225806451612903 0.058823529411764705
0 0.29101624182269353 0.6401142974672386 0.03225806451612903 0.058823529411764705
0 0.24306419387064557 0.6127886819063288 0.03225806451612903 0.058823529411764705
0 0.3329742837807355 0.6346491743550566 0.03225806451612903 0.058823529411764705
0 0.3169902677967195 0.570889404712934 0.03225806451612903 0.058823529411764705
0 0.33697028777673943 0.5818196509372979 0.03225806451612903 0.058823529411764705
0 0.3599473107537624 0.5636025738966915 0.03225806451612903 0.058823529411764705
0 0.3789283297347814 0.6474011282834812 0.03225806451612903 0.058823529411764705
0 0.3879193387257904 0.9552697302697303 0.03225806451612903 0.058823529411764705
0 0.27203522284167464 0.951626314861609 0.03225806451612903 0.058823529411764705
0 0.3119952628017145 0.9461611917494271 0.03225806451612903 0.058823529411764705
0 0.45385340465985635 0.8004245754245755 0.03225806451612903 0.058823529411764705
0 0.4618454126518644 0.5982150202738439 0.03225806451612903 0.058823529411764705
0 0.4168903676968195 0.5927498971616618 0.03225806451612903 0.058823529411764705
0 0.4198873706938224 0.5308118352235998 0.03225806451612903 0.058823529411764705
0 0.38891833972479145 0.5508506199682669 0.03225806451612903 0.058823529411764705
0 0.3859213367277884 0.6036801433860257 0.03225806451612903 0.058823529411764705
0 0.45485240565885743 0.5544940353763882 0.03225806451612903 0.058823529411764705
0 0.43986739067384245 0.5399203737439031 0.03225806451612903 0.058823529411764705
0 0.4278793786858304 0.4907342657342657 0.03225806451612903 0.058823529411764705
0 0.43786938867584035 0.46340865017335603 0.03225806451612903 0.058823529411764705
0 0.46084641165286333 0.5071296350708115 0.03225806451612903 0.058823529411764705
0 0.4908164416228933 0.5417420814479637 0.03225806451612903 0.058823529411764705
0 0.5008064516129034 0.5799979432332373 0.03225806451612903 0.058823529411764705
0 0.5087984596049114 0.6218972204266322 0.03225806451612903 0.058823529411764705
0 0.4059013567078084 0.4142225421637187 0.03225806451612903 0.058823529411764705
0 0.3929143437207955 0.40511400364341527 0.03225806451612903 0.058823529411764705
0 0.4059013567078084 0.36685814185814175 0.03225806451612903 0.058823529411764705
0 0.3959113467177985 0.33042398777692883 0.03225806451612903 0.058823529411764705
0 0.4238833746898264 0.32678057236880753 0.03225806451612903 0.058823529411764705
0 0.43986739067384245 0.34317594170535337 0.03225806451612903 0.058823529411764705
0 0.4218853726918243 0.3960054651231121 0.03225806451612903 0.058823529411764705
0 0.4488583996648513 0.3923620497149908 0.03225806451612903 0.058823529411764705
0 0.48082643163288336 0.401470588235294 0.03225806451612903 0.058823529411764705
0 0.48082643163288336 0.44336986542868884 0.03225806451612903 0.058823529411764705
0 0.45884840965486146 0.44336986542868884 0.03225806451612903 0.058823529411764705
0 0.5137934645999163 0.45430011165305273 0.03225806451612903 0.058823529411764705
0 0.5237834745899264 0.42150937297996116 0.03225806451612903 0.058823529411764705
0 0.5048024556089075 0.40511400364341527 0.03225806451612903 0.058823529411764705
0 0.5038034546099064 0.3686798495622024 0.03225806451612903 0.058823529411764705
0 0.48182543263188443 0.37778838808250564 0.03225806451612903 0.058823529411764705
0 0.48182543263188443 0.3577496033378385 0.03225806451612903 0.058823529411764705
0 0.48082643163288336 0.3322456954809895 0.03225806451612903 0.058823529411764705
0 0.3689383197447715 0.2976332491038372 0.03225806451612903 0.058823529411764705
0 0.34096629177274346 0.2867030028794733 0.03225806451612903 0.058823529411764705
0 0.3479592987657505 0.257555679614503 0.03225806451612903 0.058823529411764705
0 0.3109962618027135 0.23569518716577537 0.03225806451612903 0.058823529411764705
0 0.32897827978473143 0.22294323323735074 0.03225806451612903 0.058823529411764705
0 0.32198527279172445 0.20654786390080496 0.03225806451612903 0.058823529411764705
0 0.3129942638007155 0.1792222483398953 0.03225806451612903 0.058823529411764705
0 0.3269802777867295 0.1573617558911675 0.03225806451612903 0.058823529411764705
0 0.3070002578067095 0.1464315096668038 0.03225806451612903 0.058823529411764705
0 0.30000725081370255 0.11910589410589392 0.03225806451612903 0.058823529411764705
0 0.3189882697947215 0.13003614033025782 0.03225806451612903 0.058823529411764705
0 0.3249822757887275 0.09542369395310556 0.03225806451612903 0.058823529411764705
0 0.3439632947697465 0.1355012634424397 0.03225806451612903 0.058823529411764705
0 0.34496229576874743 0.0899585708409237 0.03225806451612903 0.058823529411764705
0 0.24206519287164452 0.08631515543280223 0.03225806451612903 0.058823529411764705
0 0.2500572008636525 0.0826717400246811 0.03225806451612903 0.058823529411764705
0 0.26204521285166454 0.08813686313686296 0.03225806451612903 0.058823529411764705
0 0.26404321484966653 0.06627637068813516 0.03225806451612903 0.058823529411764705
0 0.2780292288356805 0.057167832167831986 0.03225806451612903 0.058823529411764705
0 0.11319406400051567 0.046237585943468086 0.03225806451612903 0.058823529411764705
0 0.2500572008636525 0.026198801198801018 0.03225806451612903 0.058823529411764705
0 0.2980092488157005 0.06991978609625663 0.03225806451612903 0.058823529411764705
0 0.2980092488157005 0.03348563201504362 0.03225806451612903 0.058823529411764705
0 0.31998727079372247 0.042594170535346955 0.03225806451612903 0.058823529411764705
0 0.34496229576874743 0.06263295528001403 0.03225806451612903 0.058823529411764705
0 0.3249822757887275 0.06627637068813516 0.03225806451612903 0.058823529411764705
0 0.3719353227417745 0.25937738731856363 0.03225806451612903 0.058823529411764705
0 0.3589483097547615 0.22840835634953277 0.03225806451612903 0.058823529411764705
0 0.34895829976475146 0.22294323323735074 0.03225806451612903 0.058823529411764705
0 0.3819253327317845 0.2083695716048657 0.03225806451612903 0.058823529411764705
0 0.4049023557088074 0.19926103308456236 0.03225806451612903 0.058823529411764705
0 0.3939133447197964 0.16464858670741014 0.03225806451612903 0.058823529411764705
0 0.3939133447197964 0.13003614033025782 0.03225806451612903 0.058823529411764705
0 0.3669403177467694 0.1355012634424397 0.03225806451612903 0.058823529411764705
0 0.3849223357287874 0.11728418640183336 0.03225806451612903 0.058823529411764705
0 0.38292433373078544 0.08449344772874166 0.03225806451612903 0.058823529411764705
0 0.3579493087557604 0.09906710936122685 0.03225806451612903 0.058823529411764705
0 0.3689383197447715 0.07174149380031719 0.03225806451612903 0.058823529411764705
0 0.40390335470980643 0.1045322324734089 0.03225806451612903 0.058823529411764705
0 0.3929143437207955 0.08449344772874166 0.03225806451612903 0.058823529411764705
0 0.40989736070381244 0.14460980196274303 0.03225806451612903 0.058823529411764705
0 0.4248823756888275 0.16282687900334936 0.03225806451612903 0.058823529411764705
0 0.42887837968483145 0.22840835634953277 0.03225806451612903 0.058823529411764705
0 0.4418653926718444 0.23751689486983593 0.03225806451612903 0.058823529411764705
0 0.41888836969482135 0.24480372568607853 0.03225806451612903 0.058823529411764705
0 0.45285440366085533 0.2775944643591702 0.03225806451612903 0.058823529411764705
0 0.4128943637008154 0.2812378797672915 0.03225806451612903 0.058823529411764705
0 0.4338733846798363 0.3049200799200798 0.03225806451612903 0.058823529411764705
0 0.4498574006638524 0.3249588646647469 0.03225806451612903 0.058823529411764705
0 0.5457614965679484 0.5745328201210553 0.03225806451612903 0.058823529411764705
0 0.5307764815829333 0.4998428042545689 0.03225806451612903 0.058823529411764705
0 0.5577495085559604 0.47616060410178046 0.03225806451612903 0.058823529411764705
0 0.5627445135509653 0.4287962037962038 0.03225806451612903 0.058823529411764705
0 0.5887185395249914 0.4706954809895985 0.03225806451612903 0.058823529411764705
0 0.5887185395249914 0.5053079273667508 0.03225806451612903 0.058823529411764705
0 0.5927145435209954 0.5508506199682669 0.03225806451612903 0.058823529411764705
0 0.6286785794850311 0.6091452664982075 0.03225806451612903 0.058823529411764705
0 0.5927145435209954 0.6364708820591173 0.03225806451612903 0.058823529411764705
0 0.6146925654990173 0.8987967914438504 0.03225806451612903 0.058823529411764705
0 0.5527545035609553 0.9862387612387612 0.03225806451612903 0.058823529411764705
0 0.7215856723921242 0.9862387612387612 0.03225806451612903 0.058823529411764705
0 0.7765307273371791 0.9115487453722748 0.03225806451612903 0.058823529411764705
0 0.87742982823628 0.8550758065463947 0.03225806451612903 0.058823529411764705
0 0.7435636943701462 0.6255406358347535 0.03225806451612903 0.058823529411764705
0 0.6686386194450713 0.5799979432332373 0.03225806451612903 0.058823529411764705
0 0.6316755824820343 0.5453854968560851 0.03225806451612903 0.058823529411764705
0 0.6096975605040122 0.5071296350708115 0.03225806451612903 0.058823529411764705
0 0.6286785794850311 0.48526914262208376 0.03225806451612903 0.058823529411764705
0 0.6446625954690473 0.45065669624493143 0.03225806451612903 0.058823529411764705
0 0.6076995585060103 0.43608303461244613 0.03225806451612903 0.058823529411764705
0 0.5817255325319844 0.42697449609214305 0.03225806451612903 0.058823529411764705
0 0.5897175405239923 0.40511400364341527 0.03225806451612903 0.058823529411764705
0 0.5767305275369794 0.3723232649703237 0.03225806451612903 0.058823529411764705
0 0.5637435145499663 0.3395325262972321 0.03225806451612903 0.058823529411764705
0 0.5537535045599563 0.3249588646647469 0.03225806451612903 0.058823529411764705
0 0.5417654925719444 0.35957131104189916 0.03225806451612903 0.058823529411764705
0 0.5317754825819342 0.29581154139977656 0.03225806451612903 0.058823529411764705
0 0.5467604975669492 0.3049200799200798 0.03225806451612903 0.058823529411764705
0 0.5567505075569592 0.29216812599165526 0.03225806451612903 0.058823529411764705
0 0.5767305275369794 0.2466254333901391 0.03225806451612903 0.058823529411764705
0 0.5357714865779383 0.26302080272668493 0.03225806451612903 0.058823529411764705
0 0.5457614965679484 0.25209055650232104 0.03225806451612903 0.058823529411764705
0 0.5257814765879283 0.23751689486983593 0.03225806451612903 0.058823529411764705
0 0.4848224356288874 0.24116031027795723 0.03225806451612903 0.058823529411764705
0 0.47183542264187434 0.23569518716577537 0.03225806451612903 0.058823529411764705
0 0.4928144436208954 0.2174781101251687 0.03225806451612903 0.058823529411764705
0 0.4758314266378783 0.1937959099723805 0.03225806451612903 0.058823529411764705
0 0.46084641165286333 0.20290444849268366 0.03225806451612903 0.058823529411764705
0 0.44486239566884733 0.2083695716048657 0.03225806451612903 0.058823529411764705
0 0.4428643936708454 0.18104395604395604 0.03225806451612903 0.058823529411764705
0 0.4418653926718444 0.1500749250749249 0.03225806451612903 0.058823529411764705
0 0.4558514066578583 0.1518966327789856 0.03225806451612903 0.058823529411764705
0 0.4488583996648513 0.11910589410589392 0.03225806451612903 0.058823529411764705
0 0.46484241564886736 0.12821443262619714 0.03225806451612903 0.058823529411764705
0 0.4968104476168994 0.15371834048304625 0.03225806451612903 0.058823529411764705
0 0.5087984596049114 0.1355012634424397 0.03225806451612903 0.058823529411764705
0 0.5058014566079083 0.16464858670741014 0.03225806451612903 0.058823529411764705
0 0.5048024556089075 0.19015249456425903 0.03225806451612903 0.058823529411764705
0 0.5077994586059105 0.2083695716048657 0.03225806451612903 0.058823529411764705
0 0.5207864715929234 0.20472615619674422 0.03225806451612903 0.058823529411764705
0 0.5247824755889273 0.19197420226831977 0.03225806451612903 0.058823529411764705
0 0.5487584995649513 0.20290444849268366 0.03225806451612903 0.058823529411764705
0 0.5177894685959203 0.1792222483398953 0.03225806451612903 0.058823529411764705
0 0.5217854725919243 0.16464858670741014 0.03225806451612903 0.058823529411764705
0 0.4408663916728434 0.10511400364341537 0.03225806451612903 0.058823529411764705
0 0.4143928651993169 0.10420314979138501 0.03225806451612903 0.058823529411764705
0 0.41639086719731894 0.06776899571017209 0.03225806451612903 0.058823529411764705
0 0.4078993587058104 0.07778838808250567 0.03225806451612903 0.058823529411764705
0 0.43637088717733885 0.08234265734265729 0.03225806451612903 0.058823529411764705
0 0.44785939866585034 0.07323411882235405 0.03225806451612903 0.058823529411764705
0 0.4593479101543619 0.07961009578656632 0.03225806451612903 0.058823529411764705
0 0.4593479101543619 0.10966827290356691 0.03225806451612903 0.058823529411764705
0 0.47083642164287337 0.09964888053123339 0.03225806451612903 0.058823529411764705
0 0.4848224356288874 0.0987380266792031 0.03225806451612903 0.058823529411764705
0 0.48232493313138486 0.0750558265264147 0.03225806451612903 0.058823529411764705
0 0.5102969611034128 0.09600546512311213 0.03225806451612903 0.058823529411764705
0 0.5107964616029134 0.0668581418581418 0.03225806451612903 0.058823529411764705
0 0.5307764815829333 0.09236204971499082 0.03225806451612903 0.058823529411764705
0 0.5312759820824338 0.13426132690838566 0.03225806451612903 0.058823529411764705
0 0.5507565015629532 0.1552109655050831 0.03225806451612903 0.058823529411764705
0 0.5677395185459703 0.15976523476523471 0.03225806451612903 0.058823529411764705
0 0.5682390190454707 0.17980401950990182 0.03225806451612903 0.058823529411764705
0 0.5657415165479682 0.2107730504789328 0.03225806451612903 0.058823529411764705
0 0.6022050530115047 0.23445525063172115 0.03225806451612903 0.058823529411764705
0 0.5892180400244919 0.20166451195862947 0.03225806451612903 0.058823529411764705
0 0.5847225355289872 0.1697846271375682 0.03225806451612903 0.058823529411764705
0 0.5807265315329831 0.12788534994417342 0.03225806451612903 0.058823529411764705
0 0.5582490090554608 0.13517218076041598 0.03225806451612903 0.058823529411764705
0 0.5617455125519641 0.11513339601574887 0.03225806451612903 0.058823529411764705
0 0.5497575005639522 0.09418375741905148 0.03225806451612903 0.058823529411764705
0 0.5427644935709453 0.07778838808250567 0.03225806451612903 0.058823529411764705
0 0.5567505075569593 0.07050155726626306 0.03225806451612903 0.058823529411764705
0 0.5647425155489674 0.0950946112710818 0.03225806451612903 0.058823529411764705
0 0.5742330250394768 0.08962948815889984 0.03225806451612903 0.058823529411764705
0 0.5827245335309853 0.08871863430686952 0.03225806451612903 0.058823529411764705
0 0.5827245335309853 0.1124008344596579 0.03225806451612903 0.058823529411764705
0 0.5962110470174987 0.11513339601574887 0.03225806451612903 0.058823529411764705
0 0.5967105475169993 0.078699241934536 0.03225806451612903 0.058823529411764705
0 0.6181890689955207 0.14336986542868888 0.03225806451612903 0.058823529411764705
0 0.6241830749895266 0.13335047305635536 0.03225806451612903 0.058823529411764705
0 0.6166905674970192 0.19711024269847796 0.03225806451612903 0.058823529411764705
0 0.6176895684960203 0.2217032967032967 0.03225806451612903 0.058823529411764705
0 0.6291780799845317 0.21897073514720566 0.03225806451612903 0.058823529411764705
0 0.6361710869775387 0.23992037374390313 0.03225806451612903 0.058823529411764705
0 0.6326745834810352 0.2626917200446612 0.03225806451612903 0.058823529411764705
0 0.6206865714930232 0.24993976611623664 0.03225806451612903 0.058823529411764705
0 0.5867205375269893 0.3036801433860257 0.03225806451612903 0.058823529411764705
0 0.6022050530115047 0.281819650937298 0.03225806451612903 0.058823529411764705
0 0.6126945635010153 0.07720661691249922 0.03225806451612903 0.058823529411764705
0 0.6326745834810352 0.08631515543280223 0.03225806451612903 0.058823529411764705
0 0.6326745834810352 0.10635394017746946 0.03225806451612903 0.058823529411764705
0 0.6436635944700463 0.1118190632896515 0.03225806451612903 0.058823529411764705
0 0.6506566014630532 0.17011370981959192 0.03225806451612903 0.058823529411764705
0 0.6396675904740422 0.1828656637480166 0.03225806451612903 0.058823529411764705
0 0.6556516064580583 0.21383469471704758 0.03225806451612903 0.058823529411764705
0 0.6596476104540623 0.2739510489510489 0.03225806451612903 0.058823529411764705
0 0.6726346234410754 0.25209055650232104 0.03225806451612903 0.058823529411764705
0 0.6346725854790374 0.30674178762414045 0.03225806451612903 0.058823529411764705
0 0.6426645934710452 0.283059587471352 0.03225806451612903 0.058823529411764705
0 0.5977095485160002 0.3377108185931714 0.03225806451612903 0.058823529411764705
0 0.6057015565080083 0.375966680378445 0.03225806451612903 0.058823529411764705
0 0.6166905674970193 0.3887186343068695 0.03225806451612903 0.058823529411764705
0 0.6256815764880282 0.3395325262972321 0.03225806451612903 0.058823529411764705
0 0.6306765814830334 0.36685814185814175 0.03225806451612903 0.058823529411764705
0 0.6546526054590572 0.3541061879297172 0.03225806451612903 0.058823529411764705
0 0.6536536044600564 0.38143180349062694 0.03225806451612903 0.058823529411764705
0 0.6526546034610553 0.41240083445965786 0.03225806451612903 0.058823529411764705
0 0.6726346234410754 0.38325351119468754 0.03225806451612903 0.058823529411764705
0 0.6806266314330832 0.3504627725215959 0.03225806451612903 0.058823529411764705
0 0.6726346234410754 0.30856349532820115 0.03225806451612903 0.058823529411764705
0 0.6946126454190973 0.33042398777692883 0.03225806451612903 0.058823529411764705
0 0.6986086494151013 0.3012766645119585 0.03225806451612903 0.058823529411764705
0 0.6966106474170992 0.2539122642063817 0.03225806451612903 0.058823529411764705
0 0.6856216364280883 0.20654786390080496 0.03225806451612903 0.058823529411764705
0 0.7175896683961204 0.21383469471704758 0.03225806451612903 0.058823529411764705
0 0.7066006574071093 0.2010827407886231 0.03225806451612903 0.058823529411764705
0 0.7006066514131033 0.2156564024211083 0.03225806451612903 0.058823529411764705
0 0.6856216364280883 0.16464858670741014 0.03225806451612903 0.058823529411764705
0 0.6666406174470693 0.18104395604395604 0.03225806451612903 0.058823529411764705
0 0.6736336244400762 0.13914467885056117 0.03225806451612903 0.058823529411764705
0 0.6766306274370791 0.10817564788153003 0.03225806451612903 0.058823529411764705
0 0.6596476104540623 0.12274930951401523 0.03225806451612903 0.058823529411764705
0 0.6506566014630532 0.14096638655462174 0.03225806451612903 0.058823529411764705
0 0.695611646418098 0.14096638655462174 0.03225806451612903 0.058823529411764705
0 0.6896176404240922 0.10635394017746946 0.03225806451612903 0.058823529411764705
0 0.7145926653991171 0.15554004818710682 0.03225806451612903 0.058823529411764705
0 0.7046026554091072 0.1719354175236527 0.03225806451612903 0.058823529411764705
0 0.7205866713931233 0.1865090791561379 0.03225806451612903 0.058823529411764705
0 0.7345726853791371 0.21201298701298685 0.03225806451612903 0.058823529411764705
0 0.7245826753891272 0.2648425104307456 0.03225806451612903 0.058823529411764705
0 0.7445626953691473 0.23387347946171463 0.03225806451612903 0.058823529411764705
0 0.7315756823821342 0.23387347946171463 0.03225806451612903 0.058823529411764705
0 0.7535537043601561 0.27212934124698823 0.03225806451612903 0.058823529411764705
0 0.7405666913731432 0.32313715696068623 0.03225806451612903 0.058823529411764705
0 0.6766306274370791 0.5198815889992359 0.03225806451612903 0.058823529411764705
0 0.6526546034610553 0.5053079273667508 0.03225806451612903 0.058823529411764705
0 0.6856216364280883 0.45430011165305273 0.03225806451612903 0.058823529411764705
0 0.6976096484161003 0.5016645119586295 0.03225806451612903 0.058823529411764705
0 0.7345726853791371 0.5217032967032967 0.03225806451612903 0.058823529411764705
0 0.7255816763881283 0.43972645002056754 0.03225806451612903 0.058823529411764705
0 0.7565507073571591 0.4834474349180231 0.03225806451612903 0.058823529411764705
0 0.7725347233411752 0.5836413586413587 0.03225806451612903 0.058823529411764705
0 0.8084987593052112 0.5581374507845095 0.03225806451612903 0.058823529411764705
0 0.860446811253263 0.5581374507845095 0.03225806451612903 0.058823529411764705
0 0.8414657922722442 0.5198815889992359 0.03225806451612903 0.058823529411764705
0 0.8334737842802361 0.4798040195099018 0.03225806451612903 0.058823529411764705
0 0.839467790274242 0.43608303461244613 0.03225806451612903 0.058823529411764705
0 0.7695377203441722 0.4488349885408708 0.03225806451612903 0.058823529411764705
0 0.7635437143501662 0.401470588235294 0.03225806451612903 0.058823529411764705
0 0.7635437143501662 0.3541061879297172 0.03225806451612903 0.058823529411764705
0 0.7515557023621542 0.36321472645002045 0.03225806451612903 0.058823529411764705
0 0.7265806773871292 0.39054034201093013 0.03225806451612903 0.058823529411764705
0 0.7006066514131033 0.3650364341540811 0.03225806451612903 0.058823529411764705
0 0.6986086494151013 0.41057912675559727 0.03225806451612903 0.058823529411764705
0 0.8884188392252912 0.5690676970088734 0.03225806451612903 0.058823529411764705
0 0.924382875189327 0.5945716048657226 0.03225806451612903 0.058823529411764705
0 0.946360897167349 0.5472072045601456 0.03225806451612903 0.058823529411764705
0 0.986320937127389 0.5654242816007521 0.03225806451612903 0.058823529411764705
0 0.980326931133383 0.48526914262208376 0.03225806451612903 0.058823529411764705
0 0.944362895169347 0.4652303578774166 0.03225806451612903 0.058823529411764705
0 0.9173898681963201 0.514416465887054 0.03225806451612903 0.058823529411764705
0 0.8844228352292871 0.4998428042545689 0.03225806451612903 0.058823529411764705
0 0.8944128452192971 0.4488349885408708 0.03225806451612903 0.058823529411764705
0 0.8884188392252912 0.4142225421637187 0.03225806451612903 0.058823529411764705
0 0.860446811253263 0.43790474231650695 0.03225806451612903 0.058823529411764705
0 0.858448809255261 0.38689692660280883 0.03225806451612903 0.058823529411764705
0 0.851455802262254 0.35592789563377786 0.03225806451612903 0.058823529411764705
0 0.8164907672972193 0.37778838808250564 0.03225806451612903 0.058823529411764705
0 0.7885187393251911 0.39054034201093013 0.03225806451612903 0.058823529411764705
0 0.7915157423221941 0.432439619204325 0.03225806451612903 0.058823529411764705
0 0.7925147433211952 0.3286022800728682 0.03225806451612903 0.058823529411764705
0 0.7685387193451712 0.30856349532820115 0.03225806451612903 0.058823529411764705
0 0.7935137443201962 0.28488129517541266 0.03225806451612903 0.058823529411764705
0 0.8025047533112051 0.31220691073632245 0.03225806451612903 0.058823529411764705
0 0.8454617962682481 0.31220691073632245 0.03225806451612903 0.058823529411764705
0 0.8794278302342821 0.3613930187459598 0.03225806451612903 0.058823529411764705
0 0.8794278302342821 0.3322456954809895 0.03225806451612903 0.058823529411764705
0 0.8754318262382781 0.3176720338485043 0.03225806451612903 0.058823529411764705
0 0.8954118462182982 0.3249588646647469 0.03225806451612903 0.058823529411764705
0 0.905401856208308 0.3413542340012927 0.03225806451612903 0.058823529411764705
0 0.928378879185331 0.3978271728271727 0.03225806451612903 0.058823529411764705
0 0.912394863201315 0.3978271728271727 0.03225806451612903 0.058823529411764705
0 0.956350907157359 0.3978271728271727 0.03225806451612903 0.058823529411764705
0 0.924382875189327 0.3413542340012927 0.03225806451612903 0.058823529411764705
0 0.9793279301343821 0.432439619204325 0.03225806451612903 0.058823529411764705
0 0.9913159421223939 0.3613930187459598 0.03225806451612903 0.058823529411764705
0 0.984322935129387 0.3796100957865663 0.03225806451612903 0.058823529411764705
0 0.980326931133383 0.401470588235294 0.03225806451612903 0.058823529411764705
0 0.965341916148368 0.3686798495622024 0.03225806451612903 0.058823529411764705
0 0.943363894170346 0.3504627725215959 0.03225806451612903 0.058823529411764705
0 0.961345912152364 0.3176720338485043 0.03225806451612903 0.058823529411764705
0 0.8484587992652511 0.257555679614503 0.03225806451612903 0.058823529411764705
0 0.8384687892752412 0.26666421813480623 0.03225806451612903 0.058823529411764705
0 0.8124947633012152 0.2812378797672915 0.03225806451612903 0.058823529411764705
0 0.8094977603042119 0.24298201798201796 0.03225806451612903 0.058823529411764705
0 0.7895177403241923 0.21019127930892628 0.03225806451612903 0.058823529411764705
0 0.7725347233411752 0.24480372568607853 0.03225806451612903 0.058823529411764705
0 0.7645427153491672 0.22112152553329018 0.03225806451612903 0.058823529411764705
0 0.7525547033611552 0.2083695716048657 0.03225806451612903 0.058823529411764705
0 0.7405666913731432 0.19015249456425903 0.03225806451612903 0.058823529411764705
0 0.7625447133511652 0.1792222483398953 0.03225806451612903 0.058823529411764705
0 0.7725347233411752 0.15371834048304625 0.03225806451612903 0.058823529411764705
0 0.76753971834617 0.13185784803431858 0.03225806451612903 0.058823529411764705
0 0.7605467113531631 0.15554004818710682 0.03225806451612903 0.058823529411764705
0 0.7115956624021141 0.12274930951401523 0.03225806451612903 0.058823529411764705
0 0.7305766813831333 0.13003614033025782 0.03225806451612903 0.058823529411764705
0 0.7365706873771393 0.10088881706528742 0.03225806451612903 0.058823529411764705
0 0.7535537043601561 0.09360198624904482 0.03225806451612903 0.058823529411764705
0 0.7625447133511652 0.10817564788153003 0.03225806451612903 0.058823529411764705
0 0.7485586993651511 0.12092760180995449 0.03225806451612903 0.058823529411764705
0 0.7125946634011151 0.0899585708409237 0.03225806451612903 0.058823529411764705
0 0.7205866713931233 0.10635394017746946 0.03225806451612903 0.058823529411764705
0 0.7016056524121043 0.09906710936122685 0.03225806451612903 0.058823529411764705
0 0.6926146434210951 0.08449344772874166 0.03225806451612903 0.058823529411764705
0 0.6666406174470693 0.09724540165716629 0.03225806451612903 0.058823529411764705
0 0.6636436144500664 0.08449344772874166 0.03225806451612903 0.058823529411764705
0 0.6516556024620542 0.06081124757595329 0.03225806451612903 0.058823529411764705
0 0.6486585994650513 0.08631515543280223 0.03225806451612903 0.058823529411764705
0 0.7645427153491672 0.08449344772874166 0.03225806451612903 0.058823529411764705
0 0.779527730334182 0.08631515543280223 0.03225806451612903 0.058823529411764705
0 0.7775297283361802 0.10635394017746946 0.03225806451612903 0.058823529411764705
0 0.7855217363281882 0.16829200211553136 0.03225806451612903 0.058823529411764705
0 0.7985087493152011 0.1573617558911675 0.03225806451612903 0.058823529411764705
0 0.8124947633012152 0.16464858670741014 0.03225806451612903 0.058823529411764705
0 0.8194877702942222 0.19561761767644106 0.03225806451612903 0.058823529411764705
0 0.8094977603042119 0.19561761767644106 0.03225806451612903 0.058823529411764705
0 0.7985087493152011 0.19743932538050163 0.03225806451612903 0.058823529411764705
0 0.8124947633012152 0.2156564024211083 0.03225806451612903 0.058823529411764705
0 0.832474783281235 0.21201298701298685 0.03225806451612903 0.058823529411764705
0 0.8484587992652511 0.20290444849268366 0.03225806451612903 0.058823529411764705
0 0.8384687892752412 0.1792222483398953 0.03225806451612903 0.058823529411764705
0 0.8304767812832331 0.1500749250749249 0.03225806451612903 0.058823529411764705
0 0.8424647932712451 0.14460980196274303 0.03225806451612903 0.058823529411764705
0 0.7955117463181981 0.11910589410589392 0.03225806451612903 0.058823529411764705
0 0.8264807772872289 0.1099973555855908 0.03225806451612903 0.058823529411764705
0 0.832474783281235 0.12092760180995449 0.03225806451612903 0.058823529411764705
0 0.8614458122522641 0.14825321737086433 0.03225806451612903 0.058823529411764705
0 0.8954118462182982 0.21201298701298685 0.03225806451612903 0.058823529411764705
0 0.980326931133383 0.24116031027795723 0.03225806451612903 0.058823529411764705
0 0.8616955625020142 0.29216812599165526 0.03225806451612903 0.058823529411764705
0 0.8576995585060102 0.252090556502321 0.03225806451612903 0.058823529411764705
0 0.8856715864780382 0.2611990950226243 0.03225806451612903 0.058823529411764705
0 0.8996576004640522 0.28852471058353396 0.03225806451612903 0.058823529411764705
0 0.9246326254390771 0.27395104895104877 0.03225806451612903 0.058823529411764705
0 0.9321251329315846 0.2356951871657752 0.03225806451612903 0.058823529411764705
0 0.9610961619026137 0.27212934124698823 0.03225806451612903 0.058823529411764705
0 0.9870701878766395 0.29854410295586753 0.03225806451612903 0.058823529411764705
0 0.9730841738906256 0.3058309337721101 0.03225806451612903 0.058823529411764705
0 0.9521051529116045 0.29034641828759455 0.03225806451612903 0.058823529411764705
0 0.9950621958686475 0.22658664864547204 0.03225806451612903 0.058823529411764705
0 0.9810761818826336 0.18650907915613782 0.03225806451612903 0.058823529411764705
0 0.9571001579066095 0.19652847152847136 0.03225806451612903 0.058823529411764705
0 0.9366206374270892 0.19015249456425903 0.03225806451612903 0.058823529411764705
0 0.8636935645000161 0.1837765176000468 0.03225806451612903 0.058823529411764705
0 0.8816755824820343 0.21929981782922944 0.03225806451612903 0.058823529411764705
0 0.8751820759885277 0.19652847152847136 0.03225806451612903 0.058823529411764705
0 0.8601970610035127 0.2165672562731385 0.03225806451612903 0.058823529411764705
0 0.8834238342302861 0.1500749250749249 0.03225806451612903 0.058823529411764705
0 0.904402855209307 0.17011370981959192 0.03225806451612903 0.058823529411764705
0 0.919387870194322 0.16464858670741014 0.03225806451612903 0.058823529411764705
0 0.919387870194322 0.14096638655462174 0.03225806451612903 0.058823529411764705
0 0.904402855209307 0.14096638655462174 0.03225806451612903 0.058823529411764705
0 0.860446811253263 0.1118190632896515 0.03225806451612903 0.058823529411764705
0 0.8834238342302861 0.11728418640183336 0.03225806451612903 0.058823529411764705
0 0.896410847217299 0.11728418640183336 0.03225806451612903 0.058823529411764705
0 0.9103968612033131 0.09906710936122685 0.03225806451612903 0.058823529411764705
0 0.9363708871773391 0.10635394017746946 0.03225806451612903 0.058823529411764705
0 0.928378879185331 0.10635394017746946 0.03225806451612903 0.058823529411764705
0 0.9373698881763401 0.13914467885056117 0.03225806451612903 0.058823529411764705
0 0.932374883181335 0.16464858670741014 0.03225806451612903 0.058823529411764705
0 0.9523549031613551 0.16282687900334936 0.03225806451612903 0.058823529411764705
0 0.9693379201443719 0.1792222483398953 0.03225806451612903 0.058823529411764705
0 0.984322935129387 0.15918346359522823 0.03225806451612903 0.058823529411764705
0 0.993313944120396 0.14278809425868225 0.03225806451612903 0.058823529411764705
0 0.970336921143373 0.13185784803431858 0.03225806451612903 0.058823529411764705
0 0.980326931133383 0.14096638655462174 0.03225806451612903 0.058823529411764705
0 0.970336921143373 0.1573617558911675 0.03225806451612903 0.058823529411764705
0 0.954352905159357 0.12457101721807592 0.03225806451612903 0.058823529411764705
0 0.956350907157359 0.1045322324734089 0.03225806451612903 0.058823529411764705
0 0.982324933131385 0.10817564788153003 0.03225806451612903 0.058823529411764705
0 0.996310947117399 0.12092760180995449 0.03225806451612903 0.058823529411764705
0 0.992314943121395 0.08085003232062035 0.03225806451612903 0.058823529411764705
0 0.970336921143373 0.08449344772874166 0.03225806451612903 0.058823529411764705
0 0.9603469111533631 0.09178027854498426 0.03225806451612903 0.058823529411764705
0 0.942364893171345 0.09360198624904482 0.03225806451612903 0.058823529411764705
0 0.9014058522123041 0.08449344772874166 0.03225806451612903 0.058823529411764705
0 0.8354717862782381 0.09906710936122685 0.03225806451612903 0.058823529411764705
0 0.858448809255261 0.0680980783921959 0.03225806451612903 0.058823529411764705
0 0.8644428152492671 0.09178027854498426 0.03225806451612903 0.058823529411764705
0 0.8524548032612551 0.08813686313686296 0.03225806451612903 0.058823529411764705
0 0.7995077503142022 0.08631515543280223 0.03225806451612903 0.058823529411764705
0 0.7885187393251911 0.10635394017746946 0.03225806451612903 0.058823529411764705
0 0.7285786793851312 0.5945716048657226 0.03225806451612903 0.058823529411764705
0 0.8844228352292871 0.08449344772874166 0.03225806451612903 0.058823529411764705
0 0.015291966098417683 0.011431215842980477 0.03225806451612903 0.058823529411764705
0 0.025281976088427652 0.03329170829170828 0.03225806451612903 0.058823529411764705
0 0.03926799007444168 0.011431215842980477 0.03225806451612903 0.058823529411764705
0 0.03926799007444168 0.027826585179526245 0.03225806451612903 0.058823529411764705
0 0.07123602204247365 0.02600487747546568 0.03225806451612903 0.058823529411764705
0 0.08022703103348261 0.04240024681201145 0.03225806451612903 0.058823529411764705
0 0.08122603203248362 0.016896338955162512 0.03225806451612903 0.058823529411764705
0 0.09021704102349258 0.022361462067344375 0.03225806451612903 0.058823529411764705
0 0.12318407399052554 0.020539754363283813 0.03225806451612903 0.058823529411764705
0 0.14216509297154456 0.03329170829170828 0.03225806451612903 0.058823529411764705
0 0.15914810995456152 0.016896338955162512 0.03225806451612903 0.058823529411764705
0 0.18112613193258353 0.016896338955162512 0.03225806451612903 0.058823529411764705
0 0.19511214591859743 0.03147000058764755 0.03225806451612903 0.058823529411764705
0 0.20510215590860745 0.011431215842980477 0.03225806451612903 0.058823529411764705
0 0.29800924881570034 0.009609508138919911 0.03225806451612903 0.058823529411764705
0 0.26104621185266336 0.009609508138919911 0.03225806451612903 0.058823529411764705
0 0.3319752827817343 0.02600487747546568 0.03225806451612903 0.058823529411764705
0 0.31699026779671935 0.018718046659223078 0.03225806451612903 0.058823529411764705
0 0.3499573007637523 0.04422195451607217 0.03225806451612903 0.058823529411764705
0 0.3719353227417742 0.03147000058764755 0.03225806451612903 0.058823529411764705
0 0.3779293287357802 0.020539754363283813 0.03225806451612903 0.058823529411764705
0 0.3919153427217943 0.011431215842980477 0.03225806451612903 0.058823529411764705
0 0.3949123457187973 0.03875683140389015 0.03225806451612903 0.058823529411764705
0 0.4198873706938222 0.04240024681201145 0.03225806451612903 0.058823529411764705
0 0.42188537269182425 0.01325292354704121 0.03225806451612903 0.058823529411764705
0 0.4378693886758402 0.03147000058764755 0.03225806451612903 0.058823529411764705
0 0.4478593986658502 0.009609508138919911 0.03225806451612903 0.058823529411764705
0 0.45485240565885715 0.029648292883586978 0.03225806451612903 0.058823529411764705
0 0.4598474106538622 0.047865369924193484 0.03225806451612903 0.058823529411764705
0 0.47982743063388217 0.04057853910795088 0.03225806451612903 0.058823529411764705
0 0.4718354226418741 0.015074631251101778 0.03225806451612903 0.058823529411764705
0 0.4978094486159001 0.03875683140389015 0.03225806451612903 0.058823529411764705
0 0.516790467596919 0.03147000058764755 0.03225806451612903 0.058823529411764705
0 0.532774483580935 0.047865369924193484 0.03225806451612903 0.058823529411764705
0 0.548758499564951 0.047865369924193484 0.03225806451612903 0.058823529411764705
0 0.541765492571944 0.020539754363283813 0.03225806451612903 0.058823529411764705
0 0.5627445135509651 0.024183169771404944 0.03225806451612903 0.058823529411764705
0 0.576730527536979 0.022361462067344375 0.03225806451612903 0.058823529411764705
0 0.5907165415229931 0.016896338955162512 0.03225806451612903 0.058823529411764705
0 0.5907165415229931 0.04240024681201145 0.03225806451612903 0.058823529411764705
0 0.600706551513003 0.018718046659223078 0.03225806451612903 0.058823529411764705
0 0.611695562502014 0.04422195451607217 0.03225806451612903 0.058823529411764705
0 0.626680577487029 0.04422195451607217 0.03225806451612903 0.058823529411764705
0 0.63766958847604 0.024183169771404944 0.03225806451612903 0.058823529411764705
0 0.6636436144500659 0.027826585179526245 0.03225806451612903 0.058823529411764705
0 0.6706366214430729 0.04422195451607217 0.03225806451612903 0.058823529411764705
0 0.6786286294350808 0.015074631251101778 0.03225806451612903 0.058823529411764705
0 0.68761963842609 0.036935123699829576 0.03225806451612903 0.058823529411764705
0 0.699607650414102 0.04240024681201145 0.03225806451612903 0.058823529411764705
0 0.684622635429087 0.06426073926073925 0.03225806451612903 0.058823529411764705
0 0.7125946634011149 0.047865369924193484 0.03225806451612903 0.058823529411764705
0 0.7075996584061098 0.015074631251101778 0.03225806451612903 0.058823529411764705
0 0.7315756823821339 0.06061732385261795 0.03225806451612903 0.058823529411764705
0 0.7465606973671489 0.05515220074043608 0.03225806451612903 0.058823529411764705
0 0.7645427153491667 0.05515220074043608 0.03225806451612903 0.058823529411764705
0 0.7905167413231927 0.04604366222013275 0.03225806451612903 0.058823529411764705
0 0.7945127453191967 0.024183169771404944 0.03225806451612903 0.058823529411764705
0 0.7755317263381777 0.015074631251101778 0.03225806451612903 0.058823529411764705
0 0.7695377203441718 0.03511341599576884 0.03225806451612903 0.058823529411764705
0 0.7575497083561598 0.011431215842980477 0.03225806451612903 0.058823529411764705
0 0.7355716863781379 0.029648292883586978 0.03225806451612903 0.058823529411764705
0 0.7235836743901258 0.020539754363283813 0.03225806451612903 0.058823529411764705
0 0.8204867712932227 0.04968707762825405 0.03225806451612903 0.058823529411764705
0 0.8194877702942218 0.06608244696479981 0.03225806451612903 0.058823529411764705
0 0.8124947633012148 0.08976464711758834 0.03225806451612903 0.058823529411764705
0 0.8364707872772387 0.047865369924193484 0.03225806451612903 0.058823529411764705
0 0.8394677902742417 0.024183169771404944 0.03225806451612903 0.058823529411764705
0 0.8174897682962197 0.024183169771404944 0.03225806451612903 0.058823529411764705
0 0.8504568012632526 0.020539754363283813 0.03225806451612903 0.058823529411764705
0 0.8594478102542616 0.04240024681201145 0.03225806451612903 0.058823529411764705
0 0.8744328252392767 0.027826585179526245 0.03225806451612903 0.058823529411764705
0 0.8804268312332826 0.03511341599576884 0.03225806451612903 0.058823529411764705
0 0.8794278302342817 0.05515220074043608 0.03225806451612903 0.058823529411764705
0 0.9024048532113047 0.04968707762825405 0.03225806451612903 0.058823529411764705
0 0.8944128452192968 0.020539754363283813 0.03225806451612903 0.058823529411764705
0 0.9183888691953206 0.024183169771404944 0.03225806451612903 0.058823529411764705
0 0.9193878701943216 0.04968707762825405 0.03225806451612903 0.058823529411764705
0 0.9353718861783377 0.056973908444496645 0.03225806451612903 0.058823529411764705
0 0.9343728851793366 0.027826585179526245 0.03225806451612903 0.058823529411764705
0 0.9483588991653505 0.01325292354704121 0.03225806451612903 0.058823529411764705
0 0.9593479101543615 0.04422195451607217 0.03225806451612903 0.058823529411764705
0 0.9663409171473687 0.027826585179526245 0.03225806451612903 0.058823529411764705
0 0.9783289291353805 0.04968707762825405 0.03225806451612903 0.058823529411764705
0 0.9793279301343816 0.016896338955162512 0.03225806451612903 0.058823529411764705
0 0.9923149431213946 0.024183169771404944 0.03225806451612903 0.058823529411764705
