0 0.4632564935064936 0.9648073593073593 0.04 0.05333333333333334
0 0.5131753246753248 0.9631839826839826 0.04 0.05333333333333334
0 0.501 0.9274696969696968 0.04 0.05333333333333334
0 0.5022175324675325 0.8592878787878787 0.04 0.05333333333333334
0 0.5046525974025975 0.8154567099567098 0.04 0.05333333333333334
0 0.4681266233766235 0.8122099567099565 0.04 0.05333333333333334
0 0.45108116883116883 0.818703463203463 0.04 0.05333333333333334
0 0.42551298701298707 0.8008463203463202 0.04 0.05333333333333334
0 0.4084675324675325 0.797599567099567 0.04 0.05333333333333334
0 0.39507467532467533 0.8268203463203462 0.04 0.05333333333333334
0 0.37802922077922085 0.7748722943722942 0.04 0.05333333333333334
0 0.34637337662337664 0.831690476190476 0.04 0.05333333333333334
0 0.33054545454545464 0.8479242424242424 0.04 0.05333333333333334
0 0.3061948051948052 0.8089632034632033 0.04 0.05333333333333334
0 0.3268928571428572 0.8138333333333332 0.04 0.05333333333333334
0 0.3171525974025974 0.7748722943722942 0.04 0.05333333333333334
0 0.2562759740259741 0.797599567099567 0.04 0.05333333333333334
0 0.2514058441558442 0.7748722943722942 0.04 0.05333333333333334
0 0.2672337662337662 0.7326645021645021 0.04 0.05333333333333334
0 0.2514058441558442 0.7375346320346319 0.04 0.05333333333333334
0 0.22949025974025972 0.7424047619047618 0.04 0.05333333333333334
0 0.23679545454545461 0.7229242424242424 0.04 0.05333333333333334
0 0.2514058441558442 0.7115606060606059 0.04 0.05333333333333334
0 0.21000974025974029 0.7148073593073591 0.04 0.05333333333333334
0 0.21853246753246752 0.68071645021645 0.04 0.05333333333333334
0 0.20148701298701302 0.7570151515151513 0.04 0.05333333333333334
0 0.17226623376623376 0.779742424242424 0.04 0.05333333333333334
0 0.1880941558441558 0.8089632034632033 0.04 0.05333333333333334
0 0.2258376623376623 0.7911060606060605 0.04 0.05333333333333334
0 0.2160974025974026 0.7716255411255409 0.04 0.05333333333333334
0 0.18200649350649348 0.8365606060606059 0.04 0.05333333333333334
0 0.18931168831168826 0.8738982683982682 0.04 0.05333333333333334
0 0.21244480519480521 0.8998722943722943 0.04 0.05333333333333334
0 0.21000974025974029 0.9453268398268396 0.04 0.05333333333333334
0 0.2781915584415584 0.974547619047619 0.04 0.05333333333333334
0 0.33054545454545464 0.9501969696969695 0.04 0.05333333333333334
0 0.33298051948051954 0.9047424242424241 0.04 0.05333333333333334
0 0.34637337662337664 0.8852619047619046 0.04 0.05333333333333334
0 0.373159090909091 0.8852619047619046 0.04 0.05333333333333334
0 0.43647077922077926 0.8982489177489176 0.04 0.05333333333333334
0 0.39872727272727276 0.943703463203463 0.04 0.05333333333333334
0 0.37802922077922085 0.9339632034632033 0.04 0.05333333333333334
0 0.258711038961039 0.8950021645021643 0.04 0.05333333333333334
0 0.25992857142857145 0.8398073593073593 0.04 0.05333333333333334
0 0.28549675324675333 0.8365606060606059 0.04 0.05333333333333334
0 0.12478246753246754 0.8170800865800865 0.04 0.05333333333333334
0 0.11869480519480521 0.7943528138528138 0.04 0.05333333333333334
0 0.12478246753246754 0.766755411255411 0.04 0.05333333333333334
0 0.14913311688311695 0.7440281385281384 0.04 0.05333333333333334
0 0.11747727272727275 0.7326645021645021 0.04 0.05333333333333334
0 0.0931266233766234 0.766755411255411 0.04 0.05333333333333334
0 0.08095129870129869 0.7488982683982682 0.04 0.05333333333333334
0 0.09190909090909094 0.7148073593073591 0.04 0.05333333333333334
0 0.05416558441558442 0.9875346320346319 0.04 0.05333333333333334
0 0.1369577922077922 0.9988982683982682 0.04 0.05333333333333334
0 0.17226623376623376 0.9777943722943722 0.04 0.05333333333333334
0 0.19661688311688316 0.974547619047619 0.04 0.05333333333333334
0 0.24531818181818188 0.9875346320346319 0.04 0.05333333333333334
0 0.13574025974025972 0.9388333333333332 0.04 0.05333333333333334
0 0.16374350649350652 0.9161060606060605 0.04 0.05333333333333334
0 0.16496103896103897 0.8820151515151513 0.04 0.05333333333333334
0 0.12112987012987014 0.8820151515151513 0.04 0.05333333333333334
0 0.03833766233766232 0.8657813852813852 0.04 0.05333333333333334
0 0.03225 0.909612554112554 0.04 0.05333333333333334
0 0.006681818181818187 0.9469502164502163 0.04 0.05333333333333334
0 0.011551948051948046 0.849547619047619 0.04 0.05333333333333334
0 0.011551948051948046 0.831690476190476 0.04 0.05333333333333334
0 0.04686038961038963 0.8089632034632033 0.04 0.05333333333333334
0 0.061470779220779204 0.8365606060606059 0.04 0.05333333333333334
0 0.08095129870129869 0.8170800865800865 0.04 0.05333333333333334
0 0.10164935064935071 0.8138333333333332 0.04 0.05333333333333334
0 0.05538311688311688 0.7310411255411254 0.04 0.05333333333333334
0 0.04320779220779218 0.7034437229437227 0.04 0.05333333333333334
0 0.029814935064935072 0.7716255411255409 0.04 0.05333333333333334
0 0.01276948051948051 0.7310411255411254 0.04 0.05333333333333334
0 0.020074675324675297 0.6872099567099565 0.04 0.05333333333333334
0 0.05051298701298702 0.68071645021645 0.04 0.05333333333333334
0 0.04199025974025972 0.6596125541125539 0.04 0.05333333333333334
0 0.013987012987012975 0.6579891774891773 0.04 0.05333333333333334
0 0.06999350649350651 0.6579891774891773 0.04 0.05333333333333334
0 0.08825649350649348 0.6823398268398267 0.04 0.05333333333333334
0 0.12356493506493507 0.6644826839826838 0.04 0.05333333333333334
0 0.13087012987012986 0.6401320346320345 0.04 0.05333333333333334
0 0.11017207792207796 0.6141580086580085 0.04 0.05333333333333334
0 0.12478246753246754 0.6141580086580085 0.04 0.05333333333333334
0 0.1089545454545455 0.5898073593073592 0.04 0.05333333333333334
0 0.09921428571428573 0.6044177489177488 0.04 0.05333333333333334
0 0.0772987012987013 0.6044177489177488 0.04 0.05333333333333334
0 0.08825649350649348 0.628768398268398 0.04 0.05333333333333334
0 0.0651233766233766 0.6320151515151513 0.04 0.05333333333333334
0 0.03712012987012986 0.6141580086580085 0.04 0.05333333333333334
0 0.06025324675324674 0.6092878787878786 0.04 0.05333333333333334
0 0.06755844155844158 0.5670800865800865 0.04 0.05333333333333334
0 0.05051298701298702 0.5751969696969694 0.04 0.05333333333333334
0 0.011551948051948046 0.5898073593073592 0.04 0.05333333333333334
0 0.02372727272727275 0.602794372294372 0.04 0.05333333333333334
0 0.024944805194805214 0.6255216450216449 0.04 0.05333333333333334
0 0.5557889610389611 0.8089632034632033 0.04 0.05333333333333334
0 0.5229155844155845 0.8057164502164501 0.04 0.05333333333333334
0 0.6081428571428572 0.8738982683982682 0.04 0.05333333333333334
0 0.578922077922078 0.9339632034632033 0.04 0.05333333333333334
0 0.6288409090909092 0.956690476190476 0.04 0.05333333333333334
0 0.6580616883116885 0.9144826839826838 0.04 0.05333333333333334
0 0.6544090909090908 0.8122099567099565 0.04 0.05333333333333334
0 0.6531915584415584 0.7748722943722942 0.04 0.05333333333333334
0 0.6897175324675325 0.7748722943722942 0.04 0.05333333333333334
0 0.6763246753246754 0.7277943722943722 0.04 0.05333333333333334
0 0.7359837662337663 0.779742424242424 0.04 0.05333333333333334
0 0.7055454545454546 0.7862359307359307 0.04 0.05333333333333334
0 0.7737272727272728 0.7894826839826838 0.04 0.05333333333333334
0 0.7639870129870131 0.7553917748917748 0.04 0.05333333333333334
0 0.7445064935064934 0.7083138528138526 0.04 0.05333333333333334
0 0.7676396103896106 0.6774696969696968 0.04 0.05333333333333334
0 0.7944253246753248 0.7148073593073591 0.04 0.05333333333333334
0 0.862607142857143 0.8024696969696968 0.04 0.05333333333333334
0 0.8406915584415586 0.7683787878787877 0.04 0.05333333333333334
0 0.8760000000000001 0.7424047619047618 0.04 0.05333333333333334
0 0.8370389610389612 0.7229242424242424 0.04 0.05333333333333334
0 0.8114707792207793 0.7326645021645021 0.04 0.05333333333333334
0 0.8285162337662337 0.706690476190476 0.04 0.05333333333333334
0 0.8297337662337663 0.6872099567099565 0.04 0.05333333333333334
0 0.7968603896103897 0.654742424242424 0.04 0.05333333333333334
0 0.8175584415584416 0.654742424242424 0.04 0.05333333333333334
0 0.78712012987013 0.6368852813852813 0.04 0.05333333333333334
0 0.7676396103896106 0.6498722943722942 0.04 0.05333333333333334
0 0.743288961038961 0.6498722943722942 0.04 0.05333333333333334
0 0.725025974025974 0.646625541125541 0.04 0.05333333333333334
0 0.7445064935064934 0.6693528138528139 0.04 0.05333333333333334
0 0.7225909090909092 0.7034437229437227 0.04 0.05333333333333334
0 0.677542207792208 0.6823398268398267 0.04 0.05333333333333334
0 0.6458863636363636 0.6839632034632033 0.04 0.05333333333333334
0 0.649538961038961 0.7034437229437227 0.04 0.05333333333333334
0 0.6446688311688311 0.7375346320346319 0.04 0.05333333333333334
0 0.6361461038961039 0.7440281385281384 0.04 0.05333333333333334
0 0.6166655844155845 0.7537683982683981 0.04 0.05333333333333334
0 0.6227532467532468 0.7001969696969695 0.04 0.05333333333333334
0 0.5971850649350651 0.6888333333333332 0.04 0.05333333333333334
0 0.5862272727272727 0.6969502164502163 0.04 0.05333333333333334
0 0.5813571428571429 0.68071645021645 0.04 0.05333333333333334
0 0.5143928571428572 0.7148073593073591 0.04 0.05333333333333334
0 0.4973474025974026 0.6969502164502163 0.04 0.05333333333333334
0 0.46203896103896114 0.7213008658008657 0.04 0.05333333333333334
0 0.4522987012987013 0.7148073593073591 0.04 0.05333333333333334
0 0.29645454545454547 0.7326645021645021 0.04 0.05333333333333334
0 0.28793181818181823 0.7099372294372293 0.04 0.05333333333333334
0 0.2574935064935065 0.6579891774891773 0.04 0.05333333333333334
0 0.24044805194805202 0.6514956709956709 0.04 0.05333333333333334
0 0.21731493506493507 0.6514956709956709 0.04 0.05333333333333334
0 0.18931168831168826 0.6644826839826838 0.04 0.05333333333333334
0 0.19661688311688316 0.6238982683982682 0.04 0.05333333333333334
0 0.18200649350649348 0.6352619047619046 0.04 0.05333333333333334
0 0.15887337662337667 0.6320151515151513 0.04 0.05333333333333334
0 0.18322402597402596 0.6125346320346318 0.04 0.05333333333333334
0 0.9539220779220781 0.7261709956709956 0.04 0.05333333333333334
0 0.9173961038961039 0.766755411255411 0.04 0.05333333333333334
0 0.990448051948052 0.7716255411255409 0.04 0.05333333333333334
0 0.9867954545454546 0.6709761904761903 0.04 0.05333333333333334
0 0.9892305194805195 0.646625541125541 0.04 0.05333333333333334
0 0.9624448051948054 0.6352619047619046 0.04 0.05333333333333334
0 0.956357142857143 0.6514956709956709 0.04 0.05333333333333334
0 0.956357142857143 0.6742229437229436 0.04 0.05333333333333334
0 0.9283538961038963 0.68071645021645 0.04 0.05333333333333334
0 0.9173961038961039 0.6985735930735929 0.04 0.05333333333333334
0 0.8760000000000001 0.6839632034632033 0.04 0.05333333333333334
0 0.8918279220779222 0.6579891774891773 0.04 0.05333333333333334
0 0.9247012987012989 0.6514956709956709 0.04 0.05333333333333334
0 0.9137435064935066 0.6255216450216449 0.04 0.05333333333333334
0 0.8906103896103897 0.628768398268398 0.04 0.05333333333333334
0 0.8723474025974027 0.6320151515151513 0.04 0.05333333333333334
0 0.862607142857143 0.6433787878787877 0.04 0.05333333333333334
0 0.8382564935064937 0.6320151515151513 0.04 0.05333333333333334
0 0.862607142857143 0.6141580086580085 0.04 0.05333333333333334
0 0.8479967532467534 0.6011709956709956 0.04 0.05333333333333334
0 0.8260811688311689 0.6044177489177488 0.04 0.05333333333333334
0 0.8126883116883117 0.6125346320346318 0.04 0.05333333333333334
0 0.9648798701298703 0.602794372294372 0.04 0.05333333333333334
0 0.9271363636363639 0.615781385281385 0.04 0.05333333333333334
0 0.9393116883116885 0.6011709956709956 0.04 0.05333333333333334
0 0.9064383116883117 0.5930541125541123 0.04 0.05333333333333334
0 0.8820876623376624 0.5914307359307359 0.04 0.05333333333333334
0 0.9003506493506495 0.5833138528138527 0.04 0.05333333333333334
0 0.9880129870129871 0.55571645021645 0.04 0.05333333333333334
0 0.9709675324675325 0.5443528138528136 0.04 0.05333333333333334
0 0.940529220779221 0.5346125541125539 0.04 0.05333333333333334
0 0.9137435064935066 0.5264956709956707 0.04 0.05333333333333334
0 0.8857402597402598 0.5183787878787877 0.04 0.05333333333333334
0 0.3037597402597403 0.646625541125541 0.04 0.05333333333333334
0 0.3147175324675325 0.6498722943722942 0.04 0.05333333333333334
0 0.3366331168831169 0.6498722943722942 0.04 0.05333333333333334
0 0.35611363636363635 0.654742424242424 0.04 0.05333333333333334
0 0.34515584415584427 0.7152132034632032 0.04 0.05333333333333334
0 0.37620292207792216 0.7152132034632032 0.04 0.05333333333333334
0 0.40359740259740273 0.7379404761904759 0.04 0.05333333333333334
0 0.42673051948051954 0.7395638528138525 0.04 0.05333333333333334
0 0.40177110389610404 0.6811222943722942 0.04 0.05333333333333334
0 0.3926396103896104 0.6632651515151513 0.04 0.05333333333333334
0 0.3737678571428572 0.6519015151515148 0.04 0.05333333333333334
0 0.31958766233766245 0.6900508658008656 0.04 0.05333333333333334
0 0.3007159090909092 0.6892391774891773 0.04 0.05333333333333334
0 0.44803733766233766 0.6608300865800862 0.04 0.05333333333333334
0 0.49734740259740273 0.6218690476190474 0.04 0.05333333333333334
0 0.4541250000000001 0.6291742424242421 0.04 0.05333333333333334
0 0.44194967532467533 0.6161872294372293 0.04 0.05333333333333334
0 0.4218603896103897 0.6153755411255408 0.04 0.05333333333333334
0 0.3956834415584416 0.6356677489177487 0.04 0.05333333333333334
0 0.3743766233766235 0.6007651515151513 0.04 0.05333333333333334
0 0.38716071428571436 0.623492424242424 0.04 0.05333333333333334
0 0.35063474025974034 0.6194339826839824 0.04 0.05333333333333334
0 0.35306980519480524 0.602388528138528 0.04 0.05333333333333334
0 0.36037500000000006 0.5764145021645019 0.04 0.05333333333333334
0 0.3189788961038962 0.6040119047619045 0.04 0.05333333333333334
0 0.3189788961038962 0.5553106060606059 0.04 0.05333333333333334
0 0.33358928571428575 0.563427489177489 0.04 0.05333333333333334
0 0.27697402597402604 0.6048235930735928 0.04 0.05333333333333334
0 0.25688474025974034 0.5642391774891773 0.04 0.05333333333333334
0 0.24288311688311695 0.563427489177489 0.04 0.05333333333333334
0 0.22218506493506504 0.6080703463203461 0.04 0.05333333333333334
0 0.21244480519480527 0.6040119047619045 0.04 0.05333333333333334
0 0.1978344155844157 0.5958950216450214 0.04 0.05333333333333334
0 0.21609740259740268 0.5780378787878785 0.04 0.05333333333333334
0 0.22401136363636373 0.6291742424242421 0.04 0.05333333333333334
0 0.24653571428571439 0.6275508658008656 0.04 0.05333333333333334
0 0.1838327922077923 0.6032002164502162 0.04 0.05333333333333334
0 0.15765584415584424 0.5585573593073591 0.04 0.05333333333333334
0 0.14608928571428578 0.5585573593073591 0.04 0.05333333333333334
0 0.12721753246753256 0.5699209956709954 0.04 0.05333333333333334
0 0.10530194805194813 0.5788495670995668 0.04 0.05333333333333334
0 0.23131655844155852 0.5277132034632033 0.04 0.05333333333333334
0 0.24349188311688316 0.522031385281385 0.04 0.05333333333333334
0 0.2215762987012988 0.5236547619047617 0.04 0.05333333333333334
0 0.2094009740259741 0.5407002164502162 0.04 0.05333333333333334
0 0.18748538961038969 0.5520638528138525 0.04 0.05333333333333334
0 0.19235551948051954 0.5415119047619045 0.04 0.05333333333333334
0 0.1783538961038962 0.5325833333333331 0.04 0.05333333333333334
0 0.1606996753246754 0.5277132034632033 0.04 0.05333333333333334
0 0.3068035714285715 0.5325833333333331 0.04 0.05333333333333334
0 0.3171525974025975 0.5098560606060604 0.04 0.05333333333333334
0 0.43403571428571436 0.5528755411255408 0.04 0.05333333333333334
0 0.4090762987012988 0.5520638528138525 0.04 0.05333333333333334
0 0.3755941558441559 0.5471937229437227 0.04 0.05333333333333334
0 0.5192629870129871 0.5212196969696967 0.04 0.05333333333333334
0 0.5326558441558442 0.5212196969696967 0.04 0.05333333333333334
0 0.49552110389610393 0.5269015151515148 0.04 0.05333333333333334
0 0.4784756493506494 0.5236547619047617 0.04 0.05333333333333334
0 0.5253506493506495 0.5496287878787877 0.04 0.05333333333333334
0 0.5247418831168832 0.5796612554112551 0.04 0.05333333333333334
0 0.5563977272727274 0.5861547619047617 0.04 0.05333333333333334
0 0.5563977272727274 0.5407002164502162 0.04 0.05333333333333334
0 0.5509188311688312 0.5025508658008656 0.04 0.05333333333333334
0 0.4912597402597403 0.5666742424242421 0.04 0.05333333333333334
0 0.44986363636363647 0.584531385281385 0.04 0.05333333333333334
0 0.42490422077922085 0.5918365800865798 0.04 0.05333333333333334
0 0.4291655844155845 0.5674859307359305 0.04 0.05333333333333334
0 0.4656915584415585 0.5780378787878785 0.04 0.05333333333333334
0 0.5515275974025975 0.6291742424242421 0.04 0.05333333333333334
0 0.5442224025974026 0.6981677489177487 0.04 0.05333333333333334
0 0.5314383116883117 0.6575833333333331 0.04 0.05333333333333334
0 0.5497012987012988 0.6421612554112551 0.04 0.05333333333333334
0 0.5290032467532468 0.6356677489177487 0.04 0.05333333333333334
0 0.5076964285714287 0.5723560606060604 0.04 0.05333333333333334
0 0.576487012987013 0.5626158008658007 0.04 0.05333333333333334
0 0.5180454545454546 0.7452456709956707 0.04 0.05333333333333334
0 0.4857808441558442 0.750927489177489 0.04 0.05333333333333334
0 0.354896103896104 0.7582326839826837 0.04 0.05333333333333334
0 0.13472564935064935 0.3548235930735929 0.04 0.05333333333333334
0 0.11585389610389608 0.3434599567099565 0.04 0.05333333333333334
0 0.09150324675324674 0.3434599567099565 0.04 0.05333333333333334
0 0.07445779220779224 0.3458950216450215 0.04 0.05333333333333334
0 0.041584415584415606 0.3515768398268397 0.04 0.05333333333333334
0 0.05802110389610391 0.3515768398268397 0.04 0.05333333333333334
0 0.026974025974025977 0.3491417748917747 0.04 0.05333333333333334
0 0.009319805194805212 0.3458950216450215 0.04 0.05333333333333334
0 0.1809918831168831 0.34508333333333313 0.04 0.05333333333333334
0 0.19438474025974029 0.34508333333333313 0.04 0.05333333333333334
0 0.20168993506493507 0.3377781385281383 0.04 0.05333333333333334
0 0.23273701298701296 0.3458950216450215 0.04 0.05333333333333334
0 0.24065097402597405 0.3402132034632033 0.04 0.05333333333333334
0 0.2522175324675325 0.34183658008657986 0.04 0.05333333333333334
0 0.2838733766233766 0.3426482683982682 0.04 0.05333333333333334
0 0.43302110389610393 0.2850183982683981 0.04 0.05333333333333334
0 0.40867045454545453 0.30531060606060584 0.04 0.05333333333333334
0 0.39710389610389607 0.32073268398268384 0.04 0.05333333333333334
0 0.4153668831168831 0.3540119047619046 0.04 0.05333333333333334
0 0.38492857142857145 0.3475183982683981 0.04 0.05333333333333334
0 0.34901136363636365 0.3475183982683981 0.04 0.05333333333333334
0 0.2808295454545454 0.5601807359307357 0.04 0.05333333333333334
0 0.29543993506493504 0.5544989177489176 0.04 0.05333333333333334
0 0.25647889610389607 0.6243041125541123 0.04 0.05333333333333334
0 0.3691006493506493 0.5171612554112551 0.04 0.05333333333333334
0 0.36301298701298695 0.49362229437229416 0.04 0.05333333333333334
0 0.3544902597402597 0.5163495670995668 0.04 0.05333333333333334
0 0.34901136363636365 0.5317716450216448 0.04 0.05333333333333334
0 0.3344009740259741 0.4830703463203461 0.04 0.05333333333333334
0 0.43362987012987014 0.52446645021645 0.04 0.05333333333333334
0 0.4129318181818181 0.5187846320346319 0.04 0.05333333333333334
0 0.38675487012987014 0.509044372294372 0.04 0.05333333333333334
0 0.5697905844155845 0.7468690476190476 0.04 0.05333333333333334
0 0.6069253246753247 0.8223560606060605 0.04 0.05333333333333334
0 0.6951964285714287 0.557745670995671 0.04 0.05333333333333334
0 0.6769334415584416 0.557745670995671 0.04 0.05333333333333334
0 0.7134594155844156 0.5301482683982683 0.04 0.05333333333333334
0 0.6495389610389611 0.5147261904761904 0.04 0.05333333333333334
0 0.6038814935064936 0.594271645021645 0.04 0.05333333333333334
0 0.6111866883116884 0.5666742424242424 0.04 0.05333333333333334
0 0.6531915584415585 0.565862554112554 0.04 0.05333333333333334
0 0.6404074675324676 0.6121287878787879 0.04 0.05333333333333334
0 0.6270146103896104 0.6340443722943722 0.04 0.05333333333333334
0 0.6172743506493507 0.6681352813852813 0.04 0.05333333333333334
0 0.5734431818181819 0.6340443722943722 0.04 0.05333333333333334
0 0.5807483766233766 0.5967067099567098 0.04 0.05333333333333334
0 0.6970227272727274 0.6032002164502164 0.04 0.05333333333333334
0 0.6720633116883117 0.5999534632034632 0.04 0.05333333333333334
0 0.7341574675324676 0.5958950216450216 0.04 0.05333333333333334
0 0.7688571428571429 0.5910248917748917 0.04 0.05333333333333334
0 0.7432889610389611 0.5772261904761904 0.04 0.05333333333333334
0 0.719547077922078 0.581284632034632 0.04 0.05333333333333334
0 0.7597256493506495 0.6291742424242424 0.04 0.05333333333333334
0 0.8163409090909092 0.5415119047619047 0.04 0.05333333333333334
0 0.8193847402597403 0.5179729437229437 0.04 0.05333333333333334
0 0.7999042207792209 0.5171612554112553 0.04 0.05333333333333334
0 0.7810324675324676 0.531771645021645 0.04 0.05333333333333334
0 0.7621607142857143 0.5260898268398267 0.04 0.05333333333333334
0 0.7189383116883117 0.5634274891774891 0.04 0.05333333333333334
0 0.5996201298701298 0.5187846320346318 0.04 0.05333333333333334
0 0.8467792207792209 0.5585573593073591 0.04 0.05333333333333334
0 0.8413003246753248 0.589401515151515 0.04 0.05333333333333334
0 0.8419090909090909 0.5342067099567096 0.04 0.05333333333333334
0 0.8437353896103897 0.5139145021645019 0.04 0.05333333333333334
0 0.7018928571428572 0.6535248917748916 0.04 0.05333333333333334
0 0.6580616883116884 0.6551482683982682 0.04 0.05333333333333334
0 0.8648392857142858 0.5569339826839824 0.04 0.05333333333333334
0 0.9750259740259741 0.4838820346320344 0.04 0.05333333333333334
0 0.9208457792207794 0.4952456709956708 0.04 0.05333333333333334
0 0.8977126623376624 0.4952456709956708 0.04 0.05333333333333334
0 0.8630129870129871 0.5301482683982681 0.04 0.05333333333333334
0 0.4413409090909091 0.2732489177489175 0.04 0.05333333333333334
0 0.44986363636363635 0.27000216450216424 0.04 0.05333333333333334
0 0.4632564935064936 0.25539177489177467 0.04 0.05333333333333334
0 0.4803019480519481 0.22779437229437205 0.04 0.05333333333333334
0 0.5290032467532468 0.21156060606060587 0.04 0.05333333333333334
0 0.5570064935064936 0.1612359307359305 0.04 0.05333333333333334
0 0.5752694805194806 0.15311904761904743 0.04 0.05333333333333334
0 0.615448051948052 0.10117099567099543 0.04 0.05333333333333334
0 0.935659090909091 0.4907813852813851 0.04 0.05333333333333334
0 0.9502694805194807 0.4907813852813851 0.04 0.05333333333333334
0 0.7566818181818183 0.0735735930735929 0.04 0.05333333333333334
0 0.7396363636363636 0.0735735930735929 0.04 0.05333333333333334
0 0.7286785714285714 0.06220995670995641 0.04 0.05333333333333334
0 0.7189383116883117 0.06220995670995641 0.04 0.05333333333333334
0 0.7018928571428572 0.08493722943722923 0.04 0.05333333333333334
0 0.6799772727272728 0.07519696969696951 0.04 0.05333333333333334
0 0.6690194805194807 0.06383333333333303 0.04 0.05333333333333334
0 0.649538961038961 0.06383333333333303 0.04 0.05333333333333334
0 0.6239707792207793 0.06708008658008628 0.04 0.05333333333333334
0 0.6130129870129871 0.06708008658008628 0.04 0.05333333333333334
0 0.4681266233766235 0.05896320346320317 0.04 0.05333333333333334
0 0.3268928571428572 0.08006709956709937 0.04 0.05333333333333334
0 0.3500259740259741 0.07519696969696951 0.04 0.05333333333333334
0 0.27697402597402593 0.07844372294372276 0.04 0.05333333333333334
0 0.2477532467532468 0.08006709956709937 0.04 0.05333333333333334
0 0.2380129870129871 0.07519696969696951 0.04 0.05333333333333334
0 0.2258376623376623 0.07519696969696951 0.04 0.05333333333333334
0 0.20757467532467536 0.0735735930735929 0.04 0.05333333333333334
0 0.20148701298701302 0.07519696969696951 0.04 0.05333333333333334
0 0.19418181818181823 0.07519696969696951 0.04 0.05333333333333334
0 0.18078896103896103 0.07519696969696951 0.04 0.05333333333333334
0 0.1710487012987013 0.07519696969696951 0.04 0.05333333333333334
0 0.15156818181818188 0.07844372294372276 0.04 0.05333333333333334
0 0.13574025974025972 0.08006709956709937 0.04 0.05333333333333334
0 0.12356493506493507 0.0735735930735929 0.04 0.05333333333333334
0 0.11260714285714289 0.07519696969696951 0.04 0.05333333333333334
0 0.0967792207792208 0.0703268398268395 0.04 0.05333333333333334
0 0.0772987012987013 0.0735735930735929 0.04 0.05333333333333334
0 0.06390584415584413 0.0735735930735929 0.04 0.05333333333333334
0 0.04929545454545456 0.07844372294372276 0.04 0.05333333333333334
0 0.033467532467532465 0.07844372294372276 0.04 0.05333333333333334
0 0.00789935064935065 0.07844372294372276 0.04 0.05333333333333334
0 0.018857142857142833 0.07844372294372276 0.04 0.05333333333333334
0 0.3061948051948052 0.08980735930735909 0.04 0.05333333333333334
0 0.3001071428571429 0.08493722943722923 0.04 0.05333333333333334
0 0.2891493506493507 0.08169047619047601 0.04 0.05333333333333334
0 0.29767207792207795 0.06708008658008628 0.04 0.05333333333333334
0 0.40481493506493504 0.07844372294372276 0.04 0.05333333333333334
0 0.5777045454545455 0.08980735930735909 0.04 0.05333333333333334
0 0.5740519480519481 0.08006709956709937 0.04 0.05333333333333334
0 0.5655292207792209 0.07844372294372276 0.04 0.05333333333333334
0 0.5545714285714287 0.07519696969696951 0.04 0.05333333333333334
0 0.537525974025974 0.08006709956709937 0.04 0.05333333333333334
0 0.5241331168831169 0.08006709956709937 0.04 0.05333333333333334
0 0.5107402597402598 0.07844372294372276 0.04 0.05333333333333334
0 0.5022175324675325 0.07844372294372276 0.04 0.05333333333333334
0 0.49612987012987014 0.07844372294372276 0.04 0.05333333333333334
0 0.4863896103896104 0.07844372294372276 0.04 0.05333333333333334
0 0.43768831168831174 0.08493722943722923 0.04 0.05333333333333334
0 0.501 0.3755216450216448 0.04 0.05333333333333334
0 0.5752694805194806 0.3657813852813851 0.04 0.05333333333333334
0 0.10408441558441564 0.5329891774891773 0.04 0.05333333333333334
0 0.08947402597402601 0.5329891774891773 0.04 0.05333333333333334
0 0.07242857142857144 0.5329891774891773 0.04 0.05333333333333334
0 0.0931266233766234 0.5070151515151513 0.04 0.05333333333333334
0 0.06755844155844158 0.503768398268398 0.04 0.05333333333333334
0 0.07608116883116883 0.4907813852813851 0.04 0.05333333333333334
0 0.07608116883116883 0.4842878787878786 0.04 0.05333333333333334
0 0.05416558441558442 0.4842878787878786 0.04 0.05333333333333334
0 0.029814935064935072 0.5248722943722942 0.04 0.05333333333333334
0 0.022509740259740226 0.5005216450216449 0.04 0.05333333333333334
0 0.006681818181818187 0.4924047619047617 0.04 0.05333333333333334
0 0.24044805194805202 0.4924047619047617 0.04 0.05333333333333334
0 0.19783441558441564 0.4648073593073591 0.04 0.05333333333333334
0 0.21853246753246752 0.44370346320346304 0.04 0.05333333333333334
0 0.18931168831168826 0.4810411255411254 0.04 0.05333333333333334
0 0.19296428571428578 0.48915800865800846 0.04 0.05333333333333334
0 0.16496103896103897 0.4907813852813851 0.04 0.05333333333333334
0 0.16983116883116883 0.47941774891774874 0.04 0.05333333333333334
0 0.2891493506493507 0.4761709956709955 0.04 0.05333333333333334
0 0.28549675324675333 0.4924047619047617 0.04 0.05333333333333334
0 0.2830616883116884 0.521625541125541 0.04 0.05333333333333334
0 0.2684512987012987 0.5443528138528136 0.04 0.05333333333333334
0 0.32202272727272724 0.4648073593073591 0.04 0.05333333333333334
0 0.3962922077922078 0.4875346320346318 0.04 0.05333333333333334
0 0.7822500000000001 0.4842878787878786 0.04 0.05333333333333334
0 0.8820876623376624 0.4875346320346318 0.04 0.05333333333333334
0 0.8760000000000001 0.4550670995670994 0.04 0.05333333333333334
0 0.9441818181818183 0.3803917748917747 0.04 0.05333333333333334
0 0.9527045454545456 0.3755216450216448 0.04 0.05333333333333334
0 0.9648798701298703 0.3755216450216448 0.04 0.05333333333333334
0 0.9965357142857143 0.3657813852813851 0.04 0.05333333333333334
0 0.8017305194805195 0.38201515151515136 0.04 0.05333333333333334
0 0.8285162337662337 0.3657813852813851 0.04 0.05333333333333334
0 0.8492142857142859 0.3592878787878786 0.04 0.05333333333333334
0 0.8820876623376624 0.3592878787878786 0.04 0.05333333333333334
0 0.9941006493506495 0.5118852813852813 0.04 0.05333333333333334
0 0.017233766233766205 0.5569339826839824 0.04 0.05333333333333334
0 0.03062662337662337 0.573979437229437 0.04 0.05333333333333334
0 0.046454545454545436 0.5496287878787877 0.04 0.05333333333333334
0 0.050107142857142864 0.5252781385281382 0.04 0.05333333333333334
0 0.31796428571428575 0.49118722943722914 0.04 0.05333333333333334
0 0.466909090909091 0.55571645021645 0.04 0.05333333333333334
0 0.5703993506493507 0.5183787878787877 0.04 0.05333333333333334
0 0.6044902597402598 0.5070151515151513 0.04 0.05333333333333334
0 0.6215357142857143 0.4761709956709955 0.04 0.05333333333333334
0 0.615448051948052 0.469677489177489 0.04 0.05333333333333334
0 0.9265275974025975 0.5139145021645021 0.04 0.05333333333333334
0 0.9977532467532468 0.404742424242424 0.04 0.05333333333333334
0 0.9807077922077923 0.41123593073593057 0.04 0.05333333333333334
0 0.9624448051948054 0.4225995670995669 0.04 0.05333333333333334
0 0.9514870129870131 0.4274696969696968 0.04 0.05333333333333334
0 0.9393116883116885 0.4339632034632033 0.04 0.05333333333333334
0 0.9283538961038963 0.4339632034632033 0.04 0.05333333333333334
0 0.9807077922077923 0.4388333333333332 0.04 0.05333333333333334
0 0.9283538961038963 0.37227489177489154 0.04 0.05333333333333334
0 0.914961038961039 0.37065151515151495 0.04 0.05333333333333334
0 0.6434512987012987 0.4664307359307357 0.04 0.05333333333333334
0 0.8066006493506497 0.4903755411255411 0.04 0.05333333333333334
0 0.7804237012987015 0.4635898268398268 0.04 0.05333333333333334
0 0.5137840909090909 0.48794047619047615 0.04 0.05333333333333334
0 0.6641493506493508 0.44695021645021626 0.04 0.05333333333333334
0 0.6872824675324677 0.4404567099567098 0.04 0.05333333333333334
0 0.6422337662337663 0.44370346320346304 0.04 0.05333333333333334
0 0.6288409090909092 0.4274696969696968 0.04 0.05333333333333334
0 0.5460487012987014 0.4209761904761903 0.04 0.05333333333333334
0 0.50587012987013 0.45344372294372276 0.04 0.05333333333333334
0 0.48395454545454547 0.45344372294372276 0.04 0.05333333333333334
0 0.48151948051948057 0.4404567099567098 0.04 0.05333333333333334
0 0.4803019480519481 0.43233982683982664 0.04 0.05333333333333334
0 0.4681266233766235 0.43233982683982664 0.04 0.05333333333333334
0 0.4596038961038962 0.4290930735930734 0.04 0.05333333333333334
0 0.1986461038961039 0.5017391774891773 0.04 0.05333333333333334
0 0.30091883116883117 0.4863170995670993 0.04 0.05333333333333334
0 0.5643116883116884 0.4765768398268395 0.04 0.05333333333333334
0 0.657452922077922 0.4976807359307357 0.04 0.05333333333333334
0 0.6799772727272727 0.5285248917748915 0.04 0.05333333333333334
0 0.6531915584415584 0.5431352813852811 0.04 0.05333333333333334
0 0.6665844155844156 0.5390768398268395 0.04 0.05333333333333334
0 0.11991233766233768 0.4761709956709955 0.04 0.05333333333333334
0 0.11017207792207796 0.47292424242424225 0.04 0.05333333333333334
0 0.09069155844155848 0.4664307359307357 0.04 0.05333333333333334
0 0.1053019480519481 0.45344372294372276 0.04 0.05333333333333334
0 0.09556168831168833 0.45344372294372276 0.04 0.05333333333333334
0 0.08460389610389608 0.45344372294372276 0.04 0.05333333333333334
0 0.07242857142857144 0.45344372294372276 0.04 0.05333333333333334
0 0.1430454545454545 0.469677489177489 0.04 0.05333333333333334
0 0.15643831168831174 0.4761709956709955 0.04 0.05333333333333334
0 0.15643831168831174 0.4388333333333332 0.04 0.05333333333333334
0 0.13939285714285712 0.43233982683982664 0.04 0.05333333333333334
0 0.17713636363636362 0.44695021645021626 0.04 0.05333333333333334
0 0.16861363636363638 0.4583138528138526 0.04 0.05333333333333334
0 0.1990519480519481 0.45344372294372276 0.04 0.05333333333333334
0 0.33298051948051954 0.456690476190476 0.04 0.05333333333333334
0 0.33176298701298707 0.45019696969696954 0.04 0.05333333333333334
0 0.3500259740259741 0.4404567099567098 0.04 0.05333333333333334
0 0.37802922077922085 0.44370346320346304 0.04 0.05333333333333334
0 0.3841168831168832 0.4290930735930734 0.04 0.05333333333333334
0 0.41577272727272735 0.46156060606060584 0.04 0.05333333333333334
0 0.40116233766233766 0.456690476190476 0.04 0.05333333333333334
0 0.48882467532467533 0.5021450216450216 0.04 0.05333333333333334
0 0.49247727272727276 0.4842878787878786 0.04 0.05333333333333334
0 0.47543181818181823 0.4842878787878786 0.04 0.05333333333333334
0 0.4693441558441559 0.47292424242424225 0.04 0.05333333333333334
0 0.4571688311688313 0.44695021645021626 0.04 0.05333333333333334
0 0.44864610389610393 0.4810411255411254 0.04 0.05333333333333334
0 0.5910974025974027 0.456690476190476 0.04 0.05333333333333334
0 0.6556266233766234 0.4031190476190474 0.04 0.05333333333333334
0 0.6471038961038961 0.41123593073593057 0.04 0.05333333333333334
0 0.6434512987012987 0.39337878787878766 0.04 0.05333333333333334
0 0.6264058441558442 0.3950021645021643 0.04 0.05333333333333334
0 0.615448051948052 0.3982489177489175 0.04 0.05333333333333334
0 0.6081428571428572 0.3982489177489175 0.04 0.05333333333333334
0 0.8017305194805195 0.43233982683982664 0.04 0.05333333333333334
0 0.8370389610389612 0.45019696969696954 0.04 0.05333333333333334
0 0.8431266233766236 0.46156060606060584 0.04 0.05333333333333334
0 0.8260811688311689 0.39337878787878766 0.04 0.05333333333333334
0 0.5484837662337664 0.45019696969696954 0.04 0.05333333333333334
0 0.5643116883116884 0.45344372294372276 0.04 0.05333333333333334
0 0.5777045454545455 0.456690476190476 0.04 0.05333333333333334
0 0.5229155844155845 0.4664307359307357 0.04 0.05333333333333334
0 0.7298961038961039 0.35441774891774874 0.04 0.05333333333333334
0 0.7420714285714286 0.37065151515151495 0.04 0.05333333333333334
0 0.7116331168831169 0.36415800865800846 0.04 0.05333333333333334
0 0.6970227272727274 0.36091125541125524 0.04 0.05333333333333334
0 0.6799772727272728 0.3657813852813851 0.04 0.05333333333333334
0 0.7067629870129871 0.41772943722943706 0.04 0.05333333333333334
0 0.2830616883116884 0.4550670995670994 0.04 0.05333333333333334
0 0.2550584415584416 0.46805411255411233 0.04 0.05333333333333334
0 0.7700746753246754 0.4372099567099565 0.04 0.05333333333333334
0 0.7323311688311689 0.46156060606060584 0.04 0.05333333333333334
0 0.7469415584415586 0.4583138528138526 0.04 0.05333333333333334
0 0.7408538961038961 0.45019696969696954 0.04 0.05333333333333334
0 0.7408538961038961 0.4339632034632033 0.04 0.05333333333333334
0 0.7968603896103897 0.04597619047619022 0.04 0.05333333333333334
0 0.7992954545454546 0.7943528138528138 0.04 0.05333333333333334
0 0.8224285714285714 0.8284437229437227 0.04 0.05333333333333334
0 0.8881753246753248 0.9047424242424241 0.04 0.05333333333333334
0 0.5898798701298701 0.6141580086580085 0.04 0.05333333333333334
0 0.544831168831169 0.5666742424242421 0.04 0.05333333333333334
0 0.23192532467532465 0.3917554112554111 0.04 0.05333333333333334
0 0.06025324675324674 0.9420800865800865 0.04 0.05333333333333334
0 0.05781818181818181 0.8625346320346319 0.04 0.05333333333333334
0 0.9052207792207793 0.45344372294372276 0.04 0.05333333333333334
0 0.43768831168831174 0.39987229437229416 0.04 0.05333333333333334
0 0.44742857142857145 0.3982489177489175 0.04 0.05333333333333334
0 0.3743766233766235 0.4290930735930734 0.04 0.05333333333333334
0 0.2672337662337662 0.5102619047619046 0.04 0.05333333333333334
0 0.6288409090909092 0.5102619047619046 0.04 0.05333333333333334
0 0.615448051948052 0.5459761904761903 0.04 0.05333333333333334
0 0.4936948051948052 0.6628593073593073 0.04 0.05333333333333334
0 0.3025422077922078 0.5719502164502163 0.04 0.05333333333333334
0 0.09332954545454544 0.5488170995670993 0.04 0.05333333333333334
0 0.08298051948051949 0.5512521645021642 0.04 0.05333333333333334
0 0.07263149350649355 0.5496287878787877 0.04 0.05333333333333334
0 0.1335081168831169 0.5837196969696967 0.04 0.05333333333333334
0 0.14446590909090912 0.5796612554112551 0.04 0.05333333333333334
0 0.11463636363636362 0.5017391774891772 0.04 0.05333333333333334
0 0.12133279220779224 0.45628463203463177 0.04 0.05333333333333334
0 0.035496753246753256 0.4303106060606058 0.04 0.05333333333333334
0 0.04401948051948054 0.41732359307359274 0.04 0.05333333333333334
0 0.05254220779220782 0.4303106060606058 0.04 0.05333333333333334
0 0.10733116883116883 0.41570021645021615 0.04 0.05333333333333334
0 0.13289935064935066 0.41732359307359274 0.04 0.05333333333333334
0 0.1694253246753247 0.3978430735930733 0.04 0.05333333333333334
0 0.1645551948051948 0.40920670995670966 0.04 0.05333333333333334
0 0.2704805194805195 0.4327456709956707 0.04 0.05333333333333334
0 0.3344009740259741 0.3881028138528136 0.04 0.05333333333333334
0 0.3374448051948052 0.37592748917748897 0.04 0.05333333333333334
0 0.2674366883116883 0.3572586580086577 0.04 0.05333333333333334
0 0.2790032467532467 0.40027813852813826 0.04 0.05333333333333334
0 0.36118668831168826 0.41488852813852783 0.04 0.05333333333333334
0 0.34048863636363635 0.40595995670995644 0.04 0.05333333333333334
0 0.35022889610389607 0.39378463203463177 0.04 0.05333333333333334
0 0.3703181818181819 0.38485606060606037 0.04 0.05333333333333334
0 0.42145454545454547 0.3986547619047616 0.04 0.05333333333333334
0 0.430586038961039 0.3791742424242422 0.04 0.05333333333333334
0 0.012363636363636374 0.4603430735930733 0.04 0.05333333333333334
0 0.3676801948051949 0.46277813852813826 0.04 0.05333333333333334
0 0.4364707792207793 0.5041742424242421 0.04 0.05333333333333334
0 0.4632564935064936 0.5179729437229434 0.04 0.05333333333333334
0 0.5016087662337664 0.4676482683982681 0.04 0.05333333333333334
0 0.5259594155844156 0.41083008658008635 0.04 0.05333333333333334
0 0.5411785714285715 0.3816093073593071 0.04 0.05333333333333334
0 0.5691818181818182 0.3816093073593071 0.04 0.05333333333333334
0 0.5576152597402598 0.3824209956709954 0.04 0.05333333333333334
0 0.5929237012987014 0.373492424242424 0.04 0.05333333333333334
0 0.5783133116883117 0.3954080086580084 0.04 0.05333333333333334
0 0.5929237012987014 0.40758333333333313 0.04 0.05333333333333334
0 0.5643116883116884 0.4083950216450214 0.04 0.05333333333333334
0 0.6002288961038962 0.4449209956709954 0.04 0.05333333333333334
0 0.6452775974025975 0.42219372294372276 0.04 0.05333333333333334
0 0.6391899350649352 0.4319339826839825 0.04 0.05333333333333334
0 0.6604967532467533 0.4181352813852811 0.04 0.05333333333333334
0 0.37742045454545464 0.39378463203463177 0.04 0.05333333333333334
0 0.33602435064935077 0.42219372294372276 0.04 0.05333333333333334
0 0.3153262987012988 0.4262521645021643 0.04 0.05333333333333334
0 0.31776136363636376 0.373492424242424 0.04 0.05333333333333334
0 0.4918685064935066 0.41894696969696943 0.04 0.05333333333333334
0 0.4340357142857144 0.42138203463203444 0.04 0.05333333333333334
0 0.4340357142857144 0.43842748917748897 0.04 0.05333333333333334
0 0.4109025974025975 0.4335573593073591 0.04 0.05333333333333334
0 0.4029886363636364 0.5350183982683979 0.04 0.05333333333333334
0 0.39568344155844165 0.5244664502164499 0.04 0.05333333333333334
0 0.420034090909091 0.4838820346320344 0.04 0.05333333333333334
0 0.42490422077922085 0.498492424242424 0.04 0.05333333333333334
0 0.4090762987012988 0.47901190476190453 0.04 0.05333333333333334
0 0.9038003246753247 0.407583333333333 0.04 0.05333333333333334
0 0.9293685064935066 0.40595995670995644 0.04 0.05333333333333334
0 0.9372824675324676 0.40839502164502134 0.04 0.05333333333333334
0 0.9604155844155844 0.44573268398268373 0.04 0.05333333333333334
0 0.9731996753246753 0.4514145021645019 0.04 0.05333333333333334
0 0.9945064935064934 0.46521320346320316 0.04 0.05333333333333334
0 0.930586038961039 0.46440151515151484 0.04 0.05333333333333334
0 0.863012987012987 0.43031060606060584 0.04 0.05333333333333334
0 0.8258782467532468 0.42300541125541097 0.04 0.05333333333333334
0 0.875797077922078 0.37430411255411233 0.04 0.05333333333333334
0 0.8599691558441558 0.3710573593073591 0.04 0.05333333333333334
0 0.8703181818181819 0.36050541125541097 0.04 0.05333333333333334
0 0.8794496753246753 0.40595995670995644 0.04 0.05333333333333334
0 0.9616331168831168 0.3889145021645019 0.04 0.05333333333333334
0 0.9798961038961039 0.3921612554112551 0.04 0.05333333333333334
0 0.9805048701298701 0.3799859307359305 0.04 0.05333333333333334
0 0.9926801948051948 0.37673917748917723 0.04 0.05333333333333334
0 0.9987678571428571 0.3856677489177487 0.04 0.05333333333333334
0 0.987810064935065 0.44735606060606037 0.04 0.05333333333333334
0 0.7771769480519481 0.36375216450216424 0.04 0.05333333333333334
0 0.7583051948051948 0.37430411255411233 0.04 0.05333333333333334
0 0.7497824675324676 0.3669989177489175 0.04 0.05333333333333334
0 0.7491737012987013 0.3856677489177487 0.04 0.05333333333333334
0 0.751 0.40027813852813826 0.04 0.05333333333333334
0 0.6633376623376623 0.3669989177489175 0.04 0.05333333333333334
0 0.6188977272727273 0.42057034632034607 0.04 0.05333333333333334
0 0.6767305194805194 0.46440151515151484 0.04 0.05333333333333334
0 0.6895146103896104 0.4757651515151512 0.04 0.05333333333333334
0 0.6712516233766235 0.47170670995670966 0.04 0.05333333333333334
0 0.722387987012987 0.5074209956709954 0.04 0.05333333333333334
0 0.7309107142857142 0.5098560606060604 0.04 0.05333333333333334
0 0.748564935064935 0.48956385281385245 0.04 0.05333333333333334
0 0.7723068181818182 0.48956385281385245 0.04 0.05333333333333334
0 0.7777857142857142 0.5074209956709954 0.04 0.05333333333333334
0 0.7923961038961039 0.4668365800865798 0.04 0.05333333333333334
0 0.828922077922078 0.470083333333333 0.04 0.05333333333333334
0 0.8112678571428571 0.45303787878787855 0.04 0.05333333333333334
0 0.8764058441558442 0.47657683982683957 0.04 0.05333333333333334
0 0.863012987012987 0.48144696969696943 0.04 0.05333333333333334
0 0.8508376623376623 0.48388203463203444 0.04 0.05333333333333334
0 0.9847662337662337 0.47170670995670966 0.04 0.05333333333333334
0 0.6621201298701298 0.45871969696969667 0.04 0.05333333333333334
0 0.7333457792207791 0.4879404761904759 0.04 0.05333333333333334
0 0.7126477272727273 0.48225865800865775 0.04 0.05333333333333334
0 0.706560064935065 0.5025508658008656 0.04 0.05333333333333334
0 0.6809918831168832 0.500927489177489 0.04 0.05333333333333334
0 0.6742954545454545 0.5025508658008656 0.04 0.05333333333333334
0 0.7491737012987013 0.5536872294372291 0.04 0.05333333333333334
0 0.7631753246753247 0.5585573593073591 0.04 0.05333333333333334
0 0.7911785714285714 0.5569339826839824 0.04 0.05333333333333334
0 0.7984837662337663 0.5869664502164499 0.04 0.05333333333333334
0 0.805788961038961 0.6121287878787877 0.04 0.05333333333333334
0 0.8654480519480519 0.5853430735930734 0.04 0.05333333333333334
0 0.9780698051948052 0.5869664502164499 0.04 0.05333333333333334
0 0.9604155844155844 0.5195963203463201 0.04 0.05333333333333334
0 0.9257159090909092 0.5699209956709954 0.04 0.05333333333333334
0 0.8958863636363636 0.5569339826839824 0.04 0.05333333333333334
0 0.8788409090909092 0.5553106060606058 0.04 0.05333333333333334
0 0.9287597402597403 0.6632651515151513 0.04 0.05333333333333334
0 0.896698051948052 0.9550670995670993 0.04 0.05333333333333334
0 0.06268831168831167 0.42584632034632014 0.04 0.05333333333333334
0 0.07121103896103897 0.42584632034632014 0.04 0.05333333333333334
0 0.07973376623376623 0.404742424242424 0.04 0.05333333333333334
0 0.07121103896103897 0.3982489177489175 0.04 0.05333333333333334
0 0.06268831168831167 0.404742424242424 0.04 0.05333333333333334
0 0.048077922077922094 0.404742424242424 0.04 0.05333333333333334
0 0.02616233766233768 0.404742424242424 0.04 0.05333333333333334
0 0.013987012987012975 0.3982489177489175 0.04 0.05333333333333334
0 0.11625974025974029 0.3917554112554111 0.04 0.05333333333333334
0 0.11382467532467536 0.409612554112554 0.04 0.05333333333333334
0 0.0931266233766234 0.4031190476190474 0.04 0.05333333333333334
0 0.10286688311688318 0.39987229437229416 0.04 0.05333333333333334
0 0.15522077922077926 0.38363852813852795 0.04 0.05333333333333334
0 0.14791558441558447 0.3982489177489175 0.04 0.05333333333333334
0 0.14791558441558447 0.4209761904761903 0.04 0.05333333333333334
0 0.14061038961038957 0.409612554112554 0.04 0.05333333333333334
0 0.40116233766233766 0.4274696969696968 0.04 0.05333333333333334
0 0.40725 0.41772943722943706 0.04 0.05333333333333334
0 0.3865519480519481 0.4550670995670994 0.04 0.05333333333333334
0 0.37802922077922085 0.4648073593073591 0.04 0.05333333333333334
0 0.37802922077922085 0.4842878787878786 0.04 0.05333333333333334
0 0.34028571428571436 0.5248722943722942 0.04 0.05333333333333334
0 0.3366331168831169 0.5362359307359306 0.04 0.05333333333333334
0 0.3695064935064936 0.5605865800865799 0.04 0.05333333333333334
0 0.3597662337662338 0.6855865800865799 0.04 0.05333333333333334
0 0.16983116883116883 0.7001969696969695 0.04 0.05333333333333334
0 0.1576558441558442 0.68071645021645 0.04 0.05333333333333334
0 0.1320876623376623 0.7099372294372293 0.04 0.05333333333333334
0 0.06877597402597405 0.7115606060606059 0.04 0.05333333333333334
0 0.30862987012987014 0.44370346320346304 0.04 0.05333333333333334
0 0.5277857142857143 0.4404567099567098 0.04 0.05333333333333334
0 0.5119577922077923 0.4388333333333332 0.04 0.05333333333333334
0 0.5034350649350651 0.4404567099567098 0.04 0.05333333333333334
0 0.5168279220779222 0.4339632034632033 0.04 0.05333333333333334
0 0.5618766233766235 0.4274696969696968 0.04 0.05333333333333334
0 0.5752694805194806 0.4274696969696968 0.04 0.05333333333333334
0 0.5874448051948052 0.4274696969696968 0.04 0.05333333333333334
0 0.6130129870129871 0.4388333333333332 0.04 0.05333333333333334
0 0.6324935064935066 0.5719502164502163 0.04 0.05333333333333334
0 0.7152857142857143 0.469677489177489 0.04 0.05333333333333334
0 0.7006753246753248 0.4761709956709955 0.04 0.05333333333333334
0 0.6811948051948054 0.4209761904761903 0.04 0.05333333333333334
0 0.6872824675324677 0.4209761904761903 0.04 0.05333333333333334
0 0.6872824675324677 0.39987229437229416 0.04 0.05333333333333334
0 0.6763246753246754 0.3885086580086578 0.04 0.05333333333333334
0 0.6264058441558442 0.3771450216450214 0.04 0.05333333333333334
0 0.6373636363636364 0.3771450216450214 0.04 0.05333333333333334
0 0.2660162337662338 0.4842878787878786 0.04 0.05333333333333334
0 0.2538409090909091 0.44695021645021626 0.04 0.05333333333333334
0 0.2672337662337662 0.4161060606060604 0.04 0.05333333333333334
0 0.23679545454545461 0.43233982683982664 0.04 0.05333333333333334
0 0.21366233766233766 0.40636580086580065 0.04 0.05333333333333334
0 0.19052922077922085 0.4372099567099565 0.04 0.05333333333333334
0 0.17348376623376624 0.43233982683982664 0.04 0.05333333333333334
0 0.18687662337662334 0.42584632034632014 0.04 0.05333333333333334
0 0.19418181818181823 0.41123593073593057 0.04 0.05333333333333334
0 0.20026948051948057 0.404742424242424 0.04 0.05333333333333334
0 0.20392207792207795 0.3982489177489175 0.04 0.05333333333333334
0 0.21244480519480521 0.39337878787878766 0.04 0.05333333333333334
0 0.21731493506493507 0.3868852813852812 0.04 0.05333333333333334
0 0.21000974025974029 0.38201515151515136 0.04 0.05333333333333334
0 0.19783441558441564 0.39337878787878766 0.04 0.05333333333333334
0 0.19052922077922085 0.3982489177489175 0.04 0.05333333333333334
0 0.20513961038961043 0.38363852813852795 0.04 0.05333333333333334
0 0.22096753246753245 0.3755216450216448 0.04 0.05333333333333334
0 0.11991233766233768 0.43233982683982664 0.04 0.05333333333333334
0 0.09434415584415587 0.4339632034632033 0.04 0.05333333333333334
0 0.12112987012987014 0.4209761904761903 0.04 0.05333333333333334
0 0.12356493506493507 0.5264956709956707 0.04 0.05333333333333334
0 0.13817532467532465 0.5459761904761903 0.04 0.05333333333333334
0 0.13939285714285712 0.4907813852813851 0.04 0.05333333333333334
0 0.126 0.4810411255411254 0.04 0.05333333333333334
0 0.1673961038961039 0.5070151515151513 0.04 0.05333333333333334
0 0.1880941558441558 0.529742424242424 0.04 0.05333333333333334
0 0.3025422077922078 0.594677489177489 0.04 0.05333333333333334
0 0.24044805194805202 0.5833138528138527 0.04 0.05333333333333334
0 0.23923051948051954 0.602794372294372 0.04 0.05333333333333334
0 0.32932792207792216 0.40636580086580065 0.04 0.05333333333333334
0 0.3147175324675325 0.404742424242424 0.04 0.05333333333333334
0 0.3025422077922078 0.4161060606060604 0.04 0.05333333333333334
0 0.38716071428571436 0.5731677489177487 0.04 0.05333333333333334
0 0.3981185064935065 0.6064469696969694 0.04 0.05333333333333334
0 0.22583766233766236 0.470083333333333 0.04 0.05333333333333334
0 0.21670616883116886 0.4887521645021643 0.04 0.05333333333333334
0 0.2051396103896104 0.470083333333333 0.04 0.05333333333333334
0 0.2154886363636364 0.4546612554112551 0.04 0.05333333333333334
0 0.25262337662337664 0.4327456709956708 0.04 0.05333333333333334
0 0.24349188311688313 0.43842748917748897 0.04 0.05333333333333334
0 0.08886525974025974 0.5788495670995668 0.04 0.05333333333333334
0 0.2891493506493507 0.5837196969696967 0.04 0.05333333333333334
0 0.4328181818181819 0.4660248917748915 0.04 0.05333333333333334
0 0.04341071428571431 0.4579080086580084 0.04 0.05333333333333334
0 0.03184415584415586 0.4579080086580084 0.04 0.05333333333333334
0 0.06897889610389608 0.47738852813852795 0.04 0.05333333333333334
0 0.007493506493506516 0.43923917748917723 0.04 0.05333333333333334
0 0.20777759740259738 0.43680411255411233 0.04 0.05333333333333334
0 0.7171120129870132 0.6186222943722941 0.04 0.05333333333333334
0 0.7085892857142859 0.4416742424242422 0.04 0.05333333333333334
0 0.7031103896103899 0.4424859307359305 0.04 0.05333333333333334
0 0.6945876623376626 0.4506028138528136 0.04 0.05333333333333334
0 0.789555194805195 0.3986547619047616 0.04 0.05333333333333334
0 0.779206168831169 0.39621969696969667 0.04 0.05333333333333334
0 0.7773798701298704 0.37673917748917723 0.04 0.05333333333333334
0 0.899133116883117 0.39053787878787855 0.04 0.05333333333333334
0 0.8918279220779223 0.3986547619047616 0.04 0.05333333333333334
0 0.8918279220779223 0.37755086580086555 0.04 0.05333333333333334
0 0.9447905844155846 0.4043365800865798 0.04 0.05333333333333334
0 0.7700746753246756 0.47495346320346304 0.04 0.05333333333333334
0 0.8674772727272728 0.5017391774891773 0.04 0.05333333333333334
0 0.29820279720279724 0.3854492174492173 0.04 0.05333333333333334
0 0.3061948051948052 0.3681332001331999 0.04 0.05333333333333334
0 0.2872137862137862 0.3707972027972025 0.04 0.05333333333333334
0 0.10040059940059937 0.3801212121212119 0.04 0.05333333333333334
0 0.10739360639360634 0.3681332001331999 0.04 0.05333333333333334
0 0.09940159840159836 0.34948518148518126 0.04 0.05333333333333334
0 0.03346753246753244 0.3801212121212119 0.04 0.05333333333333334
0 0.02847252747252739 0.38944522144522126 0.04 0.05333333333333334
0 0.0514495504495504 0.38411721611721594 0.04 0.05333333333333334
0 0.058442557442557386 0.3854492174492173 0.04 0.05333333333333334
0 0.058442557442557386 0.37212920412920386 0.04 0.05333333333333334
0 0.07542557442557435 0.38145321345321326 0.04 0.05333333333333334
0 0.08941158841158839 0.3854492174492173 0.04 0.05333333333333334
0 0.3551458541458542 0.3628051948051946 0.04 0.05333333333333334
0 0.34215884115884115 0.3628051948051946 0.04 0.05333333333333334
0 0.33216883116883117 0.3641371961371959 0.04 0.05333333333333334
0 0.3751258741258741 0.06976490176490141 0.04 0.05333333333333334
0 0.3851158841158841 0.0777569097569094 0.04 0.05333333333333334
0 0.39011088911088915 0.06843290043290016 0.04 0.05333333333333334
0 0.38111988011988013 0.08974492174492146 0.04 0.05333333333333334
0 0.5819190809190811 0.0777569097569094 0.04 0.05333333333333334
0 0.5929080919080919 0.0777569097569094 0.04 0.05333333333333334
0 0.8386623376623378 0.40676123876123854 0.04 0.05333333333333334
0 0.8556453546453548 0.40676123876123854 0.04 0.05333333333333334
0 0.8536473526473527 0.42274525474525454 0.04 0.05333333333333334
0 0.8906103896103897 0.4187492507492505 0.04 0.05333333333333334
0 0.8846163836163838 0.4307372627372625 0.04 0.05333333333333334
0 0.8766243756243758 0.4267412587412585 0.04 0.05333333333333334
0 0.8776233766233766 0.4400612720612719 0.04 0.05333333333333334
0 0.8246763236763237 0.43872927072927054 0.04 0.05333333333333334
0 0.8596413586413588 0.46270529470529453 0.04 0.05333333333333334
0 0.8976033966033968 0.43606526806526785 0.04 0.05333333333333334
0 0.9085924075924078 0.42008125208125185 0.04 0.05333333333333334
0 0.9195814185814187 0.41208924408924386 0.04 0.05333333333333334
0 0.9185824175824177 0.39344122544122523 0.04 0.05333333333333334
0 0.6009000999001 0.7743936063936062 0.04 0.05333333333333334
0 0.6538471528471529 0.8689657009657009 0.04 0.05333333333333334
0 0.7167842157842159 0.801033633033633 0.04 0.05333333333333334
0 0.19930169830169828 0.561273393273393 0.04 0.05333333333333334
0 0.09565534465534464 0.8449064269064268 0.04 0.05333333333333334
0 0.2644865134865135 0.9587925407925408 0.04 0.05333333333333334
0 0.1795714285714286 0.7403443223443223 0.04 0.05333333333333334
0 0.14460639360639363 0.6011501831501832 0.04 0.05333333333333334
