0 0.19113864114994836 0.8405240719704935 0.019646365422396856 0.05847953216374269
0 0.11999555561837369 0.835765305883948 0.019646365422396856 0.05847953216374269
0 0.22131450046249831 0.5770073999280111 0.019646365422396856 0.05847953216374269
0 0.17095478823228258 0.6817002538320223 0.019646365422396856 0.05847953216374269
0 0.2784687770412354 0.6912177860051141 0.019646365422396856 0.05847953216374269
0 0.3336246523409956 0.6840796368752953 0.019646365422396856 0.05847953216374269
0 0.3304272102946327 0.6376816675314719 0.019646365422396856 0.05847953216374269
0 0.3416182574569029 0.5900940066660123 0.019646365422396856 0.05847953216374269
0 0.30924415673747846 0.5615414101467365 0.019646365422396856 0.05847953216374269
0 0.2632809273210116 0.42710626820181286 0.019646365422396856 0.05847953216374269
0 0.21691801764874943 0.4758836205889091 0.019646365422396856 0.05847953216374269
0 0.2193160991835216 0.3771392242930803 0.019646365422396856 0.05847953216374269
0 0.19053912076625543 0.44852071559126977 0.019646365422396856 0.05847953216374269
0 0.11060306960718264 0.5520238779736446 0.019646365422396856 0.05847953216374269
0 0.13658228623388127 0.4509000986345427 0.019646365422396856 0.05847953216374269
0 0.16016342132580774 0.38308768190126274 0.019646365422396856 0.05847953216374269
0 0.1773496723250084 0.42948565124508586 0.019646365422396856 0.05847953216374269
0 0.09101873707320982 0.44614133254799676 0.019646365422396856 0.05847953216374269
0 0.08382449246889324 0.3866567564661722 0.019646365422396856 0.05847953216374269
0 0.026670215890156234 0.3902258310310817 0.019646365422396856 0.05847953216374269
0 0.04105870509878934 0.3533453938603504 0.019646365422396856 0.05847953216374269
0 0.02147437256481651 0.29861958386507176 0.019646365422396856 0.05847953216374269
0 0.033065099982882054 0.27125667886743243 0.019646365422396856 0.05847953216374269
0 0.09421617911957272 0.27601544495397834 0.019646365422396856 0.05847953216374269
0 0.11739763395570381 0.2641185297376135 0.019646365422396856 0.05847953216374269
0 0.11579891293252235 0.31765464821125566 0.019646365422396856 0.05847953216374269
0 0.1617621423489892 0.29505050930016224 0.019646365422396856 0.05847953216374269
0 0.17455191053444086 0.2879123601703433 0.019646365422396856 0.05847953216374269
0 0.13778132700126738 0.2415143908265201 0.019646365422396856 0.05847953216374269
0 0.19013944051046006 0.27482575343234183 0.019646365422396856 0.05847953216374269
0 0.22691002404363347 0.2736360619107054 0.019646365422396856 0.05847953216374269
0 0.1925375220452322 0.3533453938603504 0.019646365422396856 0.05847953216374269
0 0.2544879616935136 0.3295515634276206 0.019646365422396856 0.05847953216374269
0 0.2688764509021467 0.2879123601703433 0.019646365422396856 0.05847953216374269
0 0.2968540688078221 0.3021886584299812 0.019646365422396856 0.05847953216374269
0 0.33522337336417707 0.3426381701656219 0.019646365422396856 0.05847953216374269
0 0.33522337336417707 0.45327948167781573 0.019646365422396856 0.05847953216374269
0 0.3803872422690532 0.37951860733635323 0.019646365422396856 0.05847953216374269
0 0.3947757314776863 0.3497763192954409 0.019646365422396856 0.05847953216374269
0 0.40876454043052407 0.33431032951416656 0.019646365422396856 0.05847953216374269
0 0.3532089848749685 0.3117061906030732 0.019646365422396856 0.05847953216374269
0 0.3651993925488293 0.2998092753867082 0.019646365422396856 0.05847953216374269
0 0.34321697848008437 0.267687604302523 0.019646365422396856 0.05847953216374269
0 0.3312265708062234 0.260549455172704 0.019646365422396856 0.05847953216374269
0 0.35360866513076383 0.23556593321833763 0.019646365422396856 0.05847953216374269
0 0.2940563070172546 0.24389377386979308 0.019646365422396856 0.05847953216374269
0 0.1471738130124584 0.55023934069119 0.019646365422396856 0.05847953216374269
0 0.23930011197328976 0.7447539044787562 0.019646365422396856 0.05847953216374269
0 0.2608828457862394 0.7685477349114862 0.019646365422396856 0.05847953216374269
0 0.20892441253284214 0.7542714366518483 0.019646365422396856 0.05847953216374269
0 0.4155591047790452 0.78758279925767 0.019646365422396856 0.05847953216374269
0 0.42055510797648715 0.9809076715236 0.019646365422396856 0.05847953216374269
0 0.5068860432282857 0.9095261802254105 0.019646365422396856 0.05847953216374269
0 0.5164783693673743 0.7358312180664828 0.019646365422396856 0.05847953216374269
0 0.5492521503425941 0.7263136858933907 0.019646365422396856 0.05847953216374269
0 0.4749116227646566 0.5716537880806468 0.019646365422396856 0.05847953216374269
0 0.49969179862396906 0.5597568728642819 0.019646365422396856 0.05847953216374269
0 0.42535127104603154 0.5645156389508278 0.019646365422396856 0.05847953216374269
0 0.4645199361139771 0.49551353069591125 0.019646365422396856 0.05847953216374269
0 0.4829052278805639 0.4931341476526383 0.019646365422396856 0.05847953216374269
0 0.44293720230102746 0.39320005983517303 0.019646365422396856 0.05847953216374269
0 0.46531929662556787 0.31943918549371053 0.019646365422396856 0.05847953216374269
0 0.4749116227646566 0.36702684635917016 0.019646365422396856 0.05847953216374269
0 0.479707785834201 0.4027175920082649 0.019646365422396856 0.05847953216374269
0 0.5316662190875983 0.4859959985228194 0.019646365422396856 0.05847953216374269
0 0.5932169784800843 0.8714560515330427 0.019646365422396856 0.05847953216374269
0 0.6427773301987093 0.976148905437054 0.019646365422396856 0.05847953216374269
0 0.637981167129165 0.8072127093646723 0.019646365422396856 0.05847953216374269
0 0.6195958753625782 0.683484791114477 0.019646365422396856 0.05847953216374269
0 0.06583888095810188 0.21279701385090746 0.019646365422396856 0.05847953216374269
0 0.0678372822370787 0.1580712038556288 0.019646365422396856 0.05847953216374269
0 0.08382449246889324 0.1913825664614506 0.019646365422396856 0.05847953216374269
0 0.10141042372388925 0.18781349189654115 0.019646365422396856 0.05847953216374269
0 0.12099475625786209 0.1866238003749046 0.019646365422396856 0.05847953216374269
0 0.09101873707320982 0.13546706494453545 0.019646365422396856 0.05847953216374269
0 0.10900434858400118 0.12119076668489755 0.019646365422396856 0.05847953216374269
0 0.13338484418751836 0.13665675646617198 0.019646365422396856 0.05847953216374269
0 0.15376853723308195 0.11524230907671508 0.019646365422396856 0.05847953216374269
0 0.12219379702524819 0.10810415994689619 0.019646365422396856 0.05847953216374269
0 0.15416821748887732 0.1461742886392639 0.019646365422396856 0.05847953216374269
0 0.1661586251627382 0.16996811907199377 0.019646365422396856 0.05847953216374269
0 0.1861426379525064 0.17591657668017618 0.019646365422396856 0.05847953216374269
0 0.2105231335560236 0.21636608841581695 0.019646365422396856 0.05847953216374269
0 0.20892441253284214 0.14736398016090038 0.019646365422396856 0.05847953216374269
0 0.19173816153364145 0.12238045820653404 0.019646365422396856 0.05847953216374269
0 0.2013304876727302 0.09977631929544073 0.019646365422396856 0.05847953216374269
0 0.2137205756023865 0.0866897125574393 0.019646365422396856 0.05847953216374269
0 0.21292121509079578 0.06289588212470942 0.019646365422396856 0.05847953216374269
0 0.21172217432340967 0.05218865842998097 0.019646365422396856 0.05847953216374269
0 0.18174615513875741 0.06289588212470942 0.019646365422396856 0.05847953216374269
0 0.22970778583420104 0.21398670537254397 0.019646365422396856 0.05847953216374269
0 0.23730171069431294 0.1782959597234492 0.019646365422396856 0.05847953216374269
0 0.24489563555442487 0.12594953277144352 0.019646365422396856 0.05847953216374269
0 0.2660786891115791 0.1663990445070843 0.019646365422396856 0.05847953216374269
0 0.27127453243691885 0.22826300363218185 0.019646365422396856 0.05847953216374269
0 0.3052473541795248 0.1866238003749046 0.019646365422396856 0.05847953216374269
0 0.2972537490636175 0.1283289158147165 0.019646365422396856 0.05847953216374269
0 0.3420179377126983 0.1461742886392639 0.019646365422396856 0.05847953216374269
0 0.32283328543452083 0.11405261755507858 0.019646365422396856 0.05847953216374269
0 0.34081889694531214 0.10215570233871372 0.019646365422396856 0.05847953216374269
0 0.33682209438735855 0.06289588212470942 0.019646365422396856 0.05847953216374269
0 0.32163424466713475 0.0676546482112554 0.019646365422396856 0.05847953216374269
0 0.32842880901565585 0.05218865842998097 0.019646365422396856 0.05847953216374269
0 0.29565502804043603 0.05218865842998097 0.019646365422396856 0.05847953216374269
0 0.27167421269271425 0.07717218038434735 0.019646365422396856 0.05847953216374269
0 0.2580850839956719 0.0652752651679824 0.019646365422396856 0.05847953216374269
0 0.25169019990294605 0.05218865842998097 0.019646365422396856 0.05847953216374269
0 0.23650235018272223 0.0664649566896189 0.019646365422396856 0.05847953216374269
0 0.2540882814377183 0.017687604302522725 0.019646365422396856 0.05847953216374269
0 0.272473573204305 0.03910205169197962 0.019646365422396856 0.05847953216374269
0 0.2868620624129381 0.01649791278088623 0.019646365422396856 0.05847953216374269
0 0.29445598727304995 0.014118529737613243 0.019646365422396856 0.05847953216374269
0 0.3532089848749685 0.1283289158147165 0.019646365422396856 0.05847953216374269
0 0.3847837250828022 0.1663990445070843 0.019646365422396856 0.05847953216374269
0 0.3975734932682538 0.15569182081235583 0.019646365422396856 0.05847953216374269
0 0.37639043971109953 0.11048354299016919 0.019646365422396856 0.05847953216374269
0 0.38798116712916514 0.2544362171081847 0.019646365422396856 0.05847953216374269
0 0.3723936371531459 0.24610837645672926 0.019646365422396856 0.05847953216374269
0 0.4187565468254081 0.18900318341817762 0.019646365422396856 0.05847953216374269
0 0.39717381301245847 0.281799122105824 0.019646365422396856 0.05847953216374269
0 0.040659024842993975 0.03553297712707014 0.019646365422396856 0.05847953216374269
0 0.11260147088615946 0.061706190603072926 0.019646365422396856 0.05847953216374269
0 0.12898836137376937 0.01649791278088623 0.019646365422396856 0.05847953216374269
0 0.15017141493092362 0.06289588212470942 0.019646365422396856 0.05847953216374269
0 0.2313065068573825 0.043860817778525595 0.019646365422396856 0.05847953216374269
0 0.18414423667352958 0.09858662777380424 0.019646365422396856 0.05847953216374269
0 0.45093080741693486 0.26395374928127663 0.019646365422396856 0.05847953216374269
0 0.46731769790454475 0.25562590862982115 0.019646365422396856 0.05847953216374269
0 0.4853033094153361 0.2591949831947307 0.019646365422396856 0.05847953216374269
0 0.4881010712059037 0.32224863384146474 0.019646365422396856 0.05847953216374269
0 0.5328652598549845 0.34723215579583105 0.019646365422396856 0.05847953216374269
0 0.5772297682482698 0.4662013079594802 0.019646365422396856 0.05847953216374269
0 0.570834884155544 0.39719919970456374 0.019646365422396856 0.05847953216374269
0 0.5760307274808837 0.26395374928127663 0.019646365422396856 0.05847953216374269
0 0.5832249720852003 0.3757847523151069 0.019646365422396856 0.05847953216374269
0 0.6183968345951922 0.3543703049256501 0.019646365422396856 0.05847953216374269
0 0.6283888409900763 0.47214976556766275 0.019646365422396856 0.05847953216374269
0 0.6727533493833617 0.3948198166612908 0.019646365422396856 0.05847953216374269
0 0.6471738130124585 0.37102598622856087 0.019646365422396856 0.05847953216374269
0 0.6331850040596206 0.3246280168847377 0.019646365422396856 0.05847953216374269
0 0.6147997122930339 0.2960754203654619 0.019646365422396856 0.05847953216374269
0 0.6179971543393968 0.21874547145908993 0.019646365422396856 0.05847953216374269
0 0.548852470086799 0.10334539386035022 0.019646365422396856 0.05847953216374269
0 0.48410426864795003 0.1937619495047236 0.019646365422396856 0.05847953216374269
0 0.45692601125386534 0.15093305472580987 0.019646365422396856 0.05847953216374269
0 0.44773336537057196 0.1283289158147165 0.019646365422396856 0.05847953216374269
0 0.435742957696711 0.09382786168725826 0.019646365422396856 0.05847953216374269
0 0.45093080741693486 0.09263817016562177 0.019646365422396856 0.05847953216374269
0 0.41975574746489647 0.09144847864398528 0.019646365422396856 0.05847953216374269
0 0.39897237416353754 0.11405261755507858 0.019646365422396856 0.05847953216374269
0 0.3865822862338813 0.08312063799252982 0.019646365422396856 0.05847953216374269
0 0.35260946449127534 0.08906909560071229 0.019646365422396856 0.05847953216374269
0 0.37579091932740644 0.05575773299489045 0.019646365422396856 0.05847953216374269
0 0.35820498807241047 0.041481434735252606 0.019646365422396856 0.05847953216374269
0 0.3446158593753681 0.02482575343234169 0.019646365422396856 0.05847953216374269
0 0.4157589449069428 0.03553297712707014 0.019646365422396856 0.05847953216374269
0 0.43614263795250635 0.031963902562160654 0.019646365422396856 0.05847953216374269
0 0.45692601125386534 0.031963902562160654 0.019646365422396856 0.05847953216374269
0 0.4809068266015871 0.017687604302522725 0.019646365422396856 0.05847953216374269
0 0.4809068266015871 0.06884433973289189 0.019646365422396856 0.05847953216374269
0 0.48490362915954077 0.11048354299016919 0.019646365422396856 0.05847953216374269
0 0.5048876419493089 0.04742989234343508 0.019646365422396856 0.05847953216374269
0 0.5240722942274865 0.04505050930016209 0.019646365422396856 0.05847953216374269
0 0.49409627504283415 0.015308221259249737 0.019646365422396856 0.05847953216374269
0 0.501690199902946 0.015308221259249737 0.019646365422396856 0.05847953216374269
0 0.5788284892714513 0.04624020082179858 0.019646365422396856 0.05847953216374269
0 0.6012105835959917 0.017687604302522725 0.019646365422396856 0.05847953216374269
0 0.5872217746431538 0.021256678867432207 0.019646365422396856 0.05847953216374269
0 0.5648396803186136 0.015308221259249737 0.019646365422396856 0.05847953216374269
0 0.6223936371531459 0.029584519518887666 0.019646365422396856 0.05847953216374269
0 0.6343840448270068 0.043860817778525595 0.019646365422396856 0.05847953216374269
0 0.6511706155704121 0.040291743213616116 0.019646365422396856 0.05847953216374269
0 0.671953988871771 0.03077421104052416 0.019646365422396856 0.05847953216374269
0 0.6607629417095008 0.006980380607794362 0.019646365422396856 0.05847953216374269
0 0.6751514309181339 0.020066987345795713 0.019646365422396856 0.05847953216374269
0 0.6811466347550644 0.04505050930016209 0.019646365422396856 0.05847953216374269
0 0.6671578258022267 0.15331243776908285 0.019646365422396856 0.05847953216374269
0 0.6531690168493889 0.19019287493981413 0.019646365422396856 0.05847953216374269
0 0.6319859632922346 0.20090009863454253 0.019646365422396856 0.05847953216374269
0 0.6371818066175743 0.14260521407435445 0.019646365422396856 0.05847953216374269
0 0.6483728537798445 0.10929385146853268 0.019646365422396856 0.05847953216374269
0 0.6295878817574624 0.14498459711762737 0.019646365422396856 0.05847953216374269
0 0.6591642206863194 0.09025878712234878 0.019646365422396856 0.05847953216374269
0 0.6163984333162154 0.14736398016090038 0.019646365422396856 0.05847953216374269
0 0.6044080256423544 0.13070829885798949 0.019646365422396856 0.05847953216374269
0 0.5856230536199725 0.11881138364162463 0.019646365422396856 0.05847953216374269
0 0.5788284892714513 0.16758873602872076 0.019646365422396856 0.05847953216374269
0 0.58842081541054 0.22469392906727237 0.019646365422396856 0.05847953216374269
0 0.597213781038038 0.18305472580999518 0.019646365422396856 0.05847953216374269
0 0.671953988871771 0.25681560015145766 0.019646365422396856 0.05847953216374269
0 0.6787485532202923 0.32819709144964715 0.019646365422396856 0.05847953216374269
0 0.4017701359541051 0.07955156342762033 0.019646365422396856 0.05847953216374269
0 0.39417621109399315 0.04505050930016209 0.019646365422396856 0.05847953216374269
0 0.7321058673689732 0.7388054468705739 0.019646365422396856 0.05847953216374269
0 0.8360227338757678 0.8470673753394947 0.019646365422396856 0.05847953216374269
0 0.8300275300388373 0.6376816675314719 0.019646365422396856 0.05847953216374269
0 0.9251514309181339 0.6186466031852882 0.019646365422396856 0.05847953216374269
0 0.8891802078965512 0.5532135694952811 0.019646365422396856 0.05847953216374269
0 0.8372217746431538 0.5615414101467365 0.019646365422396856 0.05847953216374269
0 0.7820658993433937 0.5686795592765554 0.019646365422396856 0.05847953216374269
0 0.7728732534601004 0.504436217108185 0.019646365422396856 0.05847953216374269
0 0.759284124763058 0.44852071559126977 0.019646365422396856 0.05847953216374269
0 0.7381010712059036 0.4390031834181778 0.019646365422396856 0.05847953216374269
0 0.698932406137958 0.44733102406963327 0.019646365422396856 0.05847953216374269
0 0.6909388010220509 0.44733102406963327 0.019646365422396856 0.05847953216374269
0 0.6545678977446727 0.504436217108185 0.019646365422396856 0.05847953216374269
0 0.6297877218853601 0.5912836981876489 0.019646365422396856 0.05847953216374269
0 0.8723936371531459 0.4746939290672726 0.019646365422396856 0.05847953216374269
0 0.8092441567374785 0.4604176308076347 0.019646365422396856 0.05847953216374269
0 0.8372217746431538 0.3985536716825371 0.019646365422396856 0.05847953216374269
0 0.8827853238038254 0.4009330547258101 0.019646365422396856 0.05847953216374269
0 0.9403392806383578 0.4425722579830873 0.019646365422396856 0.05847953216374269
0 0.9275495124529062 0.40569182081235605 0.019646365422396856 0.05847953216374269
0 0.8554072262818426 0.9404581597879592 0.019646365422396856 0.05847953216374269
0 0.7554871623330018 0.8429034550137668 0.019646365422396856 0.05847953216374269
0 0.6891402398709715 0.6002063845999226 0.019646365422396856 0.05847953216374269
0 0.7019300080564231 0.38606191070535406 0.019646365422396856 0.05847953216374269
0 0.7684767706463513 0.3818979903796261 0.019646365422396856 0.05847953216374269
0 0.7373017106943129 0.33906909560071236 0.019646365422396856 0.05847953216374269
0 0.7141202558581818 0.29980927538670815 0.019646365422396856 0.05847953216374269
0 0.688940399743074 0.22604840104524565 0.019646365422396856 0.05847953216374269
0 0.697733365370572 0.17489166561487648 0.019646365422396856 0.05847953216374269
0 0.6869419984640972 0.12373493018450728 0.019646365422396856 0.05847953216374269
0 0.6913384812778461 0.096372025186868 0.019646365422396856 0.05847953216374269
0 0.7081250520212514 0.06662973714595564 0.019646365422396856 0.05847953216374269
0 0.7185167386719309 0.1130277064897789 0.019646365422396856 0.05847953216374269
0 0.7281090648110196 0.13444215387923572 0.019646365422396856 0.05847953216374269
0 0.7532889209261274 0.12135554714123437 0.019646365422396856 0.05847953216374269
0 0.769276131157942 0.12849369627105325 0.019646365422396856 0.05847953216374269
0 0.7572857234840811 0.09161325910032202 0.019646365422396856 0.05847953216374269
0 0.7468940368334016 0.08090603540559357 0.019646365422396856 0.05847953216374269
0 0.7452953158102202 0.047594672799771816 0.019646365422396856 0.05847953216374269
0 0.7293081055784056 0.04045652366995285 0.019646365422396856 0.05847953216374269
0 0.7776694165296447 0.05473282192959078 0.019646365422396856 0.05847953216374269
0 0.7924575859940732 0.05592251345122727 0.019646365422396856 0.05847953216374269
0 0.7932569465056639 0.10232048279505046 0.019646365422396856 0.05847953216374269
0 0.7664783693673745 0.19273703843942386 0.019646365422396856 0.05847953216374269
0 0.7848636611339612 0.20701333669906175 0.019646365422396856 0.05847953216374269
0 0.7528892406703321 0.24270408234815652 0.019646365422396856 0.05847953216374269
0 0.7644799680883977 0.24865253995633899 0.019646365422396856 0.05847953216374269
0 0.7221138609740891 0.23437624169670104 0.019646365422396856 0.05847953216374269
0 0.7313065068573824 0.21772056039379017 0.019646365422396856 0.05847953216374269
0 0.710922813811819 0.2034442621341523 0.019646365422396856 0.05847953216374269
0 0.6269899600947926 0.08447510997050305 0.019646365422396856 0.05847953216374269
0 0.8212345644113395 0.07971634388395707 0.019646365422396856 0.05847953216374269
0 0.8048476739237295 0.11421739801141541 0.019646365422396856 0.05847953216374269
0 0.8608029097350804 0.06187097105940966 0.019646365422396856 0.05847953216374269
0 0.8408188969453122 0.08209572692723006 0.019646365422396856 0.05847953216374269
0 0.8564064269213314 0.2498422314779755 0.019646365422396856 0.05847953216374269
0 0.8759907594553041 0.2010648790908793 0.019646365422396856 0.05847953216374269
0 0.8719939568973505 0.17727104865814947 0.019646365422396856 0.05847953216374269
0 0.8967741327566631 0.19511642148269684 0.019646365422396856 0.05847953216374269
0 0.8731929976647366 0.12254523866287077 0.019646365422396856 0.05847953216374269
0 0.9063664588957518 0.08209572692723006 0.019646365422396856 0.05847953216374269
0 0.9239523901507478 0.03807714062667986 0.019646365422396856 0.05847953216374269
0 0.9115623022210916 0.28077421104052425 0.019646365422396856 0.05847953216374269
0 0.9007709353146167 0.2498422314779755 0.019646365422396856 0.05847953216374269
0 0.7644799680883977 0.3283618719059839 0.019646365422396856 0.05847953216374269
0 0.8116422382722507 0.396174288639264 0.019646365422396856 0.05847953216374269
0 0.8020499121331619 0.2605494551727039 0.019646365422396856 0.05847953216374269
0 0.8152393605744089 0.24032469930488354 0.019646365422396856 0.05847953216374269
0 0.8332249720852003 0.30575773299489056 0.019646365422396856 0.05847953216374269
0 0.8424176179684937 0.3557247769036233 0.019646365422396856 0.05847953216374269
0 0.8568061071771268 0.34739693625216783 0.019646365422396856 0.05847953216374269
0 0.7848636611339612 0.4152093529854479 0.019646365422396856 0.05847953216374269
0 0.6829451959061436 0.36048354299016927 0.019646365422396856 0.05847953216374269
0 0.6973336851147766 0.28077421104052425 0.019646365422396856 0.05847953216374269
0 0.5622417586559436 0.3616732345118058 0.019646365422396856 0.05847953216374269
0 0.5286686171691332 0.1725122825716035 0.019646365422396856 0.05847953216374269
0 0.8775894804784856 0.05949158801613667 0.019646365422396856 0.05847953216374269
0 0.8691961951067829 0.024990533888678428 0.019646365422396856 0.05847953216374269
0 0.9179571863138174 0.06544004562431914 0.019646365422396856 0.05847953216374269
0 0.8444160192474705 0.04283590671322584 0.019646365422396856 0.05847953216374269
0 0.8580051479445129 0.02855960845358791 0.019646365422396856 0.05847953216374269
0 0.3166749753193762 0.02865409444356831 0.019646365422396856 0.05847953216374269
0 0.3766150352594361 0.019733190785822568 0.019646365422396856 0.05847953216374269
0 0.3906010492454501 0.019733190785822568 0.019646365422396856 0.05847953216374269
0 0.19579585444025532 0.04352226720647799 0.019646365422396856 0.05847953216374269
0 0.21777387641827733 0.0167595562332406 0.019646365422396856 0.05847953216374269
0 0.7042873629317639 0.022706825338404537 0.019646365422396856 0.05847953216374269
0 0.7732184318628329 0.02568045989098634 0.019646365422396856 0.05847953216374269
0 0.7822094408538417 0.013785921680658798 0.019646365422396856 0.05847953216374269
0 0.8011904598348608 0.02568045989098634 0.019646365422396856 0.05847953216374269
0 0.9610306196750206 0.537145602935077 0.019646365422396856 0.05847953216374269
0 0.9780136366580375 0.43009475904212774 0.019646365422396856 0.05847953216374269
0 0.9510406096850106 0.35278026067499785 0.019646365422396856 0.05847953216374269
0 0.9720196306640316 0.3319648188069244 0.019646365422396856 0.05847953216374269
0 0.9450466036910046 0.2933075696233593 0.019646365422396856 0.05847953216374269
0 0.9240675827119837 0.3319648188069244 0.019646365422396856 0.05847953216374269
0 0.9330585917029925 0.25762395499237634 0.019646365422396856 0.05847953216374269
0 0.9210705797149806 0.23383487857172083 0.019646365422396856 0.05847953216374269
0 0.9240675827119837 0.1773358220726644 0.019646365422396856 0.05847953216374269
0 0.9550366136810146 0.18625672573041016 0.019646365422396856 0.05847953216374269
0 0.9680236266680275 0.23978214767688477 0.019646365422396856 0.05847953216374269
0 0.9790126376570385 0.25762395499237634 0.019646365422396856 0.05847953216374269
0 0.9730186316630325 0.07028497817971521 0.019646365422396856 0.05847953216374269
0 0.9590326176770186 0.07920588183746095 0.019646365422396856 0.05847953216374269
0 0.9540376126820136 0.02568045989098634 0.019646365422396856 0.05847953216374269
0 0.9330585917029925 0.06136407452196947 0.019646365422396856 0.05847953216374269
0 0.9910006496450505 0.07028497817971521 0.019646365422396856 0.05847953216374269
