0 0.0935197176419086 0.8273444720073933 0.01953125 0.026041666666666668
0 0.0898671202393112 0.7477990174619387 0.01953125 0.026041666666666668
0 0.021685302057492997 0.7250717447346658 0.01953125 0.026041666666666668
0 0.015597639719830664 0.6617600564229775 0.01953125 0.026041666666666668
0 0.03873075660294753 0.6309159005788217 0.01953125 0.026041666666666668
0 0.06186387348606439 0.6698769395398606 0.01953125 0.026041666666666668
0 0.04847101634320726 0.6455262901892114 0.01953125 0.026041666666666668
0 0.10204244491463586 0.7055912252541465 0.01953125 0.026041666666666668
0 0.13248075660294756 0.6844873291502503 0.01953125 0.026041666666666668
0 0.16657166569385665 0.7266951213580426 0.01953125 0.026041666666666668
0 0.15683140595359693 0.7705262901892113 0.01953125 0.026041666666666668
0 0.1799645228367138 0.8305912252541465 0.01953125 0.026041666666666668
0 0.21649049686268787 0.7932535629164841 0.01953125 0.026041666666666668
0 0.24327621114840214 0.7624094070723282 0.01953125 0.026041666666666668
0 0.21649049686268787 0.7396821343450554 0.01953125 0.026041666666666668
0 0.2055327046548956 0.7185782382411595 0.01953125 0.026041666666666668
0 0.2846723150445061 0.8987730434359644 0.01953125 0.026041666666666668
0 0.2773671202393112 0.845201614864536 0.01953125 0.026041666666666668
0 0.2980651721873632 0.8078639525268737 0.01953125 0.026041666666666668
0 0.28588984751203855 0.7737730434359644 0.01953125 0.026041666666666668
0 0.25301647088866186 0.7932535629164841 0.01953125 0.026041666666666668
0 0.32606841894060995 0.7883834330463543 0.01953125 0.026041666666666668
0 0.35163660075879183 0.7932535629164841 0.01953125 0.026041666666666668
0 0.3528541332263242 0.82409771876064 0.01953125 0.026041666666666668
0 0.39425023712242824 0.8419548616177828 0.01953125 0.026041666666666668
0 0.3881625747847658 0.7965003161632374 0.01953125 0.026041666666666668
0 0.3370262111484022 0.8646821343450554 0.01953125 0.026041666666666668
0 0.3979028345250255 0.8679288875918089 0.01953125 0.026041666666666668
0 0.43199374361593457 0.9150068096697308 0.01953125 0.026041666666666668
0 0.35772426309645405 0.9653314849944062 0.01953125 0.026041666666666668
0 0.48800023712242824 0.9328639525268737 0.01953125 0.026041666666666668
0 0.46851971764190875 0.897149666812588 0.01953125 0.026041666666666668
0 0.5147859514081424 0.9020197966827178 0.01953125 0.026041666666666668
0 0.5622697176419087 0.9783184979814191 0.01953125 0.026041666666666668
0 0.5951430942652854 0.8646821343450554 0.01953125 0.026041666666666668
0 0.5854028345250255 0.8387081083710296 0.01953125 0.026041666666666668
0 0.568357379979571 0.811110705773627 0.01953125 0.026041666666666668
0 0.568357379979571 0.7737730434359644 0.01953125 0.026041666666666668
0 0.534266470888662 0.8013704460333672 0.01953125 0.026041666666666668
0 0.5050456916678827 0.8013704460333672 0.01953125 0.026041666666666668
0 0.4721723150445061 0.767279536942458 0.01953125 0.026041666666666668
0 0.4599969903691814 0.7542925239554451 0.01953125 0.026041666666666668
0 0.4307762111484022 0.728318497981419 0.01953125 0.026041666666666668
0 0.4088606267328178 0.7137081083710296 0.01953125 0.026041666666666668
0 0.3881625747847658 0.7542925239554451 0.01953125 0.026041666666666668
0 0.3735521851743762 0.7169548616177828 0.01953125 0.026041666666666668
0 0.38329244491463593 0.6812405759034971 0.01953125 0.026041666666666668
0 0.40399049686268795 0.6812405759034971 0.01953125 0.026041666666666668
0 0.006466146213337265 0.5645603810983028 0.01953125 0.026041666666666668
0 0.005552996862687916 0.5495441473320689 0.01953125 0.026041666666666668
0 0.020772152706843745 0.5678071343450559 0.01953125 0.026041666666666668
0 0.037817607252298296 0.5816058356437571 0.01953125 0.026041666666666668
0 0.02229406829125935 0.5872876538255755 0.01953125 0.026041666666666668
0 0.03903513971983076 0.5410214200593416 0.01953125 0.026041666666666668
0 0.029903646213337264 0.5304694720073936 0.01953125 0.026041666666666668
0 0.02138091894060998 0.5227584330463546 0.01953125 0.026041666666666668
0 0.02929487997957103 0.5122064849944067 0.01953125 0.026041666666666668
0 0.01681517218736323 0.508148043435965 0.01953125 0.026041666666666668
0 0.012858191667882714 0.49029090057882213 0.01953125 0.026041666666666668
0 0.01498887348606453 0.4785214200593417 0.01953125 0.026041666666666668
0 0.030208029330220383 0.46675193953986116 0.01953125 0.026041666666666668
0 0.03994828907048011 0.46796947200739364 0.01953125 0.026041666666666668
0 0.04299212023931129 0.45660583564375723 0.01953125 0.026041666666666668
0 0.040252672187363225 0.44443051096843256 0.01953125 0.026041666666666668
0 0.0286861137458048 0.43022596551388714 0.01953125 0.026041666666666668
0 0.01590202283671388 0.4314434979814196 0.01953125 0.026041666666666668
0 0.011031892966584016 0.4225149265528481 0.01953125 0.026041666666666668
0 0.07312604881073985 0.4338785629164845 0.01953125 0.026041666666666668
0 0.07769179556398659 0.42697921226713387 0.01953125 0.026041666666666668
0 0.05303676309645415 0.4148038875918092 0.01953125 0.026041666666666668
0 0.048166633226324265 0.41439804343596504 0.01953125 0.026041666666666668
0 0.033251860499051544 0.45944674473466635 0.01953125 0.026041666666666668
0 0.05851565920035025 0.4882616797996014 0.01953125 0.026041666666666668
0 0.040557055304246345 0.49272596551388714 0.01953125 0.026041666666666668
0 0.03842637348606453 0.48460908239700395 0.01953125 0.026041666666666668
0 0.028381730628921683 0.47811557590349746 0.01953125 0.026041666666666668
0 0.040252672187363225 0.47649219928012093 0.01953125 0.026041666666666668
0 0.04481841894060998 0.47324544603336766 0.01953125 0.026041666666666668
0 0.04542718517437621 0.48663830317622475 0.01953125 0.026041666666666668
0 0.04207897088866193 0.5247876538255755 0.01953125 0.026041666666666668
0 0.05821127608346713 0.5564434979814196 0.01953125 0.026041666666666668
0 0.07343043192762296 0.5381805109684326 0.01953125 0.026041666666666668
0 0.06764715270684374 0.5333103810983028 0.01953125 0.026041666666666668
0 0.05851565920035025 0.5154532382411599 0.01953125 0.026041666666666668
0 0.06825591894060996 0.5040896018775234 0.01953125 0.026041666666666668
0 0.061255107252298296 0.5036837577216794 0.01953125 0.026041666666666668
0 0.07099536699255804 0.4939434979814196 0.01953125 0.026041666666666668
0 0.0831706916678827 0.5040896018775234 0.01953125 0.026041666666666668
0 0.07830056179775281 0.5113947966827183 0.01953125 0.026041666666666668
0 0.08225754231723337 0.5572551862931079 0.01953125 0.026041666666666668
0 0.07190851634320737 0.5503558356437571 0.01953125 0.026041666666666668
0 0.0938241007587918 0.5665896018775234 0.01953125 0.026041666666666668
0 0.0831706916678827 0.5722714200593416 0.01953125 0.026041666666666668
0 0.06916906829125932 0.5852584330463546 0.01953125 0.026041666666666668
0 0.15348319166788268 0.4837973940853157 0.01953125 0.026041666666666668
0 0.14648237997957098 0.5024662252541469 0.01953125 0.026041666666666668
0 0.13430705530424633 0.5109889525268742 0.01953125 0.026041666666666668
0 0.11300023712242815 0.521135056422978 0.01953125 0.026041666666666668
0 0.10782572413541516 0.5101772642151858 0.01953125 0.026041666666666668
0 0.0959547825769736 0.47283960187752344 0.01953125 0.026041666666666668
0 0.11847913322632427 0.5617194720073936 0.01953125 0.026041666666666668
0 0.12456679556398659 0.5686188226567442 0.01953125 0.026041666666666668
0 0.1285237760834671 0.5592844070723286 0.01953125 0.026041666666666668
0 0.1336982890704801 0.5702421992801209 0.01953125 0.026041666666666668
0 0.0706909838756749 0.47243375772167934 0.01953125 0.026041666666666668
0 0.09625916569385673 0.5268168746047962 0.01953125 0.026041666666666668
0 0.11969666569385673 0.5195116797996013 0.01953125 0.026041666666666668
0 0.10721695790164892 0.5268168746047962 0.01953125 0.026041666666666668
0 0.10965202283671385 0.54183310837103 0.01953125 0.026041666666666668
0 0.10539065920035022 0.5763298616177832 0.01953125 0.026041666666666668
0 0.20888091894060992 0.5365571343450559 0.01953125 0.026041666666666668
0 0.20888091894060992 0.5239759655138871 0.01953125 0.026041666666666668
0 0.1897047825769736 0.5276285629164844 0.01953125 0.026041666666666668
0 0.1772250747847658 0.5308753161632377 0.01953125 0.026041666666666668
0 0.17113741244710345 0.5130181733060949 0.01953125 0.026041666666666668
0 0.1537875747847658 0.5138298616177831 0.01953125 0.026041666666666668
0 0.1467867630964541 0.5166707707086923 0.01953125 0.026041666666666668
0 0.16444098387567488 0.4967844070723286 0.01953125 0.026041666666666668
0 0.18209520465489568 0.48704414733206897 0.01953125 0.026041666666666668
0 0.17844260725229824 0.5053071343450559 0.01953125 0.026041666666666668
0 0.19853189296658402 0.5053071343450559 0.01953125 0.026041666666666668
0 0.09869423062892166 0.5365571343450559 0.01953125 0.026041666666666668
0 0.11056517218736323 0.5536025888905104 0.01953125 0.026041666666666668
0 0.08408384101853206 0.591751939539861 0.01953125 0.026041666666666668
0 0.07982247738216842 0.6014921992801209 0.01953125 0.026041666666666668
0 0.0974766981613892 0.6108266148645365 0.01953125 0.026041666666666668
0 0.06216825660294765 0.6108266148645365 0.01953125 0.026041666666666668
0 0.11452215270684372 0.6014921992801209 0.01953125 0.026041666666666668
0 0.13430705530424633 0.5921577836957053 0.01953125 0.026041666666666668
0 0.14404731504450605 0.583635056422978 0.01953125 0.026041666666666668
0 0.14587361374580474 0.5674012901892117 0.01953125 0.026041666666666668
0 0.16504975010944112 0.5763298616177832 0.01953125 0.026041666666666668
0 0.16231030205749308 0.5852584330463546 0.01953125 0.026041666666666668
0 0.1480042955639866 0.6002746668125883 0.01953125 0.026041666666666668
0 0.15957085400554502 0.6051447966827183 0.01953125 0.026041666666666668
0 0.1753987760834671 0.6165084330463546 0.01953125 0.026041666666666668
0 0.18179082153801254 0.6051447966827183 0.01953125 0.026041666666666668
0 0.2027932566029476 0.5994629785009001 0.01953125 0.026041666666666668
0 0.2122291332263242 0.5986512901892117 0.01953125 0.026041666666666668
0 0.22714390595359693 0.583635056422978 0.01953125 0.026041666666666668
0 0.23170965270684374 0.6116383031762248 0.01953125 0.026041666666666668
0 0.2371885488107398 0.5730831083710298 0.01953125 0.026041666666666668
0 0.229883354005545 0.552385056422978 0.01953125 0.026041666666666668
0 0.21953432803151898 0.5312811603190819 0.01953125 0.026041666666666668
0 0.2122291332263242 0.521135056422978 0.01953125 0.026041666666666668
0 0.211620366992558 0.5053071343450559 0.01953125 0.026041666666666668
0 0.21831679556398653 0.4988136278515494 0.01953125 0.026041666666666668
0 0.22714390595359693 0.5053071343450559 0.01953125 0.026041666666666668
0 0.24053676309645405 0.5057129785009001 0.01953125 0.026041666666666668
0 0.24418936049905146 0.4939434979814196 0.01953125 0.026041666666666668
0 0.229883354005545 0.5170766148645365 0.01953125 0.026041666666666668
0 0.23810169816138912 0.5361512901892117 0.01953125 0.026041666666666668
0 0.24175429556398653 0.5280344070723286 0.01953125 0.026041666666666668
0 0.10782572413541516 0.6432941473320689 0.01953125 0.026041666666666668
0 0.1154353020574931 0.6165084330463546 0.01953125 0.026041666666666668
0 0.12761062673281776 0.6205668746047962 0.01953125 0.026041666666666668
0 0.12700186049905152 0.6489759655138871 0.01953125 0.026041666666666668
0 0.15368611374580482 0.6859077836957052 0.01953125 0.026041666666666668
0 0.1430327046548957 0.6550636278515494 0.01953125 0.026041666666666668
0 0.16860088647307755 0.6477584330463545 0.01953125 0.026041666666666668
0 0.24317475010944123 0.6846902512281727 0.01953125 0.026041666666666668
0 0.2358695553042464 0.706199991487913 0.01953125 0.026041666666666668
0 0.2520018604990516 0.7167519395398609 0.01953125 0.026041666666666668
0 0.2042137111484022 0.6619629785008999 0.01953125 0.026041666666666668
0 0.18869017218736325 0.6603396018775234 0.01953125 0.026041666666666668
0 0.18290689296658402 0.6855019395398609 0.01953125 0.026041666666666668
0 0.21912848387567493 0.680225965513887 0.01953125 0.026041666666666668
0 0.20725754231723337 0.6721090823970038 0.01953125 0.026041666666666668
0 0.25504569166788277 0.6282779135658351 0.01953125 0.026041666666666668
0 0.28487523712242824 0.6546577836957052 0.01953125 0.026041666666666668
0 0.29370234751203855 0.6453233681112897 0.01953125 0.026041666666666668
0 0.29187604881073986 0.6221902512281726 0.01953125 0.026041666666666668
0 0.30496452283671394 0.6363947966827181 0.01953125 0.026041666666666668
0 0.3086171202393113 0.6574986927866142 0.01953125 0.026041666666666668
0 0.27148237997957103 0.7281155759034973 0.01953125 0.026041666666666668
0 0.28761468517437627 0.7378558356437571 0.01953125 0.026041666666666668
0 0.3022250747847659 0.7471902512281727 0.01953125 0.026041666666666668
0 0.20116987997957106 0.7642357057736272 0.01953125 0.026041666666666668
0 0.13694504231723337 0.7147227187606401 0.01953125 0.026041666666666668
0 0.17438416569385676 0.7130993421372637 0.01953125 0.026041666666666668
0 0.16890526958996063 0.6660214200593415 0.01953125 0.026041666666666668
0 0.25687199036918146 0.6047389525268739 0.01953125 0.026041666666666668
0 0.26935169816138926 0.6059564849944065 0.01953125 0.026041666666666668
0 0.28913660075879183 0.5893168746047961 0.01953125 0.026041666666666668
0 0.2778744254341165 0.5795766148645364 0.01953125 0.026041666666666668
0 0.2523062436159347 0.5641545369424584 0.01953125 0.026041666666666668
0 0.2757437436159347 0.560501939539861 0.01953125 0.026041666666666668
0 0.30496452283671394 0.5876934979814193 0.01953125 0.026041666666666668
0 0.30557328907048015 0.5726772642151856 0.01953125 0.026041666666666668
0 0.30100754231723337 0.6075798616177831 0.01953125 0.026041666666666668
0 0.2845708540055451 0.7557129785008999 0.01953125 0.026041666666666668
0 0.3198792955639866 0.6595279135658347 0.01953125 0.026041666666666668
0 0.32809763971983075 0.6489759655138866 0.01953125 0.026041666666666668
0 0.3241406592003503 0.6213785629164841 0.01953125 0.026041666666666668
0 0.32505380855099963 0.6104207707086918 0.01953125 0.026041666666666668
0 0.41332491244710345 0.6733266148645359 0.01953125 0.026041666666666668
0 0.42002134101853217 0.6639921992801204 0.01953125 0.026041666666666668
0 0.3962794579016489 0.637206484994406 0.01953125 0.026041666666666668
0 0.3865391981613892 0.6518168746047958 0.01953125 0.026041666666666668
0 0.37466825660294767 0.6441058356437568 0.01953125 0.026041666666666668
0 0.37466825660294767 0.6704857057736269 0.01953125 0.026041666666666668
0 0.3491000747847659 0.6225960953840165 0.01953125 0.026041666666666668
0 0.3478825423172334 0.6083915499294711 0.01953125 0.026041666666666668
0 0.3603622501094411 0.6124499914879126 0.01953125 0.026041666666666668
0 0.37010250984970094 0.6132616797996008 0.01953125 0.026041666666666668
0 0.3749726397198308 0.6010863551242762 0.01953125 0.026041666666666668
0 0.383495366992558 0.5970279135658346 0.01953125 0.026041666666666668
0 0.3749726397198308 0.5860701213580425 0.01953125 0.026041666666666668
0 0.3591447176419087 0.5868818096697308 0.01953125 0.026041666666666668
0 0.3354028345250256 0.5913460953840165 0.01953125 0.026041666666666668
0 0.32505380855099963 0.5945928486307698 0.01953125 0.026041666666666668
0 0.3229231267328178 0.5763298616177827 0.01953125 0.026041666666666668
0 0.32048806179775285 0.5629370044749256 0.01953125 0.026041666666666668
0 0.3393598150445061 0.5702421992801203 0.01953125 0.026041666666666668
0 0.3548833540055451 0.5698363551242762 0.01953125 0.026041666666666668
0 0.36066663322632425 0.5726772642151853 0.01953125 0.026041666666666668
0 0.35123075660294767 0.5527909005788216 0.01953125 0.026041666666666668
0 0.35944910075879183 0.5454857057736268 0.01953125 0.026041666666666668
0 0.3810603020574931 0.5515733681112892 0.01953125 0.026041666666666668
0 0.38836549686268784 0.5576610304489514 0.01953125 0.026041666666666668
0 0.383495366992558 0.5645603810983022 0.01953125 0.026041666666666668
0 0.38897426309645416 0.5803883031762244 0.01953125 0.026041666666666668
0 0.39536630855099963 0.6047389525268737 0.01953125 0.026041666666666668
0 0.3901917955639867 0.6181318096697308 0.01953125 0.026041666666666668
0 0.2958330293302203 0.5588785629164841 0.01953125 0.026041666666666668
0 0.2991812436159347 0.5503558356437568 0.01953125 0.026041666666666668
0 0.31287848387567496 0.545891549929471 0.01953125 0.026041666666666668
0 0.30283384101853206 0.5426447966827178 0.01953125 0.026041666666666668
0 0.32505380855099963 0.5556318096697308 0.01953125 0.026041666666666668
0 0.33844666569385673 0.551167523955445 0.01953125 0.026041666666666668
0 0.38897426309645416 0.543456484994406 0.01953125 0.026041666666666668
0 0.3956706916678828 0.5442681733060943 0.01953125 0.026041666666666668
0 0.40510656829125935 0.5568493421372632 0.01953125 0.026041666666666668
0 0.401453970888662 0.5462973940853152 0.01953125 0.026041666666666668
0 0.41545559426528533 0.5499499914879126 0.01953125 0.026041666666666668
0 0.42093449036918146 0.5499499914879126 0.01953125 0.026041666666666668
0 0.4273265358237269 0.5531967447346658 0.01953125 0.026041666666666668
0 0.4455895228367139 0.5588785629164841 0.01953125 0.026041666666666668
0 0.4239783215380127 0.5674012901892114 0.01953125 0.026041666666666668
0 0.42823968517437627 0.5629370044749256 0.01953125 0.026041666666666668
0 0.437979944914636 0.5897227187606399 0.01953125 0.026041666666666668
0 0.44345884101853217 0.5816058356437568 0.01953125 0.026041666666666668
0 0.4230651721873632 0.5872876538255749 0.01953125 0.026041666666666668
0 0.41119423062892174 0.5840409005788216 0.01953125 0.026041666666666668
0 0.41302052933022043 0.5970279135658346 0.01953125 0.026041666666666668
0 0.41302052933022043 0.6181318096697308 0.01953125 0.026041666666666668
0 0.4261090033561944 0.6152909005788216 0.01953125 0.026041666666666668
0 0.45045965270684374 0.6027097317476529 0.01953125 0.026041666666666668
0 0.46354812673281787 0.6156967447346658 0.01953125 0.026041666666666668
0 0.4605042955639867 0.6554694720073931 0.01953125 0.026041666666666668
0 0.46354812673281787 0.6745441473320685 0.01953125 0.026041666666666668
0 0.4422413085509996 0.6960538875918089 0.01953125 0.026041666666666668
0 0.4495465033561944 0.7260863551242762 0.01953125 0.026041666666666668
0 0.45167718517437627 0.6980831083710295 0.01953125 0.026041666666666668
0 0.44924212023931137 0.6526285629164841 0.01953125 0.026041666666666668
0 0.45198156829125935 0.5454857057736268 0.01953125 0.026041666666666668
0 0.4589823799795711 0.5414272642151853 0.01953125 0.026041666666666668
0 0.46172182803151907 0.554008433046354 0.01953125 0.026041666666666668
0 0.07830056179775288 0.48765291356583473 0.01953125 0.026041666666666668
0 0.06916906829125939 0.4860295369424581 0.01953125 0.026041666666666668
0 0.1677891981613893 0.46898408239700357 0.01953125 0.026041666666666668
0 0.21040283452502564 0.4762892772021983 0.01953125 0.026041666666666668
0 0.2250132241354153 0.4672592447346658 0.01953125 0.026041666666666668
0 0.25986509101853217 0.49729171226713337 0.01953125 0.026041666666666668
0 0.2680834351743764 0.4952624914879126 0.01953125 0.026041666666666668
0 0.2575822176419088 0.511902101877523 0.01953125 0.026041666666666668
0 0.24936387348606462 0.5098728810983022 0.01953125 0.026041666666666668
0 0.26960535075879194 0.45630145252687365 0.01953125 0.026041666666666668
0 0.27204041569385684 0.4268777512281723 0.01953125 0.026041666666666668
0 0.26321330530424647 0.39583067330609434 0.01953125 0.026041666666666668
0 0.27219260725229844 0.3972511278515489 0.01953125 0.026041666666666668
0 0.2724969903691815 0.40557093304635417 0.01953125 0.026041666666666668
0 0.21679487997957111 0.5156561603190813 0.01953125 0.026041666666666668
0 0.2731057566029478 0.5209321343450554 0.01953125 0.026041666666666668
0 0.281628483875675 0.5156561603190813 0.01953125 0.026041666666666668
0 0.30658789946009063 0.5245847317476529 0.01953125 0.026041666666666668
0 0.29167312673281787 0.5217438226567438 0.01953125 0.026041666666666668
0 0.2846723150445062 0.5327016148645359 0.01953125 0.026041666666666668
0 0.27280137348606465 0.5331074590203801 0.01953125 0.026041666666666668
0 0.2514945553042464 0.535136679799601 0.01953125 0.026041666666666668
0 0.26032166569385684 0.5286431733060943 0.01953125 0.026041666666666668
0 0.286802996862688 0.5014516148645359 0.01953125 0.026041666666666668
0 0.2901512111484023 0.5079451213580425 0.01953125 0.026041666666666668
0 0.299891470888662 0.5055100564229776 0.01953125 0.026041666666666668
0 0.30354406829125946 0.4969873291502503 0.01953125 0.026041666666666668
0 0.3160237760834672 0.5010457707086918 0.01953125 0.026041666666666668
0 0.3278947176419088 0.49617564083856186 0.01953125 0.026041666666666668
0 0.3260684189406101 0.5099743421372632 0.01953125 0.026041666666666668
0 0.3403744254341166 0.5095684979814191 0.01953125 0.026041666666666668
0 0.3303297825769737 0.5266139525268737 0.01953125 0.026041666666666668
0 0.3260684189406101 0.5209321343450554 0.01953125 0.026041666666666668
0 0.3141974773821685 0.5124094070723281 0.01953125 0.026041666666666668
0 0.3099361137458049 0.49739317330609434 0.01953125 0.026041666666666668
0 0.31511062673281787 0.4852178486307697 0.01953125 0.026041666666666668
0 0.3056747501094413 0.4872470694099906 0.01953125 0.026041666666666668
0 0.29289065920035035 0.4840003161632373 0.01953125 0.026041666666666668
0 0.29745640595359707 0.47750680966973075 0.01953125 0.026041666666666668
0 0.291977509849701 0.47466590057882163 0.01953125 0.026041666666666668
0 0.2864986137458049 0.4811594070723281 0.01953125 0.026041666666666668
0 0.27797588647307764 0.47588343304635417 0.01953125 0.026041666666666668
0 0.2898468280315192 0.4669548616177827 0.01953125 0.026041666666666668
0 0.3044572176419088 0.4588379785008996 0.01953125 0.026041666666666668
0 0.3172413085509997 0.45924382265674374 0.01953125 0.026041666666666668
0 0.31054487997957114 0.4669548616177827 0.01953125 0.026041666666666668
0 0.305065983875675 0.46736070577362687 0.01953125 0.026041666666666668
0 0.12943692543411658 0.3541301862931074 0.01953125 0.026041666666666668
0 0.13248075660294775 0.34844836811128915 0.01953125 0.026041666666666668
0 0.1416122501094413 0.3543331083710295 0.01953125 0.026041666666666668
0 0.15530949036918157 0.35879739408531525 0.01953125 0.026041666666666668
0 0.1571357890704803 0.353115575903497 0.01953125 0.026041666666666668
0 0.19609682803151923 0.3644792122671334 0.01953125 0.026041666666666668
0 0.19335737997957117 0.3616383031762243 0.01953125 0.026041666666666668
0 0.3138930942652855 0.4716220694099906 0.01953125 0.026041666666666668
0 0.31328432803151923 0.4777097317476529 0.01953125 0.026041666666666668
0 0.28284601634320755 0.46634609538401656 0.01953125 0.026041666666666668
0 0.2785846527068439 0.46634609538401656 0.01953125 0.026041666666666668
0 0.27767150335619456 0.45254739408531525 0.01953125 0.026041666666666668
0 0.2807153345250258 0.4497064849944062 0.01953125 0.026041666666666668
0 0.27310575660294784 0.4480831083710295 0.01953125 0.026041666666666668
0 0.2755408215380128 0.44605388759180875 0.01953125 0.026041666666666668
0 0.28041095140814265 0.43469025122817245 0.01953125 0.026041666666666668
0 0.281324100758792 0.4265733681112893 0.01953125 0.026041666666666668
0 0.2785846527068439 0.4221090823970035 0.01953125 0.026041666666666668
0 0.2785846527068439 0.40628116031908146 0.01953125 0.026041666666666668
0 0.28284601634320755 0.40059934213726334 0.01953125 0.026041666666666668
0 0.2801065682912595 0.39978765382557496 0.01953125 0.026041666666666668
0 0.2849766981613894 0.3969467447346659 0.01953125 0.026041666666666668
0 0.2782802695899608 0.39532336811128926 0.01953125 0.026041666666666668
0 0.2566690682912595 0.39491752395544516 0.01953125 0.026041666666666668
0 0.2591041332263244 0.38355388759180875 0.01953125 0.026041666666666668
0 0.24297182803151923 0.39775843304635417 0.01953125 0.026041666666666668
0 0.2493638734860647 0.4026285629164841 0.01953125 0.026041666666666668
0 0.2441893604990517 0.3932941473320685 0.01953125 0.026041666666666668
0 0.24023237997957117 0.3904532382411594 0.01953125 0.026041666666666668
0 0.24205867868086992 0.38477142005934123 0.01953125 0.026041666666666668
0 0.23597101634320758 0.38639479668271787 0.01953125 0.026041666666666668
0 0.23505786699255823 0.37584284863076983 0.01953125 0.026041666666666668
0 0.22714390595359718 0.3742194720073932 0.01953125 0.026041666666666668
0 0.2201430942652855 0.37624869278661394 0.01953125 0.026041666666666668
0 0.2170992630964543 0.3628558356437568 0.01953125 0.026041666666666668
0 0.20796776958996085 0.3730019395398607 0.01953125 0.026041666666666668
0 0.2024888734860647 0.3648850564229776 0.01953125 0.026041666666666668
0 0.20979406829125952 0.35757986161778277 0.01953125 0.026041666666666668
0 0.20644585400554524 0.36001492655284767 0.01953125 0.026041666666666668
0 0.20309763971983089 0.355550640838562 0.01953125 0.026041666666666668
0 0.125175561797753 0.355550640838562 0.01953125 0.026041666666666668
0 0.18696533452502578 0.36082661486453604 0.01953125 0.026041666666666668
0 0.20979406829125952 0.34621622525414647 0.01953125 0.026041666666666668
0 0.21892556179775305 0.34986882265674374 0.01953125 0.026041666666666668
0 0.21892556179775305 0.36001492655284767 0.01953125 0.026041666666666668
0 0.2259263734860647 0.3644792122671334 0.01953125 0.026041666666666668
0 0.21588173062892183 0.35717401746193866 0.01953125 0.026041666666666668
0 0.28771614621333746 0.4054694720073932 0.01953125 0.026041666666666668
0 0.2989783215380128 0.40059934213726334 0.01953125 0.026041666666666668
0 0.3035440682912595 0.39978765382557496 0.01953125 0.026041666666666668
0 0.3059791332263244 0.40628116031908146 0.01953125 0.026041666666666668
0 0.2925862760834673 0.4099337577216789 0.01953125 0.026041666666666668
0 0.29380380855099975 0.41845648499440613 0.01953125 0.026041666666666668
0 0.2950213410185322 0.42982012135804254 0.01953125 0.026041666666666668
0 0.304761600758792 0.42616752395544516 0.01953125 0.026041666666666668
0 0.3102404968626881 0.415615575903497 0.01953125 0.026041666666666668
0 0.315110626732818 0.418050640838562 0.01953125 0.026041666666666668
0 0.31876322413541536 0.41236882265674374 0.01953125 0.026041666666666668
0 0.32302458777177906 0.41318051096843217 0.01953125 0.026041666666666668
0 0.32424212023931154 0.4054694720073932 0.01953125 0.026041666666666668
0 0.333373613745805 0.42332661486453604 0.01953125 0.026041666666666668
0 0.336113061797753 0.41764479668271787 0.01953125 0.026041666666666668
0 0.34128757478476607 0.41480388759180875 0.01953125 0.026041666666666668
0 0.34950591894061017 0.42129739408531525 0.01953125 0.026041666666666668
0 0.3391568929665842 0.4265733681112893 0.01953125 0.026041666666666668
0 0.3300253994600907 0.4273850564229776 0.01953125 0.026041666666666668
0 0.32972101634320755 0.42251492655284767 0.01953125 0.026041666666666668
0 0.32576403582372704 0.42251492655284767 0.01953125 0.026041666666666668
0 0.315110626732818 0.42900843304635417 0.01953125 0.026041666666666668
0 0.30750104881074003 0.42900843304635417 0.01953125 0.026041666666666668
0 0.3184588410185322 0.43184934213726334 0.01953125 0.026041666666666668
0 0.2858898475120388 0.43753116031908146 0.01953125 0.026041666666666668
0 0.28558546439515564 0.42616752395544516 0.01953125 0.026041666666666668
0 0.29441257478476607 0.4448363551242763 0.01953125 0.026041666666666668
0 0.3081098150445063 0.446865575903497 0.01953125 0.026041666666666668
0 0.3014133864730777 0.4411837577216789 0.01953125 0.026041666666666668
0 0.29806517218736345 0.44402466681258795 0.01953125 0.026041666666666668
0 0.3065878994600907 0.43550193953986066 0.01953125 0.026041666666666668
0 0.32819910075879194 0.44321297850089963 0.01953125 0.026041666666666668
0 0.315110626732818 0.446865575903497 0.01953125 0.026041666666666668
0 0.32028513971983097 0.45214154992947103 0.01953125 0.026041666666666668
0 0.33246046439515564 0.4513298616177828 0.01953125 0.026041666666666668
0 0.333373613745805 0.4411837577216789 0.01953125 0.026041666666666668
0 0.338548126732818 0.43753116031908146 0.01953125 0.026041666666666668
0 0.3379393604990517 0.4411837577216789 0.01953125 0.026041666666666668
0 0.3403744254341166 0.43103765382557496 0.01953125 0.026041666666666668
0 0.34737523712242835 0.42819674473466596 0.01953125 0.026041666666666668
0 0.3534628994600907 0.4241383031762243 0.01953125 0.026041666666666668
0 0.35437604881074003 0.44402466681258795 0.01953125 0.026041666666666668
0 0.35468043192762316 0.45741752395544516 0.01953125 0.026041666666666668
0 0.338548126732818 0.46594025122817245 0.01953125 0.026041666666666668
0 0.32454650335619456 0.47121622525414636 0.01953125 0.026041666666666668
0 0.3184588410185322 0.4781155759034971 0.01953125 0.026041666666666668
0 0.30050023712242835 0.4675636278515491 0.01953125 0.026041666666666668
0 0.2910643604990517 0.45376492655284767 0.01953125 0.026041666666666668
0 0.3208939059535972 0.4639110304489516 0.01953125 0.026041666666666668
0 0.33550429556398675 0.46107012135804254 0.01953125 0.026041666666666668
0 0.3513322176419089 0.47486882265674374 0.01953125 0.026041666666666668
0 0.3443314059535972 0.4716220694099906 0.01953125 0.026041666666666668
0 0.3345911462133374 0.47405713434505553 0.01953125 0.026041666666666668
0 0.32819910075879194 0.48501492655284767 0.01953125 0.026041666666666668
0 0.33246046439515564 0.4878558356437568 0.01953125 0.026041666666666668
0 0.3425051072522985 0.47933310837102955 0.01953125 0.026041666666666668
0 0.35741987997957125 0.4825798616177827 0.01953125 0.026041666666666668
0 0.3534628994600907 0.4862324590203802 0.01953125 0.026041666666666668
0 0.3470708540055452 0.49232012135804254 0.01953125 0.026041666666666668
0 0.34220072413541536 0.4943493421372633 0.01953125 0.026041666666666668
0 0.36137686049905177 0.41723895252687365 0.01953125 0.026041666666666668
0 0.36594260725229844 0.44118375772167884 0.01953125 0.026041666666666668
0 0.3607680942652855 0.4391545369424581 0.01953125 0.026041666666666668
0 0.37355218517437644 0.4395603810983022 0.01953125 0.026041666666666668
0 0.3796398475120387 0.4334727187606399 0.01953125 0.026041666666666668
0 0.385423126732818 0.4269792122671334 0.01953125 0.026041666666666668
0 0.38907572413541536 0.42860258889051 0.01953125 0.026041666666666668
0 0.3939458540055452 0.43103765382557496 0.01953125 0.026041666666666668
0 0.3936414708886622 0.44118375772167884 0.01953125 0.026041666666666668
0 0.38938010725229844 0.4432129785008996 0.01953125 0.026041666666666668
0 0.3811617630964543 0.4403720694099906 0.01953125 0.026041666666666668
0 0.3845099773821686 0.44970648499440613 0.01953125 0.026041666666666668
0 0.36594260725229844 0.4533590823970035 0.01953125 0.026041666666666668
0 0.36898643842112966 0.4480831083710295 0.01953125 0.026041666666666668
0 0.3723346527068439 0.44402466681258795 0.01953125 0.026041666666666668
0 0.40003351634320755 0.4452421992801204 0.01953125 0.026041666666666668
0 0.3915107890704803 0.44767726421518533 0.01953125 0.026041666666666668
0 0.3972940682912595 0.4553883031762243 0.01953125 0.026041666666666668
0 0.40855624361593484 0.4509240174619386 0.01953125 0.026041666666666668
0 0.4049036462133374 0.4452421992801204 0.01953125 0.026041666666666668
0 0.4119044579016491 0.4452421992801204 0.01953125 0.026041666666666668
0 0.4134263734860647 0.43753116031908146 0.01953125 0.026041666666666668
0 0.4447778345250258 0.46107012135804254 0.01953125 0.026041666666666668
0 0.435037574784766 0.46594025122817234 0.01953125 0.026041666666666668
0 0.42042718517437644 0.4651285629164841 0.01953125 0.026041666666666668
0 0.4252973150445063 0.46675193953986066 0.01953125 0.026041666666666668
0 0.4155570553042466 0.4639110304489516 0.01953125 0.026041666666666668
0 0.40064228257697376 0.46878116031908146 0.01953125 0.026041666666666668
0 0.3863362760834673 0.47202791356583473 0.01953125 0.026041666666666668
0 0.38237929556398687 0.47243375772167884 0.01953125 0.026041666666666668
0 0.38237929556398687 0.4647227187606399 0.01953125 0.026041666666666668
0 0.37416095140814265 0.4639110304489516 0.01953125 0.026041666666666668
0 0.36898643842112966 0.4626934979814192 0.01953125 0.026041666666666668
0 0.3638119254341167 0.46553440707232824 0.01953125 0.026041666666666668
0 0.3610724773821686 0.47770973174765285 0.01953125 0.026041666666666668
0 0.3680732890704803 0.4764921992801204 0.01953125 0.026041666666666668
0 0.36168124361593484 0.48501492655284767 0.01953125 0.026041666666666668
0 0.3467664708886621 0.5061188226567438 0.01953125 0.026041666666666668
0 0.3501146851743764 0.5162649265528477 0.01953125 0.026041666666666668
0 0.3625943929665842 0.5122064849944062 0.01953125 0.026041666666666668
0 0.3625943929665842 0.503683757721679 0.01953125 0.026041666666666668
0 0.3692908215380128 0.49759609538401645 0.01953125 0.026041666666666668
0 0.3723346527068439 0.48907336811128915 0.01953125 0.026041666666666668
0 0.3677689059535972 0.48298570577362687 0.01953125 0.026041666666666668
0 0.37750916569385695 0.480550640838562 0.01953125 0.026041666666666668
0 0.38664065920035046 0.48014479668271787 0.01953125 0.026041666666666668
0 0.3814661462133374 0.4809564849944062 0.01953125 0.026041666666666668
0 0.38237929556398687 0.48866752395544516 0.01953125 0.026041666666666668
0 0.3912064059535972 0.4809564849944062 0.01953125 0.026041666666666668
0 0.38907572413541536 0.48826167979960095 0.01953125 0.026041666666666668
0 0.3936414708886622 0.4740571343450555 0.01953125 0.026041666666666668
0 0.3966853020574933 0.47770973174765285 0.01953125 0.026041666666666668
0 0.4030773475120387 0.48826167979960095 0.01953125 0.026041666666666668
0 0.41007815920035046 0.4959727187606399 0.01953125 0.026041666666666668
0 0.4189052695899608 0.49110258889051 0.01953125 0.026041666666666668
0 0.42925429556398687 0.4793331083710295 0.01953125 0.026041666666666668
0 0.4405164708886622 0.4740571343450555 0.01953125 0.026041666666666668
0 0.4487348150445063 0.47973895252687365 0.01953125 0.026041666666666668
0 0.44021208777177895 0.48339154992947103 0.01953125 0.026041666666666668
0 0.4106869254341167 0.4854207707086919 0.01953125 0.026041666666666668
0 0.4119044579016491 0.4760863551242762 0.01953125 0.026041666666666668
0 0.4164702046548959 0.47770973174765285 0.01953125 0.026041666666666668
0 0.4216447176419088 0.478115575903497 0.01953125 0.026041666666666668
0 0.43199374361593484 0.4878558356437568 0.01953125 0.026041666666666668
0 0.4201228020574933 0.5044954460333672 0.01953125 0.026041666666666668
0 0.4131219903691816 0.5065246668125879 0.01953125 0.026041666666666668
0 0.4033817306289219 0.5178883031762244 0.01953125 0.026041666666666668
0 0.4030773475120387 0.508959731747653 0.01953125 0.026041666666666668
0 0.37750916569385695 0.49678440707232824 0.01953125 0.026041666666666668
0 0.37568286699255826 0.5081480434359645 0.01953125 0.026041666666666668
0 0.36989958777177895 0.511800640838562 0.01953125 0.026041666666666668
0 0.3580286462133374 0.5296577836957049 0.01953125 0.026041666666666668
0 0.35102783452502573 0.5333103810983023 0.01953125 0.026041666666666668
0 0.3677689059535972 0.5365571343450556 0.01953125 0.026041666666666668
0 0.3860318929665842 0.5211350564229776 0.01953125 0.026041666666666668
0 0.38816257478476607 0.503683757721679 0.01953125 0.026041666666666668
0 0.3884669579016491 0.5109889525268737 0.01953125 0.026041666666666668
0 0.3960765358237271 0.5053071343450556 0.01953125 0.026041666666666668
0 0.39333708777177895 0.5126123291502503 0.01953125 0.026041666666666668
0 0.3936414708886622 0.49475518629310744 0.01953125 0.026041666666666668
0 0.3887713410185322 0.4939434979814192 0.01953125 0.026041666666666668
0 0.45908384101853233 0.485826614864536 0.01953125 0.026041666666666668
0 0.4490391981613894 0.4874499914879127 0.01953125 0.026041666666666668
0 0.4429515358237271 0.49759609538401645 0.01953125 0.026041666666666668
0 0.4508654968626881 0.49475518629310744 0.01953125 0.026041666666666668
0 0.453300561797753 0.4931318096697308 0.01953125 0.026041666666666668
0 0.46121452283671405 0.4931318096697308 0.01953125 0.026041666666666668
0 0.4816081916678829 0.4854207707086919 0.01953125 0.026041666666666668
0 0.4779555942652855 0.48866752395544516 0.01953125 0.026041666666666668
0 0.473998613745805 0.4939434979814192 0.01953125 0.026041666666666668
0 0.46882410075879205 0.4959727187606399 0.01953125 0.026041666666666668
0 0.4873914708886622 0.4931318096697308 0.01953125 0.026041666666666668
0 0.4861739384211296 0.4846090823970035 0.01953125 0.026041666666666668
0 0.4916528345250258 0.48623245902038015 0.01953125 0.026041666666666668
0 0.4959141981613894 0.49232012135804243 0.01953125 0.026041666666666668
0 0.5013930942652856 0.49759609538401645 0.01953125 0.026041666666666668
0 0.4919572176419089 0.5032779135658347 0.01953125 0.026041666666666668
0 0.48495640595359724 0.49759609538401645 0.01953125 0.026041666666666668
0 0.4806950423172336 0.5065246668125879 0.01953125 0.026041666666666668
0 0.4700416332263244 0.5162649265528477 0.01953125 0.026041666666666668
0 0.46121452283671405 0.5081480434359645 0.01953125 0.026041666666666668
0 0.45512686049905177 0.5016545369424581 0.01953125 0.026041666666666668
0 0.44964796439515564 0.5077421992801204 0.01953125 0.026041666666666668
0 0.45269179556398687 0.5044954460333672 0.01953125 0.026041666666666668
0 0.44386468517437644 0.5166707707086918 0.01953125 0.026041666666666668
0 0.43777702283671405 0.5211350564229776 0.01953125 0.026041666666666668
0 0.427123613745805 0.5191058356437568 0.01953125 0.026041666666666668
0 0.429863061797753 0.5073363551242762 0.01953125 0.026041666666666668
0 0.3997291332263244 0.534933757721679 0.01953125 0.026041666666666668
0 0.39090202283671405 0.5215409005788217 0.01953125 0.026041666666666668
0 0.4091650098497011 0.5276285629164841 0.01953125 0.026041666666666668
0 0.41525267218736345 0.5260051862931074 0.01953125 0.026041666666666668
0 0.4119044579016491 0.534933757721679 0.01953125 0.026041666666666668
0 0.4341244254341167 0.5292519395398606 0.01953125 0.026041666666666668
0 0.427123613745805 0.5393980434359645 0.01953125 0.026041666666666668
0 0.4456909838756751 0.5264110304489517 0.01953125 0.026041666666666668
0 0.4487348150445063 0.5158590823970035 0.01953125 0.026041666666666668
0 0.455735626732818 0.5178883031762244 0.01953125 0.026041666666666668
0 0.4663890358237271 0.524787653825575 0.01953125 0.026041666666666668
0 0.455735626732818 0.5260051862931074 0.01953125 0.026041666666666668
0 0.46669341894061017 0.534933757721679 0.01953125 0.026041666666666668
0 0.47612929556398687 0.5272227187606399 0.01953125 0.026041666666666668
0 0.4834344903691816 0.5182941473320685 0.01953125 0.026041666666666668
0 0.49926241244710373 0.5053071343450556 0.01953125 0.026041666666666668
0 0.5038281592003504 0.5154532382411594 0.01953125 0.026041666666666668
0 0.49895802933022054 0.5130181733060944 0.01953125 0.026041666666666668
0 0.5102202046548959 0.5186999914879127 0.01953125 0.026041666666666668
0 0.5102202046548959 0.4902909005788218 0.01953125 0.026041666666666668
0 0.5108289708886622 0.4996253161632373 0.01953125 0.026041666666666668
0 0.5090026721873634 0.5365571343450556 0.01953125 0.026041666666666668
0 0.5062632241354154 0.5264110304489517 0.01953125 0.026041666666666668
0 0.5013930942652856 0.5243818096697308 0.01953125 0.026041666666666668
0 0.4919572176419089 0.5320928486307698 0.01953125 0.026041666666666668
0 0.49652296439515564 0.535339601877523 0.01953125 0.026041666666666668
0 0.48800023712242835 0.5320928486307698 0.01953125 0.026041666666666668
0 0.4883046202393115 0.545485705773627 0.01953125 0.026041666666666668
0 0.4749117630964543 0.5467032382411594 0.01953125 0.026041666666666668
0 0.4748103020574933 0.5962162252541464 0.01953125 0.026041666666666668
0 0.48089796439515564 0.6067681733060944 0.01953125 0.026041666666666668
0 0.48394179556398675 0.5970279135658346 0.01953125 0.026041666666666668
0 0.47968043192762316 0.5856642772021984 0.01953125 0.026041666666666668
0 0.47146208777177895 0.5828233681112892 0.01953125 0.026041666666666668
0 0.47572345140814265 0.5605019395398606 0.01953125 0.026041666666666668
0 0.48820315920035046 0.5592844070723281 0.01953125 0.026041666666666668
0 0.4812023475120387 0.5531967447346658 0.01953125 0.026041666666666668
0 0.49246452283671405 0.554008433046354 0.01953125 0.026041666666666668
0 0.5067705293302206 0.5564434979814191 0.01953125 0.026041666666666668
0 0.5055529968626881 0.5714597317476529 0.01953125 0.026041666666666668
0 0.5162064059535971 0.5519792122671333 0.01953125 0.026041666666666668
0 0.5116406592003504 0.5503558356437568 0.01953125 0.026041666666666668
0 0.518337087771779 0.5426447966827178 0.01953125 0.026041666666666668
0 0.5152932566029478 0.5373688226567438 0.01953125 0.026041666666666668
0 0.515597639719831 0.5304694720073931 0.01953125 0.026041666666666668
0 0.5201633864730777 0.5361512901892114 0.01953125 0.026041666666666668
0 0.525946665693857 0.5207292122671333 0.01953125 0.026041666666666668
0 0.5222940682912595 0.5105831083710295 0.01953125 0.026041666666666668
0 0.5168151721873634 0.506930510968432 0.01953125 0.026041666666666668
0 0.5128581916678829 0.5105831083710295 0.01953125 0.026041666666666668
0 0.5165107890704803 0.5885051862931074 0.01953125 0.026041666666666668
0 0.4973346527068439 0.5962162252541464 0.01953125 0.026041666666666668
0 0.4878987760834673 0.58485258889051 0.01953125 0.026041666666666668
0 0.5247291332263244 0.5771415499294711 0.01953125 0.026041666666666668
0 0.5283817306289219 0.5592844070723281 0.01953125 0.026041666666666668
0 0.5292948799795713 0.5462973940853152 0.01953125 0.026041666666666668
0 0.5445140358237271 0.5479207707086918 0.01953125 0.026041666666666668
0 0.5460359514081427 0.5333103810983022 0.01953125 0.026041666666666668
0 0.5405570553042466 0.5264110304489517 0.01953125 0.026041666666666668
0 0.5353825423172335 0.5308753161632372 0.01953125 0.026041666666666668
0 0.5295992630964543 0.5239759655138866 0.01953125 0.026041666666666668
0 0.5359913085509997 0.5174824590203801 0.01953125 0.026041666666666668
0 0.5326430942652856 0.5142357057736269 0.01953125 0.026041666666666668
0 0.531425561797753 0.4866383031762243 0.01953125 0.026041666666666668
0 0.5232072176419088 0.49272596551388664 0.01953125 0.026041666666666668
0 0.5207721527068438 0.4878558356437568 0.01953125 0.026041666666666668
0 0.5204677695899609 0.4809564849944061 0.01953125 0.026041666666666668
0 0.5152932566029478 0.4850149265528476 0.01953125 0.026041666666666668
0 0.5396439059535972 0.49110258889051 0.01953125 0.026041666666666668
0 0.5451228020574933 0.4943493421372633 0.01953125 0.026041666666666668
0 0.552123613745805 0.4967844070723281 0.01953125 0.026041666666666668
0 0.5579068929665841 0.49394349798141907 0.01953125 0.026041666666666668
0 0.5460359514081427 0.5012486927866139 0.01953125 0.026041666666666668
0 0.5475578669925583 0.4963785629164841 0.01953125 0.026041666666666668
0 0.5585156592003504 0.5113947966827178 0.01953125 0.026041666666666668
0 0.5633857890704803 0.5097714200593412 0.01953125 0.026041666666666668
0 0.5445140358237271 0.5113947966827178 0.01953125 0.026041666666666668
0 0.5387307566029478 0.5081480434359645 0.01953125 0.026041666666666668
0 0.5362956916678829 0.4992194720073931 0.01953125 0.026041666666666668
0 0.5408614384211297 0.5004370044749256 0.01953125 0.026041666666666668
0 0.5408614384211297 0.5621253161632372 0.01953125 0.026041666666666668
0 0.5387307566029478 0.5734889525268737 0.01953125 0.026041666666666668
0 0.5356869254341167 0.582011679799601 0.01953125 0.026041666666666668
0 0.5098143604990518 0.6140733681112892 0.01953125 0.026041666666666668
0 0.5140757241354154 0.6104207707086918 0.01953125 0.026041666666666668
0 0.48394179556398675 0.6144792122671333 0.01953125 0.026041666666666668
0 0.4930732890704803 0.6140733681112892 0.01953125 0.026041666666666668
0 0.47450591894061017 0.6234077836957048 0.01953125 0.026041666666666668
0 0.48515932803151923 0.6518168746047958 0.01953125 0.026041666666666668
0 0.48759439296658413 0.6299012901892114 0.01953125 0.026041666666666668
0 0.4799848150445063 0.6822551862931073 0.01953125 0.026041666666666668
0 0.5034223150445063 0.6700798616177828 0.01953125 0.026041666666666668
0 0.5152932566029478 0.6554694720073931 0.01953125 0.026041666666666668
0 0.5134669579016491 0.6359889525268737 0.01953125 0.026041666666666668
0 0.5198590033561946 0.6262486927866139 0.01953125 0.026041666666666668
0 0.5295992630964543 0.6185376538255749 0.01953125 0.026041666666666668
0 0.5801268604990518 0.5876934979814191 0.01953125 0.026041666666666668
0 0.5603419579016491 0.5856642772021984 0.01953125 0.026041666666666668
0 0.5670383864730777 0.5803883031762244 0.01953125 0.026041666666666668
0 0.570386600758792 0.5771415499294711 0.01953125 0.026041666666666668
0 0.5725172825769738 0.5706480434359645 0.01953125 0.026041666666666668
0 0.5594288085509997 0.5706480434359645 0.01953125 0.026041666666666668
0 0.5579068929665841 0.5605019395398606 0.01953125 0.026041666666666668
0 0.5594288085509997 0.5479207707086918 0.01953125 0.026041666666666668
0 0.557298126732818 0.5406155759034971 0.01953125 0.026041666666666668
0 0.552123613745805 0.5268168746047958 0.01953125 0.026041666666666668
0 0.552123613745805 0.5162649265528476 0.01953125 0.026041666666666668
0 0.5670383864730777 0.5276285629164841 0.01953125 0.026041666666666668
0 0.5709953669925583 0.5231642772021984 0.01953125 0.026041666666666668
0 0.572821665693857 0.5162649265528476 0.01953125 0.026041666666666668
0 0.5804312436159348 0.5154532382411593 0.01953125 0.026041666666666668
0 0.5758654968626881 0.5077421992801204 0.01953125 0.026041666666666668
0 0.5825619254341167 0.5077421992801204 0.01953125 0.026041666666666668
0 0.5843882241354154 0.5008428486307698 0.01953125 0.026041666666666668
0 0.5883452046548959 0.5053071343450554 0.01953125 0.026041666666666668
0 0.5947372501094413 0.4992194720073931 0.01953125 0.026041666666666668
0 0.5971723150445063 0.5000311603190813 0.01953125 0.026041666666666668
0 0.6175659838756751 0.4963785629164841 0.01953125 0.026041666666666668
0 0.6090432566029478 0.506930510968432 0.01953125 0.026041666666666668
0 0.6160440682912595 0.5105831083710295 0.01953125 0.026041666666666668
0 0.6263930942652854 0.5000311603190813 0.01953125 0.026041666666666668
0 0.5405570553042466 0.5982454460333672 0.01953125 0.026041666666666668
0 0.5387307566029478 0.5864759655138866 0.01953125 0.026041666666666668
0 0.5460359514081427 0.5791707707086918 0.01953125 0.026041666666666668
0 0.5353825423172335 0.6112324590203801 0.01953125 0.026041666666666668
0 0.5426877371224283 0.6234077836957048 0.01953125 0.026041666666666668
0 0.533860626732818 0.6347714200593412 0.01953125 0.026041666666666668
0 0.5335562436159348 0.6510051862931074 0.01953125 0.026041666666666668
0 0.5177283215380127 0.6879370044749257 0.01953125 0.026041666666666668
0 0.500074100758792 0.6960538875918086 0.01953125 0.026041666666666668
0 0.5527323799795713 0.6453233681112892 0.01953125 0.026041666666666668
0 0.5515148475120387 0.6729207707086919 0.01953125 0.026041666666666668
0 0.5712997501094413 0.6558753161632372 0.01953125 0.026041666666666668
0 0.5840838410185323 0.6672389525268736 0.01953125 0.026041666666666668
0 0.5874320553042466 0.6481642772021984 0.01953125 0.026041666666666668
0 0.5904758864730777 0.6225960953840165 0.01953125 0.026041666666666668
0 0.5837794579016491 0.6177259655138866 0.01953125 0.026041666666666668
0 0.5621682566029478 0.6185376538255749 0.01953125 0.026041666666666668
0 0.5539499124471037 0.6213785629164841 0.01953125 0.026041666666666668
0 0.5560805942652856 0.6083915499294711 0.01953125 0.026041666666666668
0 0.5929109514081427 0.5775473940853152 0.01953125 0.026041666666666668
0 0.5849969903691816 0.5641545369424581 0.01953125 0.026041666666666668
0 0.5767786462133375 0.5531967447346658 0.01953125 0.026041666666666668
0 0.57312604881074 0.5588785629164841 0.01953125 0.026041666666666668
0 0.5734304319276232 0.5373688226567438 0.01953125 0.026041666666666668
0 0.5709953669925583 0.5316870044749256 0.01953125 0.026041666666666668
0 0.5898671202393115 0.5255993421372632 0.01953125 0.026041666666666668
0 0.5853013734860647 0.5280344070723281 0.01953125 0.026041666666666668
0 0.5941284838756751 0.5174824590203801 0.01953125 0.026041666666666668
0 0.5974766981613894 0.5134240174619386 0.01953125 0.026041666666666668
0 0.604173126732818 0.5211350564229776 0.01953125 0.026041666666666668
0 0.5986942306289219 0.5280344070723281 0.01953125 0.026041666666666668
0 0.5953460163432076 0.5393980434359645 0.01953125 0.026041666666666668
0 0.588649587771779 0.5406155759034971 0.01953125 0.026041666666666668
0 0.5865189059535972 0.5361512901892114 0.01953125 0.026041666666666668
0 0.601738061797753 0.6116383031762244 0.01953125 0.026041666666666668
0 0.5880408215380127 0.6067681733060944 0.01953125 0.026041666666666668
0 0.5959547825769739 0.6027097317476529 0.01953125 0.026041666666666668
0 0.5904758864730777 0.55360258889051 0.01953125 0.026041666666666668
0 0.5865189059535972 0.5507616797996008 0.01953125 0.026041666666666668
0 0.6044775098497011 0.5479207707086918 0.01953125 0.026041666666666668
0 0.6090432566029478 0.5320928486307698 0.01953125 0.026041666666666668
0 0.6160440682912595 0.5251934979814191 0.01953125 0.026041666666666668
0 0.6111739384211297 0.5255993421372632 0.01953125 0.026041666666666668
0 0.630350074784766 0.538180510968432 0.01953125 0.026041666666666668
0 0.6270018604990518 0.5426447966827178 0.01953125 0.026041666666666668
0 0.622436113745805 0.5503558356437568 0.01953125 0.026041666666666668
0 0.617261600758792 0.5588785629164841 0.01953125 0.026041666666666668
0 0.6148265358237271 0.5657779135658346 0.01953125 0.026041666666666668
0 0.609347639719831 0.5755181733060943 0.01953125 0.026041666666666668
0 0.6032599773821686 0.5860701213580425 0.01953125 0.026041666666666668
0 0.5986942306289219 0.5763298616177827 0.01953125 0.026041666666666668
0 0.6032599773821686 0.5678071343450554 0.01953125 0.026041666666666668
0 0.5959547825769739 0.5657779135658346 0.01953125 0.026041666666666668
0 0.6029555942652854 0.5564434979814191 0.01953125 0.026041666666666668
0 0.6105651721873634 0.5393980434359645 0.01953125 0.026041666666666668
0 0.6300456916678829 0.5255993421372632 0.01953125 0.026041666666666668
0 0.6254799449146362 0.52235258889051 0.01953125 0.026041666666666668
0 0.6376552695899609 0.5296577836957049 0.01953125 0.026041666666666668
0 0.643134165693857 0.5219467447346658 0.01953125 0.026041666666666668
0 0.664136600758792 0.5134240174619386 0.01953125 0.026041666666666668
0 0.6534831916678829 0.5280344070723281 0.01953125 0.026041666666666668
0 0.6467867630964543 0.5251934979814191 0.01953125 0.026041666666666668
0 0.6601796202393115 0.535339601877523 0.01953125 0.026041666666666668
0 0.6690067306289219 0.5361512901892114 0.01953125 0.026041666666666668
0 0.6507437436159348 0.5422389525268737 0.01953125 0.026041666666666668
0 0.6547007241354154 0.5426447966827178 0.01953125 0.026041666666666668
0 0.6416122501094413 0.5491383031762244 0.01953125 0.026041666666666668
0 0.6388728020574933 0.5564434979814191 0.01953125 0.026041666666666668
0 0.6449604643951556 0.5605019395398606 0.01953125 0.026041666666666668
0 0.6312632241354154 0.5592844070723281 0.01953125 0.026041666666666668
0 0.6285237760834673 0.5491383031762244 0.01953125 0.026041666666666668
0 0.627610626732818 0.5686188226567438 0.01953125 0.026041666666666668
0 0.6601796202393115 0.5507616797996008 0.01953125 0.026041666666666668
0 0.6586577046548959 0.5568493421372632 0.01953125 0.026041666666666668
0 0.6519612760834673 0.5621253161632372 0.01953125 0.026041666666666668
0 0.6534831916678829 0.5706480434359645 0.01953125 0.026041666666666668
0 0.6489174449146362 0.5836350564229776 0.01953125 0.026041666666666668
0 0.6397859514081428 0.5832292122671333 0.01953125 0.026041666666666668
0 0.6364377371224283 0.5893168746047958 0.01953125 0.026041666666666668
0 0.6239580293302206 0.5897227187606399 0.01953125 0.026041666666666668
0 0.6157396851743764 0.5913460953840165 0.01953125 0.026041666666666668
0 0.6260887111484025 0.6035214200593412 0.01953125 0.026041666666666668
0 0.64343854881074 0.6002746668125879 0.01953125 0.026041666666666668
0 0.6534831916678829 0.5974337577216787 0.01953125 0.026041666666666668
0 0.6607883864730778 0.5885051862931074 0.01953125 0.026041666666666668
0 0.6650497501094413 0.5743006408385619 0.01953125 0.026041666666666668
0 0.6617015358237271 0.5649662252541464 0.01953125 0.026041666666666668
0 0.6674848150445063 0.5560376538255749 0.01953125 0.026041666666666668
0 0.6318719903691816 0.6083915499294711 0.01953125 0.026041666666666668
0 0.6239580293302206 0.6205668746047958 0.01953125 0.026041666666666668
0 0.6099564059535972 0.6217844070723281 0.01953125 0.026041666666666668
0 0.6102607890704803 0.6368006408385619 0.01953125 0.026041666666666668
0 0.6075213410185323 0.6587162252541464 0.01953125 0.026041666666666668
0 0.5983898475120387 0.6729207707086919 0.01953125 0.026041666666666668
0 0.6236536462133375 0.6676447966827178 0.01953125 0.026041666666666668
0 0.6607883864730778 0.6055506408385619 0.01953125 0.026041666666666668
0 0.6717461786808699 0.5876934979814191 0.01953125 0.026041666666666668
0 0.6726593280315193 0.6270603810983022 0.01953125 0.026041666666666668
0 0.5843882241354154 0.6331480434359645 0.01953125 0.026041666666666668
0 0.6519612760834673 0.6416707707086918 0.01953125 0.026041666666666668
0 0.6437429319276232 0.6319305109684321 0.01953125 0.026041666666666668
0 0.6382640358237271 0.6181318096697308 0.01953125 0.026041666666666668
0 0.6358289708886622 0.5990571343450554 0.01953125 0.026041666666666668
0 0.6659628994600907 0.5990571343450554 0.01953125 0.026041666666666668
0 0.6702242630964543 0.6148850564229775 0.01953125 0.026041666666666668
0 0.6671804319276232 0.6112324590203801 0.01953125 0.026041666666666668
0 0.6592664708886622 0.6225960953840165 0.01953125 0.026041666666666668
0 0.658962087771779 0.6347714200593412 0.01953125 0.026041666666666668
0 0.6315676072522985 0.6587162252541464 0.01953125 0.026041666666666668
0 0.6480042955639869 0.6907779135658346 0.01953125 0.026041666666666668
0 0.658962087771779 0.6859077836957049 0.01953125 0.026041666666666668
0 0.6687023475120387 0.6700798616177828 0.01953125 0.026041666666666668
0 0.612087087771779 0.6948363551242762 0.01953125 0.026041666666666668
0 0.6808776721873637 0.5195116797996008 0.01953125 0.026041666666666668
0 0.6747900098497014 0.5410214200593412 0.01953125 0.026041666666666668
0 0.6753987760834675 0.5345279135658346 0.01953125 0.026041666666666668
0 0.6897047825769741 0.4971902512281723 0.01953125 0.026041666666666668
0 0.6750943929665845 0.5000311603190813 0.01953125 0.026041666666666668
0 0.692139847512039 0.5389921992801203 0.01953125 0.026041666666666668
0 0.697314360499052 0.5402097317476529 0.01953125 0.026041666666666668
0 0.6933573799795715 0.5552259655138866 0.01953125 0.026041666666666668
0 0.697618743615935 0.5580668746047958 0.01953125 0.026041666666666668
0 0.7003581916678832 0.5479207707086918 0.01953125 0.026041666666666668
0 0.7125335163432078 0.5414272642151853 0.01953125 0.026041666666666668
0 0.6982275098497014 0.5678071343450554 0.01953125 0.026041666666666668
0 0.7024888734860649 0.5674012901892113 0.01953125 0.026041666666666668
0 0.681790821538013 0.566589601877523 0.01953125 0.026041666666666668
0 0.6799645228367144 0.5592844070723281 0.01953125 0.026041666666666668
0 0.6833127371224286 0.5751123291502503 0.01953125 0.026041666666666668
0 0.6760075423172338 0.5787649265528476 0.01953125 0.026041666666666668
0 0.6909223150445065 0.5807941473320685 0.01953125 0.026041666666666668
0 0.6982275098497014 0.582417523955445 0.01953125 0.026041666666666668
0 0.7094896851743767 0.58485258889051 0.01953125 0.026041666666666668
0 0.7049239384211299 0.5816058356437568 0.01953125 0.026041666666666668
0 0.7034020228367144 0.5913460953840165 0.01953125 0.026041666666666668
0 0.6887916332263248 0.5998688226567438 0.01953125 0.026041666666666668
0 0.700053808551 0.6063623291502503 0.01953125 0.026041666666666668
0 0.7082721527068442 0.600680510968432 0.01953125 0.026041666666666668
0 0.7177080293302208 0.5880993421372632 0.01953125 0.026041666666666668
0 0.7204474773821689 0.5759240174619386 0.01953125 0.026041666666666668
0 0.725926373486065 0.5759240174619386 0.01953125 0.026041666666666668
0 0.7201430942652858 0.5584727187606399 0.01953125 0.026041666666666668
0 0.7311008864730779 0.545891549929471 0.01953125 0.026041666666666668
0 0.7350578669925585 0.5365571343450554 0.01953125 0.026041666666666668
0 0.7463200423172338 0.538180510968432 0.01953125 0.026041666666666668
0 0.7381016981613897 0.5495441473320685 0.01953125 0.026041666666666668
0 0.739014847512039 0.5617194720073931 0.01953125 0.026041666666666668
0 0.7177080293302208 0.5523850564229774 0.01953125 0.026041666666666668
0 0.7374929319276234 0.5552259655138866 0.01953125 0.026041666666666668
0 0.7545383864730779 0.5637486927866139 0.01953125 0.026041666666666668
0 0.6808776721873637 0.6230019395398606 0.01953125 0.026041666666666668
0 0.6814864384211299 0.6071740174619386 0.01953125 0.026041666666666668
0 0.6906179319276234 0.6230019395398606 0.01953125 0.026041666666666668
0 0.7034020228367144 0.616508433046354 0.01953125 0.026041666666666668
0 0.775540821538013 0.5730831083710295 0.01953125 0.026041666666666668
0 0.7846723150445064 0.5678071343450554 0.01953125 0.026041666666666668
0 0.785889847512039 0.5544142772021983 0.01953125 0.026041666666666668
0 0.7688443929665845 0.5495441473320685 0.01953125 0.026041666666666668
0 0.7658005617977532 0.5580668746047958 0.01953125 0.026041666666666668
0 0.7587997501094417 0.5588785629164841 0.01953125 0.026041666666666668
0 0.762452347512039 0.5649662252541464 0.01953125 0.026041666666666668
0 0.7314052695899611 0.5609077836957047 0.01953125 0.026041666666666668
0 0.7271439059535973 0.566589601877523 0.01953125 0.026041666666666668
0 0.7426674449146363 0.5763298616177827 0.01953125 0.026041666666666668
0 0.7499726397198313 0.5767357057736268 0.01953125 0.026041666666666668
0 0.7411455293302209 0.6335538875918086 0.01953125 0.026041666666666668
0 0.7353622501094416 0.6197551862931073 0.01953125 0.026041666666666668
0 0.7268395228367144 0.6148850564229775 0.01953125 0.026041666666666668
0 0.8026309189406104 0.5564434979814191 0.01953125 0.026041666666666668
0 0.7956301072522988 0.566589601877523 0.01953125 0.026041666666666668
0 0.7931950423172338 0.5751123291502503 0.01953125 0.026041666666666668
0 0.7840635488107404 0.5807941473320685 0.01953125 0.026041666666666668
0 0.7868029968626883 0.5876934979814191 0.01953125 0.026041666666666668
0 0.7938038085510001 0.5864759655138866 0.01953125 0.026041666666666668
0 0.7980651721873636 0.5949986927866139 0.01953125 0.026041666666666668
0 0.7883249124471039 0.597839601877523 0.01953125 0.026041666666666668
0 0.775540821538013 0.6014921992801203 0.01953125 0.026041666666666668
0 0.7712794579016494 0.6023038875918086 0.01953125 0.026041666666666668
0 0.7664093280315195 0.6083915499294711 0.01953125 0.026041666666666668
0 0.7630611137458051 0.5966220694099905 0.01953125 0.026041666666666668
0 0.7575822176419091 0.5787649265528476 0.01953125 0.026041666666666668
0 0.7569734514081429 0.5686188226567438 0.01953125 0.026041666666666668
0 0.7542340033561948 0.5905344070723281 0.01953125 0.026041666666666668
0 0.749363873486065 0.5929694720073931 0.01953125 0.026041666666666668
0 0.7438849773821689 0.5828233681112892 0.01953125 0.026041666666666668
0 0.7384060812782728 0.5949986927866139 0.01953125 0.026041666666666668
0 0.7192299449146363 0.6230019395398606 0.01953125 0.026041666666666668
0 0.7161861137458052 0.6311188226567438 0.01953125 0.026041666666666668
0 0.7030976397198312 0.6209727187606399 0.01953125 0.026041666666666668
0 0.7027932566029481 0.6282779135658346 0.01953125 0.026041666666666668
0 0.6957924449146364 0.6343655759034971 0.01953125 0.026041666666666668
0 0.6912266981613897 0.6489759655138866 0.01953125 0.026041666666666668
0 0.7587997501094417 0.6156967447346658 0.01953125 0.026041666666666668
0 0.7514945553042467 0.6027097317476529 0.01953125 0.026041666666666668
0 0.7874117630964546 0.6209727187606399 0.01953125 0.026041666666666668
0 0.7791934189406104 0.6169142772021983 0.01953125 0.026041666666666668
0 0.7916731267328182 0.6112324590203801 0.01953125 0.026041666666666668
0 0.8071966656938572 0.6092032382411593 0.01953125 0.026041666666666668
0 0.8020221527068442 0.5986512901892113 0.01953125 0.026041666666666668
0 0.8141974773821689 0.5966220694099905 0.01953125 0.026041666666666668
0 0.819676373486065 0.5933753161632372 0.01953125 0.026041666666666668
0 0.8178500747847662 0.5722714200593412 0.01953125 0.026041666666666668
0 0.8151106267328182 0.5629370044749256 0.01953125 0.026041666666666668
0 0.8117624124471039 0.569430510968432 0.01953125 0.026041666666666668
0 0.8075010488107404 0.5649662252541464 0.01953125 0.026041666666666668
0 0.8105448799795716 0.5588785629164841 0.01953125 0.026041666666666668
0 0.8205895228367144 0.6120441473320685 0.01953125 0.026041666666666668
0 0.8236333540055454 0.6250311603190813 0.01953125 0.026041666666666668
0 0.8117624124471039 0.6335538875918086 0.01953125 0.026041666666666668
0 0.8117624124471039 0.6436999914879126 0.01953125 0.026041666666666668
0 0.8218070553042467 0.64248245902038 0.01953125 0.026041666666666668
0 0.8001958540055454 0.6339597317476529 0.01953125 0.026041666666666668
0 0.7868029968626883 0.6396415499294711 0.01953125 0.026041666666666668
0 0.7779758864730779 0.6453233681112892 0.01953125 0.026041666666666668
0 0.7749320553042467 0.6282779135658346 0.01953125 0.026041666666666668
0 0.7530164708886625 0.6461350564229775 0.01953125 0.026041666666666668
0 0.749059490369182 0.6380181733060943 0.01953125 0.026041666666666668
0 0.7408411462133376 0.6169142772021983 0.01953125 0.026041666666666668
0 0.7429718280315195 0.6063623291502503 0.01953125 0.026041666666666668
0 0.6775294579016493 0.6613542122671333 0.01953125 0.026041666666666668
0 0.6878784838756753 0.6556723940853152 0.01953125 0.026041666666666668
0 0.6982275098497013 0.6524256408385619 0.01953125 0.026041666666666668
0 0.754842769589961 0.6597308356437567 0.01953125 0.026041666666666668
0 0.7536252371224286 0.6710944720073929 0.01953125 0.026041666666666668
0 0.7311008864730779 0.6824581083710294 0.01953125 0.026041666666666668
0 0.7219693929665844 0.6743412252541462 0.01953125 0.026041666666666668
0 0.7152729643951558 0.6824581083710294 0.01953125 0.026041666666666668
0 0.7024888734860648 0.6767762901892111 0.01953125 0.026041666666666668
0 0.6970099773821687 0.66297758889051 0.01953125 0.026041666666666668
0 0.7128378994600909 0.6978801862931073 0.01953125 0.026041666666666668
0 0.700053808551 0.6921983681112892 0.01953125 0.026041666666666668
0 0.7012713410185324 0.7157373291502501 0.01953125 0.026041666666666668
0 0.6750943929665844 0.72060745902038 0.01953125 0.026041666666666668
0 0.6683979643951558 0.7262892772021982 0.01953125 0.026041666666666668
0 0.653178808551 0.7433347317476527 0.01953125 0.026041666666666668
0 0.6251755617977532 0.7530749914879125 0.01953125 0.026041666666666668
0 0.6002161462133376 0.710055510968432 0.01953125 0.026041666666666668
0 0.8318516981613895 0.5917519395398608 0.01953125 0.026041666666666668
0 0.8263728020574934 0.5751123291502503 0.01953125 0.026041666666666668
0 0.8327648475120388 0.5726772642151855 0.01953125 0.026041666666666668
0 0.8312429319276232 0.5609077836957049 0.01953125 0.026041666666666668
0 0.8394612760834675 0.5743006408385621 0.01953125 0.026041666666666668
0 0.8473752371224285 0.5743006408385621 0.01953125 0.026041666666666668
0 0.8473752371224285 0.5828233681112894 0.01953125 0.026041666666666668
0 0.8562023475120388 0.5901285629164842 0.01953125 0.026041666666666668
0 0.8492015358237273 0.5986512901892115 0.01953125 0.026041666666666668
0 0.8482883864730779 0.6152909005788219 0.01953125 0.026041666666666668
0 0.8400700423172336 0.607985705773627 0.01953125 0.026041666666666668
0 0.8622900098497013 0.6116383031762244 0.01953125 0.026041666666666668
0 0.8705083540055454 0.62097271876064 0.01953125 0.026041666666666668
0 0.8628987760834675 0.6372064849944062 0.01953125 0.026041666666666668
0 0.856506730628922 0.6428883031762244 0.01953125 0.026041666666666668
0 0.8537672825769739 0.6335538875918089 0.01953125 0.026041666666666668
0 0.8437226397198311 0.6319305109684321 0.01953125 0.026041666666666668
0 0.8431138734860648 0.6712973940853154 0.01953125 0.026041666666666668
0 0.8266771851743766 0.6607454460333673 0.01953125 0.026041666666666668
0 0.8260684189406103 0.6741383031762244 0.01953125 0.026041666666666668
0 0.81237117868087 0.6550636278515491 0.01953125 0.026041666666666668
0 0.8577242630964544 0.6660214200593413 0.01953125 0.026041666666666668
0 0.8674645228367142 0.6619629785008997 0.01953125 0.026041666666666668
0 0.885118743615935 0.6550636278515491 0.01953125 0.026041666666666668
0 0.8878581916678829 0.6347714200593413 0.01953125 0.026041666666666668
0 0.8902932566029481 0.6343655759034971 0.01953125 0.026041666666666668
0 0.8842055942652857 0.6201610304489517 0.01953125 0.026041666666666668
0 0.8769003994600908 0.6120441473320686 0.01953125 0.026041666666666668
0 0.8842055942652857 0.6087973940853154 0.01953125 0.026041666666666668
0 0.8884669579016492 0.5966220694099906 0.01953125 0.026041666666666668
0 0.879944230628922 0.5864759655138867 0.01953125 0.026041666666666668
0 0.8671601397198311 0.5880993421372634 0.01953125 0.026041666666666668
0 0.864116308551 0.5726772642151855 0.01953125 0.026041666666666668
0 0.8580286462133376 0.5600960953840167 0.01953125 0.026041666666666668
0 0.8312429319276232 0.6031155759034971 0.01953125 0.026041666666666668
0 0.8288078669925583 0.6822551862931076 0.01953125 0.026041666666666668
0 0.8300253994600909 0.696459731747653 0.01953125 0.026041666666666668
0 0.804152834525026 0.6911837577216788 0.01953125 0.026041666666666668
0 0.7895424449146363 0.659933757721679 0.01953125 0.026041666666666668
0 0.7947169579016492 0.6558753161632375 0.01953125 0.026041666666666668
0 0.7834547825769739 0.6631805109684321 0.01953125 0.026041666666666668
0 0.7691487760834675 0.6712973940853154 0.01953125 0.026041666666666668
0 0.7715838410185323 0.6891545369424582 0.01953125 0.026041666666666668
0 0.7387104643951558 0.6948363551242763 0.01953125 0.026041666666666668
0 0.7377973150445064 0.7191870044749257 0.01953125 0.026041666666666668
0 0.7508857890704804 0.7187811603190816 0.01953125 0.026041666666666668
0 0.757277834525026 0.7159402512281724 0.01953125 0.026041666666666668
0 0.7700619254341169 0.704576614864536 0.01953125 0.026041666666666668
0 0.7871073799795714 0.7029532382411595 0.01953125 0.026041666666666668
0 0.7910643604990519 0.6879370044749257 0.01953125 0.026041666666666668
0 0.8138930942652857 0.7078233681112893 0.01953125 0.026041666666666668
0 0.8138930942652857 0.7244629785008997 0.01953125 0.026041666666666668
0 0.8026309189406103 0.7268980434359645 0.01953125 0.026041666666666668
0 0.8233289708886622 0.7224337577216788 0.01953125 0.026041666666666668
0 0.8391568929665844 0.7110701213580426 0.01953125 0.026041666666666668
0 0.8473752371224285 0.6907779135658348 0.01953125 0.026041666666666668
0 0.8656382241354155 0.6855019395398608 0.01953125 0.026041666666666668
0 0.8537672825769739 0.6830668746047959 0.01953125 0.026041666666666668
0 0.8784223150445064 0.6830668746047959 0.01953125 0.026041666666666668
0 0.8893801072522985 0.6875311603190816 0.01953125 0.026041666666666668
0 0.8835968280315194 0.6968655759034972 0.01953125 0.026041666666666668
0 0.874769717641909 0.7029532382411595 0.01953125 0.026041666666666668
0 0.8586374124471038 0.7061999914879126 0.01953125 0.026041666666666668
0 0.872030269589961 0.7171577836957049 0.01953125 0.026041666666666668
0 0.897902834525026 0.6607454460333673 0.01953125 0.026041666666666668
0 0.9064255617977531 0.6639921992801205 0.01953125 0.026041666666666668
0 0.9106869254341169 0.6611512901892115 0.01953125 0.026041666666666668
0 0.9015554319276232 0.6408590823970036 0.01953125 0.026041666666666668
0 0.9012510488107401 0.6238136278515491 0.01953125 0.026041666666666668
0 0.8957721527068441 0.6108266148645362 0.01953125 0.026041666666666668
0 0.8905976397198311 0.6039272642151855 0.01953125 0.026041666666666668
0 0.903381730628922 0.5925636278515491 0.01953125 0.026041666666666668
0 0.8985116007587922 0.5743006408385621 0.01953125 0.026041666666666668
0 0.8866406592003506 0.5641545369424582 0.01953125 0.026041666666666668
0 0.8732478020574934 0.5568493421372634 0.01953125 0.026041666666666668
0 0.8933370877717791 0.5519792122671335 0.01953125 0.026041666666666668
0 0.905816795563987 0.5568493421372634 0.01953125 0.026041666666666668
0 0.9091650098497013 0.5430506408385621 0.01953125 0.026041666666666668
0 0.8817705293302207 0.5357454460333673 0.01953125 0.026041666666666668
0 0.8738565682912597 0.5284402512281725 0.01953125 0.026041666666666668
0 0.8604637111484025 0.49556687460479587 0.01953125 0.026041666666666668
0 0.8769003994600908 0.503683757721679 0.01953125 0.026041666666666668
0 0.8921195553042467 0.5081480434359648 0.01953125 0.026041666666666668
0 0.898207217641909 0.5150473940853154 0.01953125 0.026041666666666668
0 0.9076430942652857 0.516670770708692 0.01953125 0.026041666666666668
0 0.9210359514081427 0.516670770708692 0.01953125 0.026041666666666668
0 0.9289499124471038 0.5235701213580427 0.01953125 0.026041666666666668
0 0.9155570553042467 0.5365571343450556 0.01953125 0.026041666666666668
0 0.9283411462133376 0.5438623291502503 0.01953125 0.026041666666666668
0 0.9481260488107401 0.5308753161632375 0.01953125 0.026041666666666668
0 0.9709547825769739 0.5365571343450556 0.01953125 0.026041666666666668
0 0.9752161462133376 0.5422389525268737 0.01953125 0.026041666666666668
0 0.9727810812782726 0.5519792122671335 0.01953125 0.026041666666666668
0 0.9575619254341169 0.5552259655138867 0.01953125 0.026041666666666668
0 0.9392989384211298 0.5592844070723283 0.01953125 0.026041666666666668
0 0.9246885488107401 0.5564434979814191 0.01953125 0.026041666666666668
0 0.9417340033561947 0.5467032382411594 0.01953125 0.026041666666666668
0 0.9484304319276232 0.5694305109684322 0.01953125 0.026041666666666668
0 0.9560400098497013 0.5694305109684322 0.01953125 0.026041666666666668
0 0.9466041332263245 0.5840409005788219 0.01953125 0.026041666666666668
0 0.9411252371224285 0.5966220694099906 0.01953125 0.026041666666666668
0 0.9271236137458051 0.5828233681112894 0.01953125 0.026041666666666668
0 0.916470204654896 0.5743006408385621 0.01953125 0.026041666666666668
0 0.9137307566029481 0.5694305109684322 0.01953125 0.026041666666666668
0 0.9298630617977531 0.5937811603190816 0.01953125 0.026041666666666668
0 0.9137307566029481 0.5994629785008997 0.01953125 0.026041666666666668
0 0.976129295563987 0.582011679799601 0.01953125 0.026041666666666668
0 0.9800862760834675 0.5921577836957049 0.01953125 0.026041666666666668
0 0.965780269589961 0.5929694720073933 0.01953125 0.026041666666666668
0 0.9606057566029481 0.6087973940853154 0.01953125 0.026041666666666668
0 0.9566487760834675 0.6148850564229776 0.01953125 0.026041666666666668
0 0.9453866007587922 0.6092032382411594 0.01953125 0.026041666666666668
0 0.9517786462133376 0.6250311603190816 0.01953125 0.026041666666666668
0 0.9654758864730779 0.6278720694099906 0.01953125 0.026041666666666668
0 0.9752161462133376 0.6177259655138867 0.01953125 0.026041666666666668
0 0.9700416332263245 0.6457292122671335 0.01953125 0.026041666666666668
0 0.9536049449146363 0.639235705773627 0.01953125 0.026041666666666668
0 0.9329068929665844 0.6234077836957049 0.01953125 0.026041666666666668
0 0.9256016981613895 0.6221902512281724 0.01953125 0.026041666666666668
0 0.9307762111484025 0.6124499914879127 0.01953125 0.026041666666666668
0 0.9167745877717791 0.6087973940853154 0.01953125 0.026041666666666668
0 0.9219491007587922 0.6116383031762244 0.01953125 0.026041666666666668
0 0.9073387111484025 0.6108266148645362 0.01953125 0.026041666666666668
0 0.9125132241354155 0.6278720694099906 0.01953125 0.026041666666666668
0 0.9131219903691817 0.6380181733060946 0.01953125 0.026041666666666668
0 0.9088606267328182 0.6859077836957049 0.01953125 0.026041666666666668
0 0.9143395228367142 0.6944305109684321 0.01953125 0.026041666666666668
0 0.9420383864730779 0.7130993421372634 0.01953125 0.026041666666666668
0 0.9432559189406103 0.6928071343450557 0.01953125 0.026041666666666668
0 0.9377770228367142 0.6875311603190816 0.01953125 0.026041666666666668
0 0.929254295563987 0.6769792122671334 0.01953125 0.026041666666666668
0 0.9344288085509999 0.659933757721679 0.01953125 0.026041666666666668
0 0.9426471527068441 0.6485701213580427 0.01953125 0.026041666666666668
0 0.9371682566029481 0.6343655759034971 0.01953125 0.026041666666666668
0 0.9511698799795714 0.6664272642151854 0.01953125 0.026041666666666668
0 0.9636495877717791 0.659933757721679 0.01953125 0.026041666666666668
0 0.9773468280315194 0.6570928486307698 0.01953125 0.026041666666666668
0 0.9755205293302207 0.6721090823970036 0.01953125 0.026041666666666668
0 0.9809994254341169 0.6514110304489517 0.01953125 0.026041666666666668
0 0.976129295563987 0.6932129785008997 0.01953125 0.026041666666666668
0 0.9679109514081427 0.7021415499294711 0.01953125 0.026041666666666668
0 0.9743029968626883 0.7130993421372634 0.01953125 0.026041666666666668
0 0.9176877371224285 0.7187811603190816 0.01953125 0.026041666666666668
0 0.9837388734860647 0.5426447966827178 0.01953125 0.026041666666666668
0 0.9876958540055453 0.5556318096697309 0.01953125 0.026041666666666668
0 0.9837388734860647 0.5698363551242763 0.01953125 0.026041666666666668
0 0.992565983875675 0.5880993421372633 0.01953125 0.026041666666666668
0 0.9971317306289219 0.5954045369424581 0.01953125 0.026041666666666668
0 0.9992624124471036 0.6047389525268737 0.01953125 0.026041666666666668
0 0.9913484514081425 0.6193493421372633 0.01953125 0.026041666666666668
0 0.9813038085509997 0.6250311603190816 0.01953125 0.026041666666666668
0 0.9907396851743763 0.6323363551242763 0.01953125 0.026041666666666668
0 0.9876958540055453 0.6607454460333673 0.01953125 0.026041666666666668
0 0.9980448799795713 0.6639921992801205 0.01953125 0.026041666666666668
0 0.9962185812782726 0.6786025888905102 0.01953125 0.026041666666666668
0 0.9870870877717789 0.6721090823970036 0.01953125 0.026041666666666668
0 0.963953970888662 0.6501934979814191 0.01953125 0.026041666666666668
0 0.6446241609514084 0.7824310520939729 0.01953125 0.026041666666666668
0 0.6361014336786811 0.7678206624835834 0.01953125 0.026041666666666668
0 0.7067183167955642 0.7586215282844492 0.01953125 0.026041666666666668
0 0.7059066284838759 0.7375176321805531 0.01953125 0.026041666666666668
0 0.7501436414708889 0.7586215282844492 0.01953125 0.026041666666666668
0 0.7639423427695902 0.7526691473320682 0.01953125 0.026041666666666668
0 0.7785527323799798 0.7667384114013323 0.01953125 0.026041666666666668
0 0.7570429921202395 0.7921713118342327 0.01953125 0.026041666666666668
0 0.742838446665694 0.7873011819641028 0.01953125 0.026041666666666668
0 0.7229520830293305 0.8078639525268733 0.01953125 0.026041666666666668
0 0.698195589522837 0.8051583248212456 0.01953125 0.026041666666666668
0 0.700630654457902 0.7818899265528474 0.01953125 0.026041666666666668
0 0.6860202648475123 0.8213920910550119 0.01953125 0.026041666666666668
0 0.6340722128994603 0.8262622209251417 0.01953125 0.026041666666666668
0 0.6365072778345252 0.8587297533926742 0.01953125 0.026041666666666668
0 0.6714098752371226 0.8755046451675659 0.01953125 0.026041666666666668
0 0.6843968882241357 0.8663055109684318 0.01953125 0.026041666666666668
0 0.6945429921202395 0.8441193637822847 0.01953125 0.026041666666666668
0 0.7590722128994603 0.8652232598861808 0.01953125 0.026041666666666668
0 0.7452735116007589 0.9204180650809858 0.01953125 0.026041666666666668
0 0.774088446665694 0.8154397101026309 0.01953125 0.026041666666666668
0 0.8024975375747849 0.8527773724402933 0.01953125 0.026041666666666668
0 0.8215722128994603 0.8327557274186482 0.01953125 0.026041666666666668
0 0.8158903947176421 0.7737730434359643 0.01953125 0.026041666666666668
0 0.8406468882241357 0.7607860304489513 0.01953125 0.026041666666666668
0 0.854445589522837 0.7548336494965704 0.01953125 0.026041666666666668
0 0.8718968882241357 0.7418466365095573 0.01953125 0.026041666666666668
0 0.8901598752371226 0.7661972858602066 0.01953125 0.026041666666666668
0 0.8637800051072524 0.7970414417043625 0.01953125 0.026041666666666668
0 0.8353709141981617 0.7959591906221114 0.01953125 0.026041666666666668
0 0.8386176674449148 0.84953061919354 0.01953125 0.026041666666666668
0 0.844299485626733 0.8668466365095573 0.01953125 0.026041666666666668
0 0.8199488362760836 0.8792925239554448 0.01953125 0.026041666666666668
0 0.8305007843280318 0.9009375456004665 0.01953125 0.026041666666666668
0 0.8917832518604992 0.8565652512281722 0.01953125 0.026041666666666668
0 0.875549485626733 0.8289678486307696 0.01953125 0.026041666666666668
0 0.9149163687436161 0.8392492339121548 0.01953125 0.026041666666666668
0 0.9339910440682914 0.8289678486307696 0.01953125 0.026041666666666668
0 0.9494131219903693 0.8084050780679989 0.01953125 0.026041666666666668
0 0.930338446665694 0.7910890607519816 0.01953125 0.026041666666666668
0 0.9421079271851746 0.7748552945182153 0.01953125 0.026041666666666668
0 0.9392670180942655 0.7440111386740597 0.01953125 0.026041666666666668
0 0.9287150700423175 0.7586215282844492 0.01953125 0.026041666666666668
0 0.9120754596527071 0.7310241256870466 0.01953125 0.026041666666666668
0 0.8958416934189408 0.7358942555571765 0.01953125 0.026041666666666668
0 0.8605332518604992 0.7283184979814189 0.01953125 0.026041666666666668
0 0.9697053297825773 0.7607860304489513 0.01953125 0.026041666666666668
0 0.9664585765358239 0.7456345152974362 0.01953125 0.026041666666666668
0 0.9546890960163433 0.7375176321805531 0.01953125 0.026041666666666668
0 0.9766046804319279 0.7970414417043625 0.01953125 0.026041666666666668
0 0.9632118232890707 0.84953061919354 0.01953125 0.026041666666666668
0 0.9676761090033564 0.823556593219514 0.01953125 0.026041666666666668
0 0.9510364986137461 0.8657643854273062 0.01953125 0.026041666666666668
0 0.9315559791332265 0.8917384114013321 0.01953125 0.026041666666666668
0 0.9396728622501096 0.9306994503623712 0.01953125 0.026041666666666668
0 0.9571241609514084 0.8890327836957046 0.01953125 0.026041666666666668
0 0.9855332518604992 0.9209591906221114 0.01953125 0.026041666666666668
0 0.8126436414708889 0.9350284546913755 0.01953125 0.026041666666666668
0 0.797221563548811 0.7110024806654015 0.01953125 0.026041666666666668
0 0.8287064059535972 0.9584321343450556 0.01953125 0.026041666666666668
0 0.952894717641909 0.9754775888905102 0.01953125 0.026041666666666668
0 0.5973752371224282 0.7603801862931076 0.01953125 0.026041666666666668
0 0.5699807566029478 0.7360295369424582 0.01953125 0.026041666666666668
0 0.5529353020574932 0.7084321343450557 0.01953125 0.026041666666666668
0 0.5438038085509997 0.727912653825575 0.01953125 0.026041666666666668
0 0.6223346527068438 0.727912653825575 0.01953125 0.026041666666666668
0 0.9967258864730779 0.7344061603190816 0.01953125 0.026041666666666668
0 0.9955083540055454 0.7603801862931076 0.01953125 0.026041666666666668
0 0.994290821538013 0.7887892772021985 0.01953125 0.026041666666666668
0 0.9967258864730779 0.7782373291502505 0.01953125 0.026041666666666668
0 0.9973346527068441 0.896743822656744 0.01953125 0.026041666666666668
0 0.3682762111484022 0.8468249914879128 0.01953125 0.026041666666666668
0 0.23434763971983075 0.8013704460333672 0.01953125 0.026041666666666668
0 0.20390932803151907 0.7331886278515491 0.01953125 0.026041666666666668
0 0.03568692543411652 0.6905749914879126 0.01953125 0.026041666666666668
0 0.37172588647307764 0.6962568096697308 0.01953125 0.026041666666666668
0 0.47704244491463615 0.7352178486307698 0.01953125 0.026041666666666668
0 0.47886874361593484 0.7181723940853154 0.01953125 0.026041666666666668
0 0.4977404968626882 0.7141139525268737 0.01953125 0.026041666666666668
0 0.508089522836714 0.7076204460333672 0.01953125 0.026041666666666668
0 0.5275700423172337 0.7335944720073933 0.01953125 0.026041666666666668
0 0.5044369254341167 0.7587568096697309 0.01953125 0.026041666666666668
0 0.3688849773821686 0.8999905759034972 0.01953125 0.026041666666666668
0 0.4395018604990516 0.8642762901892116 0.01953125 0.026041666666666668
0 0.45654731504450613 0.894308757721679 0.01953125 0.026041666666666668
0 0.5271641981613894 0.9267762901892116 0.01953125 0.026041666666666668
0 0.5527323799795713 0.7271009655138867 0.01953125 0.026041666666666668
0 0.5770830293302205 0.8634646018775233 0.01953125 0.026041666666666668
0 0.518641470888662 0.725274666812588 0.01953125 0.026041666666666668
0 0.6248711786808699 0.6307129785008997 0.01953125 0.026041666666666668
0 0.6084344903691815 0.7070116797996011 0.01953125 0.026041666666666668
0 0.45350348387567524 0.5665896018775234 0.01953125 0.026041666666666668
0 0.42763091894061034 0.49719025122817273 0.01953125 0.026041666666666668
0 0.5222940682912597 0.502872069409991 0.01953125 0.026041666666666668
0 0.5253378994600909 0.5016545369424584 0.01953125 0.026041666666666668
0 0.5490797825769739 0.5389921992801207 0.01953125 0.026041666666666668
0 0.5436008864730778 0.5406155759034975 0.01953125 0.026041666666666668
0 0.6136090033561947 0.5467032382411597 0.01953125 0.026041666666666668
0 0.8108492630964538 0.5816058356437571 0.01953125 0.026041666666666668
0 0.8075010488107396 0.5905344070723286 0.01953125 0.026041666666666668
0 0.8653338410185316 0.5613136278515495 0.01953125 0.026041666666666668
0 0.007886600758791797 0.6087973940853152 0.01953125 0.026041666666666668
0 0.22673806179775285 0.7110701213580425 0.01953125 0.026041666666666668
0 0.1756016981613892 0.637206484994406 0.01953125 0.026041666666666668
0 0.09524455530424634 0.504089601877523 0.01953125 0.026041666666666668
