0 0.043891305742098985 0.851257572989312 0.01953125 0.03231017770597738
0 0.013515606301651316 0.8300997012253337 0.01953125 0.03231017770597738
0 0.09265229694913334 0.7282774433611888 0.01953125 0.03231017770597738
0 0.09185293643754261 0.6238104515265468 0.01953125 0.03231017770597738
0 0.11423503076208298 0.5444684324116288 0.01953125 0.03231017770597738
0 0.026305374487102958 0.49289611998693195 0.01953125 0.03231017770597738
0 0.07746444722890954 0.42413303675400293 0.01953125 0.03231017770597738
0 0.035897700626191686 0.35404758653582535 0.01953125 0.03231017770597738
0 0.02150921141755861 0.28396213631764766 0.01953125 0.03231017770597738
0 0.020709850905967876 0.22577798896670775 0.01953125 0.03231017770597738
0 0.026305374487102958 0.09618602441234161 0.01953125 0.03231017770597738
0 0.056681073927550625 0.12660046507306016 0.01953125 0.03231017770597738
0 0.06627340006663936 0.17552804352725965 0.01953125 0.03231017770597738
0 0.11263630973890154 0.10808732727957929 0.01953125 0.03231017770597738
0 0.1198305543432181 0.1596596397042761 0.01953125 0.03231017770597738
0 0.10624142564617572 0.2006530162469837 0.01953125 0.03231017770597738
0 0.08385933132163535 0.22048852102571326 0.01953125 0.03231017770597738
0 0.2181518972688776 0.7758826548301397 0.01953125 0.03231017770597738
0 0.2181518972688776 0.9239877571779868 0.01953125 0.03231017770597738
0 0.2717090515454563 0.9491127298977108 0.01953125 0.03231017770597738
0 0.32286812428726286 0.8420010040925715 0.01953125 0.03231017770597738
0 0.2829000987077265 0.7772050218153884 0.01953125 0.03231017770597738
0 0.2645148069411397 0.6634814610840059 0.01953125 0.03231017770597738
0 0.17338770861979683 0.6145538826298065 0.01953125 0.03231017770597738
0 0.14141328815616774 0.43206723866549474 0.01953125 0.03231017770597738
0 0.1454100907141214 0.3844620271965438 0.01953125 0.03231017770597738
0 0.09345165746072408 0.3024752741111286 0.01953125 0.03231017770597738
0 0.0590791554623228 0.3024752741111286 0.01953125 0.03231017770597738
0 0.1470088117373028 0.16891620860101647 0.01953125 0.03231017770597738
0 0.14620945122571205 0.10412022632383339 0.01953125 0.03231017770597738
0 0.13421904355185119 0.2495805947011832 0.01953125 0.03231017770597738
0 0.11263630973890154 0.2747055674209073 0.01953125 0.03231017770597738
0 0.17898323220093187 0.311731843007869 0.01953125 0.03231017770597738
0 0.2077602106181981 0.2866068702881449 0.01953125 0.03231017770597738
0 0.17338770861979683 0.24693586073068594 0.01953125 0.03231017770597738
0 0.18697683731683917 0.20990958514372418 0.01953125 0.03231017770597738
0 0.21175701317615175 0.1940411813207405 0.01953125 0.03231017770597738
0 0.2157538157341054 0.1543701717632815 0.01953125 0.03231017770597738
0 0.193371721409565 0.12792283205830884 0.01953125 0.03231017770597738
0 0.18937491885161137 0.7124090395382053 0.01953125 0.03231017770597738
0 0.2429320731281901 0.5219881936624018 0.01953125 0.03231017770597738
0 0.2181518972688776 0.4069422659457707 0.01953125 0.03231017770597738
0 0.25572184131364173 0.3633041554325658 0.01953125 0.03231017770597738
0 0.2597186438715954 0.41884356881300844 0.01953125 0.03231017770597738
0 0.2956898668931781 0.3646265224178144 0.01953125 0.03231017770597738
0 0.28529818024249864 0.3276002468308527 0.01953125 0.03231017770597738
0 0.3148745191713556 0.2006530162469837 0.01953125 0.03231017770597738
0 0.27570585410341 0.1556925387485302 0.01953125 0.03231017770597738
0 0.2653141674527305 0.1596596397042761 0.01953125 0.03231017770597738
0 0.2565212018252325 0.21255431911422137 0.01953125 0.03231017770597738
0 0.25891928336000475 0.11734389617631977 0.01953125 0.03231017770597738
0 0.32926300837998873 0.1133767952205739 0.01953125 0.03231017770597738
0 0.29489050638158737 0.1504030708075356 0.01953125 0.03231017770597738
0 0.2956898668931781 0.18213987845350285 0.01953125 0.03231017770597738
0 0.34924702116975687 0.1504030708075356 0.01953125 0.03231017770597738
0 0.3716291154942972 0.23767929183394543 0.01953125 0.03231017770597738
0 0.38282016265656743 0.1940411813207405 0.01953125 0.03231017770597738
0 0.3556419052624827 0.3315673477865986 0.01953125 0.03231017770597738
0 0.33405917144953307 0.2866068702881449 0.01953125 0.03231017770597738
0 0.3676323129363436 0.27735030139140454 0.01953125 0.03231017770597738
0 0.37802399958702304 0.47835008314919697 0.01953125 0.03231017770597738
0 0.37882336009861384 0.5391789644706341 0.01953125 0.03231017770597738
0 0.31727260070612784 0.4836395510901915 0.01953125 0.03231017770597738
0 0.28449881973090796 0.5537250013083691 0.01953125 0.03231017770597738
0 0.281301377684545 0.6171986166003036 0.01953125 0.03231017770597738
0 0.32766428735680725 0.6753827639512435 0.01953125 0.03231017770597738
0 0.3684316734479343 0.6859616998332325 0.01953125 0.03231017770597738
0 0.3796227206102045 0.6079420477035631 0.01953125 0.03231017770597738
0 0.4099984200506521 0.6833169658627354 0.01953125 0.03231017770597738
0 0.46755237688518453 0.6568696261577627 0.01953125 0.03231017770597738
0 0.3948105703304283 0.7758826548301397 0.01953125 0.03231017770597738
0 0.4347785959099647 0.803652361520361 0.01953125 0.03231017770597738
0 0.45716069023450506 0.8129089304171015 0.01953125 0.03231017770597738
0 0.395609930842019 0.970270601661689 0.01953125 0.03231017770597738
0 0.46755237688518453 0.970270601661689 0.01953125 0.03231017770597738
0 0.5259056942313077 0.9715929686469377 0.01953125 0.03231017770597738
0 0.5938513377165194 0.7719155538743938 0.01953125 0.03231017770597738
0 0.5618769172528904 0.9583692987944513 0.01953125 0.03231017770597738
0 0.6114372689715155 0.9094417203402518 0.01953125 0.03231017770597738
0 0.5570807541833459 0.6978630027004704 0.01953125 0.03231017770597738
0 0.5179120891154004 0.7705931868891452 0.01953125 0.03231017770597738
0 0.5227082521849448 0.655547259172514 0.01953125 0.03231017770597738
0 0.5107178445110839 0.5828170749838391 0.01953125 0.03231017770597738
0 0.45076580614177925 0.5722381391018501 0.01953125 0.03231017770597738
0 0.4611574927924587 0.5391789644706341 0.01953125 0.03231017770597738
0 0.47314790046631955 0.49818558792792644 0.01953125 0.03231017770597738
0 0.44996644563018856 0.4585145783704675 0.01953125 0.03231017770597738
0 0.47474662148950114 0.3844620271965438 0.01953125 0.03231017770597738
0 0.38601760470293034 0.4254554037392517 0.01953125 0.03231017770597738
0 0.45716069023450506 0.344791017639085 0.01953125 0.03231017770597738
0 0.43557795642155545 0.3315673477865986 0.01953125 0.03231017770597738
0 0.43238051437519254 0.29850817315538275 0.01953125 0.03231017770597738
0 0.45955877176927723 0.24032402580444276 0.01953125 0.03231017770597738
0 0.41639330414337794 0.21519905308471868 0.01953125 0.03231017770597738
0 0.43078179335201106 0.16494910764527057 0.01953125 0.03231017770597738
0 0.45796005074609586 0.17288330955676237 0.01953125 0.03231017770597738
0 0.45716069023450506 0.12792283205830884 0.01953125 0.03231017770597738
0 0.4099984200506521 0.109409694264828 0.01953125 0.03231017770597738
0 0.3700303944711158 0.08560708853035254 0.01953125 0.03231017770597738
0 0.31647324019453704 0.0948636574270929 0.01953125 0.03231017770597738
0 0.4771447030242733 0.08031762058935794 0.01953125 0.03231017770597738
0 0.5027242393951766 0.0948636574270929 0.01953125 0.03231017770597738
0 0.5059216814415395 0.14246886889604382 0.01953125 0.03231017770597738
0 0.5410935439515315 0.1504030708075356 0.01953125 0.03231017770597738
0 0.5546826726485737 0.17552804352725965 0.01953125 0.03231017770597738
0 0.5826602905542493 0.23503455786344826 0.01953125 0.03231017770597738
0 0.5674724408340254 0.3170213109488636 0.01953125 0.03231017770597738
0 0.5259056942313077 0.27999503536190173 0.01953125 0.03231017770597738
0 0.48993447120972494 0.2932187052143881 0.01953125 0.03231017770597738
0 0.48913511069813415 0.22842272293720506 0.01953125 0.03231017770597738
0 0.5283037757660799 0.22048852102571326 0.01953125 0.03231017770597738
0 0.5562813936717552 0.109409694264828 0.01953125 0.03231017770597738
0 0.589854535158566 0.1133767952205739 0.01953125 0.03231017770597738
0 0.565873719810844 0.07238341867786616 0.01953125 0.03231017770597738
0 0.641812968411963 0.08957418948609842 0.01953125 0.03231017770597738
0 0.665793783759685 0.11866626316156836 0.01953125 0.03231017770597738
0 0.6649944232480943 0.1596596397042761 0.01953125 0.03231017770597738
0 0.6402142473887817 0.18213987845350285 0.01953125 0.03231017770597738
0 0.6066411059019711 0.16098200668952467 0.01953125 0.03231017770597738
0 0.6362174448308279 0.2588371635979236 0.01953125 0.03231017770597738
0 0.6082398269251525 0.28396213631764766 0.01953125 0.03231017770597738
0 0.6625963417133219 0.32098841190460947 0.01953125 0.03231017770597738
0 0.6450104104583261 0.39504096307853304 0.01953125 0.03231017770597738
0 0.6338193632960557 0.4743829821934511 0.01953125 0.03231017770597738
0 0.58345965106584 0.5140539917509102 0.01953125 0.03231017770597738
0 0.5706698828803883 0.5537250013083691 0.01953125 0.03231017770597738
0 0.5139152865574468 0.5021526888836725 0.01953125 0.03231017770597738
0 0.5594788357181181 0.4400014405769866 0.01953125 0.03231017770597738
0 0.5754660459499327 0.4122317338867653 0.01953125 0.03231017770597738
0 0.574666685438342 0.3633041554325658 0.01953125 0.03231017770597738
0 0.6114372689715155 0.6793498649069895 0.01953125 0.03231017770597738
0 0.6458097709699168 0.605297313733066 0.01953125 0.03231017770597738
0 0.6210295951106041 0.5444684324116288 0.01953125 0.03231017770597738
0 0.6729880283640015 0.49554085395742925 0.01953125 0.03231017770597738
0 0.6753861098987737 0.734889278287432 0.01953125 0.03231017770597738
0 0.7297426246869432 0.8208431323285933 0.01953125 0.03231017770597738
0 0.7089592513855842 0.9755600696026836 0.01953125 0.03231017770597738
0 0.7952901866373828 0.916053555266495 0.01953125 0.03231017770597738
0 0.8336594911937377 0.8300997012253337 0.01953125 0.03231017770597738
0 0.7489272769651206 0.7626589849776534 0.01953125 0.03231017770597738
0 0.8128761178923788 0.6978630027004704 0.01953125 0.03231017770597738
0 0.7617170451505723 0.6105867816740604 0.01953125 0.03231017770597738
0 0.7297426246869432 0.5629815702051096 0.01953125 0.03231017770597738
0 0.7585196031042093 0.44661327550322977 0.01953125 0.03231017770597738
0 0.7265451826405802 0.45322511042947294 0.01953125 0.03231017770597738
0 0.7433317533839855 0.42810013770974886 0.01953125 0.03231017770597738
0 0.6785835519451366 0.31834367793411217 0.01953125 0.03231017770597738
0 0.7073605303624027 0.2892516042586422 0.01953125 0.03231017770597738
0 0.6585995391553685 0.25751479661267496 0.01953125 0.03231017770597738
0 0.6881758780842253 0.23767929183394543 0.01953125 0.03231017770597738
0 0.7105579724087656 0.2006530162469837 0.01953125 0.03231017770597738
0 0.7177522170130821 0.1411465019107951 0.01953125 0.03231017770597738
0 0.6945707621769512 0.12660046507306016 0.01953125 0.03231017770597738
0 0.6897745991074067 0.07635051963361204 0.01953125 0.03231017770597738
0 0.7369368692912597 0.12660046507306016 0.01953125 0.03231017770597738
0 0.7369368692912597 0.08560708853035254 0.01953125 0.03231017770597738
0 0.7601183241273908 0.14643596985178972 0.01953125 0.03231017770597738
0 0.7577202425926186 0.08031762058935794 0.01953125 0.03231017770597738
0 0.7880959420330663 0.1371794009550492 0.01953125 0.03231017770597738
0 0.8096786758460158 0.1411465019107951 0.01953125 0.03231017770597738
0 0.7968889076605642 0.20990958514372418 0.01953125 0.03231017770597738
0 0.7457298349187577 0.2059424841879783 0.01953125 0.03231017770597738
0 0.7673125687317074 0.24296875977494 0.01953125 0.03231017770597738
0 0.7904940235678385 0.2892516042586422 0.01953125 0.03231017770597738
0 0.7952901866373828 0.3276002468308527 0.01953125 0.03231017770597738
0 0.8320607701705564 0.39504096307853304 0.01953125 0.03231017770597738
0 0.8304620491473748 0.5233105606476505 0.01953125 0.03231017770597738
0 0.7936914656142015 0.5444684324116288 0.01953125 0.03231017770597738
0 0.8808217613775906 0.532567129544391 0.01953125 0.03231017770597738
0 0.8672326326805483 0.46909351425245654 0.01953125 0.03231017770597738
0 0.8576403065414596 0.39504096307853304 0.01953125 0.03231017770597738
0 0.8512454224487337 0.34875811859483086 0.01953125 0.03231017770597738
0 0.8576403065414596 0.3051200080816258 0.01953125 0.03231017770597738
0 0.8352582122169191 0.2495805947011832 0.01953125 0.03231017770597738
0 0.8536435039835059 0.1980082822764864 0.01953125 0.03231017770597738
0 0.8512454224487337 0.08957418948609842 0.01953125 0.03231017770597738
0 0.8776243193312278 0.1014754923533361 0.01953125 0.03231017770597738
0 0.8936115295630422 0.19668591529123783 0.01953125 0.03231017770597738
0 0.8976083321209959 0.14511360286654112 0.01953125 0.03231017770597738
0 0.9319808341193971 0.1543701717632815 0.01953125 0.03231017770597738
0 0.8552422250066873 0.17288330955676237 0.01953125 0.03231017770597738
0 0.9479680443512117 0.12395573110256297 0.01953125 0.03231017770597738
0 0.9831399068612037 0.11734389617631977 0.01953125 0.03231017770597738
0 0.9391750787237138 0.08031762058935794 0.01953125 0.03231017770597738
0 0.9983277565814275 0.10808732727957929 0.01953125 0.03231017770597738
0 0.9727482202105242 0.2006530162469837 0.01953125 0.03231017770597738
0 0.9008057741673589 0.5894289099100823 0.01953125 0.03231017770597738
0 0.9535635679323469 0.557692102264115 0.01953125 0.03231017770597738
0 0.9663533361177985 0.5021526888836725 0.01953125 0.03231017770597738
0 0.955961649467119 0.4003304310195275 0.01953125 0.03231017770597738
0 0.9319808341193971 0.3738830913145549 0.01953125 0.03231017770597738
0 0.908799379283266 0.3593370544768198 0.01953125 0.03231017770597738
0 0.9103981003064475 0.3143765769783663 0.01953125 0.03231017770597738
0 0.8960096110978145 0.2998305401406313 0.01953125 0.03231017770597738
0 0.8904140875166794 0.2654489985241668 0.01953125 0.03231017770597738
0 0.9743469412337058 0.2945410721996369 0.01953125 0.03231017770597738
0 0.9495667653743933 0.26280426455366945 0.01953125 0.03231017770597738
0 0.991133511977111 0.22048852102571326 0.01953125 0.03231017770597738
0 0.8832198429123629 0.8644812428417983 0.01953125 0.03231017770597738
0 0.991133511977111 0.93059959210423 0.01953125 0.03231017770597738
0 0.8960096110978145 0.7705931868891452 0.01953125 0.03231017770597738
0 0.885617924447135 0.749435315125167 0.01953125 0.03231017770597738
0 0.9407737997468952 0.7229879754201944 0.01953125 0.03231017770597738
0 0.9631558940714355 0.7520800490956643 0.01953125 0.03231017770597738
0 0.9855379883959758 0.7573695170366589 0.01953125 0.03231017770597738
0 0.9855379883959758 0.6819945988774867 0.01953125 0.03231017770597738
0 0.9847386278843853 0.5933960108658283 0.01953125 0.03231017770597738
0 0.6761854704103645 0.9874613724699213 0.01953125 0.03231017770597738
0 0.6210295951106041 0.20990958514372418 0.01953125 0.03231017770597738
0 0.6114372689715155 0.090896556471347 0.01953125 0.03231017770597738
0 0.31647324019453704 0.11249758938253442 0.01953125 0.03231017770597738
0 0.3716291154942972 0.10191865350054533 0.01953125 0.03231017770597738
0 0.5059216814415395 0.09795155254479944 0.01953125 0.03231017770597738
0 0.6386155263656003 0.10588575445629123 0.01953125 0.03231017770597738
0 0.8480479804023707 0.10191865350054533 0.01953125 0.03231017770597738
0 0.0917347492689959 0.37456937468002593 0.01953125 0.03231017770597738
0 0.02180467933892596 0.9348104260357784 0.01953125 0.03231017770597738
0 0.006819664353910993 0.06222259383566825 0.01953125 0.03231017770597738
0 0.035790693324939955 0.012643739733389208 0.01953125 0.03231017770597738
0 0.09273375026799693 0.012643739733389208 0.01953125 0.03231017770597738
0 0.10472176225600886 0.06883310771597213 0.01953125 0.03231017770597738
0 0.1416847992190458 0.01925425361369308 0.01953125 0.03231017770597738
0 0.17565083318507985 0.01925425361369308 0.01953125 0.03231017770597738
0 0.19762885516310186 0.058917336895516315 0.01953125 0.03231017770597738
0 0.20362286115710784 0.015948996673541143 0.01953125 0.03231017770597738
0 0.2455809031151498 0.05561207995536438 0.01953125 0.03231017770597738
0 0.31750897504322173 0.022559510553845016 0.01953125 0.03231017770597738
0 0.3604660180002647 0.024212139023921046 0.01953125 0.03231017770597738
0 0.4024240599583066 0.02917002443414889 0.01953125 0.03231017770597738
0 0.42939708693133355 0.07874887853642781 0.01953125 0.03231017770597738
0 0.4264000839343306 0.017601625143617173 0.01953125 0.03231017770597738
0 0.4993271568614035 0.015948996673541143 0.01953125 0.03231017770597738
0 0.3464800040142507 0.4786849682948118 0.01953125 0.03231017770597738
0 0.6172092747435214 0.020906882083768986 0.01953125 0.03231017770597738
0 0.5972292547635014 0.035780538314452756 0.01953125 0.03231017770597738
0 0.6581683157025624 0.020906882083768986 0.01953125 0.03231017770597738
0 0.6631633206975674 0.075443621596276 0.01953125 0.03231017770597738
0 0.7031233606576074 0.04734893760498448 0.01953125 0.03231017770597738
0 0.7221043796386264 0.03743316678452867 0.01953125 0.03231017770597738
0 0.7041223616566085 0.017601625143617173 0.01953125 0.03231017770597738
0 0.7770494345836814 0.027517395964072856 0.01953125 0.03231017770597738
0 0.8140124715467183 0.01925425361369308 0.01953125 0.03231017770597738
0 0.9089175664518132 0.0407384237246806 0.01953125 0.03231017770597738
0 0.8969295544638013 0.025864767493996955 0.01953125 0.03231017770597738
0 0.9448816024158493 0.020906882083768986 0.01953125 0.03231017770597738
0 0.8070194645537113 0.04569630913490857 0.01953125 0.03231017770597738
