0 0.03871458094418967 0.9348934468710208 0.01953125 0.03367003367003367
0 0.07337309266692155 0.8769027344460575 0.01953125 0.03367003367003367
0 0.09681855647935783 0.9594955672937323 0.01953125 0.03367003367003367
0 0.13657390816131504 0.8839319117096894 0.01953125 0.03367003367003367
0 0.19875535566386343 0.9559809786619164 0.01953125 0.03367003367003367
0 0.244626915296891 0.9313788582392047 0.01953125 0.03367003367003367
0 0.20181345963939862 0.8575724969710699 0.01953125 0.03367003367003367
0 0.2650142751337921 0.8435141424438061 0.01953125 0.03367003367003367
0 0.31904077870158004 0.9313788582392047 0.01953125 0.03367003367003367
0 0.3679704423101428 0.913805915080125 0.01953125 0.03367003367003367
0 0.39549337808995927 0.9612528616096404 0.01953125 0.03367003367003367
0 0.4495198816577473 0.8329703765483581 0.01953125 0.03367003367003367
0 0.4709266094864934 0.7995817845461066 0.01953125 0.03367003367003367
0 0.40059021804918454 0.7820088413870269 0.01953125 0.03367003367003367
0 0.3261763546444955 0.7767369584393029 0.01953125 0.03367003367003367
0 0.2915178429217636 0.7626786039120391 0.01953125 0.03367003367003367
0 0.22118145148445467 0.7292900119097876 0.01953125 0.03367003367003367
0 0.1742905238595821 0.8118828447574625 0.01953125 0.03367003367003367
0 0.1926391477127931 0.6765711824325483 0.01953125 0.03367003367003367
0 0.14778695607161063 0.6923868312757202 0.01953125 0.03367003367003367
0 0.12841896422655458 0.6150658813757692 0.01953125 0.03367003367003367
0 0.09987666045489302 0.5834345836894257 0.01953125 0.03367003367003367
0 0.026482165042048977 0.6414252961143888 0.01953125 0.03367003367003367
0 0.025462797050203934 0.7468629550688674 0.01953125 0.03367003367003367
0 0.032598372993119296 0.8435141424438061 0.01953125 0.03367003367003367
0 0.05298573283002045 0.6027648211644133 0.01953125 0.03367003367003367
0 0.1029347644304282 0.46921045315540716 0.01953125 0.03367003367003367
0 0.03565647696865448 0.5043563394735667 0.01953125 0.03367003367003367
0 0.047888892870795174 0.407705152098628 0.01953125 0.03367003367003367
0 0.0723537246750765 0.3092966704077814 0.01953125 0.03367003367003367
0 0.0937604525038227 0.2917237272487017 0.01953125 0.03367003367003367
0 0.1345351721776249 0.2811799613532538 0.01953125 0.03367003367003367
0 0.012211013156218198 0.21791736598056666 0.01953125 0.03367003367003367
0 0.04075331692787976 0.21791736598056666 0.01953125 0.03367003367003367
0 0.08560550856906224 0.21791736598056666 0.01953125 0.03367003367003367
0 0.11924465229994907 0.16871312513514336 0.01953125 0.03367003367003367
0 0.008133541188837967 0.10017864681473229 0.01953125 0.03367003367003367
0 0.04483078889525999 0.11423700134199612 0.01953125 0.03367003367003367
0 0.13351580418577985 0.04921711165340114 0.01953125 0.03367003367003367
0 0.1019153964385831 0.09842135249882443 0.01953125 0.03367003367003367
0 0.043811420903414944 0.033401462810229265 0.01953125 0.03367003367003367
0 0.06623751672400618 0.019343108282965437 0.01953125 0.03367003367003367
0 0.18142609980249752 0.04921711165340114 0.01953125 0.03367003367003367
0 0.20385219562308876 0.040430640073861275 0.01953125 0.03367003367003367
0 0.21914271550076458 0.08963488091928457 0.01953125 0.03367003367003367
0 0.17225178787589202 0.1265380615533519 0.01953125 0.03367003367003367
0 0.26093680316641193 0.09314946955110047 0.01953125 0.03367003367003367
0 0.227297659435525 0.007042048071609663 0.01953125 0.03367003367003367
0 0.2283170274273701 0.1564120649237876 0.01953125 0.03367003367003367
0 0.21914271550076458 0.2056163057692109 0.01953125 0.03367003367003367
0 0.18448420377803265 0.23724760345555446 0.01953125 0.03367003367003367
0 0.1651162119329766 0.3145685533555054 0.01953125 0.03367003367003367
0 0.21914271550076458 0.2917237272487017 0.01953125 0.03367003367003367
0 0.27418858706039756 0.2811799613532538 0.01953125 0.03367003367003367
0 0.2436075473050459 0.34795714535775685 0.01953125 0.03367003367003367
0 0.16409684394113155 0.4727250417872232 0.01953125 0.03367003367003367
0 0.19365851570463816 0.5289584598962784 0.01953125 0.03367003367003367
0 0.1559419000063711 0.555317874634898 0.01953125 0.03367003367003367
0 0.21200713955784917 0.49732716220993484 0.01953125 0.03367003367003367
0 0.24054944332951073 0.5342303428440024 0.01953125 0.03367003367003367
0 0.23647197136213055 0.46218127589177527 0.01953125 0.03367003367003367
0 0.29253721091360857 0.3778311487281925 0.01953125 0.03367003367003367
0 0.36185423435907244 0.3585009112532047 0.01953125 0.03367003367003367
0 0.3282150906281856 0.25482054661463416 0.01953125 0.03367003367003367
0 0.36185423435907244 0.22846113187601458 0.01953125 0.03367003367003367
0 0.2904984749299185 0.18101418534649924 0.01953125 0.03367003367003367
0 0.3057889948075943 0.08260570365565256 0.01953125 0.03367003367003367
0 0.33637003456294606 0.038673345757953226 0.01953125 0.03367003367003367
0 0.3445249784977065 0.11775158997381202 0.01953125 0.03367003367003367
0 0.4056870580084098 0.12302347292153598 0.01953125 0.03367003367003367
0 0.4321906257963813 0.15114018197606363 0.01953125 0.03367003367003367
0 0.5015076492418451 0.1564120649237876 0.01953125 0.03367003367003367
0 0.43932620173929676 0.061518171864756915 0.01953125 0.03367003367003367
0 0.372047914277523 0.031644168494321216 0.01953125 0.03367003367003367
0 0.4953914412907748 0.019343108282965437 0.01953125 0.03367003367003367
0 0.5422823689156473 0.038673345757953226 0.01953125 0.03367003367003367
0 0.5106819611684505 0.056246288917032955 0.01953125 0.03367003367003367
0 0.5361661609645771 0.12302347292153598 0.01953125 0.03367003367003367
0 0.49946891325815507 0.2056163057692109 0.01953125 0.03367003367003367
0 0.40160958604102964 0.268878901141898 0.01953125 0.03367003367003367
0 0.35777676239169226 0.35322902830548075 0.01953125 0.03367003367003367
0 0.38020285821228345 0.3075393760918735 0.01953125 0.03367003367003367
0 0.4107838979676351 0.37607385441228447 0.01953125 0.03367003367003367
0 0.47908155342125386 0.34268526241003305 0.01953125 0.03367003367003367
0 0.4291325218208461 0.3022674931441495 0.01953125 0.03367003367003367
0 0.4056870580084098 0.3022674931441495 0.01953125 0.03367003367003367
0 0.5137400651439858 0.34619985104184897 0.01953125 0.03367003367003367
0 0.4474811456740571 0.41297703504635197 0.01953125 0.03367003367003367
0 0.5127206971521407 0.41473432936225996 0.01953125 0.03367003367003367
0 0.42199694587793074 0.43933644978497166 0.01953125 0.03367003367003367
0 0.31598267472604497 0.5219292826326465 0.01953125 0.03367003367003367
0 0.28030479501146793 0.5254438712644623 0.01953125 0.03367003367003367
0 0.2915178429217636 0.5869491723212416 0.01953125 0.03367003367003367
0 0.3424862425140163 0.7134743630666158 0.01953125 0.03367003367003367
0 0.3689898103019878 0.6923868312757202 0.01953125 0.03367003367003367
0 0.3547186584161571 0.5957356439007814 0.01953125 0.03367003367003367
0 0.43830683374745166 0.688872242643904 0.01953125 0.03367003367003367
0 0.41791947391055057 0.632638824534849 0.01953125 0.03367003367003367
0 0.3944740100981143 0.5799199950576096 0.01953125 0.03367003367003367
0 0.44136493772298685 0.5377449314758183 0.01953125 0.03367003367003367
0 0.4902946013315495 0.5676189348462539 0.01953125 0.03367003367003367
0 0.48621712936416933 0.5043563394735667 0.01953125 0.03367003367003367
0 0.5280112170298166 0.4797542190508551 0.01953125 0.03367003367003367
0 0.5616503607607035 0.39188950325545635 0.01953125 0.03367003367003367
0 0.5759215126465342 0.34795714535775685 0.01953125 0.03367003367003367
0 0.5453404728911826 0.5658616405303459 0.01953125 0.03367003367003367
0 0.5718440406791541 0.4762396304190391 0.01953125 0.03367003367003367
0 0.6095606563774212 0.46921045315540716 0.01953125 0.03367003367003367
0 0.6360642241653924 0.5008417508417508 0.01953125 0.03367003367003367
0 0.5779602486302244 0.5676189348462539 0.01953125 0.03367003367003367
0 0.5565535208014782 0.5816772893735177 0.01953125 0.03367003367003367
0 0.6166962323203364 0.6027648211644133 0.01953125 0.03367003367003367
0 0.5830570885894497 0.6150658813757692 0.01953125 0.03367003367003367
0 0.6707227358881245 0.630881530218941 0.01953125 0.03367003367003367
0 0.6625677919533639 0.6853576540120883 0.01953125 0.03367003367003367
0 0.5861151925649848 0.7187462460143398 0.01953125 0.03367003367003367
0 0.5524760488340978 0.7187462460143398 0.01953125 0.03367003367003367
0 0.4688878735028033 0.6484544733780208 0.01953125 0.03367003367003367
0 0.5331080569890418 0.7995817845461066 0.01953125 0.03367003367003367
0 0.5657278327280837 0.8030963731779226 0.01953125 0.03367003367003367
0 0.5463598408830277 0.8523006140233459 0.01953125 0.03367003367003367
0 0.48315902538863414 0.9559809786619164 0.01953125 0.03367003367003367
0 0.6187349683040266 0.8716308514983336 0.01953125 0.03367003367003367
0 0.6105800243692661 0.8083682561256463 0.01953125 0.03367003367003367
0 0.6574709519941386 0.697658714223444 0.01953125 0.03367003367003367
0 0.6472772720756881 0.8048536674938306 0.01953125 0.03367003367003367
0 0.6921294637168707 0.7661931925438551 0.01953125 0.03367003367003367
0 0.7278073434314476 0.7134743630666158 0.01953125 0.03367003367003367
0 0.756349647203109 0.769707781175671 0.01953125 0.03367003367003367
0 0.736981655358053 0.8276984936006342 0.01953125 0.03367003367003367
0 0.6860132557658003 0.9208350923437569 0.01953125 0.03367003367003367
0 0.714555559537462 0.9067767378164932 0.01953125 0.03367003367003367
0 0.7950856308932213 0.9173205037119411 0.01953125 0.03367003367003367
0 0.8124148867545873 0.9612528616096404 0.01953125 0.03367003367003367
0 0.7818338469992354 0.8241839049688182 0.01953125 0.03367003367003367
0 0.8144536227382773 0.8189120220210943 0.01953125 0.03367003367003367
0 0.846054030485474 0.8751454401301496 0.01953125 0.03367003367003367
0 0.8868287501592762 0.7890380186506588 0.01953125 0.03367003367003367
0 0.9061967420043324 0.8733881458142415 0.01953125 0.03367003367003367
0 0.9490101976618248 0.8733881458142415 0.01953125 0.03367003367003367
0 0.9959011252866974 0.8558152026551619 0.01953125 0.03367003367003367
0 0.9643007175395006 0.7890380186506588 0.01953125 0.03367003367003367
0 0.9367777817596841 0.7995817845461066 0.01953125 0.03367003367003367
0 0.9541070376210501 0.6765711824325483 0.01953125 0.03367003367003367
0 0.9673588215150357 0.702930597171168 0.01953125 0.03367003367003367
0 0.8674607583142202 0.7152316573825237 0.01953125 0.03367003367003367
0 0.8776544382326708 0.632638824534849 0.01953125 0.03367003367003367
0 0.8277054066322631 0.6660274165371004 0.01953125 0.03367003367003367
0 0.7767370070400101 0.6853576540120883 0.01953125 0.03367003367003367
0 0.7114974555619267 0.6168231756916772 0.01953125 0.03367003367003367
0 0.7624658551541794 0.5412595201076341 0.01953125 0.03367003367003367
0 0.789988790933996 0.483268807682671 0.01953125 0.03367003367003367
0 0.7084393515863916 0.55356058031899 0.01953125 0.03367003367003367
0 0.6748002078555047 0.5166573996849225 0.01953125 0.03367003367003367
0 0.6452385360919981 0.4200062123099839 0.01953125 0.03367003367003367
0 0.6707227358881245 0.4041905634668121 0.01953125 0.03367003367003367
0 0.6136381283448014 0.11775158997381202 0.01953125 0.03367003367003367
0 0.6309673842061672 0.09314946955110047 0.01953125 0.03367003367003367
0 0.5871345605568299 0.01407122533524148 0.01953125 0.03367003367003367
0 0.6574709519941386 0.11950888428972008 0.01953125 0.03367003367003367
0 0.7247492394559125 0.12302347292153598 0.01953125 0.03367003367003367
0 0.714555559537462 0.031644168494321216 0.01953125 0.03367003367003367
0 0.7828532149910805 0.06503276049657282 0.01953125 0.03367003367003367
0 0.8175117267138126 0.11072241271018021 0.01953125 0.03367003367003367
0 0.8113955187627422 0.1564120649237876 0.01953125 0.03367003367003367
0 0.8317828785996433 0.196829834189671 0.01953125 0.03367003367003367
0 0.7400397593335881 0.25657784093054226 0.01953125 0.03367003367003367
0 0.7991631028606014 0.2161600716646587 0.01953125 0.03367003367003367
0 0.826686038640418 0.2671216068259899 0.01953125 0.03367003367003367
0 0.7818338469992354 0.3268696135668612 0.01953125 0.03367003367003367
0 0.8012018388442916 0.32862690788276916 0.01953125 0.03367003367003367
0 0.7573690151949541 0.39188950325545635 0.01953125 0.03367003367003367
0 0.8725575982734455 0.36728738283274454 0.01953125 0.03367003367003367
0 0.8429959265099389 0.43933644978497166 0.01953125 0.03367003367003367
0 0.9765331334416412 0.40243326915090416 0.01953125 0.03367003367003367
0 0.9388165177433743 0.38310303167591647 0.01953125 0.03367003367003367
0 0.9439133577025995 0.34795714535775685 0.01953125 0.03367003367003367
0 0.9775525014334863 0.30402478746005746 0.01953125 0.03367003367003367
0 0.9622619815558104 0.23724760345555446 0.01953125 0.03367003367003367
0 0.9143516859390928 0.2653643125100821 0.01953125 0.03367003367003367
0 0.8542089744202346 0.25482054661463416 0.01953125 0.03367003367003367
0 0.8837706461837411 0.2196746602964747 0.01953125 0.03367003367003367
0 0.8623639183549949 0.1704704194510514 0.01953125 0.03367003367003367
0 0.8694994942979104 0.10545052976245625 0.01953125 0.03367003367003367
0 0.8246473026567278 0.05273170028521705 0.01953125 0.03367003367003367
0 0.7950856308932213 0.031644168494321216 0.01953125 0.03367003367003367
0 0.8511508704446993 0.024614991230689397 0.01953125 0.03367003367003367
0 0.8868287501592762 0.019343108282965437 0.01953125 0.03367003367003367
0 0.9102742139717126 0.08260570365565256 0.01953125 0.03367003367003367
0 0.953087669629205 0.04394522870567718 0.01953125 0.03367003367003367
0 0.9867268133600917 0.09842135249882443 0.01953125 0.03367003367003367
0 0.35854128838557586 0.38758636312153144 0.01953125 0.03367003367003367
0 0.342231400516055 0.4596354300737584 0.01953125 0.03367003367003367
0 0.31585525372706413 0.23012929584667607 0.01953125 0.03367003367003367
0 0.6143389438391946 0.37852274014353526 0.01953125 0.03367003367003367
0 0.6383504191121379 0.05307403034675747 0.01953125 0.03367003367003367
0 0.6493394301011488 0.018630359539450317 0.01953125 0.03367003367003367
0 0.6173713981331169 0.013463808918354225 0.01953125 0.03367003367003367
0 0.4025861833479021 0.02724127724127701 0.01953125 0.03367003367003367
0 0.13884991961163834 0.011741625377988925 0.01953125 0.03367003367003367
0 0.9300587108204296 0.015185992458719717 0.01953125 0.03367003367003367
0 0.9919967727584914 0.1719046946319672 0.01953125 0.03367003367003367
0 0.9390497198114386 0.21151491606037046 0.01953125 0.03367003367003367
0 0.9130756938374126 0.6127836809654991 0.01953125 0.03367003367003367
0 0.9300587108204296 0.9572203890385708 0.01953125 0.03367003367003367
0 0.06991885068056941 0.7505583641947277 0.01953125 0.03367003367003367
0 0.011976792738511488 0.3269012132648495 0.01953125 0.03367003367003367
0 0.7157729965347153 0.16946857855948771 0.01953125 0.03367003367003367
0 0.6927959735576923 0.2960490687763416 0.01953125 0.03367003367003367
0 0.6967919775536964 0.24782792964611153 0.01953125 0.03367003367003367
0 0.6103783911401099 0.23577264486355404 0.01953125 0.03367003367003367
0 0.6478409286026474 0.2616053979690344 0.01953125 0.03367003367003367
0 0.7727160534777722 0.16257984439802628 0.01953125 0.03367003367003367
0 0.7697190504807692 0.10660887933615211 0.01953125 0.03367003367003367
0 0.9200687008304196 0.18066277157186256 0.01953125 0.03367003367003367
0 0.8930956738573925 0.15655220200674755 0.01953125 0.03367003367003367
