0 0.3511679292929293 0.9509002043899406 0.01953125 0.02932551319648094
0 0.27639520202020207 0.9874320921828253 0.01953125 0.02932551319648094
0 0.2639330808080809 0.9642655291922154 0.01953125 0.02932551319648094
0 0.2490972222222223 0.9517912260434255 0.01953125 0.02932551319648094
0 0.2016224747474748 0.9803039189549454 0.01953125 0.02932551319648094
0 0.15592803030303037 0.9758488106875204 0.01953125 0.02932551319648094
0 0.16898358585858594 0.9384259012411506 0.01953125 0.02932551319648094
0 0.21645833333333334 0.9010029917947807 0.01953125 0.02932551319648094
0 0.17966540404040413 0.8912017536064457 0.01953125 0.02932551319648094
0 0.14346590909090917 0.9090221866761458 0.01953125 0.02932551319648094
0 0.0918371212121213 0.9375348795876655 0.01953125 0.02932551319648094
0 0.06513257575757588 0.9045670784087207 0.01953125 0.02932551319648094
0 0.10370580808080818 0.8573429307740159 0.01953125 0.02932551319648094
0 0.12744318181818193 0.8929837969134159 0.01953125 0.02932551319648094
0 0.13753156565656574 0.8653621256553808 0.01953125 0.02932551319648094
0 0.17017045454545462 0.8573429307740159 0.01953125 0.02932551319648094
0 0.1731376262626263 0.8395224977043161 0.01953125 0.02932551319648094
0 0.16601641414141421 0.806554696525371 0.01953125 0.02932551319648094
0 0.2105239898989899 0.8528878225065908 0.01953125 0.02932551319648094
0 0.2372285353535354 0.8225930862881011 0.01953125 0.02932551319648094
0 0.21645833333333334 0.8047726532184011 0.01953125 0.02932551319648094
0 0.23070075757575761 0.7824971118812762 0.01953125 0.02932551319648094
0 0.25206439393939395 0.7922983500696112 0.01953125 0.02932551319648094
0 0.25443813131313137 0.8466506709321958 0.01953125 0.02932551319648094
0 0.2669002525252525 0.8715992772297759 0.01953125 0.02932551319648094
0 0.26868055555555564 0.7789330252673361 0.01953125 0.02932551319648094
0 0.018844696969697074 0.9197144465179656 0.01953125 0.02932551319648094
0 0.061571969696969785 0.8689262122693209 0.01953125 0.02932551319648094
0 0.033087121212121345 0.8653621256553808 0.01953125 0.02932551319648094
0 0.04317550505050515 0.840413519357801 0.01953125 0.02932551319648094
0 0.006382575757575874 0.8475416925856809 0.01953125 0.02932551319648094
0 0.02418560606060619 0.816355934713706 0.01953125 0.02932551319648094
0 0.06453914141414151 0.8083367398323411 0.01953125 0.02932551319648094
0 0.07700126262626276 0.831503302822951 0.01953125 0.02932551319648094
0 0.10073863636363646 0.809227761485826 0.01953125 0.02932551319648094
0 0.11498106060606068 0.8110098047927962 0.01953125 0.02932551319648094
0 0.1505871212121213 0.7655677004650613 0.01953125 0.02932551319648094
0 0.13100378787878797 0.7504203323558163 0.01953125 0.02932551319648094
0 0.08056186868686879 0.7664587221185462 0.01953125 0.02932551319648094
0 0.06572601010101019 0.772695873692941 0.01953125 0.02932551319648094
0 0.04970328282828296 0.7851701768417311 0.01953125 0.02932551319648094
0 0.034867424242424366 0.7735868953464261 0.01953125 0.02932551319648094
0 0.025372474747474883 0.7628946355046062 0.01953125 0.02932551319648094
0 0.0069760101010102465 0.7807150685743063 0.01953125 0.02932551319648094
0 0.026559343434343533 0.7325998992861164 0.01953125 0.02932551319648094
0 0.02893308080808093 0.7049782280280815 0.01953125 0.02932551319648094
0 0.07462752525252536 0.7325998992861164 0.01953125 0.02932551319648094
0 0.07581439393939406 0.6969590331467164 0.01953125 0.02932551319648094
0 0.07700126262626276 0.6746834918095916 0.01953125 0.02932551319648094
0 0.040801767676767804 0.6809206433839866 0.01953125 0.02932551319648094
0 0.040801767676767804 0.6390426256701917 0.01953125 0.02932551319648094
0 0.008756313131313267 0.6470618205515568 0.01953125 0.02932551319648094
0 0.02477904040404051 0.6105299327586718 0.01953125 0.02932551319648094
0 0.014097222222222334 0.6149850410260969 0.01953125 0.02932551319648094
0 0.02003156565656577 0.5936005213424569 0.01953125 0.02932551319648094
0 0.017657828282828428 0.567760893391392 0.01953125 0.02932551319648094
0 0.07937500000000008 0.6604271453538316 0.01953125 0.02932551319648094
0 0.05623106060606072 0.6443887555911016 0.01953125 0.02932551319648094
0 0.06750631313131324 0.6212221926004918 0.01953125 0.02932551319648094
0 0.06216540404040416 0.6149850410260969 0.01953125 0.02932551319648094
0 0.05267045454545468 0.6132029977191268 0.01953125 0.02932551319648094
0 0.06750631313131324 0.5936005213424569 0.01953125 0.02932551319648094
0 0.06038510101010114 0.574889066619272 0.01953125 0.02932551319648094
0 0.04792297979797989 0.5552865902426021 0.01953125 0.02932551319648094
0 0.07522095959595969 0.5650878284309371 0.01953125 0.02932551319648094
0 0.08056186868686879 0.5927094996889719 0.01953125 0.02932551319648094
0 0.08412247474747483 0.6025107378773068 0.01953125 0.02932551319648094
0 0.09658459595959605 0.6230042359074618 0.01953125 0.02932551319648094
0 0.094804292929293 0.6114209544121568 0.01953125 0.02932551319648094
0 0.10192550505050516 0.5989466512633668 0.01953125 0.02932551319648094
0 0.18559974747474756 0.7887342634556711 0.01953125 0.02932551319648094
0 0.19509469696969703 0.7735868953464261 0.01953125 0.02932551319648094
0 0.2105239898989899 0.7334909209396013 0.01953125 0.02932551319648094
0 0.17610479797979803 0.7245807044047514 0.01953125 0.02932551319648094
0 0.1464330808080809 0.7049782280280815 0.01953125 0.02932551319648094
0 0.14465277777777788 0.6827026866909566 0.01953125 0.02932551319648094
0 0.12922348484848495 0.6711194051956517 0.01953125 0.02932551319648094
0 0.10964015151515161 0.6844847299979264 0.01953125 0.02932551319648094
0 0.09955176767676777 0.6746834918095916 0.01953125 0.02932551319648094
0 0.10073863636363646 0.6568630587398917 0.01953125 0.02932551319648094
0 0.11735479797979807 0.6532989721259518 0.01953125 0.02932551319648094
0 0.15118055555555562 0.6604271453538316 0.01953125 0.02932551319648094
0 0.16601641414141421 0.6746834918095916 0.01953125 0.02932551319648094
0 0.17017045454545462 0.6631002103142867 0.01953125 0.02932551319648094
0 0.18738005050505058 0.6827026866909566 0.01953125 0.02932551319648094
0 0.1885669191919193 0.6550810154329215 0.01953125 0.02932551319648094
0 0.19450126262626266 0.6443887555911016 0.01953125 0.02932551319648094
0 0.24078914141414148 0.6648822536212567 0.01953125 0.02932551319648094
0 0.26096590909090916 0.7495293107023313 0.01953125 0.02932551319648094
0 0.2579987373737374 0.7245807044047514 0.01953125 0.02932551319648094
0 0.27520833333333333 0.7272537693652064 0.01953125 0.02932551319648094
0 0.27995580808080817 0.7744779169999112 0.01953125 0.02932551319648094
0 0.29241792929292926 0.7530933973162715 0.01953125 0.02932551319648094
0 0.30666035353535354 0.7789330252673361 0.01953125 0.02932551319648094
0 0.3120012626262626 0.7566574839302111 0.01953125 0.02932551319648094
0 0.3286174242424243 0.7566574839302111 0.01953125 0.02932551319648094
0 0.3274305555555556 0.7210166177908114 0.01953125 0.02932551319648094
0 0.35650883838383834 0.7611125921976363 0.01953125 0.02932551319648094
0 0.3511679292929293 0.7290358126721764 0.01953125 0.02932551319648094
0 0.36303661616161614 0.7103243579489915 0.01953125 0.02932551319648094
0 0.38558712121212124 0.6987410764536865 0.01953125 0.02932551319648094
0 0.41051136363636354 0.6809206433839866 0.01953125 0.02932551319648094
0 0.4093244949494949 0.7227986610977815 0.01953125 0.02932551319648094
0 0.4016098484848485 0.7085423146420214 0.01953125 0.02932551319648094
0 0.395675505050505 0.7325998992861164 0.01953125 0.02932551319648094
0 0.39033459595959596 0.7851701768417311 0.01953125 0.02932551319648094
0 0.21645833333333334 0.6746834918095916 0.01953125 0.02932551319648094
0 0.22476641414141418 0.6408246689771617 0.01953125 0.02932551319648094
0 0.21349116161616166 0.6247862792144319 0.01953125 0.02932551319648094
0 0.2354482323232324 0.6247862792144319 0.01953125 0.02932551319648094
0 0.2651199494949495 0.6283503658283717 0.01953125 0.02932551319648094
0 0.25443813131313137 0.6185491276400369 0.01953125 0.02932551319648094
0 0.26927398989898993 0.6042927811842769 0.01953125 0.02932551319648094
0 0.25325126262626263 0.587363369768062 0.01953125 0.02932551319648094
0 0.27580176767676773 0.6265683225214019 0.01953125 0.02932551319648094
0 0.29123106060606063 0.6247862792144319 0.01953125 0.02932551319648094
0 0.2835164141414142 0.6550810154329215 0.01953125 0.02932551319648094
0 0.30666035353535354 0.6149850410260969 0.01953125 0.02932551319648094
0 0.3256502525252526 0.6096389111051869 0.01953125 0.02932551319648094
0 0.3048800505050505 0.588254391421547 0.01953125 0.02932551319648094
0 0.21586489898989908 0.5936005213424569 0.01953125 0.02932551319648094
0 0.22061237373737377 0.588254391421547 0.01953125 0.02932551319648094
0 0.21586489898989908 0.5793441748866971 0.01953125 0.02932551319648094
0 0.20696338383838386 0.585581326461092 0.01953125 0.02932551319648094
0 0.2016224747474748 0.5927094996889719 0.01953125 0.02932551319648094
0 0.20221590909090917 0.6078568677982168 0.01953125 0.02932551319648094
0 0.19806186868686876 0.5784531532332121 0.01953125 0.02932551319648094
0 0.20102904040404046 0.574889066619272 0.01953125 0.02932551319648094
0 0.20696338383838386 0.567760893391392 0.01953125 0.02932551319648094
0 0.18797348484848492 0.580235196540182 0.01953125 0.02932551319648094
0 0.17847853535353542 0.583799283154122 0.01953125 0.02932551319648094
0 0.16482954545454553 0.583799283154122 0.01953125 0.02932551319648094
0 0.1642361111111112 0.5989466512633668 0.01953125 0.02932551319648094
0 0.15592803030303037 0.6051838028377619 0.01953125 0.02932551319648094
0 0.15296085858585864 0.6363695607097367 0.01953125 0.02932551319648094
0 0.153554292929293 0.6176581059865519 0.01953125 0.02932551319648094
0 0.1470265151515152 0.6123119760656418 0.01953125 0.02932551319648094
0 0.13041035353535366 0.6123119760656418 0.01953125 0.02932551319648094
0 0.1333775252525253 0.5962735863029119 0.01953125 0.02932551319648094
0 0.1470265151515152 0.5900364347285169 0.01953125 0.02932551319648094
0 0.13515782828282838 0.5793441748866971 0.01953125 0.02932551319648094
0 0.13931186868686876 0.559741698510027 0.01953125 0.02932551319648094
0 0.0918371212121213 0.559741698510027 0.01953125 0.02932551319648094
0 0.09836489898989911 0.5499404603216922 0.01953125 0.02932551319648094
0 0.08886994949494958 0.5356841138659322 0.01953125 0.02932551319648094
0 0.06750631313131324 0.5410302437868422 0.01953125 0.02932551319648094
0 0.10845328282828291 0.5276649189845671 0.01953125 0.02932551319648094
0 0.09836489898989911 0.5249918540241122 0.01953125 0.02932551319648094
0 0.11438762626262636 0.5419212654403271 0.01953125 0.02932551319648094
0 0.12150883838383848 0.5490494386682072 0.01953125 0.02932551319648094
0 0.12803661616161624 0.543703308747297 0.01953125 0.02932551319648094
0 0.12863005050505058 0.531229005598507 0.01953125 0.02932551319648094
0 0.13931186868686876 0.531229005598507 0.01953125 0.02932551319648094
0 0.13931186868686876 0.5401392221333572 0.01953125 0.02932551319648094
0 0.15711489898989905 0.5490494386682072 0.01953125 0.02932551319648094
0 0.16364267676767683 0.5339020705589621 0.01953125 0.02932551319648094
0 0.1488068181818183 0.5356841138659322 0.01953125 0.02932551319648094
0 0.16779671717171724 0.5517225036286619 0.01953125 0.02932551319648094
0 0.17966540404040413 0.5481584170147221 0.01953125 0.02932551319648094
0 0.174324494949495 0.5356841138659322 0.01953125 0.02932551319648094
0 0.18559974747474756 0.5579596552030571 0.01953125 0.02932551319648094
0 0.19212752525252533 0.5374661571729022 0.01953125 0.02932551319648094
0 0.19924873737373747 0.5392482004798721 0.01953125 0.02932551319648094
0 0.20696338383838386 0.531229005598507 0.01953125 0.02932551319648094
0 0.21586489898989908 0.5472673953612371 0.01953125 0.02932551319648094
0 0.22951388888888896 0.531229005598507 0.01953125 0.02932551319648094
0 0.2425694444444445 0.5330110489054771 0.01953125 0.02932551319648094
0 0.21883207070707075 0.5232098107171421 0.01953125 0.02932551319648094
0 0.22298611111111116 0.5080624426078973 0.01953125 0.02932551319648094
0 0.20280934343434345 0.5125175508753221 0.01953125 0.02932551319648094
0 0.20636994949494958 0.49291507449865224 0.01953125 0.02932551319648094
0 0.191534090909091 0.4938060961521373 0.01953125 0.02932551319648094
0 0.18738005050505058 0.5036073343404722 0.01953125 0.02932551319648094
0 0.1778851010101011 0.49202405284516737 0.01953125 0.02932551319648094
0 0.16957702020202026 0.5071714209544123 0.01953125 0.02932551319648094
0 0.09895833333333344 0.580235196540182 0.01953125 0.02932551319648094
0 0.11616792929292938 0.576671109926242 0.01953125 0.02932551319648094
0 0.5897285353535353 0.9758488106875204 0.01953125 0.02932551319648094
0 0.4894381313131313 0.8805094937646258 0.01953125 0.02932551319648094
0 0.609905303030303 0.8564519091205309 0.01953125 0.02932551319648094
0 0.7493623737373736 0.860907017387956 0.01953125 0.02932551319648094
0 0.8775441919191918 0.9393169228946356 0.01953125 0.02932551319648094
0 0.6965467171717169 0.8074457181788561 0.01953125 0.02932551319648094
0 0.6977335858585858 0.7691317870790012 0.01953125 0.02932551319648094
0 0.44493055555555555 0.6942859681862616 0.01953125 0.02932551319648094
0 0.4413699494949495 0.6693373618886816 0.01953125 0.02932551319648094
0 0.4668876262626262 0.6648822536212567 0.01953125 0.02932551319648094
0 0.4781628787878788 0.6408246689771617 0.01953125 0.02932551319648094
0 0.2152714646464647 0.5071714209544123 0.01953125 0.02932551319648094
0 0.2200189393939395 0.4875689445777423 0.01953125 0.02932551319648094
0 0.2200189393939395 0.47954974969637737 0.01953125 0.02932551319648094
0 0.5214835858585858 0.6764655351165617 0.01953125 0.02932551319648094
0 0.511395202020202 0.6408246689771617 0.01953125 0.02932551319648094
0 0.511395202020202 0.6167670843330669 0.01953125 0.02932551319648094
0 0.49893308080808074 0.594491542995942 0.01953125 0.02932551319648094
0 0.48350378787878784 0.5775621315797269 0.01953125 0.02932551319648094
0 0.475195707070707 0.568651915044877 0.01953125 0.02932551319648094
0 0.4662941919191919 0.5517225036286619 0.01953125 0.02932551319648094
0 0.44315025252525253 0.5374661571729022 0.01953125 0.02932551319648094
0 0.4158522727272727 0.569542936698362 0.01953125 0.02932551319648094
0 0.4330618686868687 0.580235196540182 0.01953125 0.02932551319648094
0 0.4514583333333333 0.608747889451702 0.01953125 0.02932551319648094
0 0.4022032828282828 0.6016197162238218 0.01953125 0.02932551319648094
0 0.3927083333333334 0.5936005213424569 0.01953125 0.02932551319648094
0 0.3867739898989899 0.580235196540182 0.01953125 0.02932551319648094
0 0.3594760101010101 0.6140940193726119 0.01953125 0.02932551319648094
0 0.36659722222222224 0.6060748244912469 0.01953125 0.02932551319648094
0 0.3719381313131313 0.6390426256701917 0.01953125 0.02932551319648094
0 0.39982954545454547 0.6827026866909566 0.01953125 0.02932551319648094
0 0.36303661616161614 0.587363369768062 0.01953125 0.02932551319648094
0 0.3511679292929293 0.5900364347285169 0.01953125 0.02932551319648094
0 0.37253156565656564 0.5829082615006369 0.01953125 0.02932551319648094
0 0.34760732323232324 0.569542936698362 0.01953125 0.02932551319648094
0 0.335145202020202 0.566869871737907 0.01953125 0.02932551319648094
0 0.3185290404040404 0.564196806777452 0.01953125 0.02932551319648094
0 0.3030997474747475 0.568651915044877 0.01953125 0.02932551319648094
0 0.2941982323232323 0.5517225036286619 0.01953125 0.02932551319648094
0 0.29953914141414145 0.531229005598507 0.01953125 0.02932551319648094
0 0.30666035353535354 0.5205367457566872 0.01953125 0.02932551319648094
0 0.3173421717171717 0.5053893776474423 0.01953125 0.02932551319648094
0 0.32386994949494957 0.5196457241032023 0.01953125 0.02932551319648094
0 0.3309911616161616 0.5392482004798721 0.01953125 0.02932551319648094
0 0.3232765151515151 0.5481584170147221 0.01953125 0.02932551319648094
0 0.3398926767676768 0.5356841138659322 0.01953125 0.02932551319648094
0 0.3576957070707071 0.557068633549572 0.01953125 0.02932551319648094
0 0.36659722222222224 0.5419212654403271 0.01953125 0.02932551319648094
0 0.374905303030303 0.5232098107171421 0.01953125 0.02932551319648094
0 0.3838068181818182 0.5356841138659322 0.01953125 0.02932551319648094
0 0.39745580808080805 0.5579596552030571 0.01953125 0.02932551319648094
0 0.40873106060606057 0.5517225036286619 0.01953125 0.02932551319648094
0 0.40398358585858585 0.5321200272519923 0.01953125 0.02932551319648094
0 0.41110479797979793 0.5276649189845671 0.01953125 0.02932551319648094
0 0.4330618686868687 0.5134085725288071 0.01953125 0.02932551319648094
0 0.4413699494949495 0.5134085725288071 0.01953125 0.02932551319648094
0 0.4597664141414141 0.5258828756775972 0.01953125 0.02932551319648094
0 0.4621401515151515 0.5125175508753221 0.01953125 0.02932551319648094
0 0.4532386363636363 0.5036073343404722 0.01953125 0.02932551319648094
0 0.4265340909090909 0.48489587961728736 0.01953125 0.02932551319648094
0 0.43365530303030303 0.45638318670576744 0.01953125 0.02932551319648094
0 0.5024936868686869 0.5535045469356321 0.01953125 0.02932551319648094
0 0.5019002525252524 0.5401392221333572 0.01953125 0.02932551319648094
0 0.4870643939393939 0.5169726591427473 0.01953125 0.02932551319648094
0 0.47875631313131306 0.4964791611125923 0.01953125 0.02932551319648094
0 0.46985479797979796 0.5125175508753221 0.01953125 0.02932551319648094
0 0.4639204545454545 0.48578690127077234 0.01953125 0.02932551319648094
0 0.47756944444444444 0.47687668473592243 0.01953125 0.02932551319648094
0 0.5191098484848484 0.559741698510027 0.01953125 0.02932551319648094
0 0.516736111111111 0.5339020705589621 0.01953125 0.02932551319648094
0 0.5220770202020202 0.5125175508753221 0.01953125 0.02932551319648094
0 0.5262310606060605 0.5927094996889719 0.01953125 0.02932551319648094
0 0.5440340909090908 0.6149850410260969 0.01953125 0.02932551319648094
0 0.552935606060606 0.6452797772445867 0.01953125 0.02932551319648094
0 0.5648042929292929 0.7005231197606565 0.01953125 0.02932551319648094
0 0.6004103535353534 0.7085423146420214 0.01953125 0.02932551319648094
0 0.6336426767676766 0.6951769898397465 0.01953125 0.02932551319648094
0 0.6751830808080808 0.6746834918095916 0.01953125 0.02932551319648094
0 0.7096022727272726 0.6889398382653514 0.01953125 0.02932551319648094
0 0.7404608585858585 0.7673497437720311 0.01953125 0.02932551319648094
0 0.7434280303030302 0.6862667733048965 0.01953125 0.02932551319648094
0 0.793276515151515 0.6827026866909566 0.01953125 0.02932551319648094
0 0.7998042929292927 0.6532989721259518 0.01953125 0.02932551319648094
0 0.6680618686868685 0.7085423146420214 0.01953125 0.02932551319648094
0 0.720877525252525 0.6283503658283717 0.01953125 0.02932551319648094
0 0.7452083333333331 0.584690304807607 0.01953125 0.02932551319648094
0 0.7564835858585858 0.5829082615006369 0.01953125 0.02932551319648094
0 0.7683522727272727 0.594491542995942 0.01953125 0.02932551319648094
0 0.7825946969696969 0.5472673953612371 0.01953125 0.02932551319648094
0 0.8544002525252522 0.569542936698362 0.01953125 0.02932551319648094
0 0.8490593434343433 0.5517225036286619 0.01953125 0.02932551319648094
0 0.862708333333333 0.552613525282147 0.01953125 0.02932551319648094
0 0.8965340909090909 0.5517225036286619 0.01953125 0.02932551319648094
0 0.7303724747474746 0.569542936698362 0.01953125 0.02932551319648094
0 0.7541098484848483 0.5410302437868422 0.01953125 0.02932551319648094
0 0.7262184343434341 0.5214277674101722 0.01953125 0.02932551319648094
0 0.7024810606060605 0.5151906158357772 0.01953125 0.02932551319648094
0 0.7315593434343434 0.5517225036286619 0.01953125 0.02932551319648094
0 0.6763699494949493 0.584690304807607 0.01953125 0.02932551319648094
0 0.6627209595959596 0.6167670843330669 0.01953125 0.02932551319648094
0 0.6639078282828281 0.5918184780354869 0.01953125 0.02932551319648094
0 0.6413573232323231 0.608747889451702 0.01953125 0.02932551319648094
0 0.649665404040404 0.567760893391392 0.01953125 0.02932551319648094
0 0.6283017676767676 0.564196806777452 0.01953125 0.02932551319648094
0 0.6188068181818182 0.597164607956397 0.01953125 0.02932551319648094
0 0.6081249999999998 0.5909274563820018 0.01953125 0.02932551319648094
0 0.6057512626262626 0.571324980005332 0.01953125 0.02932551319648094
0 0.6057512626262626 0.5535045469356321 0.01953125 0.02932551319648094
0 0.5885416666666666 0.557068633549572 0.01953125 0.02932551319648094
0 0.6051578282828282 0.531229005598507 0.01953125 0.02932551319648094
0 0.6253345959595958 0.5339020705589621 0.01953125 0.02932551319648094
0 0.6283017676767676 0.5196457241032023 0.01953125 0.02932551319648094
0 0.6425441919191919 0.4652934032406174 0.01953125 0.02932551319648094
0 0.6781502525252524 0.4840048579638023 0.01953125 0.02932551319648094
0 0.7001073232323229 0.49202405284516737 0.01953125 0.02932551319648094
0 0.6793371212121212 0.563305785123967 0.01953125 0.02932551319648094
0 0.6692487373737372 0.559741698510027 0.01953125 0.02932551319648094
0 0.549375 0.559741698510027 0.01953125 0.02932551319648094
0 0.5677714646464646 0.563305785123967 0.01953125 0.02932551319648094
0 0.5511553030303029 0.5356841138659322 0.01953125 0.02932551319648094
0 0.5612436868686869 0.5276649189845671 0.01953125 0.02932551319648094
0 0.5843876262626262 0.5196457241032023 0.01953125 0.02932551319648094
0 0.5885416666666666 0.5356841138659322 0.01953125 0.02932551319648094
0 0.59447601010101 0.49202405284516737 0.01953125 0.02932551319648094
0 0.6033775252525252 0.4688574898545574 0.01953125 0.02932551319648094
0 0.5891351010101009 0.46083829497319245 0.01953125 0.02932551319648094
0 0.5784532828282828 0.4715305548150124 0.01953125 0.02932551319648094
0 0.5772664141414141 0.4554921650522825 0.01953125 0.02932551319648094
0 0.5760795454545453 0.4412358185965225 0.01953125 0.02932551319648094
0 0.552935606060606 0.4572742083592524 0.01953125 0.02932551319648094
0 0.5600568181818181 0.47954974969637737 0.01953125 0.02932551319648094
0 0.558276515151515 0.4884599662312273 0.01953125 0.02932551319648094
0 0.533945707070707 0.5098444859148672 0.01953125 0.02932551319648094
0 0.528604797979798 0.48311383631031735 0.01953125 0.02932551319648094
0 0.511395202020202 0.47331259812198234 0.01953125 0.02932551319648094
0 0.5214835858585858 0.4537101217453124 0.01953125 0.02932551319648094
0 0.5309785353535353 0.4528191000918275 0.01953125 0.02932551319648094
0 0.5380997474747474 0.4519280784383425 0.01953125 0.02932551319648094
0 0.5327588383838384 0.4679664682010724 0.01953125 0.02932551319648094
0 0.5013068181818182 0.4358896886756125 0.01953125 0.02932551319648094
0 0.5013068181818182 0.4554921650522825 0.01953125 0.02932551319648094
0 0.2829229797979798 0.5339020705589621 0.01953125 0.02932551319648094
0 0.2882638888888889 0.5160816374892622 0.01953125 0.02932551319648094
0 0.2817361111111112 0.5169726591427473 0.01953125 0.02932551319648094
0 0.28470328282828283 0.5018252910335024 0.01953125 0.02932551319648094
0 0.2817361111111112 0.4813317930033474 0.01953125 0.02932551319648094
0 0.46095328282828274 0.4652934032406174 0.01953125 0.02932551319648094
0 0.4484911616161616 0.45638318670576744 0.01953125 0.02932551319648094
0 0.45205176767676764 0.44747297017091753 0.01953125 0.02932551319648094
0 0.48587752525252526 0.4599472733197074 0.01953125 0.02932551319648094
0 0.473415404040404 0.4554921650522825 0.01953125 0.02932551319648094
0 0.4799431818181818 0.4278704937942475 0.01953125 0.02932551319648094
0 0.4846906565656565 0.4349986670221275 0.01953125 0.02932551319648094
0 0.5345391414141414 0.42697947214076254 0.01953125 0.02932551319648094
0 0.5434406565656565 0.4358896886756125 0.01953125 0.02932551319648094
0 0.5481881313131312 0.43678071032909754 0.01953125 0.02932551319648094
0 0.5523421717171715 0.4278704937942475 0.01953125 0.02932551319648094
0 0.5618371212121211 0.43678071032909754 0.01953125 0.02932551319648094
0 0.5642108585858585 0.43143458040818755 0.01953125 0.02932551319648094
0 0.3482007575757577 0.559741698510027 0.01953125 0.02932551319648094
0 0.606344696969697 0.6363695607097367 0.01953125 0.02932551319648094
0 0.7980239898989897 0.5419212654403271 0.01953125 0.02932551319648094
0 0.1850063131313132 0.5214277674101722 0.01953125 0.02932551319648094
0 0.3069412878787878 0.5459308628810096 0.01953125 0.02932551319648094
0 0.3137657828282828 0.5196457241032022 0.01953125 0.02932551319648094
0 0.23513573232323232 0.4746491306022098 0.01953125 0.02932551319648094
0 0.2505650252525252 0.46796646820107235 0.01953125 0.02932551319648094
0 0.23572916666666668 0.49380609615213716 0.01953125 0.02932551319648094
0 0.23632260101010097 0.4537101217453124 0.01953125 0.02932551319648094
0 0.2398832070707071 0.4412358185965225 0.01953125 0.02932551319648094
0 0.24285037878787877 0.427424982967505 0.01953125 0.02932551319648094
0 0.24522411616161616 0.44079030776977995 0.01953125 0.02932551319648094
0 0.22504734848484845 0.46262033828016236 0.01953125 0.02932551319648094
0 0.22534406565656565 0.40648597411060755 0.01953125 0.02932551319648094
0 0.21614583333333334 0.4082680174175776 0.01953125 0.02932551319648094
0 0.1838036616161616 0.3984667792292426 0.01953125 0.02932551319648094
0 0.1826167929292929 0.3922296276548477 0.01953125 0.02932551319648094
0 0.19092487373737368 0.39668473592227266 0.01953125 0.02932551319648094
0 0.18410037878787874 0.41450516899197265 0.01953125 0.02932551319648094
0 0.20724431818181815 0.39401167096181766 0.01953125 0.02932551319648094
0 0.20961805555555552 0.39000207352113514 0.01953125 0.02932551319648094
0 0.2176294191919192 0.39490269261530264 0.01953125 0.02932551319648094
0 0.22682765151515147 0.39623922509553017 0.01953125 0.02932551319648094
0 0.1648137626262626 0.39490269261530264 0.01953125 0.02932551319648094
0 0.16333017676767675 0.42608845048727756 0.01953125 0.02932551319648094
0 0.16600063131313128 0.4140596581652301 0.01953125 0.02932551319648094
0 0.16006628787878785 0.41628721229894255 0.01953125 0.02932551319648094
0 0.0565119949494949 0.41851476643265506 0.01953125 0.02932551319648094
0 0.04464330808080803 0.42475191800705003 0.01953125 0.02932551319648094
0 0.041972853535353495 0.42074232056636757 0.01953125 0.02932551319648094
0 0.02980744949494946 0.436335199502355 0.01953125 0.02932551319648094
0 0.024763257575757532 0.42608845048727756 0.01953125 0.02932551319648094
0 0.014971590909090865 0.42831600462099007 0.01953125 0.02932551319648094
0 0.07817234848484844 0.41717823395242765 0.01953125 0.02932551319648094
0 0.09033775252525249 0.41138659320477505 0.01953125 0.02932551319648094
0 0.10279987373737369 0.42207885304659504 0.01953125 0.02932551319648094
0 0.1565056818181818 0.4666299357208449 0.01953125 0.02932551319648094
0 0.15947285353535354 0.4590562516662224 0.01953125 0.02932551319648094
0 0.16659406565656562 0.46974851150804237 0.01953125 0.02932551319648094
0 0.17519886363636358 0.47509464142895236 0.01953125 0.02932551319648094
0 0.2627304292929293 0.45549216505228246 0.01953125 0.02932551319648094
0 0.2811268939393939 0.45059154595811496 0.01953125 0.02932551319648094
0 0.23632260101010097 0.5980556296098819 0.01953125 0.02932551319648094
0 0.23246527777777773 0.4412358185965225 0.01953125 0.02932551319648094
0 0.1090309343434343 0.6225587250807193 0.01953125 0.02932551319648094
0 0.42519886363636356 0.43655795491572635 0.01953125 0.02932551319648094
0 0.7588573232323231 0.6372605823632217 0.01953125 0.02932551319648094
0 0.06631944444444457 0.42430640718030754 0.01953125 0.02932551319648094
0 0.9389781052281054 0.935478988264912 0.01953125 0.02932551319648094
0 0.9939231601731601 0.9294791230275101 0.01953125 0.02932551319648094
0 0.12179528804528815 0.7299836038838972 0.01953125 0.02932551319648094
0 0.13977730602730612 0.7374834354306495 0.01953125 0.02932551319648094
0 0.7142028804528805 0.599486534970406 0.01953125 0.02932551319648094
0 0.6442728105228106 0.5424878152150879 0.01953125 0.02932551319648094
0 0.17848859473859474 0.6174861306826118 0.01953125 0.02932551319648094
