0 0.208470152260302 0.782489083724465 0.01953125 0.03418803418803419
0 0.24843019222034196 0.885661125358045 0.01953125 0.03418803418803419
0 0.1565221003122501 0.8594309452817112 0.01953125 0.03418803418803419
0 0.0351100458332626 0.710599348759344 0.01953125 0.03418803418803419
0 0.019128025855238623 0.73034666514848 0.01953125 0.03418803418803419
0 0.0849363434118079 0.740220323343048 0.01953125 0.03418803418803419
0 0.10530558456026982 0.8608983679433243 0.01953125 0.03418803418803419
0 0.258231579644107 0.7451571524403322 0.01953125 0.03418803418803419
0 0.30774450428190675 0.7451571524403322 0.01953125 0.03418803418803419
0 0.3064910125189244 0.6765900816447208 0.01953125 0.03418803418803419
0 0.22062682675463882 0.6820754473083697 0.01953125 0.03418803418803419
0 0.1024852280935597 0.6634252040519633 0.01953125 0.03418803418803419
0 0.005026243521688074 0.6941432517683973 0.01953125 0.03418803418803419
0 0.15701211978328852 0.7380261770775886 0.01953125 0.03418803418803419
0 0.3543242981144479 0.8961531973885787 0.01953125 0.03418803418803419
0 0.37430431809446785 0.7737456903656871 0.01953125 0.03418803418803419
0 0.33634228013242984 0.717787972869508 0.01953125 0.03418803418803419
0 0.40527334906349877 0.9101426267626235 0.01953125 0.03418803418803419
0 0.41826036205051176 0.8366981225488884 0.01953125 0.03418803418803419
0 0.4652134090035587 0.8629283026252224 0.01953125 0.03418803418803419
0 0.5421364859266355 0.9136399841061346 0.01953125 0.03418803418803419
0 0.6160625598527093 0.903147912075601 0.01953125 0.03418803418803419
0 0.6400385838287336 0.782489083724465 0.01953125 0.03418803418803419
0 0.6720066157967653 0.7475155102893531 0.01953125 0.03418803418803419
0 0.7419366857268352 0.7545102249763755 0.01953125 0.03418803418803419
0 0.7319466757368253 0.8681743386404891 0.01953125 0.03418803418803419
0 0.8258527696429192 0.8069705851290434 0.01953125 0.03418803418803419
0 0.8478307916209412 0.8996505547320897 0.01953125 0.03418803418803419
0 0.9077708515610011 0.8069705851290434 0.01953125 0.03418803418803419
0 0.97670192049207 0.7859864410679762 0.01953125 0.03418803418803419
0 0.8688098125999622 0.7107932581824857 0.01953125 0.03418803418803419
0 0.8478307916209412 0.6898091141214184 0.01953125 0.03418803418803419
0 0.7449336887238384 0.6845630781061518 0.01953125 0.03418803418803419
0 0.7119666557568053 0.6321027179534839 0.01953125 0.03418803418803419
0 0.6809976247877744 0.6933064714649297 0.01953125 0.03418803418803419
0 0.6480305918207414 0.6286053606099727 0.01953125 0.03418803418803419
0 0.6140645578547075 0.7072959008389744 0.01953125 0.03418803418803419
0 0.6700086137987635 0.6076212165489056 0.01953125 0.03418803418803419
0 0.5421364859266355 0.8069705851290434 0.01953125 0.03418803418803419
0 0.49618243997258976 0.7422694742740863 0.01953125 0.03418803418803419
0 0.5431354869256366 0.6653276127168402 0.01953125 0.03418803418803419
0 0.42025836404851374 0.7212853302130191 0.01953125 0.03418803418803419
0 0.4482303920205417 0.6810657207626405 0.01953125 0.03418803418803419
0 0.41626236005250977 0.6093698952206613 0.01953125 0.03418803418803419
0 0.44922939301954273 0.5866370724878385 0.01953125 0.03418803418803419
0 0.4821964259865757 0.5796423578008161 0.01953125 0.03418803418803419
0 0.36631231010245985 0.6565842193580622 0.01953125 0.03418803418803419
0 0.33634228013242984 0.6565842193580622 0.01953125 0.03418803418803419
0 0.30537324916339886 0.6076212165489056 0.01953125 0.03418803418803419
0 0.26341520720535694 0.6653276127168402 0.01953125 0.03418803418803419
0 0.27140721519736494 0.6076212165489056 0.01953125 0.03418803418803419
0 0.004145505877713636 0.3213279287340625 0.01953125 0.03418803418803419
0 0.007533726049150591 0.31522764309792806 0.01953125 0.03418803418803419
0 0.01634309849488667 0.3128553097949869 0.01953125 0.03418803418803419
0 0.02960556030879704 0.3153970954767096 0.01953125 0.03418803418803419
0 0.03531713145493362 0.31522764309792806 0.01953125 0.03418803418803419
0 0.04490095422556957 0.3108218812496088 0.01953125 0.03418803418803419
0 0.03909257678882051 0.3267504048550708 0.01953125 0.03418803418803419
0 0.031057654667984304 0.3321728809760792 0.01953125 0.03418803418803419
0 0.015665454460599283 0.32980054767313804 0.01953125 0.03418803418803419
0 0.011405977673649967 0.33285069049120525 0.01953125 0.03418803418803419
0 0.003661474424651215 0.34267892846053283 0.01953125 0.03418803418803419
0 0.020796187863060953 0.3540322378388941 0.01953125 0.03418803418803419
0 0.024281214325110396 0.3384426189909951 0.01953125 0.03418803418803419
0 0.03463948742064622 0.35606566638427234 0.01953125 0.03418803418803419
0 0.02641095271858505 0.37385816615633094 0.01953125 0.03418803418803419
0 0.026894984171647474 0.3913117611708266 0.01953125 0.03418803418803419
0 0.016827129947949097 0.3930062849586417 0.01953125 0.03418803418803419
0 0.007533726049150591 0.3641993805657849 0.01953125 0.03418803418803419
0 0.006275244271188294 0.35640457114183527 0.01953125 0.03418803418803419
0 0.005307181365063452 0.4011399991401543 0.01953125 0.03418803418803419
0 0.03899577049820803 0.3823307850954065 0.01953125 0.03418803418803419
0 0.06038996072356708 0.38114461844393593 0.01953125 0.03418803418803419
0 0.06610153186970366 0.3955480706403644 0.01953125 0.03418803418803419
0 0.058453834911317386 0.30997461935570125 0.01953125 0.03418803418803419
0 0.052548651183955845 0.3313256190821717 0.01953125 0.03418803418803419
0 0.05322629521824323 0.31895559543112134 0.01953125 0.03418803418803419
0 0.05738896571458007 0.3160749049918356 0.01953125 0.03418803418803419
0 0.07539493576850217 0.31166914314351635 0.01953125 0.03418803418803419
0 0.06571430670725373 0.3223446430067516 0.01953125 0.03418803418803419
0 0.0627133116982667 0.36318266629309576 0.01953125 0.03418803418803419
0 0.04151273405413262 0.351998809293516 0.01953125 0.03418803418803419
0 0.08526917741097557 0.3316645238397346 0.01953125 0.03418803418803419
0 0.08739891580445024 0.3128553097949869 0.01953125 0.03418803418803419
0 0.0788799622305516 0.3384426189909951 0.01953125 0.03418803418803419
0 0.07491090431543973 0.350982095020827 0.01953125 0.03418803418803419
0 0.0789767685211641 0.3687745947928856 0.01953125 0.03418803418803419
0 0.09291687436936183 0.3670800710050705 0.01953125 0.03418803418803419
0 0.0819777635301511 0.38317804698931407 0.01953125 0.03418803418803419
0 0.09572425679712387 0.35996307109624703 0.01953125 0.03418803418803419
0 0.07617138209939414 0.2810829887734536 0.01953125 0.03418803418803419
0 0.07462248144959438 0.28684436965202503 0.01953125 0.03418803418803419
0 0.06920132917529524 0.2810829887734536 0.01953125 0.03418803418803419
0 0.06726520336304556 0.2885388934398401 0.01953125 0.03418803418803419
0 0.053131484933622845 0.3034507027726131 0.01953125 0.03418803418803419
0 0.05177619686504806 0.31294003598437775 0.01953125 0.03418803418803419
0 0.048291170402998615 0.2932835600457224 0.01953125 0.03418803418803419
0 0.05584206107077241 0.2902334172276552 0.01953125 0.03418803418803419
0 0.03415745197357589 0.2980282266516047 0.01953125 0.03418803418803419
0 0.03512551487970073 0.30751755986336937 0.01953125 0.03418803418803419
0 0.02641294872457714 0.29362246480328547 0.01953125 0.03418803418803419
0 0.030091587767851553 0.3010783694696719 0.01953125 0.03418803418803419
0 0.027574624211926954 0.302772893257487 0.01953125 0.03418803418803419
0 0.022347084518852797 0.29836713140916776 0.01953125 0.03418803418803419
0 0.02099179645027801 0.30480632180286515 0.01953125 0.03418803418803419
0 0.0037602767212557833 0.29768932189404174 0.01953125 0.03418803418803419
0 0.07539693177449425 0.2729492745919411 0.01953125 0.03418803418803419
0 0.07249274305611972 0.27057694128899995 0.01953125 0.03418803418803419
0 0.05003368363402335 0.26922132225874784 0.01953125 0.03418803418803419
0 0.05293787235239788 0.271254750804126 0.01953125 0.03418803418803419
0 0.06900771659407029 0.2726103698343781 0.01953125 0.03418803418803419
0 0.06610352787569575 0.26312103662261344 0.01953125 0.03418803418803419
0 0.04170834264134968 0.26752679847093275 0.01953125 0.03418803418803419
0 0.04422530619727427 0.2627821318650504 0.01953125 0.03418803418803419
0 0.03280216390500111 0.28684436965202503 0.01953125 0.03418803418803419
0 0.03977221682909998 0.28786108392471405 0.01953125 0.03418803418803419
0 0.020604571287828072 0.28311641731883175 0.01953125 0.03418803418803419
0 0.014021743526179128 0.26989913177387387 0.01953125 0.03418803418803419
0 0.016925932244553667 0.26786570322849573 0.01953125 0.03418803418803419
0 0.0070516906020802565 0.28379422683395783 0.01953125 0.03418803418803419
0 0.015957869338428823 0.28481094110664684 0.01953125 0.03418803418803419
0 0.030091587767851553 0.41223912995034323 0.01953125 0.03418803418803419
0 0.029897975186626576 0.4356235582221918 0.01953125 0.03418803418803419
0 0.02273430968130273 0.42410079646504906 0.01953125 0.03418803418803419
0 0.0111175548078046 0.4329123201616876 0.01953125 0.03418803418803419
0 0.0008560880028812452 0.4437572724037043 0.01953125 0.03418803418803419
0 0.017893995150678507 0.4481630342520236 0.01953125 0.03418803418803419
0 0.04499975652217414 0.43731808201000694 0.01953125 0.03418803418803419
0 0.06300572657609625 0.4176616060713516 0.01953125 0.03418803418803419
0 0.0875945243916673 0.41122241567765416 0.01953125 0.03418803418803419
0 0.10230908056476493 0.4224062726772339 0.01953125 0.03418803418803419
0 0.11547473608806279 0.4244397012226121 0.01953125 0.03418803418803419
0 0.13212541807341013 0.41528927276841043 0.01953125 0.03418803418803419
0 0.15690782847020612 0.41596708228353646 0.01953125 0.03418803418803419
0 0.14877610005875744 0.39393827304194 0.01953125 0.03418803418803419
0 0.1427741100407834 0.3797042732242931 0.01953125 0.03418803418803419
0 0.1311573551672853 0.3583532734978227 0.01953125 0.03418803418803419
0 0.11218332220723834 0.36716479719446127 0.01953125 0.03418803418803419
0 0.11160248446356344 0.347508321255806 0.01953125 0.03418803418803419
0 0.11954060029378717 0.3403913213469826 0.01953125 0.03418803418803419
0 0.09688792829046582 0.30514522656042825 0.01953125 0.03418803418803419
0 0.07733305758674396 0.29836713140916776 0.01953125 0.03418803418803419
0 0.07791389533041886 0.2902334172276552 0.01953125 0.03418803418803419
0 0.06087598818262159 0.28786108392471405 0.01953125 0.03418803418803419
0 0.023702372587427575 0.2793884649856385 0.01953125 0.03418803418803419
0 0.0875945243916673 0.44545179619151937 0.01953125 0.03418803418803419
0 0.06842687885039538 0.44714631997933446 0.01953125 0.03418803418803419
0 0.0988240541027155 0.4017330824658895 0.01953125 0.03418803418803419
0 0.08101169663001835 0.40071636819320045 0.01953125 0.03418803418803419
0 0.11198970962601339 0.2759994174100083 0.01953125 0.03418803418803419
0 0.12457452740563632 0.28243860780370567 0.01953125 0.03418803418803419
0 0.12960845451748554 0.30514522656042825 0.01953125 0.03418803418803419
0 0.12012143803746207 0.30955098840874745 0.01953125 0.03418803418803419
0 0.1179916996439874 0.32242936919614235 0.01953125 0.03418803418803419
0 0.11160248446356344 0.3214126549234533 0.01953125 0.03418803418803419
0 0.12825316644891077 0.2888777981974031 0.01953125 0.03418803418803419
0 0.12573620289298618 0.271254750804126 0.01953125 0.03418803418803419
0 0.11954060029378717 0.27057694128899995 0.01953125 0.03418803418803419
0 0.11547473608806279 0.27227146507681504 0.01953125 0.03418803418803419
0 0.10753662025783908 0.302772893257487 0.01953125 0.03418803418803419
0 0.10521326928313945 0.2929446552881594 0.01953125 0.03418803418803419
0 0.10269630572721486 0.2895556077125292 0.01953125 0.03418803418803419
0 0.09766237861536564 0.3197181311356382 0.01953125 0.03418803418803419
0 0.16058646751348057 0.36953713049740244 0.01953125 0.03418803418803419
0 0.17259044754942862 0.40749446334446093 0.01953125 0.03418803418803419
0 0.17646269917392798 0.43799589152513296 0.01953125 0.03418803418803419
0 0.17743076208005282 0.37834865419404096 0.01953125 0.03418803418803419
0 0.19137086792825062 0.3576754639826966 0.01953125 0.03418803418803419
0 0.1782052124049527 0.3512362735889992 0.01953125 0.03418803418803419
0 0.1925325434156004 0.33768008328647836 0.01953125 0.03418803418803419
0 0.17375212303677845 0.32615732152933563 0.01953125 0.03418803418803419
0 0.18033495079842737 0.32378498822639445 0.01953125 0.03418803418803419
0 0.1712351594808538 0.30955098840874745 0.01953125 0.03418803418803419
0 0.19137086792825062 0.31531236928731887 0.01953125 0.03418803418803419
0 0.189047516953551 0.2949780838335375 0.01953125 0.03418803418803419
0 0.18052856337965234 0.2902334172276552 0.01953125 0.03418803418803419
0 0.1782052124049527 0.30751755986336937 0.01953125 0.03418803418803419
0 0.15439086491428156 0.31768470259026 0.01953125 0.03418803418803419
0 0.15303557684570676 0.33124089289278097 0.01953125 0.03418803418803419
0 0.16213536816328028 0.3431025594074867 0.01953125 0.03418803418803419
0 0.1540036397518316 0.3498806545587471 0.01953125 0.03418803418803419
0 0.1410315968097587 0.3586921782553857 0.01953125 0.03418803418803419
0 0.14606552392160788 0.3370022737713523 0.01953125 0.03418803418803419
0 0.1352232193730096 0.33225760716547 0.01953125 0.03418803418803419
0 0.1352232193730096 0.3214126549234533 0.01953125 0.03418803418803419
0 0.13774018292893422 0.31022879792387353 0.01953125 0.03418803418803419
0 0.13986992132240889 0.28379422683395783 0.01953125 0.03418803418803419
0 0.1483888748963075 0.287183274409588 0.01953125 0.03418803418803419
0 0.14664636166528278 0.27532160789488225 0.01953125 0.03418803418803419
0 0.15826311653878092 0.27159365556168896 0.01953125 0.03418803418803419
0 0.12902761677381064 0.2641377508953025 0.01953125 0.03418803418803419
0 0.16987987141227903 0.27701613168269734 0.01953125 0.03418803418803419
0 0.18265830177312697 0.26922132225874784 0.01953125 0.03418803418803419
0 0.1865305533976264 0.28243860780370567 0.01953125 0.03418803418803419
0 0.17588186143025308 0.27227146507681504 0.01953125 0.03418803418803419
0 0.009866558052312327 0.620822779708203 0.01953125 0.03418803418803419
0 0.03788249815616453 0.5933435434377579 0.01953125 0.03418803418803419
0 0.028946379329935806 0.5641732772429777 0.01953125 0.03418803418803419
0 0.05454715218345592 0.5607912173943077 0.01953125 0.03418803418803419
0 0.05575473580862196 0.5303526787562761 0.01953125 0.03418803418803419
0 0.07821579123671035 0.5269706189076061 0.01953125 0.03418803418803419
0 0.11396026654162522 0.5933435434377579 0.01953125 0.03418803418803419
0 0.12965885366878382 0.5489540079239621 0.01953125 0.03418803418803419
0 0.1076808316907618 0.5316209511995275 0.01953125 0.03418803418803419
0 0.15670872687250315 0.6428061687245591 0.01953125 0.03418803418803419
0 0.17458096452496058 0.6550661356759885 0.01953125 0.03418803418803419
0 0.20646117222934413 0.5789697890809097 0.01953125 0.03418803418803419
0 0.18520770042642173 0.5671325796105642 0.01953125 0.03418803418803419
0 0.19559291960284972 0.5464174630374594 0.01953125 0.03418803418803419
0 0.14656502442110836 0.5785470315998259 0.01953125 0.03418803418803419
0 0.05044136785789138 0.606026267870271 0.01953125 0.03418803418803419
0 0.05816990305895405 0.6694398900328365 0.01953125 0.03418803418803419
0 0.05889445323405368 0.6275868994055434 0.01953125 0.03418803418803419
0 0.2088763394796762 0.5848883938160825 0.01953125 0.03418803418803419
0 0.19849112030324825 0.6127903875676114 0.01953125 0.03418803418803419
0 0.25542319921334905 0.5761450004573048 0.01953125 0.03418803418803419
0 0.26541320920335915 0.5674016070985267 0.01953125 0.03418803418803419
0 0.24942919321934315 0.5184386042893702 0.01953125 0.03418803418803419
0 0.22545316924331912 0.4904597455412806 0.01953125 0.03418803418803419
0 0.20847015226030216 0.4572348507779243 0.01953125 0.03418803418803419
0 0.18549312928327918 0.49920313890005863 0.01953125 0.03418803418803419
0 0.19448413827428823 0.42575863468632363 0.01953125 0.03418803418803419
0 0.20147714526729518 0.37679563187716697 0.01953125 0.03418803418803419
0 0.2144641582543082 0.36105752383136663 0.01953125 0.03418803418803419
0 0.20547314926329915 0.3260839503962547 0.01953125 0.03418803418803419
0 0.2144641582543082 0.3225865930527435 0.01953125 0.03418803418803419
0 0.3023762461663961 0.5674016070985267 0.01953125 0.03418803418803419
0 0.30637225016240005 0.5254333189763926 0.01953125 0.03418803418803419
0 0.3253532691434191 0.5061978535870809 0.01953125 0.03418803418803419
0 0.3333452771354271 0.4659782441367023 0.01953125 0.03418803418803419
0 0.31636226015241004 0.44849145741914637 0.01953125 0.03418803418803419
0 0.32635227014242 0.42575863468632363 0.01953125 0.03418803418803419
0 0.03863998243013231 0.4904597455412806 0.01953125 0.03418803418803419
0 0.005672949463099331 0.5027004962435698 0.01953125 0.03418803418803419
0 0.006671950462100322 0.46947560148021356 0.01953125 0.03418803418803419
0 0.021656965447115345 0.5027004962435698 0.01953125 0.03418803418803419
0 0.058169404057456055 0.25949615326208086 0.01953125 0.03418803418803419
0 0.05515543500952097 0.2597599399548232 0.01953125 0.03418803418803419
0 0.05003168762803132 0.2621340201895044 0.01953125 0.03418803418803419
0 0.048976798461254044 0.25685828633465735 0.01953125 0.03418803418803419
0 0.031947873340420825 0.2642443137314432 0.01953125 0.03418803418803419
0 0.03616743000752994 0.2684649008153208 0.01953125 0.03418803418803419
0 0.047168417032493005 0.28139044875969615 0.01953125 0.03418803418803419
0 0.07791090132143084 0.25316527263626437 0.01953125 0.03418803418803419
0 0.08936398370358414 0.24841711216690204 0.01953125 0.03418803418803419
0 0.09885798620457967 0.2539566327144915 0.01953125 0.03418803418803419
0 0.11920227727814148 0.256594499641915 0.01953125 0.03418803418803419
0 0.11573621287301615 0.25026361901609856 0.01953125 0.03418803418803419
0 0.07866439358341461 0.32623418652589603 0.01953125 0.03418803418803419
0 0.03179717488802407 0.27268548789919844 0.01953125 0.03418803418803419
0 0.07188296322556068 0.24815332547415972 0.01953125 0.03418803418803419
0 0.0711294709635769 0.2410310847701162 0.01953125 0.03418803418803419
0 0.06434804060572297 0.2513187657870679 0.01953125 0.03418803418803419
0 0.12824418442194674 0.2331174839878456 0.01953125 0.03418803418803419
0 0.13457351942261042 0.24050351138463147 0.01953125 0.03418803418803419
0 0.10096776453813422 0.2399759379991467 0.01953125 0.03418803418803419
0 0.1431633312092254 0.2399759379991467 0.01953125 0.03418803418803419
0 0.14873917394790528 0.23258991060236087 0.01953125 0.03418803418803419
0 0.14391682347120918 0.22414873643460564 0.01953125 0.03418803418803419
0 0.1267371998979792 0.25316527263626437 0.01953125 0.03418803418803419
0 0.11498272061103237 0.22705039005477146 0.01953125 0.03418803418803419
0 0.11136595775351027 0.22784175013299857 0.01953125 0.03418803418803419
0 0.10789989334838493 0.22098329612169737 0.01953125 0.03418803418803419
0 0.13125815346988182 0.22652281666928678 0.01953125 0.03418803418803419
0 0.06932108953481586 0.25712207302739964 0.01953125 0.03418803418803419
0 0.9367418805320307 0.717787972869508 0.01953125 0.03418803418803419
0 0.9916869354770856 0.6408461113122618 0.01953125 0.03418803418803419
0 0.9697089134990636 0.6251080032664613 0.01953125 0.03418803418803419
0 0.9547238985140485 0.591883108503105 0.01953125 0.03418803418803419
0 0.9057728495629997 0.6093698952206612 0.01953125 0.03418803418803419
0 0.8558227996129497 0.6076212165489056 0.01953125 0.03418803418803419
0 0.8758028195929698 0.5708989644420379 0.01953125 0.03418803418803419
0 0.9197588635490137 0.5341767123351705 0.01953125 0.03418803418803419
0 0.9836949274850776 0.5219359616328814 0.01953125 0.03418803418803419
0 0.9896889334790836 0.441496742732124 0.01953125 0.03418803418803419
0 0.9667119105020606 0.44499410007563517 0.01953125 0.03418803418803419
0 0.9277508715410215 0.47297295882372464 0.01953125 0.03418803418803419
0 0.8977808415709916 0.48521370952601384 0.01953125 0.03418803418803419
0 0.8827958265859768 0.48871106686952503 0.01953125 0.03418803418803419
0 0.8688098125999628 0.4659782441367023 0.01953125 0.03418803418803419
0 0.8658128096029598 0.5114438896023478 0.01953125 0.03418803418803419
0 0.8847938285839786 0.4572348507779243 0.01953125 0.03418803418803419
0 0.8708078145979646 0.42051259867105684 0.01953125 0.03418803418803419
0 0.9347438785340285 0.4100205266405233 0.01953125 0.03418803418803419
0 0.7798987236888738 0.6408461113122618 0.01953125 0.03418803418803419
0 0.7759027196928697 0.5464174630374596 0.01953125 0.03418803418803419
0 0.7798987236888738 0.48521370952601384 0.01953125 0.03418803418803419
0 0.8158627596529098 0.48521370952601384 0.01953125 0.03418803418803419
0 0.8308477746379247 0.46073220812143556 0.01953125 0.03418803418803419
0 0.8538247976149477 0.41351788398403444 0.01953125 0.03418803418803419
0 0.8348437786339287 0.41526656265579 0.01953125 0.03418803418803419
0 0.8148637586539087 0.42575863468632363 0.01953125 0.03418803418803419
0 0.8058727496628998 0.44499410007563517 0.01953125 0.03418803418803419
0 0.7888897326798827 0.43799938538861277 0.01953125 0.03418803418803419
0 0.6889896327797828 0.5131925682741034 0.01953125 0.03418803418803419
0 0.6809976247877747 0.47472163749548024 0.01953125 0.03418803418803419
0 0.6360425798327298 0.5306793549916593 0.01953125 0.03418803418803419
0 0.6560225998127498 0.44849145741914637 0.01953125 0.03418803418803419
0 0.6570216008117508 0.4082718479687677 0.01953125 0.03418803418803419
0 0.6839946277847779 0.3960310972664785 0.01953125 0.03418803418803419
0 0.6919866357767858 0.42575863468632363 0.01953125 0.03418803418803419
0 0.7069716507618009 0.36630355984663343 0.01953125 0.03418803418803419
0 0.7459326897228398 0.47297295882372464 0.01953125 0.03418803418803419
0 0.7389396827298328 0.43100467070159043 0.01953125 0.03418803418803419
0 0.7329456767358268 0.4082718479687677 0.01953125 0.03418803418803419
0 0.7389396827298328 0.3820416678924338 0.01953125 0.03418803418803419
0 0.7479306917208418 0.3645548811748779 0.01953125 0.03418803418803419
0 0.46621241000256003 0.5184386042893702 0.01953125 0.03418803418803419
0 0.408270352060502 0.5586582137397487 0.01953125 0.03418803418803419
0 0.4162623600525101 0.5184386042893702 0.01953125 0.03418803418803419
0 0.3932853370754871 0.47297295882372464 0.01953125 0.03418803418803419
0 0.35732130111145105 0.5027004962435698 0.01953125 0.03418803418803419
0 0.360318304108454 0.5429201056939484 0.01953125 0.03418803418803419
0 0.37530331909346903 0.42750731335807923 0.01953125 0.03418803418803419
0 0.363315307105457 0.39777977593823405 0.01953125 0.03418803418803419
0 0.339339283129433 0.3942824185947229 0.01953125 0.03418803418803419
0 0.31336525715540703 0.3645548811748779 0.01953125 0.03418803418803419
0 0.24843019222034213 0.42750731335807923 0.01953125 0.03418803418803419
0 0.2454331892233391 0.4817163521825026 0.01953125 0.03418803418803419
0 0.2274511712413212 0.3890363825794561 0.01953125 0.03418803418803419
0 0.2664122102023601 0.37679563187716697 0.01953125 0.03418803418803419
0 0.2764022201923701 0.35930884515961103 0.01953125 0.03418803418803419
0 0.2913872351773851 0.3575601664878554 0.01953125 0.03418803418803419
0 0.30837025216040204 0.34531941578556613 0.01953125 0.03418803418803419
0 0.3203582641484141 0.32958130773976596 0.01953125 0.03418803418803419
0 0.344334288124438 0.35406280914434424 0.01953125 0.03418803418803419
0 0.3253532691434191 0.3085971636786987 0.01953125 0.03418803418803419
0 0.331347275137425 0.2963564129764096 0.01953125 0.03418803418803419
0 0.3403382841284341 0.2858643409458759 0.01953125 0.03418803418803419
0 0.35632230011245 0.32958130773976596 0.01953125 0.03418803418803419
0 0.3673113111014611 0.3470680944573219 0.01953125 0.03418803418803419
0 0.45122739501754494 0.39777977593823405 0.01953125 0.03418803418803419
0 0.4362423800325301 0.41351788398403444 0.01953125 0.03418803418803419
0 0.42225636604651595 0.28761301961763164 0.01953125 0.03418803418803419
0 0.44523338902353893 0.26138283954129765 0.01953125 0.03418803418803419
0 0.492186435976586 0.39777977593823405 0.01953125 0.03418803418803419
0 0.48219642598657586 0.45024013609090197 0.01953125 0.03418803418803419
0 0.5081704519606021 0.4659782441367023 0.01953125 0.03418803418803419
0 0.522156465946616 0.5096952109305921 0.01953125 0.03418803418803419
0 0.533145476935627 0.5831397151443269 0.01953125 0.03418803418803419
0 0.5631155069056569 0.5639042497550156 0.01953125 0.03418803418803419
0 0.5820965258866759 0.6111185738924167 0.01953125 0.03418803418803419
0 0.6140645578547079 0.6198619672511946 0.01953125 0.03418803418803419
0 0.48819043198058204 0.3645548811748779 0.01953125 0.03418803418803419
0 0.502176445966596 0.35930884515961103 0.01953125 0.03418803418803419
0 0.502176445966596 0.31384319969396557 0.01953125 0.03418803418803419
0 0.480198423988574 0.3173405570374767 0.01953125 0.03418803418803419
0 0.460218404008554 0.32083791438098785 0.01953125 0.03418803418803419
0 0.4682104120005619 0.29810509164816507 0.01953125 0.03418803418803419
0 0.48519342898357903 0.2893616982893873 0.01953125 0.03418803418803419
0 0.5081704519606021 0.28411566227412044 0.01953125 0.03418803418803419
0 0.5071714509616009 0.32958130773976596 0.01953125 0.03418803418803419
0 0.5301484739386239 0.3260839503962547 0.01953125 0.03418803418803419
0 0.528150471940622 0.2963564129764096 0.01953125 0.03418803418803419
0 0.53614247993263 0.3103458423504542 0.01953125 0.03418803418803419
0 0.539139482929633 0.48521370952601384 0.01953125 0.03418803418803419
0 0.545133488923639 0.42575863468632363 0.01953125 0.03418803418803419
0 0.522156465946616 0.42575863468632363 0.01953125 0.03418803418803419
0 0.562116505906656 0.43799938538861277 0.01953125 0.03418803418803419
0 0.5890895328796829 0.46947560148021356 0.01953125 0.03418803418803419
0 0.5870915308816809 0.4187639199993013 0.01953125 0.03418803418803419
0 0.5950835388736889 0.3837903465641894 0.01953125 0.03418803418803419
0 0.5830955268856769 0.3470680944573219 0.01953125 0.03418803418803419
0 0.565113508903659 0.36630355984663343 0.01953125 0.03418803418803419
0 0.5501284939186439 0.32958130773976596 0.01953125 0.03418803418803419
0 0.6210575648477149 0.432753349373346 0.01953125 0.03418803418803419
0 0.6310475748377249 0.3855390252359449 0.01953125 0.03418803418803419
0 0.6090695528597029 0.3470680944573219 0.01953125 0.03418803418803419
0 0.6540245978147478 0.3698009171901446 0.01953125 0.03418803418803419
0 0.6690096127997628 0.3890363825794561 0.01953125 0.03418803418803419
0 0.6780006217907717 0.3715495958619002 0.01953125 0.03418803418803419
0 0.6760026197927698 0.34007337977029944 0.01953125 0.03418803418803419
0 0.8263487771319337 0.37602523497982004 0.01953125 0.03418803418803419
0 0.8440733103409823 0.37311659363269417 0.01953125 0.03418803418803419
0 0.8680752823949026 0.3488779157399779 0.01953125 0.03418803418803419
0 0.8608746907787265 0.35372565131852113 0.01953125 0.03418803418803419
0 0.8725064156971647 0.3269015144505819 0.01953125 0.03418803418803419
0 0.8581052324648127 0.3168828609215925 0.01953125 0.03418803418803419
0 0.8485044436432446 0.31235830771495215 0.01953125 0.03418803418803419
0 0.8599515380074219 0.2974919186074196 0.01953125 0.03418803418803419
0 0.8686291740576854 0.2974919186074196 0.01953125 0.03418803418803419
0 0.8324415854225443 0.30589466027689455 0.01953125 0.03418803418803419
0 0.8204405993955841 0.3020164718140599 0.01953125 0.03418803418803419
0 0.8257948854691509 0.2978151009793224 0.01953125 0.03418803418803419
0 0.8250563632521073 0.32076104938442707 0.01953125 0.03418803418803419
0 0.8184096632987139 0.3475851862523664 0.01953125 0.03418803418803419
0 0.8824764656272547 0.33271879714483377 0.01953125 0.03418803418803419
0 0.8854305544954295 0.31041921348353485 0.01953125 0.03418803418803419
0 0.8920772544488227 0.29910783046693395 0.01953125 0.03418803418803419
0 0.8978008016309114 0.28973554168175036 0.01953125 0.03418803418803419
0 0.9053706543556094 0.28973554168175036 0.01953125 0.03418803418803419
0 0.9151560737314383 0.2942600948883907 0.01953125 0.03418803418803419
0 0.9042628710300438 0.3036323836735743 0.01953125 0.03418803418803419
0 0.8983546932936941 0.33174925002912514 0.01953125 0.03418803418803419
0 0.8926311461116055 0.3152669490620781 0.01953125 0.03418803418803419
0 0.8917079933403009 0.40995938402962273 0.01953125 0.03418803418803419
0 0.9064784376811749 0.44066170936039667 0.01953125 0.03418803418803419
0 0.8992778460649987 0.4691017580878503 0.01953125 0.03418803418803419
0 0.9290033653010077 0.4649003872531129 0.01953125 0.03418803418803419
0 0.9123866154175243 0.3821657000459749 0.01953125 0.03418803418803419
0 0.9129405070803072 0.36568339907892783 0.01953125 0.03418803418803419
0 0.9179255320453522 0.35825020452516154 0.01953125 0.03418803418803419
0 0.9171870098283084 0.3433838154176289 0.01953125 0.03418803418803419
0 0.8856151850496904 0.36568339907892783 0.01953125 0.03418803418803419
0 0.8867229683752559 0.3475851862523664 0.01953125 0.03418803418803419
0 0.9240183403359626 0.2923210006569734 0.01953125 0.03418803418803419
0 0.9278955819754421 0.28973554168175036 0.01953125 0.03418803418803419
0 0.942481395762055 0.28973554168175036 0.01953125 0.03418803418803419
0 0.947835681835622 0.2942600948883907 0.01953125 0.03418803418803419
0 0.937865631905532 0.30718738976450605 0.01953125 0.03418803418803419
0 0.9430352874248379 0.3023396541859628 0.01953125 0.03418803418803419
0 0.9297418875180512 0.3230233259877473 0.01953125 0.03418803418803419
0 0.9225412959018753 0.31235830771495215 0.01953125 0.03418803418803419
0 0.922910557010397 0.30330920130167144 0.01953125 0.03418803418803419
0 0.9129405070803072 0.32173059650013575 0.01953125 0.03418803418803419
0 0.9277109514211811 0.3440301801614347 0.01953125 0.03418803418803419
0 0.9408197207737067 0.33595062086386257 0.01953125 0.03418803418803419
0 0.949866617932492 0.3395056269547943 0.01953125 0.03418803418803419
0 0.9513436623665794 0.3511401923432981 0.01953125 0.03418803418803419
0 0.9511590318123185 0.36568339907892783 0.01953125 0.03418803418803419
0 0.9509744012580577 0.3828120647897806 0.01953125 0.03418803418803419
0 0.950051248486753 0.4054348308229824 0.01953125 0.03418803418803419
0 0.9175562709368303 0.3724702288888884 0.01953125 0.03418803418803419
0 0.9293726264095294 0.4642540225093071 0.01953125 0.03418803418803419
0 0.9681450428043236 0.4490644510298716 0.01953125 0.03418803418803419
0 0.9899314482071127 0.4471253567984543 0.01953125 0.03418803418803419
0 0.9781150927344134 0.4267648673685726 0.01953125 0.03418803418803419
0 0.9762687871918042 0.41222166063294297 0.01953125 0.03418803418803419
0 0.9928855370752874 0.40091027761634207 0.01953125 0.03418803418803419
0 0.9862388371218942 0.3850743413931008 0.01953125 0.03418803418803419
0 0.993808689846592 0.37440932312030567 0.01953125 0.03418803418803419
0 0.9858695760133722 0.3698847699136653 0.01953125 0.03418803418803419
0 0.9936240592923311 0.36115884587228747 0.01953125 0.03418803418803419
0 0.9823615954824146 0.34564609202094904 0.01953125 0.03418803418803419
0 0.9893775565443299 0.34273745067382316 0.01953125 0.03418803418803419
0 0.9934394287380701 0.33271879714483377 0.01953125 0.03418803418803419
0 0.9801460288312835 0.35663429266564706 0.01953125 0.03418803418803419
0 0.9766380483003261 0.362451575359899 0.01953125 0.03418803418803419
0 0.9709145011182374 0.3698847699136653 0.01953125 0.03418803418803419
0 0.9655602150446706 0.3828120647897806 0.01953125 0.03418803418803419
0 0.9624214956222349 0.33756653272337706 0.01953125 0.03418803418803419
0 0.9627907567307566 0.32593196733487323 0.01953125 0.03418803418803419
0 0.9674065205872799 0.34661563913665777 0.01953125 0.03418803418803419
0 0.9707298705639764 0.32270014361584437 0.01953125 0.03418803418803419
0 0.9603905595253647 0.3136510372025637 0.01953125 0.03418803418803419
0 0.9635292789478004 0.30589466027689455 0.01953125 0.03418803418803419
0 0.9542977512347542 0.29522964200409935 0.01953125 0.03418803418803419
0 0.9679604122500627 0.2955528243760023 0.01953125 0.03418803418803419
0 0.9653755844904096 0.30104692469835126 0.01953125 0.03418803418803419
0 0.9690681955756281 0.30718738976450605 0.01953125 0.03418803418803419
0 0.9831001176994585 0.30007737758264263 0.01953125 0.03418803418803419
0 0.9768226788545871 0.30815693688021467 0.01953125 0.03418803418803419
0 0.9696220872384109 0.29005872405365324 0.01953125 0.03418803418803419
0 0.9749763733119777 0.29070508879745904 0.01953125 0.03418803418803419
0 0.9901160787613734 0.2942600948883907 0.01953125 0.03418803418803419
0 0.9932547981838091 0.29102827116936186 0.01953125 0.03418803418803419
0 0.998609084257376 0.29522964200409935 0.01953125 0.03418803418803419
0 0.9980551925945932 0.30330920130167144 0.01953125 0.03418803418803419
0 0.9967627787147668 0.310096031111632 0.01953125 0.03418803418803419
0 0.9958396259434621 0.3168828609215925 0.01953125 0.03418803418803419
0 0.9893775565443299 0.3191451375249127 0.01953125 0.03418803418803419
0 0.9882697732187643 0.30783375450831185 0.01953125 0.03418803418803419
0 0.9795921371685008 0.3963857244097017 0.01953125 0.03418803418803419
0 0.9945472120636357 0.29587600674790515 0.01953125 0.03418803418803419
0 0.8773068101079488 0.29296736540077917 0.01953125 0.03418803418803419
0 0.8383497631588938 0.28973554168175036 0.01953125 0.03418803418803419
0 0.8389036548216765 0.34015199169860005 0.01953125 0.03418803418803419
0 0.8653058240809888 0.3886293474840325 0.01953125 0.03418803418803419
0 0.9991629759201588 0.3395056269547943 0.01953125 0.03418803418803419
0 0.8297594523707811 0.18187560872383857 0.01953125 0.03418803418803419
0 0.813951084914062 0.1789407634006124 0.01953125 0.03418803418803419
0 0.8177834164187212 0.1776829725478012 0.01953125 0.03418803418803419
0 0.8062864219047438 0.1760059180773862 0.01953125 0.03418803418803419
0 0.7995798417715901 0.17307107275416006 0.01953125 0.03418803418803419
0 0.7983822381763842 0.1776829725478012 0.01953125 0.03418803418803419
0 0.7926337409193954 0.1781022361654049 0.01953125 0.03418803418803419
0 0.7866457229433654 0.1760059180773862 0.01953125 0.03418803418803419
0 0.7741906455532231 0.17097475466614137 0.01953125 0.03418803418803419
0 0.7670050239819871 0.18397192681185726 0.01953125 0.03418803418803419
0 0.7751487284293878 0.20283878960402552 0.01953125 0.03418803418803419
0 0.7782624977769235 0.21206258919130777 0.01953125 0.03418803418803419
0 0.7830529121577475 0.20158099875121432 0.01953125 0.03418803418803419
0 0.7794601013721294 0.2011617351336106 0.01953125 0.03418803418803419
0 0.7761068113055526 0.18942235384070588 0.01953125 0.03418803418803419
0 0.7713163969247288 0.23428356092430594 0.01953125 0.03418803418803419
0 0.7847295571910359 0.21625522536734518 0.01953125 0.03418803418803419
0 0.7866457229433654 0.1986461534279881 0.01953125 0.03418803418803419
0 0.7880828472576127 0.192357199163932 0.01953125 0.03418803418803419
0 0.7983822381763842 0.1994846806631956 0.01953125 0.03418803418803419
0 0.7830529121577475 0.222963443249005 0.01953125 0.03418803418803419
0 0.7799391428102118 0.24224956965877698 0.01953125 0.03418803418803419
0 0.7713163969247288 0.2544082145692854 0.01953125 0.03418803418803419
0 0.7650888582296576 0.25943937798053024 0.01953125 0.03418803418803419
0 0.7677235861391106 0.271178759273435 0.01953125 0.03418803418803419
0 0.7811367464054179 0.26447054139177517 0.01953125 0.03418803418803419
0 0.7773044149007587 0.2535696873340779 0.01953125 0.03418803418803419
0 0.784969077910077 0.28124108609592474 0.01953125 0.03418803418803419
0 0.7828133914387062 0.30136573974090414 0.01953125 0.03418803418803419
0 0.7883223679766538 0.3227481842386949 0.01953125 0.03418803418803419
0 0.7691607104533579 0.32945640212035465 0.01953125 0.03418803418803419
0 0.7626936510392456 0.3043005850641304 0.01953125 0.03418803418803419
0 0.8022145696810434 0.31226659379860144 0.01953125 0.03418803418803419
0 0.8000588832096726 0.28585298588956587 0.01953125 0.03418803418803419
0 0.7916756580432306 0.28124108609592474 0.01953125 0.03418803418803419
0 0.8007774453667962 0.26530906862698267 0.01953125 0.03418803418803419
0 0.7964660724240545 0.2732750773614537 0.01953125 0.03418803418803419
0 0.7947894273907661 0.2565045326573041 0.01953125 0.03418803418803419
0 0.7931127823574777 0.23889546071794707 0.01953125 0.03418803418803419
0 0.8168253335425564 0.20703142578006292 0.01953125 0.03418803418803419
0 0.8058073804666613 0.2087084802504779 0.01953125 0.03418803418803419
0 0.8194600614520097 0.22044786154338256 0.01953125 0.03418803418803419
0 0.815148688509268 0.222963443249005 0.01953125 0.03418803418803419
0 0.813951084914062 0.2112240619561003 0.01953125 0.03418803418803419
0 0.8070049840618673 0.2409917788059658 0.01953125 0.03418803418803419
0 0.8046097768714553 0.25734305989251155 0.01953125 0.03418803418803419
0 0.8280828073374927 0.2506348420108518 0.01953125 0.03418803418803419
0 0.8280828073374927 0.24015325157075829 0.01953125 0.03418803418803419
0 0.8299989730898224 0.23009092474826856 0.01953125 0.03418803418803419
0 0.8204181443281743 0.24560367859960688 0.01953125 0.03418803418803419
0 0.8247295172709159 0.22212491601379755 0.01953125 0.03418803418803419
0 0.8338313045944816 0.1898416174583096 0.01953125 0.03418803418803419
0 0.8309570559659871 0.18942235384070588 0.01953125 0.03418803418803419
0 0.836705553222976 0.1835526631942535 0.01953125 0.03418803418803419
0 0.8383821982562643 0.18690677213508344 0.01953125 0.03418803418803419
0 0.8393402811324291 0.18061781787102735 0.01953125 0.03418803418803419
0 0.8587414593747661 0.18690677213508344 0.01953125 0.03418803418803419
0 0.8649689980698373 0.19361499001674326 0.01953125 0.03418803418803419
0 0.8719150989220321 0.1994846806631956 0.01953125 0.03418803418803419
0 0.8898791528501221 0.21583596174974143 0.01953125 0.03418803418803419
0 0.9047294374306764 0.20619289854485542 0.01953125 0.03418803418803419
0 0.8968252537023168 0.1973883625751769 0.01953125 0.03418803418803419
0 0.8905977150072456 0.19696909895757317 0.01953125 0.03418803418803419
0 0.8807773655265564 0.1994846806631956 0.01953125 0.03418803418803419
0 0.8771845547409385 0.2263175521898349 0.01953125 0.03418803418803419
0 0.8709570160458673 0.23218724283628725 0.01953125 0.03418803418803419
0 0.8678432466983318 0.22170565239619378 0.01953125 0.03418803418803419
0 0.8685618088554553 0.2409917788059658 0.01953125 0.03418803418803419
0 0.8628133115984666 0.2468614694524181 0.01953125 0.03418803418803419
0 0.8522743999606538 0.22464049771942 0.01953125 0.03418803418803419
0 0.8544300864320247 0.2145781708969302 0.01953125 0.03418803418803419
0 0.8616157080032605 0.22464049771942 0.01953125 0.03418803418803419
0 0.8618552287223018 0.22044786154338256 0.01953125 0.03418803418803419
0 0.8371845946610584 0.22464049771942 0.01953125 0.03418803418803419
0 0.8410169261657174 0.222963443249005 0.01953125 0.03418803418803419
0 0.838142677537223 0.2057736349272517 0.01953125 0.03418803418803419
0 0.8479630270179122 0.20409658045683676 0.01953125 0.03418803418803419
0 0.8455678198275003 0.20745068939766667 0.01953125 0.03418803418803419
0 0.8541905657129834 0.20619289854485542 0.01953125 0.03418803418803419
0 0.8446097369513356 0.2544082145692854 0.01953125 0.03418803418803419
0 0.8369450739420171 0.251892632863663 0.01953125 0.03418803418803419
0 0.8549091278701071 0.25776232351011535 0.01953125 0.03418803418803419
0 0.8671246845412081 0.2506348420108518 0.01953125 0.03418803418803419
0 0.851316317084489 0.28124108609592474 0.01953125 0.03418803418803419
0 0.8494001513321594 0.2954960490944519 0.01953125 0.03418803418803419
0 0.8374241153800995 0.2778869771550948 0.01953125 0.03418803418803419
0 0.8414959676037999 0.2720172865086425 0.01953125 0.03418803418803419
0 0.8448492576703767 0.2665668594797938 0.01953125 0.03418803418803419
0 0.8199391028900921 0.2686631775678125 0.01953125 0.03418803418803419
0 0.8259271208661221 0.2820796133311322 0.01953125 0.03418803418803419
0 0.8117953984426912 0.2778869771550948 0.01953125 0.03418803418803419
0 0.8153882092283092 0.32023260253307245 0.01953125 0.03418803418803419
0 0.8053283390285789 0.32945640212035465 0.01953125 0.03418803418803419
0 0.8074840254999497 0.31310512103380883 0.01953125 0.03418803418803419
0 0.8786216790551857 0.25943937798053024 0.01953125 0.03418803418803419
0 0.8798192826503917 0.2468614694524181 0.01953125 0.03418803418803419
0 0.8870049042216276 0.2447651513643994 0.01953125 0.03418803418803419
0 0.8915557978834103 0.24392662412919192 0.01953125 0.03418803418803419
0 0.883891134874092 0.2527311600988704 0.01953125 0.03418803418803419
0 0.8798192826503917 0.23092945198347603 0.01953125 0.03418803418803419
0 0.8738312646743617 0.2799832952431135 0.01953125 0.03418803418803419
0 0.8891605906929984 0.28417593141915093 0.01953125 0.03418803418803419
0 0.8922743600405338 0.26950170480302005 0.01953125 0.03418803418803419
0 0.9008971059260171 0.2657283322445863 0.01953125 0.03418803418803419
0 0.921256367044519 0.24224956965877698 0.01953125 0.03418803418803419
0 0.9147893076304066 0.22464049771942 0.01953125 0.03418803418803419
0 0.9305976750871257 0.21290111642651524 0.01953125 0.03418803418803419
0 0.9413761074439796 0.2263175521898349 0.01953125 0.03418803418803419
0 0.9313162372442494 0.23009092474826856 0.01953125 0.03418803418803419
0 0.9313162372442494 0.22338270686660877 0.01953125 0.03418803418803419
0 0.9260467814253429 0.22547902495462743 0.01953125 0.03418803418803419
0 0.9279629471776726 0.22170565239619378 0.01953125 0.03418803418803419
0 0.949040770453298 0.22925239751306106 0.01953125 0.03418803418803419
0 0.9555078298674103 0.22505976133702374 0.01953125 0.03418803418803419
0 0.9624539307196052 0.23051018836587228 0.01953125 0.03418803418803419
0 0.9667653036623467 0.23218724283628725 0.01953125 0.03418803418803419
0 0.9835317539952306 0.23679914262992838 0.01953125 0.03418803418803419
0 0.9854479197475602 0.24392662412919192 0.01953125 0.03418803418803419
0 0.988801209814137 0.24183030604117325 0.01953125 0.03418803418803419
0 0.9921544998807138 0.2447651513643994 0.01953125 0.03418803418803419
0 0.9890407305331782 0.2468614694524181 0.01953125 0.03418803418803419
0 0.994789227790167 0.2497963147756443 0.01953125 0.03418803418803419
0 0.9983820385757849 0.2686631775678125 0.01953125 0.03418803418803419
0 0.9983820385757849 0.2799832952431135 0.01953125 0.03418803418803419
0 0.983771274714272 0.261535696068549 0.01953125 0.03418803418803419
0 0.9799389432096127 0.2741136045966611 0.01953125 0.03418803418803419
0 0.968441948695635 0.2527311600988704 0.01953125 0.03418803418803419
0 0.9626934514386464 0.2535696873340779 0.01953125 0.03418803418803419
0 0.9667653036623467 0.26027790521573774 0.01953125 0.03418803418803419
0 0.9713161973241294 0.2674053867150013 0.01953125 0.03418803418803419
0 0.9602982442482344 0.2770484499198873 0.01953125 0.03418803418803419
0 0.9504778947675453 0.2862722495071696 0.01953125 0.03418803418803419
0 0.955028788429328 0.2820796133311322 0.01953125 0.03418803418803419
0 0.9581425577768635 0.26908244118541624 0.01953125 0.03418803418803419
0 0.9581425577768635 0.2606971688333415 0.01953125 0.03418803418803419
0 0.9547892677102868 0.2544082145692854 0.01953125 0.03418803418803419
0 0.9435317939153505 0.2476999966876256 0.01953125 0.03418803418803419
0 0.9392204209726089 0.2476999966876256 0.01953125 0.03418803418803419
0 0.9365856930631558 0.2535696873340779 0.01953125 0.03418803418803419
0 0.9435317939153505 0.2565045326573041 0.01953125 0.03418803418803419
0 0.9528731019579573 0.26614759586219006 0.01953125 0.03418803418803419
0 0.9492802911723391 0.2623742233037565 0.01953125 0.03418803418803419
0 0.9358671309060321 0.2720172865086425 0.01953125 0.03418803418803419
0 0.922453970639725 0.2720172865086425 0.01953125 0.03418803418803419
0 0.9205378048873954 0.2372184062475321 0.01953125 0.03418803418803419
0 0.9226934913587661 0.25566600542209666 0.01953125 0.03418803418803419
0 0.9272443850205491 0.2565045326573041 0.01953125 0.03418803418803419
0 0.9179030769779423 0.2623742233037565 0.01953125 0.03418803418803419
0 0.915268349068489 0.2535696873340779 0.01953125 0.03418803418803419
0 0.9181425976969834 0.2506348420108518 0.01953125 0.03418803418803419
0 0.9219749292016426 0.251892632863663 0.01953125 0.03418803418803419
0 0.9092803310924591 0.2535696873340779 0.01953125 0.03418803418803419
0 0.9028132716783467 0.25985864159813404 0.01953125 0.03418803418803419
0 0.8999390230498523 0.2476999966876256 0.01953125 0.03418803418803419
0 0.8870049042216276 0.25860085074532285 0.01953125 0.03418803418803419
0 0.88748394565971 0.25147336924605923 0.01953125 0.03418803418803419
0 0.8920348393214927 0.25860085074532285 0.01953125 0.03418803418803419
0 0.8970647744213579 0.261535696068549 0.01953125 0.03418803418803419
0 0.9064060824639647 0.25734305989251155 0.01953125 0.03418803418803419
0 0.9296395922109608 0.24392662412919192 0.01953125 0.03418803418803419
0 0.9133521833161594 0.23889546071794707 0.01953125 0.03418803418803419
0 0.9035318338354702 0.2447651513643994 0.01953125 0.03418803418803419
0 0.8204181443281743 0.2011617351336106 0.01953125 0.03418803418803419
0 0.8297594523707811 0.22044786154338256 0.01953125 0.03418803418803419
0 0.8333522631563992 0.19529204448715823 0.01953125 0.03418803418803419
0 0.8347893874706463 0.20283878960402552 0.01953125 0.03418803418803419
0 0.7027396190572416 0.3427348302762132 0.01953125 0.03418803418803419
0 0.7218413964007772 0.3274579122097769 0.01953125 0.03418803418803419
0 0.7299102506234776 0.35282336107480317 0.01953125 0.03418803418803419
0 0.7420958672046984 0.34014063664229005 0.01953125 0.03418803418803419
0 0.7579042346614177 0.3395641491680849 0.01953125 0.03418803418803419
0 0.7468713115405825 0.31996357504511014 0.01953125 0.03418803418803419
0 0.7514820853821255 0.29056271386064786 0.01953125 0.03418803418803419
0 0.7448952656084925 0.30266895081895584 0.01953125 0.03418803418803419
0 0.7386377868235413 0.2966158323398019 0.01953125 0.03418803418803419
0 0.7221707373894588 0.3067043631383919 0.01953125 0.03418803418803419
0 0.6890719680269531 0.3078573380868021 0.01953125 0.03418803418803419
0 0.6758983284796872 0.3147751877772638 0.01953125 0.03418803418803419
0 0.6791917383665037 0.299210025973725 0.01953125 0.03418803418803419
0 0.6992815386760842 0.28566257032990416 0.01953125 0.03418803418803419
0 0.6772156924344138 0.2845095953814939 0.01953125 0.03418803418803419
0 0.6795210793551854 0.2556852216712368 0.01953125 0.03418803418803419
0 0.6806737728155712 0.24242600976451853 0.01953125 0.03418803418803419
0 0.6841318531967284 0.2499203469291854 0.01953125 0.03418803418803419
0 0.6917066959364063 0.244155472187134 0.01953125 0.03418803418803419
0 0.6989521976874026 0.2654855087327242 0.01953125 0.03418803418803419
0 0.6986228566987209 0.24732615329526228 0.01953125 0.03418803418803419
0 0.7027396190572416 0.23896708491928767 0.01953125 0.03418803418803419
0 0.7137725421780767 0.2412730348161083 0.01953125 0.03418803418803419
0 0.725628817770616 0.2343551851256466 0.01953125 0.03418803418803419
0 0.7226647488724813 0.2594323902535703 0.01953125 0.03418803418803419
0 0.7173952930535749 0.2735563333715962 0.01953125 0.03418803418803419
0 0.7419311967103577 0.2758622832684168 0.01953125 0.03418803418803419
0 0.7521407673594888 0.2605853652019805 0.01953125 0.03418803418803419
0 0.7625150085029606 0.244155472187134 0.01953125 0.03418803418803419
0 0.7537874723028971 0.23810235370798002 0.01953125 0.03418803418803419
0 0.7626796789973015 0.22570787301256945 0.01953125 0.03418803418803419
0 0.757574893672736 0.24934385945498025 0.01953125 0.03418803418803419
0 0.750988073899103 0.24819088450656998 0.01953125 0.03418803418803419
0 0.8127395092769121 0.2634678025730062 0.01953125 0.03418803418803419
0 0.7709132037143427 0.3701179853009574 0.01953125 0.03418803418803419
0 0.7860628891936985 0.36320013561049574 0.01953125 0.03418803418803419
0 0.7974251533032154 0.3839536846818808 0.01953125 0.03418803418803419
0 0.6945060943402004 0.23031977280621055 0.01953125 0.03418803418803419
0 0.8367814014506724 0.34071712411649524 0.01953125 0.03418803418803419
0 0.7127316250532436 0.21995872065617825 0.01953125 0.03418803418803419
0 0.725208658509298 0.22112043026328862 0.01953125 0.03418803418803419
0 0.7317126440342626 0.21856466912764583 0.01953125 0.03418803418803419
0 0.7406058487316632 0.24807209314824902 0.01953125 0.03418803418803419
0 0.7412695207240064 0.2715386272118783 0.01953125 0.03418803418803419
0 0.7427295991071619 0.26154792459072923 0.01953125 0.03418803418803419
0 0.6719821647233637 0.25690108616228774 0.01953125 0.03418803418803419
0 0.6731767743095817 0.232040500570126 0.01953125 0.03418803418803419
0 0.6737077119034564 0.2146148564634706 0.01953125 0.03418803418803419
0 0.6739731807003937 0.2036947861566332 0.01953125 0.03418803418803419
0 0.6812735726161703 0.21136206956356157 0.01953125 0.03418803418803419
0 0.6857865421641047 0.20323010231378902 0.01953125 0.03418803418803419
0 0.6899013085166334 0.21182675340640572 0.01953125 0.03418803418803419
0 0.6957416220492546 0.2146148564634706 0.01953125 0.03418803418803419
0 0.6957416220492546 0.2204234044990224 0.01953125 0.03418803418803419
0 0.7041038891527805 0.20741225689938633 0.01953125 0.03418803418803419
0 0.7006527947925952 0.19904794772819173 0.01953125 0.03418803418803419
0 0.7072895147160284 0.21554422414915886 0.01953125 0.03418803418803419
0 0.7031747483634998 0.2250702429274638 0.01953125 0.03418803418803419
0 0.7079531867083717 0.22971708135590527 0.01953125 0.03418803418803419
0 0.7177755321950529 0.20648288921369806 0.01953125 0.03418803418803419
0 0.7208284233598322 0.2146148564634706 0.01953125 0.03418803418803419
0 0.7411367863255378 0.21902935297048995 0.01953125 0.03418803418803419
0 0.7420659271148184 0.2250702429274638 0.01953125 0.03418803418803419
0 0.7325090504250746 0.2253025848488859 0.01953125 0.03418803418803419
0 0.752551944593843 0.22483790100604178 0.01953125 0.03418803418803419
0 0.7567994453448402 0.22646429445599625 0.01953125 0.03418803418803419
0 0.7538792885785296 0.21740295952053545 0.01953125 0.03418803418803419
0 0.7477735062489711 0.21717061759911338 0.01953125 0.03418803418803419
0 0.756533976547903 0.21089738572071745 0.01953125 0.03418803418803419
0 0.7502954598198757 0.2069475730565422 0.01953125 0.03418803418803419
0 0.7558703045555596 0.19765389619965928 0.01953125 0.03418803418803419
0 0.7510918662106877 0.1899866127927309 0.01953125 0.03418803418803419
0 0.7427295991071619 0.1883602193427764 0.01953125 0.03418803418803419
0 0.7418004583178812 0.1983509219639255 0.01953125 0.03418803418803419
0 0.7379511607622898 0.18278401322864668 0.01953125 0.03418803418803419
0 0.7451188182795978 0.18603680012855567 0.01953125 0.03418803418803419
0 0.714988109827211 0.16652007872910163 0.01953125 0.03418803418803419
0 0.6818045102100448 0.1851074324428674 0.01953125 0.03418803418803419
0 0.692423262087538 0.18580445820713362 0.01953125 0.03418803418803419
0 0.696007090846192 0.1867338258928219 0.01953125 0.03418803418803419
0 0.7025110763711565 0.1918453481641075 0.01953125 0.03418803418803419
0 0.7083513899037778 0.19254237392837373 0.01953125 0.03418803418803419
0 0.7050330299420611 0.19904794772819173 0.01953125 0.03418803418803419
0 0.6970689660339412 0.19416876737832822 0.01953125 0.03418803418803419
0 0.7009182635895326 0.17860185864304937 0.01953125 0.03418803418803419
0 0.7038384203558431 0.17395502021460793 0.01953125 0.03418803418803419
0 0.6961398252446607 0.1693081817861665 0.01953125 0.03418803418803419
0 0.6808753694207642 0.16582305296483538 0.01953125 0.03418803418803419
0 0.6739731807003937 0.1760460975074066 0.01953125 0.03418803418803419
0 0.6747695870912056 0.1916130062426854 0.01953125 0.03418803418803419
0 0.7246777209154235 0.17976356825015974 0.01953125 0.03418803418803419
0 0.7197665481720829 0.18603680012855567 0.01953125 0.03418803418803419
0 0.7168463914057723 0.19114832239984128 0.01953125 0.03418803418803419
0 0.7092805306930583 0.1672171044933678 0.01953125 0.03418803418803419
0 0.7059621707313417 0.16977286562901062 0.01953125 0.03418803418803419
0 0.7005200603941265 0.21670593375626923 0.01953125 0.03418803418803419
0 0.7359601447852598 0.22832302982737288 0.01953125 0.03418803418803419
0 0.7356946759883226 0.2002096573353021 0.01953125 0.03418803418803419
0 0.7318453784327312 0.19579516082828274 0.01953125 0.03418803418803419
0 0.7299870968541701 0.2053211796065877 0.01953125 0.03418803418803419
0 0.611917354408803 0.2968333253414341 0.01953125 0.03418803418803419
0 0.5995401212523491 0.2951667524614592 0.01953125 0.03418803418803419
0 0.584941333426788 0.2854450773282725 0.01953125 0.03418803418803419
0 0.591129950005015 0.27044592140849877 0.01953125 0.03418803418803419
0 0.5933515046741221 0.25850214910201225 0.01953125 0.03418803418803419
0 0.5985880263941603 0.24516956606221338 0.01953125 0.03418803418803419
0 0.6027137707796449 0.23766998810232645 0.01953125 0.03418803418803419
0 0.6101718471687902 0.2337813180490518 0.01953125 0.03418803418803419
0 0.5649473414048239 0.24489180391555088 0.01953125 0.03418803418803419
0 0.5668515311212015 0.2635018677419368 0.01953125 0.03418803418803419
0 0.5727227827466989 0.28711165020824736 0.01953125 0.03418803418803419
0 0.5644712939757296 0.2937779417281468 0.01953125 0.03418803418803419
0 0.5789113993249259 0.30516618974130844 0.01953125 0.03418803418803419
0 0.5736748776048877 0.2421141824489261 0.01953125 0.03418803418803419
0 0.6206448906088666 0.24489180391555088 0.01953125 0.03418803418803419
0 0.6311179340489431 0.2560022897820499 0.01953125 0.03418803418803419
0 0.6117586719324382 0.26183529486196194 0.01953125 0.03418803418803419
0 0.6290550618562007 0.2879449366482348 0.01953125 0.03418803418803419
0 0.6368305031980757 0.2673905377952115 0.01953125 0.03418803418803419
0 0.6492077363545297 0.23433684234237676 0.01953125 0.03418803418803419
0 0.6474622291145169 0.25239138187543775 0.01953125 0.03418803418803419
0 0.6368305031980757 0.2460028525022008 0.01953125 0.03418803418803419
0 0.6393694228199124 0.2323925073157394 0.01953125 0.03418803418803419
0 0.6614262870346187 0.26627948920856165 0.01953125 0.03418803418803419
0 0.6563484477909454 0.32349849142103193 0.01953125 0.03418803418803419
0 0.6425430723472083 0.33572002587418087 0.01953125 0.03418803418803419
0 0.6330221237653206 0.3109991948212204 0.01953125 0.03418803418803419
0 0.16458047550349253 0.2142908006256977 0.01953125 0.03418803418803419
0 0.1550146167867847 0.2247095015231506 0.01953125 0.03418803418803419
0 0.15161342257639965 0.22545369444439722 0.01953125 0.03418803418803419
0 0.15055054938565435 0.2180117652319309 0.01953125 0.03418803418803419
0 0.14162241458339364 0.21689547585006091 0.01953125 0.03418803418803419
0 0.16436790086534347 0.22731417674751384 0.01953125 0.03418803418803419
0 0.1577780870827225 0.21987224753504744 0.01953125 0.03418803418803419
0 0.16606849797053597 0.22433740506252725 0.01953125 0.03418803418803419
0 0.169469692180921 0.21912805461380078 0.01953125 0.03418803418803419
0 0.17329603566760415 0.2090814501769712 0.01953125 0.03418803418803419
0 0.17584693132539292 0.198290652818895 0.01953125 0.03418803418803419
0 0.179460700173927 0.20089532804325821 0.01953125 0.03418803418803419
0 0.16458047550349253 0.20387209972824477 0.01953125 0.03418803418803419
0 0.1628798783983 0.23922126348745998 0.01953125 0.03418803418803419
0 0.16266730376015096 0.2991287936478143 0.01953125 0.03418803418803419
0 0.16032898274051127 0.3009892759509309 0.01953125 0.03418803418803419
0 0.20794570168590157 0.3158731343758637 0.01953125 0.03418803418803419
0 0.2017810371795787 0.3419198866194959 0.01953125 0.03418803418803419
0 0.20156846254142963 0.28201235645914163 0.01953125 0.03418803418803419
0 0.1988049922454918 0.2961520219628277 0.01953125 0.03418803418803419
0 0.19923014152178992 0.3028497582540475 0.01953125 0.03418803418803419
0 0.2145355154685225 0.30136137241155425 0.01953125 0.03418803418803419
0 0.22516424737597568 0.3028497582540475 0.01953125 0.03418803418803419
0 0.23366723290193828 0.29429153965971117 0.01953125 0.03418803418803419
0 0.23600555392157796 0.2846170316835049 0.01953125 0.03418803418803419
0 0.23324208362564014 0.23215143073561695 0.01953125 0.03418803418803419
0 0.22452652346152852 0.22694208028689047 0.01953125 0.03418803418803419
0 0.2268648444811682 0.21912805461380078 0.01953125 0.03418803418803419
0 0.22771514303376447 0.2090814501769712 0.01953125 0.03418803418803419
0 0.22133790388929256 0.20350000326762144 0.01953125 0.03418803418803419
0 0.21857443359335474 0.20089532804325821 0.01953125 0.03418803418803419
0 0.22495167273782665 0.19233710944892188 0.01953125 0.03418803418803419
0 0.2345175314545345 0.2001511351220116 0.01953125 0.03418803418803419
0 0.20858342560034873 0.20350000326762144 0.01953125 0.03418803418803419
0 0.21092174661998842 0.19754645989764835 0.01953125 0.03418803418803419
0 0.21240976908703188 0.21243031832258108 0.01953125 0.03418803418803419
0 0.21155947053443563 0.22954675551125375 0.01953125 0.03418803418803419
0 0.196041521949554 0.23736078118434342 0.01953125 0.03418803418803419
0 0.20263133573217496 0.24629109623930306 0.01953125 0.03418803418803419
0 0.1964666712258521 0.24666319269992643 0.01953125 0.03418803418803419
0 0.2030564850084731 0.2570818935973793 0.01953125 0.03418803418803419
0 0.19923014152178992 0.2652680157310923 0.01953125 0.03418803418803419
0 0.18094872264097042 0.23215143073561695 0.01953125 0.03418803418803419
0 0.1841373422132064 0.21205822186195775 0.01953125 0.03418803418803419
0 0.19476607412065958 0.20722096787385463 0.01953125 0.03418803418803419
0 0.1911523052721255 0.2087093537163479 0.01953125 0.03418803418803419
0 0.2510983532301615 0.3333616680251596 0.01953125 0.03418803418803419
0 0.23749357638862142 0.3117800733090071 0.01953125 0.03418803418803419
0 0.24833488293422368 0.2991287936478143 0.01953125 0.03418803418803419
0 0.2568378684601862 0.29131476797472466 0.01953125 0.03418803418803419
0 0.24599656191458394 0.264895919270469 0.01953125 0.03418803418803419
0 0.25258637569720493 0.25373302545176946 0.01953125 0.03418803418803419
0 0.24493368872383864 0.2366165882630968 0.01953125 0.03418803418803419
0 0.24280794234234804 0.22173272983816406 0.01953125 0.03418803418803419
0 0.2534366742498012 0.21689547585006091 0.01953125 0.03418803418803419
0 0.2570504430983353 0.22024434399567075 0.01953125 0.03418803418803419
0 0.25896361484167685 0.22582579090502058 0.01953125 0.03418803418803419
0 0.25896361484167685 0.21243031832258108 0.01953125 0.03418803418803419
0 0.259601338756124 0.19308130237016852 0.01953125 0.03418803418803419
0 0.26385283151910527 0.198290652818895 0.01953125 0.03418803418803419
0 0.2651282793479997 0.18898824130331204 0.01953125 0.03418803418803419
0 0.2687420481965338 0.19345339883079185 0.01953125 0.03418803418803419
0 0.25216122642090677 0.19568597759453174 0.01953125 0.03418803418803419
0 0.23621812855972701 0.19308130237016852 0.01953125 0.03418803418803419
0 0.23026603869155324 0.19605807405515507 0.01953125 0.03418803418803419
0 0.2177241350407585 0.2165233793894376 0.01953125 0.03418803418803419
0 0.2549246967168446 0.2790355847741551 0.01953125 0.03418803418803419
0 0.2623648090520619 0.27568671662854527 0.01953125 0.03418803418803419
0 0.2570504430983353 0.264895919270469 0.01953125 0.03418803418803419
0 0.2674666003676394 0.2425701316330699 0.01953125 0.03418803418803419
0 0.27235581704506784 0.2325235271962403 0.01953125 0.03418803418803419
0 0.26640372717689403 0.22582579090502058 0.01953125 0.03418803418803419
0 0.27299354095951506 0.22210482629878736 0.01953125 0.03418803418803419
0 0.27023007066357724 0.2142908006256977 0.01953125 0.03418803418803419
0 0.2649157047098506 0.2090814501769712 0.01953125 0.03418803418803419
0 0.27278096632136595 0.2023837138857515 0.01953125 0.03418803418803419
0 0.27511928734100566 0.19419759175203846 0.01953125 0.03418803418803419
0 0.2797959293802851 0.19308130237016852 0.01953125 0.03418803418803419
0 0.2789456308276888 0.20089532804325821 0.01953125 0.03418803418803419
0 0.2804336532947323 0.21056983601946447 0.01953125 0.03418803418803419
0 0.27873305618953975 0.22061644045629408 0.01953125 0.03418803418803419
0 0.27511928734100566 0.24629109623930306 0.01953125 0.03418803418803419
0 0.27278096632136595 0.2675005944948322 0.01953125 0.03418803418803419
0 0.26534085398614876 0.3564316485838054 0.01953125 0.03418803418803419
0 0.27129294385432257 0.33745472909201607 0.01953125 0.03418803418803419
0 0.2736312648739622 0.3255476423520699 0.01953125 0.03418803418803419
0 0.2755444366173039 0.2916868644353479 0.01953125 0.03418803418803419
0 0.2681043242820866 0.29503573258095783 0.01953125 0.03418803418803419
0 0.2334546582637892 0.364245674256895 0.01953125 0.03418803418803419
0 0.20093073862698244 0.3635014813356484 0.01953125 0.03418803418803419
0 0.2893617880969929 0.2165233793894376 0.01953125 0.03418803418803419
0 0.29276298230737796 0.22694208028689047 0.01953125 0.03418803418803419
0 0.29276298230737796 0.24182593871182326 0.01953125 0.03418803418803419
0 0.2834096982288191 0.24368642101493987 0.01953125 0.03418803418803419
0 0.2844725714195645 0.25819818297924924 0.01953125 0.03418803418803419
0 0.296164176517763 0.25298883253052284 0.01953125 0.03418803418803419
0 0.28553544461030983 0.20350000326762144 0.01953125 0.03418803418803419
0 0.29573902724146484 0.21168612540133444 0.01953125 0.03418803418803419
0 0.30275399030038397 0.21689547585006091 0.01953125 0.03418803418803419
0 0.3118946997407937 0.19717436343702502 0.01953125 0.03418803418803419
0 0.30360428885298024 0.19568597759453174 0.01953125 0.03418803418803419
0 0.3019036917477877 0.19940694220076496 0.01953125 0.03418803418803419
0 0.32613720049678097 0.19754645989764835 0.01953125 0.03418803418803419
0 0.33846652950942663 0.20126742450388152 0.01953125 0.03418803418803419
0 0.34867011214058174 0.19754645989764835 0.01953125 0.03418803418803419
0 0.32996354398346417 0.21317451124382772 0.01953125 0.03418803418803419
0 0.32507432730603564 0.23475610595998023 0.01953125 0.03418803418803419
0 0.3212479838193525 0.21912805461380078 0.01953125 0.03418803418803419
0 0.31699649105637123 0.2128024147832044 0.01953125 0.03418803418803419
0 0.3055174605963218 0.24926786792428965 0.01953125 0.03418803418803419
0 0.2776701829987945 0.2410817457905766 0.01953125 0.03418803418803419
0 0.25726301773648436 0.2325235271962403 0.01953125 0.03418803418803419
0 0.2604516373087203 0.2410817457905766 0.01953125 0.03418803418803419
0 0.31168212510264465 0.24926786792428965 0.01953125 0.03418803418803419
0 0.3189096627997128 0.25559350775488604 0.01953125 0.03418803418803419
0 0.3259246258586319 0.25298883253052284 0.01953125 0.03418803418803419
0 0.33230186500310377 0.22954675551125375 0.01953125 0.03418803418803419
0 0.3127449982933899 0.22508159798377392 0.01953125 0.03418803418803419
0 0.316358767141924 0.22768627320813714 0.01953125 0.03418803418803419
0 0.31954738671416 0.20796516079510127 0.01953125 0.03418803418803419
0 0.34229287299610983 0.2410817457905766 0.01953125 0.03418803418803419
0 0.3473946643116873 0.23475610595998023 0.01953125 0.03418803418803419
0 0.34505634329204765 0.2209885369169174 0.01953125 0.03418803418803419
0 0.34101742516721545 0.2224769227594107 0.01953125 0.03418803418803419
0 0.34781981358798547 0.25075625376678295 0.01953125 0.03418803418803419
0 0.3312389918123585 0.2675005944948322 0.01953125 0.03418803418803419
0 0.3399545519764701 0.2611749546642358 0.01953125 0.03418803418803419
0 0.3259246258586319 0.2805239706166484 0.01953125 0.03418803418803419
0 0.3157210432274769 0.3065707228602807 0.01953125 0.03418803418803419
0 0.28617316852475694 0.27829139185290847 0.01953125 0.03418803418803419
0 0.29191268375478174 0.27419833078605194 0.01953125 0.03418803418803419
0 0.2923378330310798 0.30210556533280086 0.01953125 0.03418803418803419
0 0.2836222728669683 0.29577992550220444 0.01953125 0.03418803418803419
0 0.30360428885298024 0.29764040780532103 0.01953125 0.03418803418803419
0 0.2474845843816274 0.20201161742512816 0.01953125 0.03418803418803419
0 0.24365824089494428 0.20461629264949138 0.01953125 0.03418803418803419
0 0.23919417349381392 0.21019773955884116 0.01953125 0.03418803418803419
0 0.22771514303376447 0.20201161742512816 0.01953125 0.03418803418803419
0 0.29276298230737796 0.23363981657811025 0.01953125 0.03418803418803419
0 0.3259246258586319 0.27010526971919546 0.01953125 0.03418803418803419
0 0.24620913655273302 0.314012652072747 0.01953125 0.03418803418803419
0 0.17563435668724386 0.21503499354694433 0.01953125 0.03418803418803419
0 0.3795148917366102 0.2124652569573814 0.01953125 0.03418803418803419
0 0.37506180236843584 0.19043644771578494 0.01953125 0.03418803418803419
0 0.3812574049676349 0.18433616207965053 0.01953125 0.03418803418803419
0 0.38261269303620965 0.19077535247334793 0.01953125 0.03418803418803419
0 0.38028934206151005 0.19755344762460839 0.01953125 0.03418803418803419
0 0.36789813686311207 0.20467044753343186 0.01953125 0.03418803418803419
0 0.3688661997692369 0.19518111432166724 0.01953125 0.03418803418803419
0 0.36305782233248773 0.18467506683721352 0.01953125 0.03418803418803419
0 0.35357080585246425 0.18670849538259165 0.01953125 0.03418803418803419
0 0.3595727958704384 0.17891368595864213 0.01953125 0.03418803418803419
0 0.361702534263913 0.20467044753343186 0.01953125 0.03418803418803419
0 0.3398243125854915 0.18806411441284376 0.01953125 0.03418803418803419
0 0.33111174643036784 0.18433616207965053 0.01953125 0.03418803418803419
0 0.323948080925044 0.18806411441284376 0.01953125 0.03418803418803419
0 0.32917562061811817 0.18264163829183538 0.01953125 0.03418803418803419
0 0.33072452126791796 0.17789697168595306 0.01953125 0.03418803418803419
0 0.35337719327123934 0.2243269234720872 0.01953125 0.03418803418803419
0 0.3566686071520638 0.23618858998679298 0.01953125 0.03418803418803419
0 0.3572494448957387 0.22127678065402 0.01953125 0.03418803418803419
0 0.3537644184336893 0.1992479714124235 0.01953125 0.03418803418803419
0 0.3460199151846905 0.20839839986662512 0.01953125 0.03418803418803419
0 0.3580238952206386 0.17315230508007073 0.01953125 0.03418803418803419
0 0.3888082956354087 0.20399263801830583 0.01953125 0.03418803418803419
0 0.39035719628520843 0.18941973344309584 0.01953125 0.03418803418803419
0 0.398876149859107 0.2077205903514991 0.01953125 0.03418803418803419
0 0.4023611763211565 0.2199211616237679 0.01953125 0.03418803418803419
0 0.40313562664605634 0.311086541408221 0.01953125 0.03418803418803419
0 0.4263691363930527 0.2619453515615827 0.01953125 0.03418803418803419
0 0.40449091471463117 0.27143468477334737 0.01953125 0.03418803418803419
0 0.41281625570730485 0.2677067324401541 0.01953125 0.03418803418803419
0 0.3812574049676349 0.2927856844998178 0.01953125 0.03418803418803419
0 0.3779659910868104 0.3185424460746075 0.01953125 0.03418803418803419
0 0.3216247299503444 0.3202369698624226 0.01953125 0.03418803418803419
0 0.40816955375790553 0.18501397159477653 0.01953125 0.03418803418803419
0 0.4232713350934531 0.1823027335342724 0.01953125 0.03418803418803419
0 0.4397284044975755 0.19179206674603702 0.01953125 0.03418803418803419
0 0.4141715437758796 0.1958589238367933 0.01953125 0.03418803418803419
0 0.41107374247628004 0.21653211404813766 0.01953125 0.03418803418803419
0 0.4072014908517807 0.22771597104771743 0.01953125 0.03418803418803419
0 0.40681426568933077 0.20331482850317978 0.01953125 0.03418803418803419
0 0.38435520626723435 0.17721916217082703 0.01953125 0.03418803418803419
0 0.3890019082166336 0.17620244789813796 0.01953125 0.03418803418803419
0 0.38551688175458415 0.17179668604981865 0.01953125 0.03418803418803419
0 0.4275308118804025 0.21178744744225536 0.01953125 0.03418803418803419
0 0.41901185830650384 0.2050093522909949 0.01953125 0.03418803418803419
0 0.4143651563571046 0.21890444735107883 0.01953125 0.03418803418803419
0 0.41765657023792907 0.24737244698637276 0.01953125 0.03418803418803419
0 0.42559468606815276 0.221954590169146 0.01953125 0.03418803418803419
0 0.4292733251114272 0.22839378056284346 0.01953125 0.03418803418803419
0 0.42675636155550256 0.23822201853217115 0.01953125 0.03418803418803419
0 0.41184819280118 0.24059435183511227 0.01953125 0.03418803418803419
0 0.4457303945155495 0.22974939959309554 0.01953125 0.03418803418803419
0 0.45076432162739877 0.24771135174393577 0.01953125 0.03418803418803419
0 0.45870243745762257 0.2643176848645239 0.01953125 0.03418803418803419
0 0.47496589428051994 0.2775349704094818 0.01953125 0.03418803418803419
0 0.48154872204216886 0.2633009705918349 0.01953125 0.03418803418803419
0 0.49393992724056685 0.266012208652339 0.01953125 0.03418803418803419
0 0.49994191725854087 0.24872806601662487 0.01953125 0.03418803418803419
0 0.4964568907964914 0.28160182750023804 0.01953125 0.03418803418803419
0 0.5067183576014148 0.24432230416830553 0.01953125 0.03418803418803419
0 0.4825167849482937 0.18840301917040678 0.01953125 0.03418803418803419
0 0.49529521530914167 0.17247449556494474 0.01953125 0.03418803418803419
0 0.5003291424209908 0.18094711450402026 0.01953125 0.03418803418803419
0 0.5040077814642653 0.176541352655701 0.01953125 0.03418803418803419
0 0.5072991953450897 0.1785747812010791 0.01953125 0.03418803418803419
0 0.47787008299889444 0.18433616207965053 0.01953125 0.03418803418803419
0 0.46547887780049646 0.18501397159477653 0.01953125 0.03418803418803419
0 0.4679958413564211 0.19789235238217143 0.01953125 0.03418803418803419
0 0.46567249038172137 0.20738168559393605 0.01953125 0.03418803418803419
0 0.45908966262007245 0.21280416171494443 0.01953125 0.03418803418803419
0 0.4579279871327226 0.22907159007796954 0.01953125 0.03418803418803419
0 0.45115154678984865 0.22229349492670908 0.01953125 0.03418803418803419
0 0.44844097065269917 0.20873730462418816 0.01953125 0.03418803418803419
0 0.4476665203277993 0.17721916217082703 0.01953125 0.03418803418803419
0 0.4348880899669513 0.1856917811099026 0.01953125 0.03418803418803419
0 0.4873570994789179 0.1812860192615833 0.01953125 0.03418803418803419
0 0.5014908179083406 0.17010216226200356 0.01953125 0.03418803418803419
0 0.48619542399156807 0.17145778129225564 0.01953125 0.03418803418803419
0 0.4757403446054198 0.1958589238367933 0.01953125 0.03418803418803419
0 0.4705128049123456 0.18467506683721352 0.01953125 0.03418803418803419
0 0.3193013789756448 0.17247449556494474 0.01953125 0.03418803418803419
0 0.31523551476992046 0.17993040023133122 0.01953125 0.03418803418803419
0 0.37622347785578575 0.17959149547376818 0.01953125 0.03418803418803419
0 0.03805415467147736 0.2539583796462313 0.01953125 0.03418803418803419
0 0.09276517791396917 0.2314124786095903 0.01953125 0.03418803418803419
0 0.06668137161038266 0.23858188647061424 0.01953125 0.03418803418803419
0 0.6299662385915533 0.21323652732059833 0.01953125 0.03418803418803419
0 0.6232147483235795 0.21467774600611117 0.01953125 0.03418803418803419
0 0.6189333154707182 0.22649573922731658 0.01953125 0.03418803418803419
0 0.614322541629175 0.22822520164993196 0.01953125 0.03418803418803419
0 0.602136925047954 0.21900140206264973 0.01953125 0.03418803418803419
0 0.6072417103725195 0.21179530863508544 0.01953125 0.03418803418803419
0 0.6113584727310403 0.20487745894462378 0.01953125 0.03418803418803419
0 0.6136638596518117 0.21583072095452144 0.01953125 0.03418803418803419
0 0.6502207093954746 0.29336828623511296 0.01953125 0.03418803418803419
0 0.6543374717539953 0.3155630539920109 0.01953125 0.03418803418803419
0 0.6635590194370814 0.29740369855454896 0.01953125 0.03418803418803419
0 0.6493973569237705 0.2164072084287266 0.01953125 0.03418803418803419
0 0.6355650353991413 0.21784842711423943 0.01953125 0.03418803418803419
0 0.6162985875612649 0.17864727886828985 0.01953125 0.03418803418803419
0 0.6090530858102686 0.17547659776016156 0.01953125 0.03418803418803419
0 0.623708759806602 0.17893552260539242 0.01953125 0.03418803418803419
0 0.6014782430705907 0.1714411854407256 0.01953125 0.03418803418803419
0 0.6055950054291114 0.16827050433259727 0.01953125 0.03418803418803419
0 0.6174512810216507 0.16827050433259727 0.01953125 0.03418803418803419
0 0.6294722271085309 0.17835903513118728 0.01953125 0.03418803418803419
0 0.6370470698482088 0.17374713533754613 0.01953125 0.03418803418803419
0 0.6337536599613923 0.17172942917782816 0.01953125 0.03418803418803419
0 0.6380350928142537 0.16855874806969984 0.01953125 0.03418803418803419
0 0.6569721996634484 0.17749430391987955 0.01953125 0.03418803418803419
0 0.6515380733502013 0.17490011028595645 0.01953125 0.03418803418803419
0 0.647091970002999 0.19075351582659783 0.01953125 0.03418803418803419
0 0.6482446634633848 0.1855651285587515 0.01953125 0.03418803418803419
0 0.6515380733502013 0.18268269118772582 0.01953125 0.03418803418803419
0 0.6474213109916807 0.17835903513118728 0.01953125 0.03418803418803419
0 0.6624063259766957 0.17086469796652043 0.01953125 0.03418803418803419
0 0.6658644063578529 0.16827050433259727 0.01953125 0.03418803418803419
0 0.6637236899314223 0.20055380288808525 0.01953125 0.03418803418803419
0 0.6652057243804896 0.19507717188313636 0.01953125 0.03418803418803419
0 0.6627356669653773 0.18642985977005924 0.01953125 0.03418803418803419
0 0.6614183030106506 0.21093057742377774 0.01953125 0.03418803418803419
0 0.6581248931238342 0.2037244839962135 0.01953125 0.03418803418803419
0 0.6569721996634484 0.19363595319762356 0.01953125 0.03418803418803419
0 0.6561488471917444 0.21611896469162406 0.01953125 0.03418803418803419
0 0.7421068452376545 0.16827050433259727 0.01953125 0.03418803418803419
0 0.7337086500262725 0.17086469796652043 0.01953125 0.03418803418803419
0 0.545560634205929 0.2600752611338961 0.01953125 0.03418803418803419
0 0.5389239142824958 0.2969180515308247 0.01953125 0.03418803418803419
0 0.545560634205929 0.2959223004390158 0.01953125 0.03418803418803419
0 0.560730279745205 0.2680412698683672 0.01953125 0.03418803418803419
0 0.5317183326513397 0.26870510392957303 0.01953125 0.03418803418803419
0 0.5265985772818341 0.27965836593947074 0.01953125 0.03418803418803419
0 0.538165432005532 0.24845816506279247 0.01953125 0.03418803418803419
0 0.5339937794822311 0.2318623135326445 0.01953125 0.03418803418803419
0 0.526977818420316 0.23418573274686524 0.01953125 0.03418803418803419
0 0.527357059558798 0.21825371527792312 0.01953125 0.03418803418803419
0 0.5413889816826282 0.2169260471555113 0.01953125 0.03418803418803419
0 0.5341834000514721 0.20962387248224615 0.01953125 0.03418803418803419
0 0.5283051624050027 0.2076323702986284 0.01953125 0.03418803418803419
0 0.5328560560667854 0.19900252750295144 0.01953125 0.03418803418803419
0 0.523564648173979 0.19900252750295144 0.01953125 0.03418803418803419
0 0.5209099602046057 0.2053089510844077 0.01953125 0.03418803418803419
0 0.5525765952678441 0.23318998165505633 0.01953125 0.03418803418803419
0 0.5726763756073847 0.22422822182877641 0.01953125 0.03418803418803419
0 0.5891733651313472 0.22721547510420306 0.01953125 0.03418803418803419
0 0.5925865353776842 0.21593029606370243 0.01953125 0.03418803418803419
0 0.5821574040694322 0.21194729169646687 0.01953125 0.03418803418803419
0 0.5702113082072524 0.20796428732923136 0.01953125 0.03418803418803419
0 0.5584548329143135 0.21294304278827578 0.01953125 0.03418803418803419
0 0.5529558364063261 0.20862812139043727 0.01953125 0.03418803418803419
0 0.5489738044522661 0.169461911779288 0.01953125 0.03418803418803419
0 0.5738140990228304 0.16647465850386137 0.01953125 0.03418803418803419
0 0.5777961309768903 0.1678023266262732 0.01953125 0.03418803418803419
0 0.5364588468823634 0.1794194226973768 0.01953125 0.03418803418803419
0 0.5402512582671825 0.17244916505471464 0.01953125 0.03418803418803419
0 0.5317183326513397 0.17244916505471464 0.01953125 0.03418803418803419
0 0.5355107440361587 0.185725846278833 0.01953125 0.03418803418803419
0 0.5283051624050027 0.1820747589422005 0.01953125 0.03418803418803419
0 0.5916384325314796 0.16647465850386137 0.01953125 0.03418803418803419
0 0.5853809537465282 0.16647465850386137 0.01953125 0.03418803418803419
0 0.5886045034236244 0.17344491614652352 0.01953125 0.03418803418803419
0 0.5916384325314796 0.1787555886361709 0.01953125 0.03418803418803419
0 0.5880356417159015 0.18506201221762714 0.01953125 0.03418803418803419
0 0.5986543935933947 0.2016578637477751 0.01953125 0.03418803418803419
0 0.5973270496087081 0.19136843579908336 0.01953125 0.03418803418803419
0 0.5946723616393347 0.1980067764111426 0.01953125 0.03418803418803419
0 0.5965685673317442 0.20630470217621658 0.01953125 0.03418803418803419
0 0.6187541739329353 0.20597278514561362 0.01953125 0.03418803418803419
0 0.6210296207638267 0.17377683317712647 0.01953125 0.03418803418803419
0 0.5961893261932624 0.16647465850386137 0.01953125 0.03418803418803419
0 0.5922072942392025 0.185725846278833 0.01953125 0.03418803418803419
0 0.5973270496087081 0.17975133972797977 0.01953125 0.03418803418803419
0 0.5978959113164308 0.17477258426893538 0.01953125 0.03418803418803419
0 0.5774168898384084 0.20564086811501067 0.01953125 0.03418803418803419
0 0.5802611983770227 0.20066211265596623 0.01953125 0.03418803418803419
0 0.5662292762531925 0.20431319999259884 0.01953125 0.03418803418803419
0 0.5669877585301563 0.22721547510420306 0.01953125 0.03418803418803419
0 0.5758999252844809 0.22854314322661493 0.01953125 0.03418803418803419
0 0.6462491564728728 0.22721547510420306 0.01953125 0.03418803418803419
0 0.660660319735185 0.24381132663435104 0.01953125 0.03418803418803419
0 0.6697920471486306 0.1839885226633874 0.01953125 0.03418803418803419
0 0.6157202448250799 0.16454517239701402 0.01953125 0.03418803418803419
0 0.6264088569122934 0.1594091930813682 0.01953125 0.03418803418803419
0 0.671887853440241 0.15427321376572234 0.01953125 0.03418803418803419
0 0.6616184026113496 0.15427321376572234 0.01953125 0.03418803418803419
0 0.6553309837365182 0.15207207977330275 0.01953125 0.03418803418803419
0 0.6427561459868553 0.15867548175056165 0.01953125 0.03418803418803419
0 0.7217680431805708 0.16197718273919107 0.01953125 0.03418803418803419
0 0.6689537246319864 0.17775197635153175 0.01953125 0.03418803418803419
0 0.6821573042691325 0.178118832016935 0.01953125 0.03418803418803419
0 0.6823668848982934 0.1707817187088696 0.01953125 0.03418803418803419
0 0.6679058214861812 0.1579417704197551 0.01953125 0.03418803418803419
0 0.6691633052611474 0.16197718273919107 0.01953125 0.03418803418803419
0 0.6471573391992373 0.16307774973540093 0.01953125 0.03418803418803419
0 0.6253609537664883 0.17114857437427286 0.01953125 0.03418803418803419
0 0.49896986234043184 0.16395383600301883 0.01953125 0.03418803418803419
0 0.5111055787718526 0.1701030357278737 0.01953125 0.03418803418803419
0 0.5125427030860998 0.17876781715835094 0.01953125 0.03418803418803419
0 0.5248380999968814 0.1698235266494712 0.01953125 0.03418803418803419
0 0.536175414031498 0.16087923614059144 0.01953125 0.03418803418803419
0 0.5114249397305742 0.1502578911612967 0.01953125 0.03418803418803419
0 0.5048780400767815 0.15640709088615154 0.01953125 0.03418803418803419
0 0.4893890335787839 0.15081690931810166 0.01953125 0.03418803418803419
0 0.48108564865202236 0.17038254480627618 0.01953125 0.03418803418803419
0 0.4721435418078176 0.16451285415982383 0.01953125 0.03418803418803419
0 0.4579319791447065 0.1689849994142637 0.01953125 0.03418803418803419
0 0.4568142157891809 0.17764978084474098 0.01953125 0.03418803418803419
0 0.46336111544297365 0.20140805250895286 0.01953125 0.03418803418803419
0 0.5904667770141697 0.14913985484768674 0.01953125 0.03418803418803419
0 0.5768939362685018 0.14830132761247924 0.01953125 0.03418803418803419
0 0.5103071763750486 0.16199727245420142 0.01953125 0.03418803418803419
0 0.5158959931526766 0.15948169074857896 0.01953125 0.03418803418803419
0 0.46671440550955046 0.16311530876781133 0.01953125 0.03418803418803419
0 0.4943391284389687 0.16479236323822632 0.01953125 0.03418803418803419
0 0.5138201469209862 0.18659407135362074 0.01953125 0.03418803418803419
0 0.5195686441779749 0.18659407135362074 0.01953125 0.03418803418803419
0 0.5214848099303045 0.1924637620000731 0.01953125 0.03418803418803419
0 0.5048780400767815 0.1877121076672307 0.01953125 0.03418803418803419
0 0.4935407260421647 0.177090762687936 0.01953125 0.03418803418803419
0 0.4906664774136703 0.17457518098231353 0.01953125 0.03418803418803419
0 0.46288207400489123 0.22544583325156725 0.01953125 0.03418803418803419
0 0.5082313301433582 0.2603844680518788 0.01953125 0.03418803418803419
0 0.515576632193955 0.2573098681894514 0.01953125 0.03418803418803419
0 0.5430416746440123 0.23802374177967936 0.01953125 0.03418803418803419
0 0.3984230564989207 0.16445607887827335 0.01953125 0.03418803418803419
0 0.4224769247086331 0.15587165630783678 0.01953125 0.03418803418803419
0 0.43648888677254316 0.1607770406338005 0.01953125 0.03418803418803419
0 0.4287823076373926 0.16977024523140072 0.01953125 0.03418803418803419
0 0.3732015247838825 0.16813511712274615 0.01953125 0.03418803418803419
0 0.3437764044496713 0.1640472968511097 0.01953125 0.03418803418803419
0 0.35218358168801733 0.1722229373943826 0.01953125 0.03418803418803419
0 0.3708661977732308 0.1624121687424551 0.01953125 0.03418803418803419
0 0.38020750581583757 0.17017902725856435 0.01953125 0.03418803418803419
0 0.3834769636307499 0.16568242495976426 0.01953125 0.03418803418803419
0 0.4647463436014286 0.16977024523140072 0.01953125 0.03418803418803419
0 0.46077628768332063 0.16322973279678238 0.01953125 0.03418803418803419
0 0.4030937105202241 0.1910269106439103 0.01953125 0.03418803418803419
0 0.4021595797159634 0.19797620510569228 0.01953125 0.03418803418803419
0 0.47759064216001285 0.1615946046881278 0.01953125 0.03418803418803419
0 0.45633916636308247 0.15137505400903667 0.01953125 0.03418803418803419
0 0.3472793949656488 0.1624121687424551 0.01953125 0.03418803418803419
0 0.7619167057068555 0.40127713328174536 0.01953125 0.03418803418803419
0 0.13844327603961967 0.24950981797028188 0.01953125 0.03418803418803419
0 0.11455507632724413 0.2925122896825054 0.01953125 0.03418803418803419
0 0.004424198214348082 0.2606869877500745 0.01953125 0.03418803418803419
0 0.001926695716845585 0.26505868442946345 0.01953125 0.03418803418803419
0 0.005423199213349072 0.26593302376534117 0.01953125 0.03418803418803419
0 0.010418204208354067 0.2633100057577079 0.01953125 0.03418803418803419
0 0.00991870370885357 0.25718963040656323 0.01953125 0.03418803418803419
0 0.011417205207355077 0.2545666123989299 0.01953125 0.03418803418803419
0 0.013415207205357079 0.2615613270859522 0.01953125 0.03418803418803419
0 0.014913708703858565 0.25281793372717426 0.01953125 0.03418803418803419
0 0.017411211201361063 0.2589383090783189 0.01953125 0.03418803418803419
0 0.019409213199363062 0.2536922730630521 0.01953125 0.03418803418803419
0 0.02090771469786457 0.2589383090783189 0.01953125 0.03418803418803419
0 0.02390471769486756 0.25106925505541866 0.01953125 0.03418803418803419
0 0.02490371869386855 0.2615613270859522 0.01953125 0.03418803418803419
0 0.028899722689872554 0.2563152910706855 0.01953125 0.03418803418803419
0 0.029898723688873564 0.25544095173480763 0.01953125 0.03418803418803419
0 0.03039822418837406 0.24582321904015195 0.01953125 0.03418803418803419
0 0.034394228184378046 0.2449488797042741 0.01953125 0.03418803418803419
0 0.03938923317938306 0.24407454036839626 0.01953125 0.03418803418803419
0 0.039888733678883556 0.2449488797042741 0.01953125 0.03418803418803419
0 0.04688174067189055 0.24844623704778526 0.01953125 0.03418803418803419
0 0.04338523717538704 0.24320020103251855 0.01953125 0.03418803418803419
0 0.04388473767488754 0.2379541650172517 0.01953125 0.03418803418803419
0 0.04887974266989255 0.2397028436890073 0.01953125 0.03418803418803419
0 0.051377245167395044 0.2449488797042741 0.01953125 0.03418803418803419
0 0.05687175066190053 0.24145152236076298 0.01953125 0.03418803418803419
0 0.057870751660901526 0.24407454036839626 0.01953125 0.03418803418803419
0 0.06036825415840404 0.2405771830248851 0.01953125 0.03418803418803419
0 0.05537324916339903 0.23445680767374058 0.01953125 0.03418803418803419
0 0.051377245167395044 0.2353311470096183 0.01953125 0.03418803418803419
0 0.061866755656905546 0.2327081290019849 0.01953125 0.03418803418803419
0 0.06586275965290951 0.22746209298671816 0.01953125 0.03418803418803419
0 0.06586275965290951 0.2327081290019849 0.01953125 0.03418803418803419
0 0.06836026215041201 0.23183378966610713 0.01953125 0.03418803418803419
0 0.07285576664591652 0.2309594503302293 0.01953125 0.03418803418803419
0 0.073355267145417 0.2309594503302293 0.01953125 0.03418803418803419
0 0.07635227014242002 0.23707982568137398 0.01953125 0.03418803418803419
0 0.07835027214042203 0.2309594503302293 0.01953125 0.03418803418803419
0 0.0798487736389235 0.2379541650172517 0.01953125 0.03418803418803419
0 0.0848437786339285 0.2405771830248851 0.01953125 0.03418803418803419
0 0.08634228013243002 0.23882850435312955 0.01953125 0.03418803418803419
0 0.09083778462793451 0.23620548634549612 0.01953125 0.03418803418803419
0 0.090338284128434 0.22921077165847373 0.01953125 0.03418803418803419
0 0.08983878362893348 0.22309039630732916 0.01953125 0.03418803418803419
0 0.08684178063193052 0.22221605697145133 0.01953125 0.03418803418803419
0 0.08184677563692552 0.22571341431496256 0.01953125 0.03418803418803419
0 0.0798487736389235 0.22396473564320693 0.01953125 0.03418803418803419
0 0.08534327913342901 0.2309594503302293 0.01953125 0.03418803418803419
0 0.09183678562693551 0.22046737829969576 0.01953125 0.03418803418803419
0 0.09583278962293952 0.21609568162030676 0.01953125 0.03418803418803419
0 0.0968317906219405 0.21697002095618462 0.01953125 0.03418803418803419
0 0.10082779461794451 0.21784436029206236 0.01953125 0.03418803418803419
0 0.09733129112144102 0.22483907497908473 0.01953125 0.03418803418803419
0 0.09583278962293952 0.23183378966610713 0.01953125 0.03418803418803419
0 0.10082779461794451 0.22396473564320693 0.01953125 0.03418803418803419
0 0.10332529711544701 0.21697002095618462 0.01953125 0.03418803418803419
0 0.1058227996129495 0.2091009669332844 0.01953125 0.03418803418803419
0 0.11031830410845397 0.20997530626916222 0.01953125 0.03418803418803419
0 0.11631231010246 0.20997530626916222 0.01953125 0.03418803418803419
0 0.12180681559696548 0.2117239849409178 0.01953125 0.03418803418803419
0 0.11980881359896349 0.21609568162030676 0.01953125 0.03418803418803419
0 0.12230631609646599 0.22396473564320693 0.01953125 0.03418803418803419
0 0.1258028195929695 0.2187186996279402 0.01953125 0.03418803418803419
0 0.1258028195929695 0.2091009669332844 0.01953125 0.03418803418803419
0 0.13079782458797448 0.20298059158213982 0.01953125 0.03418803418803419
0 0.131297325087475 0.2091009669332844 0.01953125 0.03418803418803419
0 0.1297988235889735 0.2187186996279402 0.01953125 0.03418803418803419
0 0.1327958265859765 0.2187186996279402 0.01953125 0.03418803418803419
0 0.13629233008247998 0.20822662759740665 0.01953125 0.03418803418803419
0 0.13629233008247998 0.19948323423862863 0.01953125 0.03418803418803419
0 0.14078783457798447 0.19948323423862863 0.01953125 0.03418803418803419
0 0.14228633607648597 0.206477948925651 0.01953125 0.03418803418803419
0 0.14478383857398847 0.2091009669332844 0.01953125 0.03418803418803419
0 0.14528333907348898 0.19773455556687305 0.01953125 0.03418803418803419
0 0.14678184057199045 0.2012319129103842 0.01953125 0.03418803418803419
0 0.15077784456799445 0.206477948925651 0.01953125 0.03418803418803419
0 0.15327534706549695 0.19773455556687305 0.01953125 0.03418803418803419
0 0.15577284956299944 0.19948323423862863 0.01953125 0.03418803418803419
0 0.15727135106150095 0.2073522882615288 0.01953125 0.03418803418803419
0 0.15976885355900344 0.19860889490275083 0.01953125 0.03418803418803419
0 0.16176685555700548 0.20822662759740665 0.01953125 0.03418803418803419
0 0.18224637603652588 0.19161418021572846 0.01953125 0.03418803418803419
0 0.1862423800325299 0.19598587689511743 0.01953125 0.03418803418803419
0 0.18973888352903345 0.19423719822336186 0.01953125 0.03418803418803419
0 0.18674188053203045 0.18986550154397286 0.01953125 0.03418803418803419
0 0.19223638602653592 0.18986550154397286 0.01953125 0.03418803418803419
0 0.19473388852403845 0.18636814420046166 0.01953125 0.03418803418803419
0 0.19972889351904344 0.19248851955160623 0.01953125 0.03418803418803419
0 0.19223638602653592 0.19686021623099523 0.01953125 0.03418803418803419
0 0.19673189052204043 0.2047292702538954 0.01953125 0.03418803418803419
0 0.2037248975150474 0.19161418021572846 0.01953125 0.03418803418803419
0 0.20921940300955288 0.1828707868569505 0.01953125 0.03418803418803419
0 0.20822040201055192 0.18986550154397286 0.01953125 0.03418803418803419
0 0.2122164060065559 0.18986550154397286 0.01953125 0.03418803418803419
0 0.21571290950305938 0.1819964475210727 0.01953125 0.03418803418803419
0 0.2202084139985639 0.1828707868569505 0.01953125 0.03418803418803419
0 0.21920941299956287 0.19073984087985066 0.01953125 0.03418803418803419
0 0.22520341899356888 0.18461946552870606 0.01953125 0.03418803418803419
0 0.23069792448807436 0.17937342951343932 0.01953125 0.03418803418803419
0 0.23119742498757492 0.1854938048645839 0.01953125 0.03418803418803419
0 0.23419442798457785 0.18461946552870606 0.01953125 0.03418803418803419
0 0.2396889334790834 0.18461946552870606 0.01953125 0.03418803418803419
0 0.24368493747508738 0.18461946552870606 0.01953125 0.03418803418803419
0 0.24917944296959282 0.1819964475210727 0.01953125 0.03418803418803419
0 0.2506779444680943 0.1758760721699281 0.01953125 0.03418803418803419
0 0.24368493747508738 0.17237871482641684 0.01953125 0.03418803418803419
0 0.25167694546709535 0.1758760721699281 0.01953125 0.03418803418803419
0 0.2571714509616008 0.17325305416229475 0.01953125 0.03418803418803419
0 0.2636649574551073 0.1758760721699281 0.01953125 0.03418803418803419
0 0.26166695545710533 0.17675041150580592 0.01953125 0.03418803418803419
0 0.2666619604521103 0.17237871482641684 0.01953125 0.03418803418803419
0 0.2736549674451173 0.17325305416229475 0.01953125 0.03418803418803419
0 0.2771514709416208 0.16800701814702795 0.01953125 0.03418803418803419
0 0.2776509714411214 0.17412739349817252 0.01953125 0.03418803418803419
0 0.2776509714411214 0.1854938048645839 0.01953125 0.03418803418803419
0 0.28614247993262987 0.17325305416229475 0.01953125 0.03418803418803419
0 0.2911374849276348 0.1715043754905391 0.01953125 0.03418803418803419
0 0.2961324899226398 0.1688813574829057 0.01953125 0.03418803418803419
0 0.3011274949176448 0.16625833947527227 0.01953125 0.03418803418803419
0 0.28814048193063185 0.17237871482641684 0.01953125 0.03418803418803419
0 0.2936349874251373 0.17762475084168367 0.01953125 0.03418803418803419
0 0.2991294929196428 0.17325305416229475 0.01953125 0.03418803418803419
0 0.3041244979146479 0.17412739349817252 0.01953125 0.03418803418803419
0 0.3076210014111513 0.16800701814702795 0.01953125 0.03418803418803419
0 0.31461400840415826 0.16363532146763887 0.01953125 0.03418803418803419
0 0.3106180044081544 0.16975569681878352 0.01953125 0.03418803418803419
0 0.31611250990265977 0.16800701814702795 0.01953125 0.03418803418803419
0 0.3271015208916708 0.16713267881115013 0.01953125 0.03418803418803419
0 0.32460401839416825 0.16276098213176113 0.01953125 0.03418803418803419
0 0.3300985238886738 0.1601379641241277 0.01953125 0.03418803418803419
0 0.33359502738517727 0.1688813574829057 0.01953125 0.03418803418803419
0 0.29288573667588635 0.16188664279588338 0.01953125 0.03418803418803419
0 0.2963822401723899 0.16188664279588338 0.01953125 0.03418803418803419
0 0.30387474766489736 0.15838928545237213 0.01953125 0.03418803418803419
0 0.30886975265990235 0.16101230346000556 0.01953125 0.03418803418803419
0 0.31885976264991234 0.15838928545237213 0.01953125 0.03418803418803419
0 0.33484377863392834 0.1531432494371054 0.01953125 0.03418803418803419
0 0.3438347876249373 0.15576626744473876 0.01953125 0.03418803418803419
0 0.3488297926199423 0.15664060678061656 0.01953125 0.03418803418803419
0 0.3528257966159464 0.16538400013939453 0.01953125 0.03418803418803419
0 0.3568218006119503 0.15926362478824996 0.01953125 0.03418803418803419
0 0.35632230011244986 0.15226891010122756 0.01953125 0.03418803418803419
0 0.3608178046079544 0.15576626744473876 0.01953125 0.03418803418803419
0 0.36581280960295937 0.15838928545237213 0.01953125 0.03418803418803419
0 0.37130731509746484 0.15401758877298316 0.01953125 0.03418803418803419
0 0.37780082159097134 0.16101230346000556 0.01953125 0.03418803418803419
0 0.3783003220904718 0.15838928545237213 0.01953125 0.03418803418803419
0 0.3847938285839783 0.15751494611649433 0.01953125 0.03418803418803419
0 0.38279582658597633 0.1531432494371054 0.01953125 0.03418803418803419
0 0.3907878345779843 0.15664060678061656 0.01953125 0.03418803418803419
0 0.39378483757498733 0.1531432494371054 0.01953125 0.03418803418803419
0 0.4007778445679943 0.1478972134218386 0.01953125 0.03418803418803419
0 0.4082703520605018 0.1548919281088609 0.01953125 0.03418803418803419
0 0.4097688535590033 0.15139457076534973 0.01953125 0.03418803418803419
0 0.4287498725400223 0.1478972134218386 0.01953125 0.03418803418803419
0 0.42475386854401825 0.1496458920935942 0.01953125 0.03418803418803419
0 0.4352433790335288 0.15226891010122756 0.01953125 0.03418803418803419
0 0.43973888352903323 0.15226891010122756 0.01953125 0.03418803418803419
0 0.43923938302953275 0.14265117740657177 0.01953125 0.03418803418803419
0 0.4447338885240382 0.1496458920935942 0.01953125 0.03418803418803419
0 0.44872989252004225 0.14527419541420517 0.01953125 0.03418803418803419
0 0.44872989252004225 0.150520231429472 0.01953125 0.03418803418803419
0 0.45572289951304923 0.14614853475008294 0.01953125 0.03418803418803419
0 0.4607179045080542 0.14877155275771634 0.01953125 0.03418803418803419
0 0.4662124100025597 0.15401758877298316 0.01953125 0.03418803418803419
0 0.4682104120005617 0.14527419541420517 0.01953125 0.03418803418803419
0 0.4727059164960662 0.14702287408596076 0.01953125 0.03418803418803419
0 0.4791994229895727 0.14702287408596076 0.01953125 0.03418803418803419
0 0.4811974249875747 0.15401758877298316 0.01953125 0.03418803418803419
0 0.49568293947308917 0.1478972134218386 0.01953125 0.03418803418803419
0 0.4906879344780842 0.1601379641241277 0.01953125 0.03418803418803419
0 0.4826959264860762 0.1531432494371054 0.01953125 0.03418803418803419
0 0.5006779444680942 0.1496458920935942 0.01953125 0.03418803418803419
0 0.5171614609516106 0.15139457076534973 0.01953125 0.03418803418803419
0 0.5241544679446176 0.1496458920935942 0.01953125 0.03418803418803419
0 0.5276509714411212 0.14439985607832745 0.01953125 0.03418803418803419
0 0.5311474749376247 0.15226891010122756 0.01953125 0.03418803418803419
0 0.5371414809316306 0.14877155275771634 0.01953125 0.03418803418803419
0 0.5396389834291332 0.15751494611649433 0.01953125 0.03418803418803419
0 0.5421364859266357 0.14439985607832745 0.01953125 0.03418803418803419
0 0.5461324899226396 0.150520231429472 0.01953125 0.03418803418803419
0 0.5501284939186436 0.15401758877298316 0.01953125 0.03418803418803419
0 0.5561224999126496 0.1478972134218386 0.01953125 0.03418803418803419
0 0.598580042370192 0.1531432494371054 0.01953125 0.03418803418803419
0 0.602576046366196 0.14439985607832745 0.01953125 0.03418803418803419
0 0.6020765458666955 0.15664060678061656 0.01953125 0.03418803418803419
0 0.608570052360202 0.14702287408596076 0.01953125 0.03418803418803419
0 0.6100685538587035 0.15751494611649433 0.01953125 0.03418803418803419
0 0.614564058354208 0.150520231429472 0.01953125 0.03418803418803419
0 0.6160625598527094 0.15838928545237213 0.01953125 0.03418803418803419
0 0.6205580643482139 0.1548919281088609 0.01953125 0.03418803418803419
0 0.6210575648477145 0.1496458920935942 0.01953125 0.03418803418803419
0 0.625553069343219 0.14877155275771634 0.01953125 0.03418803418803419
0 0.6290495728397224 0.14877155275771634 0.01953125 0.03418803418803419
0 0.6335450773352269 0.1478972134218386 0.01953125 0.03418803418803419
0 0.638540082330232 0.1478972134218386 0.01953125 0.03418803418803419
0 0.6430355868257365 0.1478972134218386 0.01953125 0.03418803418803419
0 0.6500285938187434 0.1478972134218386 0.01953125 0.03418803418803419
0 0.6590196028097524 0.1601379641241277 0.01953125 0.03418803418803419
0 0.6605181043082539 0.16713267881115013 0.01953125 0.03418803418803419
0 0.6775011212912708 0.15838928545237213 0.01953125 0.03418803418803419
0 0.6819966257867753 0.15664060678061656 0.01953125 0.03418803418803419
0 0.6869916307817804 0.15401758877298316 0.01953125 0.03418803418803419
0 0.6894891332792829 0.15926362478824996 0.01953125 0.03418803418803419
0 0.6934851372752868 0.15751494611649433 0.01953125 0.03418803418803419
0 0.7004781442682938 0.16538400013939453 0.01953125 0.03418803418803419
0 0.7828957266858764 0.18899116220809506 0.01953125 0.03418803418803419
0 0.8463322901224398 0.23008511099435155 0.01953125 0.03418803418803419
0 0.8473312911214407 0.2397028436890073 0.01953125 0.03418803418803419
0 0.6555230993132489 0.2676817024370968 0.01953125 0.03418803418803419
