0 0.025005495603517183 0.9002571778497379 0.025 0.04434589800443459
0 0.0673716027178257 0.947049012674561 0.025 0.04434589800443459
0 0.032999100719424454 0.7768968860388408 0.025 0.04434589800443459
0 0.018610611510791342 0.7286871168253867 0.025 0.04434589800443459
0 0.02900229816147082 0.7017463634413977 0.025 0.04434589800443459
0 0.09135241806554753 0.6606262661710987 0.025 0.04434589800443459
0 0.18887440047961626 0.7088360353845528 0.025 0.04434589800443459
0 0.22884242605915261 0.8704805556884868 0.025 0.04434589800443459
0 0.2048616107114308 0.921526193679203 0.025 0.04434589800443459
0 0.2416321942446043 0.6833132163891946 0.025 0.04434589800443459
0 0.28799510391686645 0.6889849539437187 0.025 0.04434589800443459
0 0.34235161870503594 0.6280137752325856 0.025 0.04434589800443459
0 0.37192795763389286 0.7471202638775898 0.025 0.04434589800443459
0 0.3647337130295763 0.8251066552522949 0.025 0.04434589800443459
0 0.5150134892086331 0.9711538972812881 0.025 0.04434589800443459
0 0.47904226618705026 0.7655534109297928 0.025 0.04434589800443459
0 0.48543715027977613 0.7060001666072907 0.025 0.04434589800443459
0 0.45346272981614705 0.6918208227209807 0.025 0.04434589800443459
0 0.43667615907274177 0.6450289878961576 0.025 0.04434589800443459
0 0.47584482414068746 0.6294317096212166 0.025 0.04434589800443459
0 0.585357214228617 0.7570458045980067 0.025 0.04434589800443459
0 0.5509847122302157 0.6875670195550877 0.025 0.04434589800443459
0 0.6565002997601919 0.8066735082000919 0.025 0.04434589800443459
0 0.6916721622701837 0.7258512480481246 0.025 0.04434589800443459
0 0.6668919864108712 0.6535365942279435 0.025 0.04434589800443459
0 0.6365162869704235 0.6223420376780615 0.025 0.04434589800443459
0 0.7020638489208632 0.6748056100574087 0.025 0.04434589800443459
0 0.7524235611510791 0.6989104946641357 0.025 0.04434589800443459
0 0.8131749600319743 0.6932387571096117 0.025 0.04434589800443459
0 0.8187704836131094 0.6280137752325856 0.025 0.04434589800443459
0 0.7827992605915267 0.6294317096212166 0.025 0.04434589800443459
0 0.8627353117505995 0.6336855127871096 0.025 0.04434589800443459
0 0.8595378697042365 0.6804773476119327 0.025 0.04434589800443459
0 0.029801658673061518 0.6223420376780615 0.025 0.04434589800443459
0 0.04259142685851316 0.5868936779622865 0.025 0.04434589800443459
0 0.016212529976019175 0.5486094494692495 0.025 0.04434589800443459
0 0.021008693045563548 0.5188328273079984 0.025 0.04434589800443459
0 0.0026234012789768 0.5159969585307365 0.025 0.04434589800443459
0 0.0521837529976019 0.6450289878961576 0.025 0.04434589800443459
0 0.06257543964828134 0.5712963996873455 0.025 0.04434589800443459
0 0.06897032374100717 0.5287583680284155 0.025 0.04434589800443459
0 0.08016137090327735 0.5046534834216884 0.025 0.04434589800443459
0 0.12892236211031174 0.5556991214124045 0.025 0.04434589800443459
0 0.16169614308553157 0.5812219404077624 0.025 0.04434589800443459
0 0.14490957234212629 0.6265958408439547 0.025 0.04434589800443459
0 0.10414218625099916 0.6166703001235376 0.025 0.04434589800443459
0 0.10733962829736207 0.5514453182465114 0.025 0.04434589800443459
0 0.23363858912869703 0.6024909562372276 0.025 0.04434589800443459
0 0.26881045163868905 0.6223420376780615 0.025 0.04434589800443459
0 0.26721173061550757 0.5783860716305005 0.025 0.04434589800443459
0 0.3175714428457234 0.6081626937917516 0.025 0.04434589800443459
0 0.31437400079936045 0.5556991214124045 0.025 0.04434589800443459
0 0.35114458433253387 0.5571170558010354 0.025 0.04434589800443459
0 0.3471477817745803 0.5925654155168106 0.025 0.04434589800443459
0 0.40230365707434046 0.6109985625690136 0.025 0.04434589800443459
0 0.4126953437250199 0.6563724630052056 0.025 0.04434589800443459
0 0.409497901678657 0.5798040060191316 0.025 0.04434589800443459
0 0.4374755195843325 0.5883116123509176 0.025 0.04434589800443459
0 0.4974275579536371 0.5897295467395486 0.025 0.04434589800443459
0 0.4686505795363709 0.5642067277441905 0.025 0.04434589800443459
0 0.5150134892086331 0.6223420376780615 0.025 0.04434589800443459
0 0.5381949440447642 0.6365213815643717 0.025 0.04434589800443459
0 0.5605770383693044 0.5968192186827035 0.025 0.04434589800443459
0 0.5349975019984012 0.5670425965214525 0.025 0.04434589800443459
0 0.5717680855315748 0.5429377119147255 0.025 0.04434589800443459
0 0.5949495403677058 0.5443556463033565 0.025 0.04434589800443459
0 0.6037425059952038 0.5783860716305005 0.025 0.04434589800443459
0 0.5789623301358913 0.5897295467395486 0.025 0.04434589800443459
0 0.5733668065547561 0.6365213815643717 0.025 0.04434589800443459
0 0.6716881494804156 0.5712963996873455 0.025 0.04434589800443459
0 0.6181309952038369 0.5372659743602015 0.025 0.04434589800443459
0 0.6541022182254196 0.5174148929193675 0.025 0.04434589800443459
0 0.6101373900879296 0.5046534834216884 0.025 0.04434589800443459
0 0.6245258792965628 0.5074893521989504 0.025 0.04434589800443459
0 0.6349175659472421 0.4890562051467474 0.025 0.04434589800443459
0 0.6724875099920063 0.47629479564906835 0.025 0.04434589800443459
0 0.6948696043165467 0.5500273838578805 0.025 0.04434589800443459
0 0.7012644884092726 0.5188328273079984 0.025 0.04434589800443459
0 0.7300414668265387 0.5301763024170465 0.025 0.04434589800443459
0 0.7516242006394883 0.5230866304738915 0.025 0.04434589800443459
0 0.76441396882494 0.4890562051467474 0.025 0.04434589800443459
0 0.7907928657074339 0.5188328273079984 0.025 0.04434589800443459
0 0.7979871103117504 0.5627887933555595 0.025 0.04434589800443459
0 0.8067800759392485 0.5897295467395486 0.025 0.04434589800443459
0 0.8187704836131094 0.5174148929193675 0.025 0.04434589800443459
0 0.8379551358912869 0.48338446759222337 0.025 0.04434589800443459
0 0.8419519384492404 0.4564437142082344 0.025 0.04434589800443459
0 0.8531429856115108 0.44935404226507936 0.025 0.04434589800443459
0 0.8467481015187849 0.5018176146444264 0.025 0.04434589800443459
0 0.8571397881694643 0.5798040060191316 0.025 0.04434589800443459
0 0.8331589728217424 0.5727143340759765 0.025 0.04434589800443459
0 0.8291621702637889 0.4536078454309723 0.025 0.04434589800443459
0 0.7955890287769783 0.46069751737412734 0.025 0.04434589800443459
0 0.7875954236610712 0.45502577981960335 0.025 0.04434589800443459
0 0.8075794364508393 0.4351746983787693 0.025 0.04434589800443459
0 0.8147736810551558 0.4465181734878173 0.025 0.04434589800443459
0 0.7732069344524379 0.44793610787644833 0.025 0.04434589800443459
0 0.7628152478017586 0.4280850264356143 0.025 0.04434589800443459
0 0.7508248401278976 0.45218991104234135 0.025 0.04434589800443459
0 0.7564203637090327 0.4465181734878173 0.025 0.04434589800443459
0 0.7412325139888088 0.4805485988149614 0.025 0.04434589800443459
0 0.7244459432454036 0.4734589268718064 0.025 0.04434589800443459
0 0.7340382693844922 0.46353338615138934 0.025 0.04434589800443459
0 0.7212485011990407 0.4337567639901383 0.025 0.04434589800443459
0 0.7284427458033572 0.39547253549710126 0.025 0.04434589800443459
0 0.7404331534772182 0.3869649291653153 0.025 0.04434589800443459
0 0.7412325139888088 0.3642779789472192 0.025 0.04434589800443459
0 0.7276433852917665 0.36144211016995714 0.025 0.04434589800443459
0 0.7228472222222222 0.37845732283352934 0.025 0.04434589800443459
0 0.7212485011990407 0.3600241757813263 0.025 0.04434589800443459
0 0.7124555355715426 0.4039801418288873 0.025 0.04434589800443459
0 0.7084587330135891 0.3656959133358502 0.025 0.04434589800443459
0 0.6996657673860911 0.3557703726154332 0.025 0.04434589800443459
0 0.6956689648281374 0.3656959133358502 0.025 0.04434589800443459
0 0.6924715227817745 0.38554699477668425 0.025 0.04434589800443459
0 0.6964683253397281 0.3997263386629943 0.025 0.04434589800443459
0 0.67648431254996 0.4011442730516253 0.025 0.04434589800443459
0 0.6772836730615507 0.3727855852790053 0.025 0.04434589800443459
0 0.682079836131095 0.3515165694495402 0.025 0.04434589800443459
0 0.6628951838529176 0.3529345038381712 0.025 0.04434589800443459
0 0.6580990207833731 0.3671138477244812 0.025 0.04434589800443459
0 0.667691346922462 0.35718830700406423 0.025 0.04434589800443459
0 0.6700894284572341 0.37136765089037427 0.025 0.04434589800443459
0 0.6692900679456435 0.4011442730516253 0.025 0.04434589800443459
0 0.679681754596323 0.44226437032192434 0.025 0.04434589800443459
0 0.690872801758593 0.42950296082424533 0.025 0.04434589800443459
0 0.6804811151079135 0.46211545176275837 0.025 0.04434589800443459
0 0.6948696043165467 0.4465181734878173 0.025 0.04434589800443459
0 0.7084587330135891 0.4507719766537104 0.025 0.04434589800443459
0 0.7132548960831335 0.4918920739240094 0.025 0.04434589800443459
0 0.6988664068745003 0.49331000831264044 0.025 0.04434589800443459
0 0.694070243804956 0.4720409924831754 0.025 0.04434589800443459
0 0.646907973621103 0.4848024019808544 0.025 0.04434589800443459
0 0.6349175659472421 0.4408464359332933 0.025 0.04434589800443459
0 0.646907973621103 0.4408464359332933 0.025 0.04434589800443459
0 0.6541022182254196 0.39121873233120835 0.025 0.04434589800443459
0 0.6493060551558753 0.3600241757813263 0.025 0.04434589800443459
0 0.6333188449240607 0.3529345038381712 0.025 0.04434589800443459
0 0.641312450039968 0.3685317821131122 0.025 0.04434589800443459
0 0.6397137290167865 0.3926366667198392 0.025 0.04434589800443459
0 0.6149335531574739 0.35718830700406423 0.025 0.04434589800443459
0 0.5973476219024779 0.34868070067227813 0.025 0.04434589800443459
0 0.5965482613908872 0.3869649291653153 0.025 0.04434589800443459
0 0.620529076738609 0.3997263386629943 0.025 0.04434589800443459
0 0.5997457034372502 0.4748768612604374 0.025 0.04434589800443459
0 0.6165322741806554 0.4663692549286514 0.025 0.04434589800443459
0 0.641312450039968 0.4536078454309723 0.025 0.04434589800443459
0 0.620529076738609 0.4507719766537104 0.025 0.04434589800443459
0 0.5685706434852118 0.5060714178103194 0.025 0.04434589800443459
0 0.5373955835331734 0.5046534834216884 0.025 0.04434589800443459
0 0.5238064548361311 0.5344301055829395 0.025 0.04434589800443459
0 0.4998256394884092 0.5245045648625225 0.025 0.04434589800443459
0 0.5070198840927257 0.4805485988149614 0.025 0.04434589800443459
0 0.48223970823341317 0.4791306644263304 0.025 0.04434589800443459
0 0.500625 0.44368230471055536 0.025 0.04434589800443459
0 0.5222077338129496 0.44226437032192434 0.025 0.04434589800443459
0 0.5341981414868106 0.43801056715603137 0.025 0.04434589800443459
0 0.5469879096722622 0.42950296082424533 0.025 0.04434589800443459
0 0.5573795963229417 0.43659263276740035 0.025 0.04434589800443459
0 0.5397936650679456 0.3515165694495402 0.025 0.04434589800443459
0 0.5781629696243005 0.4536078454309723 0.025 0.04434589800443459
0 0.5605770383693044 0.45502577981960335 0.025 0.04434589800443459
0 0.5653732014388488 0.44793610787644833 0.025 0.04434589800443459
0 0.5421917466027177 0.4451002390991864 0.025 0.04434589800443459
0 0.5997457034372502 0.4408464359332933 0.025 0.04434589800443459
0 0.4638544164668265 0.32315788167692017 0.025 0.04434589800443459
0 0.5501853517186251 0.3288296192314442 0.025 0.04434589800443459
0 0.4670518585131894 0.3330834223973371 0.025 0.04434589800443459
0 0.4414723221422861 0.35435243822680224 0.025 0.04434589800443459
0 0.4454691247002397 0.33024755362007524 0.025 0.04434589800443459
0 0.45825889288569144 0.3628600445585883 0.025 0.04434589800443459
0 0.42868255395683447 0.32173994728828914 0.025 0.04434589800443459
0 0.4262844724220623 0.3387551599518612 0.025 0.04434589800443459
0 0.4230870303756994 0.3472627662836473 0.025 0.04434589800443459
0 0.41349470423661067 0.3160682097337652 0.025 0.04434589800443459
0 0.40709982014388485 0.33450135678596826 0.025 0.04434589800443459
0 0.41029726219024776 0.3529345038381712 0.025 0.04434589800443459
0 0.39031324940047957 0.32599375045418216 0.025 0.04434589800443459
0 0.3815202837729816 0.3359192911745992 0.025 0.04434589800443459
0 0.36952987609912064 0.3146502753451342 0.025 0.04434589800443459
0 0.3471477817745803 0.32173994728828914 0.025 0.04434589800443459
0 0.33755545563549155 0.3401730943404922 0.025 0.04434589800443459
0 0.34395033972821737 0.35435243822680224 0.025 0.04434589800443459
0 0.3535426658673061 0.33450135678596826 0.025 0.04434589800443459
0 0.347947142286171 0.33450135678596826 0.025 0.04434589800443459
0 0.35274330535571535 0.35718830700406423 0.025 0.04434589800443459
0 0.35753946842525974 0.37420351966763626 0.025 0.04434589800443459
0 0.3631349920063948 0.3671138477244812 0.025 0.04434589800443459
0 0.36553307354116704 0.34868070067227813 0.025 0.04434589800443459
0 0.37512539968025577 0.34300896311775425 0.025 0.04434589800443459
0 0.3799215627498001 0.3600241757813263 0.025 0.04434589800443459
0 0.4031030175859312 0.3685317821131122 0.025 0.04434589800443459
0 0.4262844724220623 0.3628600445585883 0.025 0.04434589800443459
0 0.4470678457234212 0.5556991214124045 0.025 0.04434589800443459
0 0.4398736011191047 0.5230866304738915 0.025 0.04434589800443459
0 0.45266336930455636 0.4848024019808544 0.025 0.04434589800443459
0 0.48064098721023174 0.5089072865875814 0.025 0.04434589800443459
0 0.5357968625099919 0.4805485988149614 0.025 0.04434589800443459
0 0.5525834332533972 0.4692051237059134 0.025 0.04434589800443459
0 0.46065697442046355 0.44793610787644833 0.025 0.04434589800443459
0 0.474246103117506 0.44226437032192434 0.025 0.04434589800443459
0 0.48383842925659465 0.43659263276740035 0.025 0.04434589800443459
0 0.4454691247002397 0.44793610787644833 0.025 0.04434589800443459
0 0.4310806354916067 0.4748768612604374 0.025 0.04434589800443459
0 0.4686505795363709 0.47629479564906835 0.025 0.04434589800443459
0 0.39990557553956835 0.5315942368056775 0.025 0.04434589800443459
0 0.38471772581934444 0.5358480399715705 0.025 0.04434589800443459
0 0.39271133093525173 0.5074893521989504 0.025 0.04434589800443459
0 0.38711580735411666 0.47629479564906835 0.025 0.04434589800443459
0 0.400704936051159 0.4734589268718064 0.025 0.04434589800443459
0 0.4086985411670663 0.47062305809454436 0.025 0.04434589800443459
0 0.39031324940047957 0.45218991104234135 0.025 0.04434589800443459
0 0.3623356314948041 0.4748768612604374 0.025 0.04434589800443459
0 0.35034522382094324 0.5018176146444264 0.025 0.04434589800443459
0 0.3615362709832134 0.5074893521989504 0.025 0.04434589800443459
0 0.32476568745004 0.5145790241421054 0.025 0.04434589800443459
0 0.3103771982414068 0.5032355490330574 0.025 0.04434589800443459
0 0.2800014988009592 0.5089072865875814 0.025 0.04434589800443459
0 0.27520533573141487 0.5542811870237735 0.025 0.04434589800443459
0 0.2552213229416466 0.5727143340759765 0.025 0.04434589800443459
0 0.28639638289368496 0.5826398747963936 0.025 0.04434589800443459
0 0.3399535371702638 0.5287583680284155 0.025 0.04434589800443459
0 0.36793115507593915 0.5358480399715705 0.025 0.04434589800443459
0 0.4230870303756994 0.43092089521287635 0.025 0.04434589800443459
0 0.418290867306155 0.45786164859686534 0.025 0.04434589800443459
0 0.3943100519584332 0.4337567639901383 0.025 0.04434589800443459
0 0.3231669664268585 0.4238312232697213 0.025 0.04434589800443459
0 0.3191701638689048 0.43659263276740035 0.025 0.04434589800443459
0 0.3319599320543565 0.42950296082424533 0.025 0.04434589800443459
0 0.3559407474020783 0.4394285015446623 0.025 0.04434589800443459
0 0.3631349920063948 0.44368230471055536 0.025 0.04434589800443459
0 0.33355865307753796 0.4451002390991864 0.025 0.04434589800443459
0 0.35114458433253387 0.46495132054002036 0.025 0.04434589800443459
0 0.29039318545163867 0.4663692549286514 0.025 0.04434589800443459
0 0.28160021982414063 0.4791306644263304 0.025 0.04434589800443459
0 0.27120853317346116 0.48338446759222337 0.025 0.04434589800443459
0 0.2480270783373301 0.5188328273079984 0.025 0.04434589800443459
0 0.25362260191846514 0.4904741395353784 0.025 0.04434589800443459
0 0.26721173061550757 0.45786164859686534 0.025 0.04434589800443459
0 0.29758743005595517 0.4124877481606733 0.025 0.04434589800443459
0 0.29758743005595517 0.39830840427436326 0.025 0.04434589800443459
0 0.28239958033573137 0.4039801418288873 0.025 0.04434589800443459
0 0.27920213828936846 0.42099535449245923 0.025 0.04434589800443459
0 0.27120853317346116 0.43659263276740035 0.025 0.04434589800443459
0 0.2935906274980015 0.4394285015446623 0.025 0.04434589800443459
0 0.22964178657074336 0.5401018431374635 0.025 0.04434589800443459
0 0.26481364908073535 0.5344301055829395 0.025 0.04434589800443459
0 0.1944699240607514 0.5259224992511534 0.025 0.04434589800443459
0 0.1768839928057554 0.5330121711943084 0.025 0.04434589800443459
0 0.17048910871302958 0.5159969585307365 0.025 0.04434589800443459
0 0.18887440047961626 0.5060714178103194 0.025 0.04434589800443459
0 0.18487759792166267 0.4720409924831754 0.025 0.04434589800443459
0 0.19367056354916065 0.4536078454309723 0.025 0.04434589800443459
0 0.20566097122302154 0.4507719766537104 0.025 0.04434589800443459
0 0.21925009992006395 0.4791306644263304 0.025 0.04434589800443459
0 0.24962579936051157 0.4536078454309723 0.025 0.04434589800443459
0 0.23763539168665063 0.48338446759222337 0.025 0.04434589800443459
0 0.2680110911270983 0.3968904698857323 0.025 0.04434589800443459
0 0.2544219624300559 0.4011442730516253 0.025 0.04434589800443459
0 0.260017486011191 0.39830840427436326 0.025 0.04434589800443459
0 0.24323091526778576 0.39830840427436326 0.025 0.04434589800443459
0 0.2304411470823341 0.42099535449245923 0.025 0.04434589800443459
0 0.216052657873701 0.4323388296015074 0.025 0.04434589800443459
0 0.0026234012789768 0.3841290603880533 0.025 0.04434589800443459
0 0.029801658673061518 0.38271112599942225 0.025 0.04434589800443459
0 0.08016137090327735 0.38271112599942225 0.025 0.04434589800443459
0 0.02420613509192645 0.46778718931728236 0.025 0.04434589800443459
0 0.010617006394884072 0.46495132054002036 0.025 0.04434589800443459
0 0.04978567146282973 0.4337567639901383 0.025 0.04434589800443459
0 0.058578637090327706 0.44368230471055536 0.025 0.04434589800443459
0 0.06497352118305354 0.4507719766537104 0.025 0.04434589800443459
0 0.08975369704236609 0.44368230471055536 0.025 0.04434589800443459
0 0.10654026778577137 0.45218991104234135 0.025 0.04434589800443459
0 0.12412619904076734 0.45502577981960335 0.025 0.04434589800443459
0 0.1361166067146283 0.47629479564906835 0.025 0.04434589800443459
0 0.15050509592326136 0.4791306644263304 0.025 0.04434589800443459
0 0.15290317745803356 0.5301763024170465 0.025 0.04434589800443459
0 0.12172811750599517 0.5230866304738915 0.025 0.04434589800443459
0 0.13132044364508388 0.5018176146444264 0.025 0.04434589800443459
0 0.11693195443645081 0.4777127300376994 0.025 0.04434589800443459
0 0.15689998001598718 0.43659263276740035 0.025 0.04434589800443459
0 0.16489358513189445 0.44226437032192434 0.025 0.04434589800443459
0 0.17448591127098317 0.43659263276740035 0.025 0.04434589800443459
0 0.15929806155075937 0.4663692549286514 0.025 0.04434589800443459
0 0.13771532773780976 0.4451002390991864 0.025 0.04434589800443459
0 0.14730765387689843 0.41957742010382837 0.025 0.04434589800443459
0 0.9082174075924075 0.7881829921741229 0.025 0.04434589800443459
0 0.9082174075924075 0.674770905369575 0.025 0.04434589800443459
0 0.9172084165834166 0.6286972451052273 0.025 0.04434589800443459
0 0.9621634615384614 0.6481899475247589 0.025 0.04434589800443459
0 0.9521734515484515 0.6003442234040902 0.025 0.04434589800443459
0 0.9921334915084915 0.6056604149730533 0.025 0.04434589800443459
0 0.8932323926073926 0.5613588185650269 0.025 0.04434589800443459
0 0.9022234015984015 0.5206013498696425 0.025 0.04434589800443459
0 0.8772483766233766 0.5330057968638899 0.025 0.04434589800443459
0 0.8722533716283717 0.4993365835937897 0.025 0.04434589800443459
0 0.8932323926073926 0.47984388117425797 0.025 0.04434589800443459
0 0.9401854395604395 0.506424839019074 0.025 0.04434589800443459
0 0.9202054195804196 0.49579245588114756 0.025 0.04434589800443459
0 0.9032224025974025 0.44971879561679995 0.025 0.04434589800443459
0 0.01815746753246746 0.4247703515996198 0.025 0.04434589800443459
0 0.029845779220779182 0.43582803006306325 0.025 0.04434589800443459
0 0.05010551948051942 0.4081838339044547 0.025 0.04434589800443459
0 0.059456168831168776 0.4164770927520372 0.025 0.04434589800443459
0 0.030624999999999934 0.4040372044806634 0.025 0.04434589800443459
0 0.005689935064935022 0.4081838339044547 0.025 0.04434589800443459
0 0.05010551948051942 0.5201428283468194 0.025 0.04434589800443459
0 0.04776785714285709 0.45656117718201966 0.025 0.04434589800443459
0 0.04854707792207788 0.48696979295648907 0.025 0.04434589800443459
0 0.08127435064935062 0.48005874391683695 0.025 0.04434589800443459
0 0.08672889610389606 0.46070780660581095 0.025 0.04434589800443459
0 0.10698863636363631 0.4109482535203155 0.025 0.04434589800443459
0 0.11789772727272721 0.4109482535203155 0.025 0.04434589800443459
0 0.13036525974025973 0.42062372217582855 0.025 0.04434589800443459
0 0.18802759740259734 0.42615256140755026 0.025 0.04434589800443459
0 0.09218344155844152 0.4081838339044547 0.025 0.04434589800443459
0 0.10543019480519478 0.39021510640135904 0.025 0.04434589800443459
0 0.09218344155844152 0.3943617358251504 0.025 0.04434589800443459
0 0.11945616883116879 0.39021510640135904 0.025 0.04434589800443459
0 0.07581980519480515 0.40127278486480245 0.025 0.04434589800443459
0 0.1038717532467532 0.42891698102341114 0.025 0.04434589800443459
0 0.09763798701298698 0.42891698102341114 0.025 0.04434589800443459
0 0.3212743506493506 0.4537967575661588 0.025 0.04434589800443459
0 0.3329626623376623 0.46761885564546307 0.025 0.04434589800443459
0 0.4069886363636364 0.4247703515996198 0.025 0.04434589800443459
0 0.3750405844155844 0.4455034987185762 0.025 0.04434589800443459
0 0.5269886363636364 0.46623664583753266 0.025 0.04434589800443459
0 0.5449107142857142 0.46347222622167183 0.025 0.04434589800443459
0 0.6384172077922079 0.5132317793071672 0.025 0.04434589800443459
0 0.7451704545454547 0.5975465775909234 0.025 0.04434589800443459
0 0.7630925324675326 0.5906355285512712 0.025 0.04434589800443459
0 0.7771185064935066 0.538111555849915 0.025 0.04434589800443459
0 0.7132224025974027 0.5436403950816366 0.025 0.04434589800443459
0 0.7280275974025975 0.4966452616120021 0.025 0.04434589800443459
0 0.3703652597402598 0.6293374031733233 0.025 0.04434589800443459
0 0.23400162337662334 0.5699023814323149 0.025 0.04434589800443459
0 0.20828733766233765 0.5961643677829931 0.025 0.04434589800443459
0 0.03296266233766229 0.45794338698995013 0.025 0.04434589800443459
0 0.016599025974025922 0.44688570852650666 0.025 0.04434589800443459
0 0.2277678571428571 0.44965012814236754 0.025 0.04434589800443459
0 0.24179383116883113 0.43168140063927196 0.025 0.04434589800443459
0 0.25659902597402595 0.4372102398709937 0.025 0.04434589800443459
0 0.3251704545454545 0.4855875831485587 0.025 0.04434589800443459
0 0.6382224025974026 0.46692775074149795 0.025 0.04434589800443459
0 0.5649756493506494 0.4842053733406283 0.025 0.04434589800443459
0 0.7410795454545455 0.5139228842111325 0.025 0.04434589800443459
0 0.6557548701298702 0.58648889912748 0.025 0.04434589800443459
0 0.6238068181818182 0.5851066893195497 0.025 0.04434589800443459
0 0.638612012987013 0.5816511647997237 0.025 0.04434589800443459
0 0.5595211038961039 0.5775045353759323 0.025 0.04434589800443459
0 0.46679383116883116 0.5083940449794108 0.025 0.04434589800443459
0 0.5597159090909092 0.9430990295735306 0.025 0.04434589800443459
0 0.03685876623376619 0.5588447029688713 0.025 0.04434589800443459
0 0.0508847402597402 0.5477870245054279 0.025 0.04434589800443459
0 0.11088474025974021 0.5146139891150977 0.025 0.04434589800443459
0 0.16231331168831165 0.4924986321882108 0.025 0.04434589800443459
0 0.21140422077922078 0.5132317793071672 0.025 0.04434589800443459
0 0.29400162337662333 0.518760618538889 0.025 0.04434589800443459
0 0.33530032467532467 0.5726668010481757 0.025 0.04434589800443459
0 0.9561694555444555 0.47629975346161585 0.025 0.04434589800443459
0 0.9351904345654346 0.46921149803633155 0.025 0.04434589800443459
0 0.9541714535464536 0.45857911489840525 0.025 0.04434589800443459
0 0.0600655594405594 0.3894686245018838 0.025 0.04434589800443459
0 0.8203053196803196 0.8714699934212128 0.025 0.04434589800443459
0 0.9411844405594405 0.5524984992834215 0.025 0.04434589800443459
