0 0.09798363443303418 0.973075383220759 0.01953125 0.025220680958385876
0 0.1344293213933009 0.9341272942206496 0.01953125 0.025220680958385876
0 0.1784154953108641 0.906539064512239 0.01953125 0.025220680958385876
0 0.2613608518411264 0.8529854421370886 0.01953125 0.025220680958385876
0 0.4574135127308369 0.862722464387116 0.01953125 0.025220680958385876
0 0.5692640692640691 0.9325044571789783 0.01953125 0.025220680958385876
0 0.60445300839812 0.9617155239290605 0.01953125 0.025220680958385876
0 0.8306676171170166 0.9600926868873892 0.01953125 0.025220680958385876
0 0.8633430605986351 0.8335113976370339 0.01953125 0.025220680958385876
0 0.9689098780007872 0.9032933904288963 0.01953125 0.025220680958385876
0 0.7514925040654028 0.8172830272203216 0.01953125 0.025220680958385876
0 0.5881152866573107 0.8464940939704036 0.01953125 0.025220680958385876
0 0.5340751301300185 0.8010546568036094 0.01953125 0.025220680958385876
0 0.3694411648957104 0.7134214565533633 0.01953125 0.025220680958385876
0 0.20355045183518605 0.7247813158450618 0.01953125 0.025220680958385876
0 0.17715874748464802 0.7134214565533633 0.01953125 0.025220680958385876
0 0.05902445182033524 0.7393868492201028 0.01953125 0.025220680958385876
0 0.16459126922248712 0.6679820193865691 0.01953125 0.025220680958385876
0 0.14071306052438137 0.6452623008031719 0.01953125 0.025220680958385876
0 0.1608210257438388 0.6306567674281309 0.01953125 0.025220680958385876
0 0.18846947792059288 0.6339024415114733 0.01953125 0.025220680958385876
0 0.6559796692729798 0.7734664270951986 0.01953125 0.025220680958385876
0 0.6383851997059544 0.7312726640117468 0.01953125 0.025220680958385876
0 0.6899118605808142 0.7101757824700209 0.01953125 0.025220680958385876
0 0.7716004692848604 0.6793418786782677 0.01953125 0.025220680958385876
0 0.8432350953791778 0.6760962045949253 0.01953125 0.025220680958385876
0 0.8620863127724192 0.7361411751367605 0.01953125 0.025220680958385876
0 0.9249237040832237 0.7020615972616647 0.01953125 0.025220680958385876
0 0.9802206084367319 0.6582449971365418 0.01953125 0.025220680958385876
0 0.9890178432202444 0.7393868492201028 0.01953125 0.025220680958385876
0 0.9362344345191687 0.5965771895530353 0.01953125 0.025220680958385876
0 0.8960185040802535 0.6014457006780489 0.01953125 0.025220680958385876
0 0.8645998084248513 0.6274110933447885 0.01953125 0.025220680958385876
0 0.7188170605837844 0.6339024415114733 0.01953125 0.025220680958385876
0 0.9010454953851181 0.6420166267198295 0.01953125 0.025220680958385876
0 0.6647769040564924 0.6452623008031719 0.01953125 0.025220680958385876
0 0.6434121910108186 0.6582449971365418 0.01953125 0.025220680958385876
0 0.6057097562243359 0.6582449971365418 0.01953125 0.025220680958385876
0 0.5818315475262302 0.6842103898032813 0.01953125 0.025220680958385876
0 0.5604668344805566 0.6192969081364325 0.01953125 0.025220680958385876
0 0.5340751301300185 0.6371481155948159 0.01953125 0.025220680958385876
0 0.5089401736056968 0.6339024415114733 0.01953125 0.025220680958385876
0 0.4900889562124554 0.6030685377197201 0.01953125 0.025220680958385876
0 0.4511297735997565 0.6793418786782677 0.01953125 0.025220680958385876
0 0.43856229533759555 0.6030685377197201 0.01953125 0.025220680958385876
0 0.3757249040267909 0.5706117968862957 0.01953125 0.025220680958385876
0 0.39331937359381614 0.5624976116779397 0.01953125 0.025220680958385876
0 0.3543601909811172 0.580348819136323 0.01953125 0.025220680958385876
0 0.338022469240308 0.5673661228029533 0.01953125 0.025220680958385876
0 0.31414426054220224 0.5657432857612822 0.01953125 0.025220680958385876
0 0.3078605214111218 0.6111827229280763 0.01953125 0.025220680958385876
0 0.2701580866246389 0.6679820193865691 0.01953125 0.025220680958385876
0 0.49134570403867145 0.6874560638866236 0.01953125 0.025220680958385876
0 0.24753662575274923 0.5657432857612822 0.01953125 0.025220680958385876
0 0.2098341909662665 0.5965771895530353 0.01953125 0.025220680958385876
0 0.21109093879248256 0.5397778930945425 0.01953125 0.025220680958385876
0 0.20606394748761817 0.5219266856361591 0.01953125 0.025220680958385876
0 0.18344248661572848 0.513812500427803 0.01953125 0.025220680958385876
0 0.1520237909603262 0.5170581745111453 0.01953125 0.025220680958385876
0 0.4762647301240783 0.5738574709696381 0.01953125 0.025220680958385876
0 0.5051699301270484 0.5706117968862957 0.01953125 0.025220680958385876
0 0.5277913909989381 0.580348819136323 0.01953125 0.025220680958385876
0 0.5705208170902853 0.5998228636363777 0.01953125 0.025220680958385876
0 0.5491561040446117 0.5592519375945971 0.01953125 0.025220680958385876
0 0.028862503991149032 0.6111827229280763 0.01953125 0.025220680958385876
0 0.07159193008249623 0.5787259820946519 0.01953125 0.025220680958385876
0 0.13317257356708478 0.580348819136323 0.01953125 0.025220680958385876
0 0.11432135617384341 0.5478920783028987 0.01953125 0.025220680958385876
0 0.23622589531680452 0.6760962045949253 0.01953125 0.025220680958385876
0 0.21737467792356302 0.6728505305115827 0.01953125 0.025220680958385876
0 0.034610686626123974 0.5466749505216453 0.01953125 0.025220680958385876
0 0.06540100836841828 0.5312579986257687 0.01953125 0.025220680958385876
0 0.08048198228301139 0.5125953726465496 0.01953125 0.025220680958385876
0 0.05660377358490563 0.5198981393340701 0.01953125 0.025220680958385876
0 0.0377525561916642 0.5215209763757414 0.01953125 0.025220680958385876
0 0.02455670401639522 0.5158410467298922 0.01953125 0.025220680958385876
0 0.00884735618869405 0.5296351615840975 0.01953125 0.025220680958385876
0 0.09493458228449646 0.507726861521536 0.01953125 0.025220680958385876
0 0.11190067793841373 0.507726861521536 0.01953125 0.025220680958385876
0 0.12949514750543908 0.4979898392715086 0.01953125 0.025220680958385876
0 0.06351588662909415 0.4825728873756321 0.01953125 0.025220680958385876
0 0.04780653880139294 0.4752701206881115 0.01953125 0.025220680958385876
0 0.025859860551112702 0.49778698464129967 0.01953125 0.025220680958385876
0 0.038741525769827666 0.47709581235999154 0.01953125 0.025220680958385876
0 0.0176909996807081 0.48155861422458746 0.01953125 0.025220680958385876
0 0.010464699679965566 0.45883889564119024 0.01953125 0.025220680958385876
0 0.06450485620725759 0.4653302438078752 0.01953125 0.025220680958385876
0 0.07738652142597253 0.47385013827664907 0.01953125 0.025220680958385876
0 0.0902681866446875 0.48074719570375185 0.01953125 0.025220680958385876
0 0.10252147795029443 0.47953006792249847 0.01953125 0.025220680958385876
0 0.04753876055334031 0.44707332708907394 0.01953125 0.025220680958385876
0 0.08147095186117485 0.4446390715265671 0.01953125 0.025220680958385876
0 0.07173115620800012 0.4430162344848959 0.01953125 0.025220680958385876
0 0.05979205185894724 0.4389591418807179 0.01953125 0.025220680958385876
0 0.044396890987800086 0.42597644554734804 0.01953125 0.025220680958385876
0 0.030886851855977077 0.4280049918494371 0.01953125 0.025220680958385876
0 0.016434251854492002 0.44139339744322464 0.01953125 0.025220680958385876
0 0.14556509099819565 0.4775015216204094 0.01953125 0.025220680958385876
0 0.15656163447758645 0.490889927214197 0.01953125 0.025220680958385876
0 0.14587927795474964 0.4937298920371216 0.01953125 0.025220680958385876
0 0.16818655187008533 0.4746615567974848 0.01953125 0.025220680958385876
0 0.11508895621245537 0.45599893081826565 0.01953125 0.025220680958385876
0 0.12639968664840023 0.44504478078698495 0.01953125 0.025220680958385876
0 0.12388619099596802 0.4775015216204094 0.01953125 0.025220680958385876
0 0.1169740779517795 0.47385013827664907 0.01953125 0.025220680958385876
0 0.11477476925590135 0.46735879010996423 0.01953125 0.025220680958385876
0 0.10314985186340246 0.45599893081826565 0.01953125 0.025220680958385876
0 0.13205505186637265 0.46249027898495054 0.01953125 0.025220680958385876
0 0.1612744388258968 0.44139339744322464 0.01953125 0.025220680958385876
0 0.16818655187008533 0.4499132919119986 0.01953125 0.025220680958385876
0 0.1886087040460968 0.44179910670364253 0.01953125 0.025220680958385876
0 0.17666959969704393 0.46249027898495054 0.01953125 0.025220680958385876
0 0.17761216056670603 0.480341486443334 0.01953125 0.025220680958385876
0 0.18986545187231296 0.4912956364746148 0.01953125 0.025220680958385876
0 0.19175057361163705 0.47953006792249847 0.01953125 0.025220680958385876
0 0.20337549100413593 0.4478847456099096 0.01953125 0.025220680958385876
0 0.20871666926555432 0.4689816271516355 0.01953125 0.025220680958385876
0 0.21751390404906695 0.4645188252870396 0.01953125 0.025220680958385876
0 0.20054780839514968 0.4681702086307999 0.01953125 0.025220680958385876
0 0.20054780839514968 0.4880499623912723 0.01953125 0.025220680958385876
0 0.2294530083981199 0.4843985790475121 0.01953125 0.025220680958385876
0 0.22002739970149915 0.4852099975683477 0.01953125 0.025220680958385876
0 0.31106211784352306 0.5313626391211559 0.01953125 0.025220680958385876
0 0.3042818591310158 0.5215128811932767 0.01953125 0.025220680958385876
0 0.2525823864481485 0.5258905513834451 0.01953125 0.025220680958385876
0 0.2678379685512897 0.48320826702930164 0.01953125 0.025220680958385876
0 0.24919225709189496 0.4840290801899582 0.01953125 0.025220680958385876
0 0.2356317396668806 0.4725376959407658 0.01953125 0.025220680958385876
0 0.24876849092236333 0.4632351467866576 0.01953125 0.025220680958385876
0 0.2394456351926659 0.450649344989923 0.01953125 0.025220680958385876
0 0.2263088839371832 0.4473660923472965 0.01953125 0.025220680958385876
0 0.28860251085834304 0.4955204644391509 0.01953125 0.025220680958385876
0 0.26741420238175806 0.45338538885877827 0.01953125 0.025220680958385876
0 0.3203849735732205 0.4977092995342351 0.01953125 0.025220680958385876
0 0.3013154959442939 0.5031813872719458 0.01953125 0.025220680958385876
0 0.323775102929474 0.5157671890686806 0.01953125 0.025220680958385876
0 0.32928406313338615 0.5157671890686806 0.01953125 0.025220680958385876
0 0.3339454909982348 0.4862179152850426 0.01953125 0.025220680958385876
0 0.32716523228572764 0.4993509258555483 0.01953125 0.025220680958385876
0 0.2924164063841283 0.46761281697682616 0.01953125 0.025220680958385876
0 0.28521238150208933 0.46268793801288655 0.01953125 0.025220680958385876
0 0.3589476950006051 0.543127627757234 0.01953125 0.025220680958385876
0 0.3627615905263903 0.5589966821965952 0.01953125 0.025220680958385876
0 0.38734002835922887 0.5338250786031258 0.01953125 0.025220680958385876
0 0.40598573981862374 0.534919496150668 0.01953125 0.025220680958385876
0 0.4072570383272187 0.49004837670144 0.01953125 0.025220680958385876
0 0.39242522239360933 0.5031813872719458 0.01953125 0.025220680958385876
0 0.39454405324126784 0.47910420122601866 0.01953125 0.025220680958385876
0 0.39073015771548253 0.46597119065551296 0.01953125 0.025220680958385876
0 0.37928847113812664 0.4829346626424162 0.01953125 0.025220680958385876
0 0.3648804213740488 0.4982565083080061 0.01953125 0.025220680958385876
0 0.3648804213740488 0.47855699245224753 0.01953125 0.025220680958385876
0 0.3517436701185661 0.4867651240588136 0.01953125 0.025220680958385876
0 0.3538625009662246 0.4747265310358501 0.01953125 0.025220680958385876
0 0.34326834672793216 0.4698016520719104 0.01953125 0.025220680958385876
0 0.3267414661161959 0.4725376959407658 0.01953125 0.025220680958385876
0 0.32335133675994226 0.46487677310797076 0.01953125 0.025220680958385876
0 0.31699484421696683 0.4763681573571633 0.01953125 0.025220680958385876
0 0.3085195208263329 0.4840290801899582 0.01953125 0.025220680958385876
0 0.43225924232958873 0.5228809031277039 0.01953125 0.025220680958385876
0 0.4318354761600571 0.5075590574621138 0.01953125 0.025220680958385876
0 0.4275978144647401 0.49223721179652374 0.01953125 0.025220680958385876
0 0.4250552174475499 0.47910420122601804 0.01953125 0.025220680958385876
0 0.43988703338115936 0.4812930363211024 0.01953125 0.025220680958385876
0 0.4555663816538322 0.48676512405881306 0.01953125 0.025220680958385876
0 0.4513287199585152 0.5349194961506675 0.01953125 0.025220680958385876
0 0.46955066524837824 0.5163143978424509 0.01953125 0.025220680958385876
0 0.4708219637569733 0.4834818714161867 0.01953125 0.025220680958385876
0 0.48141611799526585 0.4676128169768256 0.01953125 0.025220680958385876
0 0.4932815707421534 0.48293466264241564 0.01953125 0.025220680958385876
0 0.5072658543366996 0.4780097836784759 0.01953125 0.025220680958385876
0 0.5229452026093724 0.48567070651127103 0.01953125 0.025220680958385876
0 0.5331155906781331 0.4774625749047048 0.01953125 0.025220680958385876
0 0.544557277255489 0.47965140999978917 0.01953125 0.025220680958385876
0 0.5521850683070595 0.47910420122601804 0.01953125 0.025220680958385876
0 0.5466761081031474 0.5113895188785114 0.01953125 0.025220680958385876
0 0.5623554563758203 0.5037285960457162 0.01953125 0.025220680958385876
0 0.5280303966437526 0.5360139136982095 0.01953125 0.025220680958385876
0 0.5140461130492067 0.5064646399145716 0.01953125 0.025220680958385876
0 0.4877726105382414 0.5141255627473666 0.01953125 0.025220680958385876
0 0.5801536354961516 0.5217864855801616 0.01953125 0.025220680958385876
0 0.5907477897344441 0.49333162934406594 0.01953125 0.025220680958385876
0 0.575492207631303 0.48567070651127103 0.01953125 0.025220680958385876
0 0.6369383022133994 0.5157671890686799 0.01953125 0.025220680958385876
0 0.6204114216016631 0.5360139136982095 0.01953125 0.025220680958385876
0 0.6021894763118 0.5502413418162573 0.01953125 0.025220680958385876
0 0.586510128039127 0.5589966821965945 0.01953125 0.025220680958385876
0 0.6089697350243072 0.5770545717310398 0.01953125 0.025220680958385876
0 0.5983755807860147 0.601678966550738 0.01953125 0.025220680958385876
0 0.6356670037048042 0.6131703507999307 0.01953125 0.025220680958385876
0 0.25131108793955337 0.6503805474163635 0.01953125 0.025220680958385876
0 0.6182925907540047 0.4988037170817767 0.01953125 0.025220680958385876
0 0.6225302524493216 0.48676512405881306 0.01953125 0.025220680958385876
0 0.6068509041766487 0.4763681573571627 0.01953125 0.025220680958385876
0 0.586510128039127 0.48184024509487344 0.01953125 0.025220680958385876
0 0.536081953864855 0.49606767321292133 0.01953125 0.025220680958385876
0 0.6602454415376428 0.5625535392261063 0.01953125 0.025220680958385876
0 0.6577028445204525 0.5122103320391678 0.01953125 0.025220680958385876
0 0.6745908965942565 0.5245225294490169 0.01953125 0.025220680958385876
0 0.6695057025598762 0.5305418259604987 0.01953125 0.025220680958385876
0 0.6508599911004814 0.5371083312457515 0.01953125 0.025220680958385876
0 0.5966179214004239 0.525616946996559 0.01953125 0.025220680958385876
0 0.5589027323121027 0.533277869829354 0.01953125 0.025220680958385876
0 0.6598572565212786 0.49213664351575676 0.01953125 0.025220680958385876
0 0.667995565703398 0.4881957724868363 0.01953125 0.025220680958385876
0 0.6791857408288122 0.5039592566025178 0.01953125 0.025220680958385876
0 0.6944450705452861 0.4881957724868363 0.01953125 0.025220680958385876
0 0.7066525343184654 0.515781869689279 0.01953125 0.025220680958385876
0 0.7158081321483497 0.4960775145446772 0.01953125 0.025220680958385876
0 0.7269983072737641 0.5105273749840519 0.01953125 0.025220680958385876
0 0.7402230596947081 0.4987047618972907 0.01953125 0.025220680958385876
0 0.7198772867394095 0.5367998485101879 0.01953125 0.025220680958385876
0 0.742257636990238 0.5433679668917218 0.01953125 0.025220680958385876
0 0.7554823894111821 0.5223499880708131 0.01953125 0.025220680958385876
0 0.6873240500109317 0.5893447955624597 0.01953125 0.025220680958385876
0 0.6690128543511629 0.6011674086492209 0.01953125 0.025220680958385876
0 0.7168254207961148 0.5919720429150734 0.01953125 0.025220680958385876
0 0.7473440802290626 0.5775221824756986 0.01953125 0.025220680958385876
0 0.7778627396620106 0.6379488715858113 0.01953125 0.025220680958385876
0 0.7534478121156523 0.647144237319959 0.01953125 0.025220680958385876
0 0.8795916044385038 0.5788358061520054 0.01953125 0.025220680958385876
0 0.907058397928157 0.5696404404178578 0.01953125 0.025220680958385876
0 0.890781779563918 0.5565042036547899 0.01953125 0.025220680958385876
0 0.9040065319848622 0.5512497089495627 0.01953125 0.025220680958385876
0 0.8989200887460376 0.535486224833881 0.01953125 0.025220680958385876
0 0.9040065319848622 0.5170954933655859 0.01953125 0.025220680958385876
0 0.890781779563918 0.515781869689279 0.01953125 0.025220680958385876
0 0.8734878725519143 0.5367998485101879 0.01953125 0.025220680958385876
0 0.848055656357791 0.5394270958628016 0.01953125 0.025220680958385876
0 0.8266925947547275 0.5446815905680286 0.01953125 0.025220680958385876
0 0.8348309039368469 0.5184091170418927 0.01953125 0.025220680958385876
0 0.8195715742203729 0.5105273749840519 0.01953125 0.025220680958385876
0 0.8073641104471936 0.5105273749840519 0.01953125 0.025220680958385876
0 0.7819318942530704 0.484254901457916 0.01953125 0.025220680958385876
0 0.7758281623664808 0.5079001276314383 0.01953125 0.025220680958385876
0 0.7514132348201225 0.5131546223366655 0.01953125 0.025220680958385876
0 0.7676898531843613 0.542054343215415 0.01953125 0.025220680958385876
0 0.78600104884413 0.5525633326258693 0.01953125 0.025220680958385876
0 0.7890529147874249 0.5709540640941646 0.01953125 0.025220680958385876
0 0.8022776672083691 0.5932856665913803 0.01953125 0.025220680958385876
0 0.8266925947547275 0.574894935123085 0.01953125 0.025220680958385876
0 0.923335016292396 0.5249772354234267 0.01953125 0.025220680958385876
0 0.9314733254745153 0.5407407195391084 0.01953125 0.025220680958385876
0 0.9416462119521647 0.5210363643945063 0.01953125 0.025220680958385876
0 0.9538536757253439 0.515781869689279 0.01953125 0.025220680958385876
0 0.9609746962596986 0.5262908590997336 0.01953125 0.025220680958385876
0 0.9569055416686387 0.4881957724868363 0.01953125 0.025220680958385876
0 0.06982984081761767 0.43039633072933714 0.01953125 0.025220680958385876
0 0.07898543864750206 0.4271122715385701 0.01953125 0.025220680958385876
0 0.06220017595938067 0.43170995440564397 0.01953125 0.025220680958385876
0 0.020491341401018444 0.42579864786226346 0.01953125 0.025220680958385876
0 0.012353032218898974 0.43170995440564397 0.01953125 0.025220680958385876
0 0.1016187962485039 0.4415621319779449 0.01953125 0.025220680958385876
0 0.1061965951634461 0.4231714005096498 0.01953125 0.025220680958385876
0 0.10467066219179871 0.39886936249797406 0.01953125 0.025220680958385876
0 0.09754964165744417 0.3982125506598206 0.01953125 0.025220680958385876
0 0.08686811085591238 0.41923052948072936 0.01953125 0.025220680958385876
0 0.08127302329320527 0.41857371764257595 0.01953125 0.025220680958385876
0 0.1214559248799201 0.3995261743361274 0.01953125 0.025220680958385876
0 0.11484354866944803 0.39886936249797406 0.01953125 0.025220680958385876
0 0.12501643514709737 0.45732561609362654 0.01953125 0.025220680958385876
0 0.23793547504900486 0.44024850830163814 0.01953125 0.025220680958385876
0 0.2516688717938315 0.4382780727871779 0.01953125 0.025220680958385876
0 0.2598071809759509 0.4422189438160983 0.01953125 0.025220680958385876
0 0.2506515831460665 0.44813025035947895 0.01953125 0.025220680958385876
0 0.26998006745360026 0.44287575565425175 0.01953125 0.025220680958385876
0 0.28473075284619176 0.4395916964634847 0.01953125 0.025220680958385876
0 0.28473075284619176 0.4468166266831721 0.01953125 0.025220680958385876
0 0.2877826187894866 0.4520711213883993 0.01953125 0.025220680958385876
0 0.29948143823878326 0.4395916964634847 0.01953125 0.025220680958385876
0 0.303550592829843 0.4507574977120926 0.01953125 0.025220680958385876
0 0.3106716133641976 0.4455030030068653 0.01953125 0.025220680958385876
0 0.3152494122791397 0.4533847450647061 0.01953125 0.025220680958385876
0 0.34627671603597016 0.46258011079885364 0.01953125 0.025220680958385876
0 0.3615360457524442 0.46455054631331394 0.01953125 0.025220680958385876
0 0.3544150252180897 0.4533847450647061 0.01953125 0.025220680958385876
0 0.4164696327317505 0.47308910020930806 0.01953125 0.025220680958385876
0 0.4261338748855174 0.4691482291803877 0.01953125 0.025220680958385876
0 0.6496843700436292 0.48556852513422266 0.01953125 0.025220680958385876
0 0.9691130054418179 0.515781869689279 0.01953125 0.025220680958385876
