0 0.03433029176523597 0.7393932067066531 0.01953125 0.03048780487804878
0 0.06759978971874883 0.7507535230810234 0.01953125 0.03048780487804878
0 0.10502797491645072 0.758868034777002 0.01953125 0.03048780487804878
0 0.12790075475949078 0.7669825464729808 0.01953125 0.03048780487804878
0 0.15389255003567273 0.695574843548368 0.01953125 0.03048780487804878
0 0.13517845743682175 0.6712313084604317 0.01953125 0.03048780487804878
0 0.007298824678006819 0.6030694102142102 0.01953125 0.03048780487804878
0 0.020814558221621392 0.5543823400383379 0.01953125 0.03048780487804878
0 0.023933573654763226 0.5332846096287932 0.01953125 0.03048780487804878
0 0.045766681686756 0.539776218985576 0.01953125 0.03048780487804878
0 0.046806353497803294 0.49758075816648667 0.01953125 0.03048780487804878
0 0.07799650782922157 0.5284159026112059 0.01953125 0.03048780487804878
0 0.1310197701926326 0.46349980904337595 0.01953125 0.03048780487804878
0 0.1580512372798618 0.45700819968659295 0.01953125 0.03048780487804878
0 0.1798843453118546 0.5235471955936187 0.01953125 0.03048780487804878
0 0.19755876609965828 0.6598709920860614 0.01953125 0.03048780487804878
0 0.18716204798918554 0.6420190663549081 0.01953125 0.03048780487804878
0 0.18196368893394918 0.758868034777002 0.01953125 0.03048780487804878
0 0.20275712515489466 0.7247870856538914 0.01953125 0.03048780487804878
0 0.215233186887462 0.9049292453046195 0.01953125 0.03048780487804878
0 0.29632758814914945 0.7134267692795211 0.01953125 0.03048780487804878
0 0.34935085051256054 0.7036893552443466 0.01953125 0.03048780487804878
0 0.36182691224512786 0.6842145271739978 0.01953125 0.03048780487804878
0 0.38366002027712065 0.6761000154780189 0.01953125 0.03048780487804878
0 0.41381050279749165 0.6582480897468657 0.01953125 0.03048780487804878
0 0.43668328264053174 0.6257900429629506 0.01953125 0.03048780487804878
0 0.48658752957080104 0.6614938944252571 0.01953125 0.03048780487804878
0 0.5094603094138411 0.6144297265885806 0.01953125 0.03048780487804878
0 0.5468884946115429 0.7134267692795211 0.01953125 0.03048780487804878
0 0.5749596335098194 0.6257900429629506 0.01953125 0.03048780487804878
0 0.5957530697307649 0.604692312553406 0.01953125 0.03048780487804878
0 0.599911756974954 0.6501335780508869 0.01953125 0.03048780487804878
0 0.6290225676842777 0.6793458201564105 0.01953125 0.03048780487804878
0 0.6882838609139724 0.6907061365307807 0.01953125 0.03048780487804878
0 0.7392277796552891 0.6468877733724955 0.01953125 0.03048780487804878
0 0.7402674514663361 0.624167140623755 0.01953125 0.03048780487804878
0 0.8442346325710639 0.6420190663549081 0.01953125 0.03048780487804878
0 0.8795834741466713 0.6614938944252571 0.01953125 0.03048780487804878
0 0.9461224700536969 0.682591624834802 0.01953125 0.03048780487804878
0 0.980431639818257 0.682591624834802 0.01953125 0.03048780487804878
0 0.9887490143066353 0.8335215423800064 0.01953125 0.03048780487804878
0 0.8275998835943075 0.5316617072895974 0.01953125 0.03048780487804878
0 0.7704179339867072 0.5430220236639677 0.01953125 0.03048780487804878
0 0.7361087642221472 0.5365304143071846 0.01953125 0.03048780487804878
0 0.7069979535128234 0.5284159026112059 0.01953125 0.03048780487804878
0 0.7163549998122489 0.5105639768800526 0.01953125 0.03048780487804878
0 0.6726887837482632 0.5105639768800526 0.01953125 0.03048780487804878
0 0.6924425481581616 0.5056952698624654 0.01953125 0.03048780487804878
0 0.720513687056438 0.47810593009613767 0.01953125 0.03048780487804878
0 0.7371484360331945 0.4537623950082015 0.01953125 0.03048780487804878
0 0.20379679696594194 0.611183921910189 0.01953125 0.03048780487804878
0 0.24226465397469116 0.6192984336061678 0.01953125 0.03048780487804878
0 0.2557803875183058 0.6679855037820402 0.01953125 0.03048780487804878
0 0.2734548083061094 0.695574843548368 0.01953125 0.03048780487804878
0 0.3015259472043858 0.6598709920860614 0.01953125 0.03048780487804878
0 0.3202400398032368 0.6809687224956062 0.01953125 0.03048780487804878
0 0.32959708610266236 0.6339045546589295 0.01953125 0.03048780487804878
0 0.2890498854718186 0.6339045546589295 0.01953125 0.03048780487804878
0 0.20171745334384736 0.5284159026112059 0.01953125 0.03048780487804878
0 0.18716204798918554 0.47648302775694196 0.01953125 0.03048780487804878
0 0.20483646877698924 0.46349980904337595 0.01953125 0.03048780487804878
0 0.061922665314858585 0.6898827791927801 0.01953125 0.03048780487804878
0 0.10298970185122595 0.6728423046312247 0.01953125 0.03048780487804878
0 0.11858477901693511 0.6996201932279545 0.01953125 0.03048780487804878
0 0.2423057245315609 0.49838030316768184 0.01953125 0.03048780487804878
0 0.2537421144530809 0.5008146566764755 0.01953125 0.03048780487804878
0 0.2579008016972701 0.4829627309453223 0.01953125 0.03048780487804878
0 0.2781744020126919 0.47160241457095203 0.01953125 0.03048780487804878
0 0.27609505839059734 0.4967574008284861 0.01953125 0.03048780487804878
0 0.2610198171304119 0.439955818956635 0.01953125 0.03048780487804878
0 0.2183932728774736 0.4375214654478413 0.01953125 0.03048780487804878
0 0.17940557996320072 0.439955818956635 0.01953125 0.03048780487804878
0 0.15861214374225524 0.42129244205588384 0.01953125 0.03048780487804878
0 0.1695286977582516 0.426161149073471 0.01953125 0.03048780487804878
0 0.2942893150839247 0.5016261078460733 0.01953125 0.03048780487804878
0 0.1627708309864443 0.6687850487832353 0.01953125 0.03048780487804878
0 0.3691456854793286 0.6403842578473098 0.01953125 0.03048780487804878
0 0.3592688032743794 0.6265895879641459 0.01953125 0.03048780487804878
0 0.36550683414066304 0.5949429923498288 0.01953125 0.03048780487804878
0 0.4289268146145469 0.5908857365018395 0.01953125 0.03048780487804878
0 0.48454925650557606 0.6111720157417863 0.01953125 0.03048780487804878
0 0.48870794374976523 0.5568047873787287 0.01953125 0.03048780487804878
0 0.4440020558747324 0.5413872151563691 0.01953125 0.03048780487804878
0 0.4206094401261687 0.5632963967355118 0.01953125 0.03048780487804878
0 0.39721682437760497 0.5227238382556181 0.01953125 0.03048780487804878
0 0.3488720851639066 0.5267810941036075 0.01953125 0.03048780487804878
0 0.36706634185723397 0.4837741821149202 0.01953125 0.03048780487804878
0 0.4060540347715068 0.48539708445411583 0.01953125 0.03048780487804878
0 0.42736730689797586 0.4813398286061265 0.01953125 0.03048780487804878
0 0.44608139949682696 0.49513449848929036 0.01953125 0.03048780487804878
0 0.47467237430062703 0.48701998679331165 0.01953125 0.03048780487804878
0 0.4861087642221471 0.5113635218812479 0.01953125 0.03048780487804878
0 0.4455615635913032 0.46105354936617965 0.01953125 0.03048780487804878
0 0.431525994142165 0.45861919585738603 0.01953125 0.03048780487804878
0 0.4060540347715068 0.4642993540445712 0.01953125 0.03048780487804878
0 0.3873399421726558 0.46105354936617965 0.01953125 0.03048780487804878
0 0.3925383012278923 0.44563597714382003 0.01953125 0.03048780487804878
0 0.3826614190229431 0.4350871119390477 0.01953125 0.03048780487804878
0 0.3696655213848522 0.45212758650060303 0.01953125 0.03048780487804878
0 0.37434404453456493 0.4699795122317562 0.01953125 0.03048780487804878
0 0.3519911005970485 0.46267645170537536 0.01953125 0.03048780487804878
0 0.32184061807667746 0.48052837743652865 0.01953125 0.03048780487804878
0 0.3041661972888738 0.46267645170537536 0.01953125 0.03048780487804878
0 0.32184061807667746 0.44969323299180947 0.01953125 0.03048780487804878
0 0.3088447204385865 0.4440130748046243 0.01953125 0.03048780487804878
0 0.33483651571476847 0.42859550258226475 0.01953125 0.03048780487804878
0 0.3244397976042957 0.43427566076944984 0.01953125 0.03048780487804878
0 0.283892596973452 0.426972600243069 0.01953125 0.03048780487804878
0 0.2864917765010701 0.4488817818222115 0.01953125 0.03048780487804878
0 0.270896699335361 0.44320162363502646 0.01953125 0.03048780487804878
0 0.27713473020164464 0.6144178204201778 0.01953125 0.03048780487804878
0 0.29844800232811375 0.5998116993674161 0.01953125 0.03048780487804878
0 0.31248357177725206 0.6030575040458076 0.01953125 0.03048780487804878
0 0.2719363711464083 0.5803368712970671 0.01953125 0.03048780487804878
0 0.2776545661071683 0.5543704338699352 0.01953125 0.03048780487804878
0 0.4523194303631105 0.6923171327015738 0.01953125 0.03048780487804878
0 0.4751922102061506 0.4602420981965818 0.01953125 0.03048780487804878
0 0.4975451541436671 0.4529390376702009 0.01953125 0.03048780487804878
0 0.49910466186023794 0.4902657914717031 0.01953125 0.03048780487804878
0 0.47051368705643787 0.4440130748046243 0.01953125 0.03048780487804878
0 0.4611566407570124 0.43184130726065617 0.01953125 0.03048780487804878
0 0.4429623840636851 0.43427566076944984 0.01953125 0.03048780487804878
0 0.41073255792121954 0.43427566076944984 0.01953125 0.03048780487804878
0 0.463235984379107 0.46105354936617965 0.01953125 0.03048780487804878
0 0.19844507875007736 0.4143207027355083 0.01953125 0.03048780487804878
0 0.2168594229292212 0.4013857487755243 0.01953125 0.03048780487804878
0 0.2343530498994078 0.3941996632421999 0.01953125 0.03048780487804878
0 0.22560623641431451 0.3941996632421999 0.01953125 0.03048780487804878
0 0.2477034494292871 0.397792706008862 0.01953125 0.03048780487804878
0 0.25322775268303016 0.38773218626220796 0.01953125 0.03048780487804878
0 0.26151420756364496 0.4013857487755243 0.01953125 0.03048780487804878
0 0.2513863182651158 0.4107276599688461 0.01953125 0.03048780487804878
0 0.295580744295061 0.48258851530209024 0.01953125 0.03048780487804878
0 0.30524827498911145 0.4193509626088353 0.01953125 0.03048780487804878
0 0.2895960824368392 0.4107276599688461 0.01953125 0.03048780487804878
0 0.2808492689517459 0.399229923115527 0.01953125 0.03048780487804878
0 0.29189787545923224 0.39060662047553774 0.01953125 0.03048780487804878
0 0.2767060415114386 0.37767166651555373 0.01953125 0.03048780487804878
0 0.28315106197413886 0.35683201846891294 0.01953125 0.03048780487804878
0 0.3116932954518118 0.3726414066422266 0.01953125 0.03048780487804878
0 0.3001843303398469 0.38557636060221057 0.01953125 0.03048780487804878
0 0.3752227828698579 0.4229440053754976 0.01953125 0.03048780487804878
0 0.31353472986972614 0.4128834856288434 0.01953125 0.03048780487804878
0 0.3116932954518118 0.3956368803488648 0.01953125 0.03048780487804878
0 0.3185986745189907 0.3798274921755511 0.01953125 0.03048780487804878
0 0.3604913075265429 0.4021043573288568 0.01953125 0.03048780487804878
0 0.3973199958848305 0.4236626139288301 0.01953125 0.03048780487804878
0 0.40054250611618075 0.405697400095519 0.01953125 0.03048780487804878
0 0.41297218843710276 0.4071346172021838 0.01953125 0.03048780487804878
0 0.4171154158774102 0.39707409745552963 0.01953125 0.03048780487804878
0 0.4000821475117022 0.39707409745552963 0.01953125 0.03048780487804878
0 0.40606680936992384 0.38413914349554573 0.01953125 0.03048780487804878
0 0.38903354100421583 0.38845079481554035 0.01953125 0.03048780487804878
0 0.34944270101905667 0.42222539682216503 0.01953125 0.03048780487804878
0 0.3664759693847647 0.4258184395888274 0.01953125 0.03048780487804878
0 0.3650948935713289 0.4409092192088086 0.01953125 0.03048780487804878
0 0.41665505727293156 0.4258184395888274 0.01953125 0.03048780487804878
0 0.4336883256386395 0.4136020941821759 0.01953125 0.03048780487804878
0 0.4405937047058185 0.3949182717955323 0.01953125 0.03048780487804878
0 0.43276760842968237 0.39707409745552963 0.01953125 0.03048780487804878
0 0.4300054568028108 0.39707409745552963 0.01953125 0.03048780487804878
0 0.3236626191682553 0.37407862374889156 0.01953125 0.03048780487804878
0 0.3360923014891774 0.34102263029559926 0.01953125 0.03048780487804878
0 0.3255040535861697 0.3518017585955859 0.01953125 0.03048780487804878
0 0.3443787563697921 0.3518017585955859 0.01953125 0.03048780487804878
0 0.3383940945115704 0.3575506270222454 0.01953125 0.03048780487804878
0 0.3337905084667844 0.3697669724288969 0.01953125 0.03048780487804878
0 0.34299768055635627 0.3769530579622214 0.01953125 0.03048780487804878
0 0.3347112256757416 0.3870135777088755 0.01953125 0.03048780487804878
0 0.32688512939960546 0.38845079481554035 0.01953125 0.03048780487804878
0 0.3471409079966637 0.4035415744355217 0.01953125 0.03048780487804878
0 0.34944270101905667 0.39060662047553774 0.01953125 0.03048780487804878
0 0.3554273628772784 0.3719227980888942 0.01953125 0.03048780487804878
0 0.3522048526459282 0.3331179362089424 0.01953125 0.03048780487804878
0 0.34207696334739907 0.33742958752893704 0.01953125 0.03048780487804878
0 0.3383940945115704 0.32880628488894775 0.01953125 0.03048780487804878
0 0.35450664566832113 0.31658993948229625 0.01953125 0.03048780487804878
0 0.36739668659372177 0.3158713309289638 0.01953125 0.03048780487804878
0 0.3720002726385078 0.3158713309289638 0.01953125 0.03048780487804878
0 0.37844529310120817 0.2993433342023176 0.01953125 0.03048780487804878
0 0.5064249851462577 0.4437836534221383 0.01953125 0.03048780487804878
0 0.4903124339895069 0.4272556566954922 0.01953125 0.03048780487804878
0 0.36141202473550005 0.34389706450892904 0.01953125 0.03048780487804878
0 0.3664759693847647 0.3474901072755912 0.01953125 0.03048780487804878
0 0.37936601031016537 0.33168071910227753 0.01953125 0.03048780487804878
0 0.37384170705642217 0.34461567306226143 0.01953125 0.03048780487804878
0 0.3770642172877723 0.3187457651422936 0.01953125 0.03048780487804878
0 0.38212816193703686 0.312996896715634 0.01953125 0.03048780487804878
0 0.39133533402660875 0.3209015908022909 0.01953125 0.03048780487804878
0 0.3871921065863015 0.33671097897560454 0.01953125 0.03048780487804878
0 0.394557844257959 0.33671097897560454 0.01953125 0.03048780487804878
0 0.38811282379525863 0.3474901072755912 0.01953125 0.03048780487804878
0 0.40146322332513795 0.3518017585955859 0.01953125 0.03048780487804878
0 0.40928931960127407 0.3474901072755912 0.01953125 0.03048780487804878
0 0.3973199958848305 0.36904836387556444 0.01953125 0.03048780487804878
0 0.346680549392185 0.4847443409620876 0.01953125 0.03048780487804878
0 0.3383940945115704 0.4107276599688461 0.01953125 0.03048780487804878
0 0.4603891246983981 0.4136020941821759 0.01953125 0.03048780487804878
0 0.4755809586461918 0.412164877075511 0.01953125 0.03048780487804878
0 0.48294669631784926 0.4071346172021838 0.01953125 0.03048780487804878
0 0.4893917167805497 0.4021043573288568 0.01953125 0.03048780487804878
0 0.49767817166116435 0.41000905141551364 0.01953125 0.03048780487804878
0 0.5156321572358296 0.42438122248216253 0.01953125 0.03048780487804878
0 0.5211564604895726 0.4021043573288568 0.01953125 0.03048780487804878
0 0.5427933149000667 0.42438122248216253 0.01953125 0.03048780487804878
0 0.526680763743316 0.4344417422288166 0.01953125 0.03048780487804878
0 0.5202357432806155 0.45528139027545744 0.01953125 0.03048780487804878
0 0.5202357432806155 0.4725279955554361 0.01953125 0.03048780487804878
0 0.5055042679373004 0.4646233014687791 0.01953125 0.03048780487804878
0 0.5096474953776079 0.48977460083541463 0.01953125 0.03048780487804878
0 0.522997894907487 0.5142072916487176 0.01953125 0.03048780487804878
0 0.512870005608958 0.5372027653553558 0.01953125 0.03048780487804878
0 0.5460158251314169 0.5731331930219778 0.01953125 0.03048780487804878
0 0.55154012838516 0.5393585910153531 0.01953125 0.03048780487804878
0 0.5722562655866967 0.5479818936553424 0.01953125 0.03048780487804878
0 0.5616680176836891 0.5055839890087284 0.01953125 0.03048780487804878
0 0.5671923209374322 0.47540242976876584 0.01953125 0.03048780487804878
0 0.5437140321090238 0.48905599228208213 0.01953125 0.03048780487804878
0 0.5294429153701875 0.48546294951542 0.01953125 0.03048780487804878
0 0.5473969009448527 0.461030258702117 0.01953125 0.03048780487804878
0 0.5681130381463894 0.4387533935488113 0.01953125 0.03048780487804878
0 0.5547626386165102 0.41719513694883803 0.01953125 0.03048780487804878
0 0.5423329562955882 0.4006671402221919 0.01953125 0.03048780487804878
0 0.5326654256015377 0.3934810546888675 0.01953125 0.03048780487804878
0 0.539110446064238 0.3848577520488781 0.01953125 0.03048780487804878
0 0.5566040730344245 0.38557636060221057 0.01953125 0.03048780487804878
0 0.5690337553553465 0.3941996632421999 0.01953125 0.03048780487804878
0 0.5648905279150394 0.4150393112888407 0.01953125 0.03048780487804878
0 0.5671923209374322 0.3661739296622348 0.01953125 0.03048780487804878
0 0.553841921407553 0.35898784412891027 0.01953125 0.03048780487804878
0 0.5460158251314169 0.3661739296622348 0.01953125 0.03048780487804878
0 0.5386500874597593 0.3719227980888942 0.01953125 0.03048780487804878
0 0.5386500874597593 0.34892732438225604 0.01953125 0.03048780487804878
0 0.5303636325791447 0.35395758425558327 0.01953125 0.03048780487804878
0 0.4228698984333927 0.37821062293055313 0.01953125 0.03048780487804878
0 0.3980105337915485 0.3185661130039604 0.01953125 0.03048780487804878
0 0.40215376123185587 0.32108124294062407 0.01953125 0.03048780487804878
0 0.4102100368102313 0.3271894156439498 0.01953125 0.03048780487804878
0 0.40928931960127407 0.3394057610506013 0.01953125 0.03048780487804878
0 0.38926372030645523 0.2991636820639846 0.01953125 0.03048780487804878
0 0.39893125100050575 0.30167881200064817 0.01953125 0.03048780487804878
0 0.42402079494458916 0.3667128860772341 0.01953125 0.03048780487804878
0 0.4274734844781786 0.35737097488391234 0.01953125 0.03048780487804878
0 0.4412842426125365 0.3512628021805866 0.01953125 0.03048780487804878
0 0.44772926307523686 0.3433581080939297 0.01953125 0.03048780487804878
0 0.45877786958272315 0.3394057610506013 0.01953125 0.03048780487804878
0 0.46683414516109856 0.36311984331057184 0.01953125 0.03048780487804878
0 0.45877786958272315 0.36563497324723543 0.01953125 0.03048780487804878
0 0.4573967937692873 0.37677340582388824 0.01953125 0.03048780487804878
0 0.4516423112133049 0.38503740418721133 0.01953125 0.03048780487804878
0 0.44519729075060455 0.3756954929938896 0.01953125 0.03048780487804878
0 0.43691083586998986 0.38000714431388427 0.01953125 0.03048780487804878
0 0.4647625314409448 0.3792885357605518 0.01953125 0.03048780487804878
0 0.4695962967879701 0.39402001110386686 0.01953125 0.03048780487804878
0 0.47419988283275605 0.37246175450389357 0.01953125 0.03048780487804878
0 0.481105261899935 0.37318036305722607 0.01953125 0.03048780487804878
0 0.4868597444559174 0.3742582758872247 0.01953125 0.03048780487804878
0 0.49813853026564303 0.376414101547222 0.01953125 0.03048780487804878
0 0.5011308611947539 0.3900676640605384 0.01953125 0.03048780487804878
0 0.4992894267768395 0.3986909667005277 0.01953125 0.03048780487804878
0 0.5064249851462578 0.3774920143772207 0.01953125 0.03048780487804878
0 0.5167830537470262 0.38000714431388427 0.01953125 0.03048780487804878
0 0.528292018858991 0.3864746212938762 0.01953125 0.03048780487804878
0 0.5310541704858626 0.3738989716105585 0.01953125 0.03048780487804878
0 0.525990225836598 0.36491636469390293 0.01953125 0.03048780487804878
0 0.4806449032954564 0.35090349790392034 0.01953125 0.03048780487804878
0 0.48133544120217436 0.32790802419728227 0.01953125 0.03048780487804878
0 0.4737395242282775 0.3271894156439498 0.01953125 0.03048780487804878
0 0.4691359381834915 0.31569167879063076 0.01953125 0.03048780487804878
0 0.461770200511834 0.3196440258339591 0.01953125 0.03048780487804878
0 0.4564760765603301 0.3200033301106254 0.01953125 0.03048780487804878
0 0.448649980284194 0.3217998514939565 0.01953125 0.03048780487804878
0 0.42678294657146076 0.3045532462139779 0.01953125 0.03048780487804878
0 0.4212586433177176 0.2977264649573197 0.01953125 0.03048780487804878
0 0.4127420091348636 0.31784750445062804 0.01953125 0.03048780487804878
0 0.40422537495200955 0.30670907187397517 0.01953125 0.03048780487804878
0 0.4079082437878383 0.2959299435739886 0.01953125 0.03048780487804878
0 0.39731999588483063 0.28982177087066285 0.01953125 0.03048780487804878
0 0.40399519564977027 0.2808391639540073 0.01953125 0.03048780487804878
0 0.41435326425053864 0.2700600356540207 0.01953125 0.03048780487804878
0 0.41389290564606007 0.293414813637325 0.01953125 0.03048780487804878
0 0.4189568502953246 0.28946246659399666 0.01953125 0.03048780487804878
0 0.4274734844781786 0.27149725276068554 0.01953125 0.03048780487804878
0 0.4214888226199569 0.26898212282402206 0.01953125 0.03048780487804878
0 0.4327676084296824 0.27652751263401265 0.01953125 0.03048780487804878
0 0.431616711918486 0.28838455376399796 0.01953125 0.03048780487804878
0 0.442435139123733 0.2801205554006748 0.01953125 0.03048780487804878
0 0.4387522702879042 0.2650297757806936 0.01953125 0.03048780487804878
0 0.45210266981778346 0.2768868169106789 0.01953125 0.03048780487804878
0 0.450951773306587 0.29413342219065747 0.01953125 0.03048780487804878
0 0.4774223930641062 0.3167695916206294 0.01953125 0.03048780487804878
0 0.4661436072543806 0.30742768042730767 0.01953125 0.03048780487804878
0 0.49215386840742126 0.3049125504906441 0.01953125 0.03048780487804878
0 0.49675745445220726 0.3117393317473023 0.01953125 0.03048780487804878
0 0.5020515784037111 0.28335429389067085 0.01953125 0.03048780487804878
0 0.4946858407320535 0.2826356853373384 0.01953125 0.03048780487804878
0 0.4893917167805497 0.2865880323806668 0.01953125 0.03048780487804878
0 0.4891615374783105 0.2955706392973224 0.01953125 0.03048780487804878
0 0.4815656205044136 0.2790426425706762 0.01953125 0.03048780487804878
0 0.4748904207394739 0.2801205554006748 0.01953125 0.03048780487804878
0 0.46130984190735536 0.2776054254640113 0.01953125 0.03048780487804878
0 0.4599287660939196 0.2628739501206963 0.01953125 0.03048780487804878
0 0.4762714965529098 0.275449599804014 0.01953125 0.03048780487804878
0 0.46292109702303047 0.29305550936065883 0.01953125 0.03048780487804878
0 0.49951960607907886 0.27149725276068554 0.01953125 0.03048780487804878
0 0.514251081422394 0.3049125504906441 0.01953125 0.03048780487804878
0 0.507345702355215 0.3225184600472889 0.01953125 0.03048780487804878
0 0.5048137300305827 0.3433581080939297 0.01953125 0.03048780487804878
0 0.4985988888701216 0.3458732380305933 0.01953125 0.03048780487804878
0 0.4944556614298143 0.3613233219272408 0.01953125 0.03048780487804878
0 0.5029722956126683 0.36240123475723945 0.01953125 0.03048780487804878
0 0.5121794677022401 0.3541372363939163 0.01953125 0.03048780487804878
0 0.519084846769419 0.3361720225606053 0.01953125 0.03048780487804878
0 0.5202357432806156 0.3534186278405839 0.01953125 0.03048780487804878
0 0.5278316602545123 0.3332975883472755 0.01953125 0.03048780487804878
0 0.5232280742097265 0.3257521985372849 0.01953125 0.03048780487804878
0 0.5255298672321195 0.31425446168396587 0.01953125 0.03048780487804878
0 0.5126398263067188 0.3196440258339591 0.01953125 0.03048780487804878
0 0.539110446064238 0.3203626343872916 0.01953125 0.03048780487804878
0 0.5335861428104949 0.3052718547673103 0.01953125 0.03048780487804878
0 0.5296730946724268 0.2908996837006615 0.01953125 0.03048780487804878
0 0.5223073570007692 0.2977264649573197 0.01953125 0.03048780487804878
0 0.5255298672321195 0.28335429389067085 0.01953125 0.03048780487804878
0 0.5381897288552808 0.28155777250733977 0.01953125 0.03048780487804878
0 0.4868597444559174 0.27509029552734776 0.01953125 0.03048780487804878
0 0.50895695747089 0.2732937741440167 0.01953125 0.03048780487804878
0 0.5045835507283434 0.27509029552734776 0.01953125 0.03048780487804878
0 0.5147114400268724 0.27652751263401265 0.01953125 0.03048780487804878
0 0.5193150260716584 0.27940194684734243 0.01953125 0.03048780487804878
0 0.5312843497881018 0.26143673301403136 0.01953125 0.03048780487804878
0 0.5227677156052479 0.26431116722736114 0.01953125 0.03048780487804878
0 0.5368086530418451 0.26826351427068956 0.01953125 0.03048780487804878
0 0.5342766807172128 0.27652751263401265 0.01953125 0.03048780487804878
0 0.5450951079224597 0.2664669928873585 0.01953125 0.03048780487804878
0 0.5464761837358956 0.2826356853373384 0.01953125 0.03048780487804878
0 0.5455554665269384 0.29700785640398725 0.01953125 0.03048780487804878
0 0.300184330339847 0.43498069864381594 0.01953125 0.03048780487804878
0 0.4594684074894411 0.3117393317473023 0.01953125 0.03048780487804878
0 0.4829466963178495 0.25137621326737714 0.01953125 0.03048780487804878
0 0.4877804616648747 0.2431122149040541 0.01953125 0.03048780487804878
0 0.4889313581760712 0.2506576047140447 0.01953125 0.03048780487804878
0 0.4960669165454894 0.24454943201071894 0.01953125 0.03048780487804878
0 0.49629709584772874 0.2549692560340394 0.01953125 0.03048780487804878
0 0.5022817577059505 0.23880056358405943 0.01953125 0.03048780487804878
0 0.5022817577059505 0.2582029945240354 0.01953125 0.03048780487804878
0 0.507345702355215 0.24886108333071363 0.01953125 0.03048780487804878
0 0.5087267781686509 0.2589216030773678 0.01953125 0.03048780487804878
0 0.5128700056089581 0.2531727346507082 0.01953125 0.03048780487804878
0 0.5218469983962908 0.24059708496739055 0.01953125 0.03048780487804878
0 0.5319748876948198 0.24203430207405544 0.01953125 0.03048780487804878
0 0.5303636325791449 0.2456273448407176 0.01953125 0.03048780487804878
0 0.5460158251314171 0.2499389961607123 0.01953125 0.03048780487804878
0 0.5446347493179812 0.25676577741737044 0.01953125 0.03048780487804878
0 0.5515401283851602 0.2506576047140447 0.01953125 0.03048780487804878
0 0.5586756867545785 0.24634595339405008 0.01953125 0.03048780487804878
0 0.5628189141948857 0.2582029945240354 0.01953125 0.03048780487804878
0 0.5584455074523391 0.2582029945240354 0.01953125 0.03048780487804878
0 0.5563738937321855 0.26826351427068956 0.01953125 0.03048780487804878
0 0.5618981969859286 0.27293446986735037 0.01953125 0.03048780487804878
0 0.5515401283851602 0.2894624665939966 0.01953125 0.03048780487804878
0 0.5563738937321855 0.29089968370066144 0.01953125 0.03048780487804878
0 0.5563738937321855 0.28047985967734107 0.01953125 0.03048780487804878
0 0.5662716037284752 0.2851508152740019 0.01953125 0.03048780487804878
0 0.5616680176836893 0.2973671606806534 0.01953125 0.03048780487804878
0 0.5704148311687826 0.3016788120006481 0.01953125 0.03048780487804878
0 0.5674225002396718 0.30814628898064006 0.01953125 0.03048780487804878
0 0.5669621416351931 0.3261115028139511 0.01953125 0.03048780487804878
0 0.5554531765232283 0.321081242940624 0.01953125 0.03048780487804878
0 0.5494685146650066 0.3271894156439497 0.01953125 0.03048780487804878
0 0.5959647337173447 0.2815577725073397 0.01953125 0.03048780487804878
0 0.5708751897732612 0.24886108333071363 0.01953125 0.03048780487804878
0 0.5798521825605938 0.24670525767071633 0.01953125 0.03048780487804878
0 0.5757089551202864 0.24670525767071633 0.01953125 0.03048780487804878
0 0.5833048720941832 0.24957969188404605 0.01953125 0.03048780487804878
0 0.5902102511613623 0.25173551754404333 0.01953125 0.03048780487804878
0 0.5925120441837551 0.2456273448407176 0.01953125 0.03048780487804878
0 0.5996476025531735 0.25137621326737714 0.01953125 0.03048780487804878
0 0.6058624437136345 0.25137621326737714 0.01953125 0.03048780487804878
0 0.6063228023181131 0.24203430207405544 0.01953125 0.03048780487804878
0 0.6005683197621307 0.27077864420735315 0.01953125 0.03048780487804878
0 0.597806168135259 0.2621553415673638 0.01953125 0.03048780487804878
0 0.5853764858143369 0.26251464584403 0.01953125 0.03048780487804878
0 0.5793918239561152 0.27544959980401396 0.01953125 0.03048780487804878
0 0.5667319623329539 0.27077864420735315 0.01953125 0.03048780487804878
0 0.5738675207023721 0.2596402116307003 0.01953125 0.03048780487804878
0 0.6065529816203524 0.28335429389067085 0.01953125 0.03048780487804878
0 0.5837652306986618 0.29089968370066144 0.01953125 0.03048780487804878
0 0.5862972030232941 0.30347533338397914 0.01953125 0.03048780487804878
0 0.5918215062770373 0.306349767597309 0.01953125 0.03048780487804878
0 0.6007984990643699 0.2826356853373384 0.01953125 0.03048780487804878
0 0.609315133247224 0.28730664093399927 0.01953125 0.03048780487804878
0 0.6148394365009671 0.27401238269734907 0.01953125 0.03048780487804878
0 0.6125376434785741 0.2643111672273611 0.01953125 0.03048780487804878
0 0.6164506916166421 0.25460995175737317 0.01953125 0.03048780487804878
0 0.6339443185868288 0.24419012773405274 0.01953125 0.03048780487804878
0 0.6293407325420428 0.24742386622404874 0.01953125 0.03048780487804878
0 0.6272691188218891 0.2531727346507082 0.01953125 0.03048780487804878
0 0.6224353534748639 0.25173551754404333 0.01953125 0.03048780487804878
0 0.6403893390495291 0.2456273448407176 0.01953125 0.03048780487804878
0 0.615529974407685 0.2373633464773946 0.01953125 0.03048780487804878
0 0.624737146497257 0.24383082345738655 0.01953125 0.03048780487804878
0 0.6383177253293754 0.2398784764140581 0.01953125 0.03048780487804878
0 0.6475248974189474 0.24634595339405008 0.01953125 0.03048780487804878
0 0.5402613425754347 0.2947622046748234 0.01953125 0.03048780487804878
0 0.613573450338651 0.32009315617979195 0.01953125 0.03048780487804878
0 0.5899800718591229 0.2699702095848542 0.01953125 0.03048780487804878
0 0.5906706097658408 0.2900912490781625 0.01953125 0.03048780487804878
0 0.5820388859318671 0.2845220327898361 0.01953125 0.03048780487804878
0 0.5762844033758847 0.29098950976982807 0.01953125 0.03048780487804878
0 0.5640849003572019 0.27625803442651303 0.01953125 0.03048780487804878
0 0.6393535321894522 0.25290325644320866 0.01953125 0.03048780487804878
0 0.609315133247224 0.2509270829215445 0.01953125 0.03048780487804878
0 0.6134583606875313 0.24499856235655182 0.01953125 0.03048780487804878
0 0.5972307198796608 0.3208117647331244 0.01953125 0.03048780487804878
0 0.6338292289357091 0.3105715928481371 0.01953125 0.03048780487804878
0 0.6284200153330857 0.2947622046748234 0.01953125 0.03048780487804878
0 0.6417704148629649 0.30554133297481 0.01953125 0.03048780487804878
0 0.6228957120793426 0.315242548444798 0.01953125 0.03048780487804878
0 0.5966552716240626 0.3022177684156475 0.01953125 0.03048780487804878
0 0.5722562655866971 0.29251655294565954 0.01953125 0.03048780487804878
0 0.5561437144299463 0.29934333420231773 0.01953125 0.03048780487804878
0 0.551309949082921 0.3022177684156475 0.01953125 0.03048780487804878
0 0.5453252872246992 0.3191050694189599 0.01953125 0.03048780487804878
0 0.6468343595122296 0.31802715658896125 0.01953125 0.03048780487804878
0 0.6571924281129979 0.30832594111897327 0.01953125 0.03048780487804878
0 0.6657090622958519 0.30652941973564213 0.01953125 0.03048780487804878
0 0.6581131453219551 0.2957502914356555 0.01953125 0.03048780487804878
0 0.6604149383443481 0.28820490162566487 0.01953125 0.03048780487804878
0 0.6079340574337881 0.330602806272279 0.01953125 0.03048780487804878
0 0.5966552716240626 0.335633066145606 0.01953125 0.03048780487804878
0 0.5890593546501658 0.3406633260189332 0.01953125 0.03048780487804878
0 0.5821539755829869 0.34856802010558996 0.01953125 0.03048780487804878
0 0.5828445134897047 0.33204002337894384 0.01953125 0.03048780487804878
0 0.5671923209374324 0.3431784559555967 0.01953125 0.03048780487804878
0 0.5503892318739637 0.3474901072755913 0.01953125 0.03048780487804878
0 0.5386500874597595 0.33491445759227356 0.01953125 0.03048780487804878
0 0.5609774797769714 0.363299495448905 0.01953125 0.03048780487804878
0 0.5602869418702535 0.34713080299892507 0.01953125 0.03048780487804878
0 0.5761693137247651 0.35216106287225224 0.01953125 0.03048780487804878
0 0.6571924281129979 0.33742958752893715 0.01953125 0.03048780487804878
0 0.6424609527696828 0.34425636878559535 0.01953125 0.03048780487804878
0 0.633253780680111 0.3464121944455926 0.01953125 0.03048780487804878
0 0.6274992981241284 0.33204002337894384 0.01953125 0.03048780487804878
0 0.6180619467323173 0.335633066145606 0.01953125 0.03048780487804878
0 0.6295709118442822 0.32341672073895456 0.01953125 0.03048780487804878
0 0.6507474076502976 0.32090159080229097 0.01953125 0.03048780487804878
0 0.6576527867174765 0.3230574164622883 0.01953125 0.03048780487804878
0 0.6176015881278387 0.3456935858922602 0.01953125 0.03048780487804878
0 0.6086245953405061 0.3593471484055766 0.01953125 0.03048780487804878
0 0.5909007890680802 0.37623444940888895 0.01953125 0.03048780487804878
0 0.6284200153330857 0.3647367125555699 0.01953125 0.03048780487804878
0 0.6459136423032723 0.36150297406557397 0.01953125 0.03048780487804878
0 0.6820517927548421 0.34425636878559535 0.01953125 0.03048780487804878
0 0.6742256964787059 0.33671097897560476 0.01953125 0.03048780487804878
0 0.6746860550831845 0.3191050694189599 0.01953125 0.03048780487804878
0 0.6815914341503635 0.31802715658896125 0.01953125 0.03048780487804878
0 0.6751464136876631 0.29503168288232307 0.01953125 0.03048780487804878
0 0.6645581657846554 0.3191050694189599 0.01953125 0.03048780487804878
0 0.6907986062399353 0.30832594111897327 0.01953125 0.03048780487804878
0 0.6949418336802428 0.30509220262897724 0.01953125 0.03048780487804878
0 0.6811310755458848 0.29646889998898796 0.01953125 0.03048780487804878
0 0.6806707169414062 0.28497116313566895 0.01953125 0.03048780487804878
0 0.688957171822021 0.28173742464567286 0.01953125 0.03048780487804878
0 0.6855044822884315 0.28317464175233775 0.01953125 0.03048780487804878
0 0.6896477097287389 0.2666466450256917 0.01953125 0.03048780487804878
0 0.6767576688033382 0.27059899206902005 0.01953125 0.03048780487804878
0 0.6716937241540736 0.265568732195693 0.01953125 0.03048780487804878
0 0.6707730069451164 0.25299308251237523 0.01953125 0.03048780487804878
0 0.6756067722921418 0.25083725685237795 0.01953125 0.03048780487804878
0 0.6737653378742273 0.25802334238570235 0.01953125 0.03048780487804878
0 0.6723842620607916 0.24401047559571978 0.01953125 0.03048780487804878
0 0.6622563727622623 0.24544769270238462 0.01953125 0.03048780487804878
0 0.6493663318368618 0.2555082124490388 0.01953125 0.03048780487804878
0 0.6472947181167081 0.2504779525757117 0.01953125 0.03048780487804878
0 0.6806707169414062 0.24544769270238462 0.01953125 0.03048780487804878
0 0.6871157374041066 0.24508838842571837 0.01953125 0.03048780487804878
0 0.6896477097287389 0.2515558654057104 0.01953125 0.03048780487804878
0 0.6954021922847213 0.2738327305590161 0.01953125 0.03048780487804878
0 0.6963229094936785 0.2889235101789973 0.01953125 0.03048780487804878
0 0.6666297795048091 0.29718750854232046 0.01953125 0.03048780487804878
0 0.6758369515943811 0.3597064526822428 0.01953125 0.03048780487804878
0 0.6818216134526028 0.360065756958909 0.01953125 0.03048780487804878
0 0.6896477097287389 0.363299495448905 0.01953125 0.03048780487804878
0 0.6907986062399353 0.32988419771894656 0.01953125 0.03048780487804878
0 0.6852743029861923 0.32772837205894917 0.01953125 0.03048780487804878
0 0.696783268098157 0.3798274921755512 0.01953125 0.03048780487804878
0 0.6530492006726906 0.36078436551224147 0.01953125 0.03048780487804878
0 0.6203637397547103 0.3737193194722254 0.01953125 0.03048780487804878
0 0.604711547202438 0.37443792802555786 0.01953125 0.03048780487804878
0 0.6017192162733271 0.29952298634065083 0.01953125 0.03048780487804878
0 0.6113867469673776 0.3081462889806401 0.01953125 0.03048780487804878
0 0.5860670237210548 0.40300261802052234 0.01953125 0.03048780487804878
0 0.581463437676269 0.3864746212938763 0.01953125 0.03048780487804878
0 0.5777805688404402 0.40012818380719267 0.01953125 0.03048780487804878
0 0.5948138372061482 0.41306313776717657 0.01953125 0.03048780487804878
0 0.610926388362899 0.4065956607871846 0.01953125 0.03048780487804878
0 0.624737146497257 0.39797235814719534 0.01953125 0.03048780487804878
0 0.6330236013778716 0.3771327101005546 0.01953125 0.03048780487804878
0 0.6353253944002646 0.39797235814719534 0.01953125 0.03048780487804878
0 0.6643279864824161 0.39006766406053844 0.01953125 0.03048780487804878
0 0.6597244004376301 0.39006766406053844 0.01953125 0.03048780487804878
0 0.6721540827585523 0.39437931538053317 0.01953125 0.03048780487804878
0 0.6850441236839528 0.39653514104053045 0.01953125 0.03048780487804878
0 0.6928702199600889 0.4065956607871846 0.01953125 0.03048780487804878
0 0.704379185072054 0.3929420982738682 0.01953125 0.03048780487804878
0 0.6960927301914391 0.3929420982738682 0.01953125 0.03048780487804878
0 0.7181899432064117 0.3886304469538736 0.01953125 0.03048780487804878
0 0.71220528134819 0.43030974304715514 0.01953125 0.03048780487804878
0 0.7002359576317465 0.43030974304715514 0.01953125 0.03048780487804878
0 0.6726144413630308 0.43102835160048764 0.01953125 0.03048780487804878
0 0.6583433246241943 0.42024922330050096 0.01953125 0.03048780487804878
0 0.649596511139101 0.44827495688046626 0.01953125 0.03048780487804878
0 0.6081642367360274 0.4461191312204689 0.01953125 0.03048780487804878
0 0.5874480995344907 0.46049130228711777 0.01953125 0.03048780487804878
0 0.5777805688404402 0.45546104241379065 0.01953125 0.03048780487804878
0 0.6007984990643699 0.47630069046043144 0.01953125 0.03048780487804878
0 0.5902102511613623 0.48204955888709095 0.01953125 0.03048780487804878
0 0.5777805688404402 0.48779842731375056 0.01953125 0.03048780487804878
0 0.6767576688033381 0.457616868073788 0.01953125 0.03048780487804878
0 0.6910287855421746 0.46624017071377727 0.01953125 0.03048780487804878
0 0.7448907422661702 0.48707981876041806 0.01953125 0.03048780487804878
0 0.6859648408929101 0.48779842731375056 0.01953125 0.03048780487804878
0 0.6661694209003305 0.48276816744042345 0.01953125 0.03048780487804878
0 0.6588036832286729 0.46049130228711777 0.01953125 0.03048780487804878
0 0.6265785809151713 0.48276816744042345 0.01953125 0.03048780487804878
0 0.6274992981241284 0.46049130228711777 0.01953125 0.03048780487804878
0 0.6311821669599572 0.4454005226671365 0.01953125 0.03048780487804878
0 0.617831767430078 0.4454005226671365 0.01953125 0.03048780487804878
0 0.7034584678630967 0.4842053845470883 0.01953125 0.03048780487804878
0 0.7527168385423063 0.4921100786337452 0.01953125 0.03048780487804878
0 0.7628447278408355 0.4856426016537532 0.01953125 0.03048780487804878
0 0.7706708241169716 0.48923564442041534 0.01953125 0.03048780487804878
0 0.798752698990166 0.48204955888709095 0.01953125 0.03048780487804878
0 0.8047373608483877 0.45546104241379065 0.01953125 0.03048780487804878
0 0.789545526900594 0.45546104241379065 0.01953125 0.03048780487804878
0 0.7789572789975863 0.45689825952045554 0.01953125 0.03048780487804878
0 0.6431514906764007 0.48923564442041534 0.01953125 0.03048780487804878
0 0.613228181385292 0.4906728615270803 0.01953125 0.03048780487804878
0 0.6483305249767851 0.39375053289636724 0.01953125 0.03048780487804878
0 0.6238164292882997 0.5702587588086482 0.01953125 0.03048780487804878
0 0.6026399334822843 0.5091770317753905 0.01953125 0.03048780487804878
0 0.5883688167434479 0.5515749364220047 0.01953125 0.03048780487804878
0 0.5667319623329539 0.5242678113953719 0.01953125 0.03048780487804878
0 0.5303636325791448 0.6227171832019165 0.01953125 0.03048780487804878
0 0.6173714088255993 0.6212799660952516 0.01953125 0.03048780487804878
0 0.6500568697435797 0.6241544003085814 0.01953125 0.03048780487804878
0 0.6574226074152373 0.690266387215166 0.01953125 0.03048780487804878
0 0.6652487036913733 0.6751756075951847 0.01953125 0.03048780487804878
0 0.6528190213704512 0.6608034365285359 0.01953125 0.03048780487804878
0 0.6652487036913733 0.6500243082285492 0.01953125 0.03048780487804878
0 0.8180877603782671 0.5372027653553559 0.01953125 0.03048780487804878
0 0.8424867664156326 0.5544493706353345 0.01953125 0.03048780487804878
0 0.7913869613185085 0.5019909462420662 0.01953125 0.03048780487804878
0 0.7775762031841507 0.4998351205820689 0.01953125 0.03048780487804878
0 0.750875404124392 0.5170817258620475 0.01953125 0.03048780487804878
0 0.6491361525346224 0.57960067000197 0.01953125 0.03048780487804878
0 0.6339443185868288 0.5573238048486643 0.01953125 0.03048780487804878
0 0.5084965988664114 0.305720985113143 0.01953125 0.03048780487804878
0 0.5042382817749844 0.3082361150498065 0.01953125 0.03048780487804878
0 0.5044684610772237 0.2920674225998266 0.01953125 0.03048780487804878
0 0.5094173160753686 0.2935046397064915 0.01953125 0.03048780487804878
0 0.5189697571182994 0.2879354234181651 0.01953125 0.03048780487804878
0 0.478112930970824 0.2920674225998266 0.01953125 0.03048780487804878
0 0.48064490329545634 0.3085954193264728 0.01953125 0.03048780487804878
0 0.48455795143352437 0.29781629102648616 0.01953125 0.03048780487804878
0 0.5894046236035246 0.25811316845486876 0.01953125 0.03048780487804878
0 0.5609774797769713 0.28739646700316573 0.01953125 0.03048780487804878
0 0.6682446112681725 0.33494993396436296 0.01953125 0.03048780487804878
0 0.6486588335609179 0.33606845547530667 0.01953125 0.03048780487804878
