0 0.026054526748971185 0.9497291662900902 0.01953125 0.029282576866764276
0 0.050745884773662576 0.8855629665780959 0.01953125 0.029282576866764276
0 0.03593106995884772 0.8645855551337899 0.01953125 0.029282576866764276
0 0.027700617283950603 0.8152269399707174 0.01953125 0.029282576866764276
0 0.024408436213991767 0.7473588441214926 0.01953125 0.029282576866764276
0 0.15444958847736623 0.9879820930414714 0.01953125 0.029282576866764276
0 0.13469650205761316 0.9090083087805552 0.01953125 0.029282576866764276
0 0.17091049382716048 0.9324536509830148 0.01953125 0.029282576866764276
0 0.13387345679012344 0.8460760744476375 0.01953125 0.029282576866764276
0 0.13881172839506173 0.8164609053497941 0.01953125 0.029282576866764276
0 0.11576646090534981 0.7757400478402592 0.01953125 0.029282576866764276
0 0.10095164609053496 0.749826774879646 0.01953125 0.029282576866764276
0 0.09354423868312756 0.7189776404027257 0.01953125 0.029282576866764276
0 0.10753600823045269 0.7054040212328807 0.01953125 0.029282576866764276
0 0.048276748971193405 0.7140417788864184 0.01953125 0.029282576866764276
0 0.030169753086419743 0.69800022895842 0.01953125 0.029282576866764276
0 0.0038323045267489655 0.6486416137953473 0.01953125 0.029282576866764276
0 0.06638374485596708 0.6326000638673486 0.01953125 0.029282576866764276
0 0.05897633744855969 0.6116226524230428 0.01953125 0.029282576866764276
0 0.1764660493827161 0.7877712102862584 0.01953125 0.029282576866764276
0 0.1809927983539095 0.8198543101422557 0.01953125 0.029282576866764276
0 0.17728909465020581 0.7347106989859553 0.01953125 0.029282576866764276
0 0.16041666666666668 0.7050955298881117 0.01953125 0.029282576866764276
0 0.1349022633744856 0.666225620447192 0.01953125 0.029282576866764276
0 0.11309156378600826 0.6341425205911948 0.01953125 0.029282576866764276
0 0.16165123456790131 0.6477161397610397 0.01953125 0.029282576866764276
0 0.18346193415637865 0.6563538974145775 0.01953125 0.029282576866764276
0 0.21885288065843625 0.6532689839668855 0.01953125 0.029282576866764276
0 0.21885288065843625 0.706946477956727 0.01953125 0.029282576866764276
0 0.23942901234567907 0.7785164699431822 0.01953125 0.029282576866764276
0 0.228317901234568 0.8167693966945636 0.01953125 0.029282576866764276
0 0.20650720164609057 0.9093168001253249 0.01953125 0.029282576866764276
0 0.2365483539094651 0.9457187788080907 0.01953125 0.029282576866764276
0 0.23984053497942395 0.8741487868216354 0.01953125 0.029282576866764276
0 0.30650720164609063 0.8797016310274812 0.01953125 0.029282576866764276
0 0.3023919753086421 0.8550223234459449 0.01953125 0.029282576866764276
0 0.34519032921810705 0.9568244672197821 0.01953125 0.029282576866764276
0 0.35465534979423874 0.8908073194391726 0.01953125 0.029282576866764276
0 0.3340792181069959 0.816152414005025 0.01953125 0.029282576866764276
0 0.28551954732510293 0.8093656044201027 0.01953125 0.029282576866764276
0 0.3073302469135803 0.7600069892570299 0.01953125 0.029282576866764276
0 0.2665895061728396 0.7377956124336473 0.01953125 0.029282576866764276
0 0.2814043209876544 0.7273069067114944 0.01953125 0.029282576866764276
0 0.2151491769547326 0.7698787122896446 0.01953125 0.029282576866764276
0 0.22379115226337454 0.746433370087185 0.01953125 0.029282576866764276
0 0.21844135802469142 0.6150160572155042 0.01953125 0.029282576866764276
0 0.18634259259259267 0.6100801956991969 0.01953125 0.029282576866764276
0 0.12255658436213994 0.5983575245979672 0.01953125 0.029282576866764276
0 0.08263888888888893 0.5878688188758142 0.01953125 0.029282576866764276
0 0.24519032921810707 0.6193349360422731 0.01953125 0.029282576866764276
0 0.2818158436213993 0.6390783821075021 0.01953125 0.029282576866764276
0 0.2867541152263375 0.6835011357542674 0.01953125 0.029282576866764276
0 0.25054012345679016 0.6637576896890384 0.01953125 0.029282576866764276
0 0.2649434156378601 0.6199519187318114 0.01953125 0.029282576866764276
0 0.3159722222222223 0.6181009706631962 0.01953125 0.029282576866764276
0 0.305272633744856 0.6779482915484218 0.01953125 0.029282576866764276
0 0.32255658436213996 0.6804162223065754 0.01953125 0.029282576866764276
0 0.3336676954732511 0.7131163048521111 0.01953125 0.029282576866764276
0 0.34189814814814823 0.7408805258813395 0.01953125 0.029282576866764276
0 0.36494341563786015 0.7526031969825691 0.01953125 0.029282576866764276
0 0.39128086419753094 0.7797504353222591 0.01953125 0.029282576866764276
0 0.3933384773662552 0.7427314739499546 0.01953125 0.029282576866764276
0 0.4102109053497943 0.8395977562074847 0.01953125 0.029282576866764276
0 0.39498456790123465 0.8648940464785593 0.01953125 0.029282576866764276
0 0.4032150205761318 0.9426338653603986 0.01953125 0.029282576866764276
0 0.44189814814814826 0.9364640384650146 0.01953125 0.029282576866764276
0 0.4365483539094651 0.7778994872536439 0.01953125 0.029282576866764276
0 0.4476594650205762 0.7618579373256452 0.01953125 0.029282576866764276
0 0.42708333333333337 0.6964577722345741 0.01953125 0.029282576866764276
0 0.4423096707818931 0.6680765685158072 0.01953125 0.029282576866764276
0 0.38346193415637864 0.6785652742379602 0.01953125 0.029282576866764276
0 0.4028034979423869 0.6625237243099615 0.01953125 0.029282576866764276
0 0.40733024691358033 0.6415463128656557 0.01953125 0.029282576866764276
0 0.3958076131687243 0.6137820918364274 0.01953125 0.029282576866764276
0 0.3542438271604939 0.6211858841108883 0.01953125 0.029282576866764276
0 0.3505401234567902 0.5928046803921215 0.01953125 0.029282576866764276
0 0.3665895061728396 0.6680765685158072 0.01953125 0.029282576866764276
0 0.14765946502057617 0.5786140785327379 0.01953125 0.029282576866764276
0 0.1999228395061729 0.5730612343268923 0.01953125 0.029282576866764276
0 0.18757716049382722 0.55455175364074 0.01953125 0.029282576866764276
0 0.13654835390946504 0.5539347709512017 0.01953125 0.029282576866764276
0 0.16165123456790131 0.5200007230265893 0.01953125 0.029282576866764276
0 0.12255658436213994 0.5280214979905886 0.01953125 0.029282576866764276
0 0.11885288065843624 0.5607215805361241 0.01953125 0.029282576866764276
0 0.09086934156378605 0.5446800306081256 0.01953125 0.029282576866764276
0 0.09004629629629632 0.5576366670884321 0.01953125 0.029282576866764276
0 0.05383230452674901 0.5323403768173575 0.01953125 0.029282576866764276
0 0.014326131687242812 0.548381926745356 0.01953125 0.029282576866764276
0 0.014737654320987673 0.528638480680127 0.01953125 0.029282576866764276
0 0.003626543209876564 0.5033421904090523 0.01953125 0.029282576866764276
0 0.034490740740740766 0.4916195193078225 0.01953125 0.029282576866764276
0 0.03942901234567902 0.5144478788207436 0.01953125 0.029282576866764276
0 0.013914609053497964 0.5971235592188903 0.01953125 0.029282576866764276
0 0.0311985596707819 0.5878688188758141 0.01953125 0.029282576866764276
0 0.036136831275720184 0.4533665925564413 0.01953125 0.029282576866764276
0 0.02173353909465022 0.4410269387656731 0.01953125 0.029282576866764276
0 0.024614197530864225 0.41017780428875267 0.01953125 0.029282576866764276
0 0.05630144032921812 0.42683633690628964 0.01953125 0.029282576866764276
0 0.07070473251028808 0.4552175406250565 0.01953125 0.029282576866764276
0 0.09045781893004119 0.46385529827859406 0.01953125 0.029282576866764276
0 0.08181584362139921 0.48730064048105365 0.01953125 0.029282576866764276
0 0.05918209876543212 0.4996402942718218 0.01953125 0.029282576866764276
0 0.13078703703703706 0.495321415445053 0.01953125 0.029282576866764276
0 0.15136316872427985 0.4792798655170543 0.01953125 0.029282576866764276
0 0.13654835390946504 0.4650892636576709 0.01953125 0.029282576866764276
0 0.12420267489711936 0.4527496098669027 0.01953125 0.029282576866764276
0 0.13860596707818934 0.43485711187028897 0.01953125 0.029282576866764276
0 0.0958076131687243 0.4157306484945983 0.01953125 0.029282576866764276
0 0.0752314814814815 0.4157306484945983 0.01953125 0.029282576866764276
0 0.05588991769547329 0.4064759081515222 0.01953125 0.029282576866764276
0 0.036548353909465044 0.401540046635215 0.01953125 0.029282576866764276
0 0.15630144032921814 0.4428778868342883 0.01953125 0.029282576866764276
0 0.18140432098765438 0.4410269387656731 0.01953125 0.029282576866764276
0 0.19909979423868318 0.49593839813459134 0.01953125 0.029282576866764276
0 0.19909979423868318 0.5298724460592038 0.01953125 0.029282576866764276
0 0.22749485596707827 0.5169158095788973 0.01953125 0.029282576866764276
0 0.23037551440329226 0.4947044327555145 0.01953125 0.029282576866764276
0 0.2484825102880659 0.5101289999939748 0.01953125 0.029282576866764276
0 0.24025205761316878 0.5428290825395105 0.01953125 0.029282576866764276
0 0.2591820987654322 0.565040459362893 0.01953125 0.029282576866764276
0 0.2727623456790124 0.5175327922684356 0.01953125 0.029282576866764276
0 0.2785236625514404 0.6076122649410431 0.01953125 0.029282576866764276
0 0.279758230452675 0.495321415445053 0.01953125 0.029282576866764276
0 0.25095164609053505 0.47064210786351657 0.01953125 0.029282576866764276
0 0.30444958847736636 0.5212346884056661 0.01953125 0.029282576866764276
0 0.30815329218107 0.5668914074315082 0.01953125 0.029282576866764276
0 0.33284465020576137 0.5755291650850459 0.01953125 0.029282576866764276
0 0.32461419753086423 0.5428290825395105 0.01953125 0.029282576866764276
0 0.3233796296296297 0.5101289999939748 0.01953125 0.029282576866764276
0 0.29375000000000007 0.47434400400074705 0.01953125 0.029282576866764276
0 0.3542438271604939 0.561955545915201 0.01953125 0.029282576866764276
0 0.3777006172839507 0.5662744247419699 0.01953125 0.029282576866764276
0 0.38099279835390953 0.5958895938398133 0.01953125 0.029282576866764276
0 0.43819444444444455 0.5909537323235061 0.01953125 0.029282576866764276
0 0.4320216049382717 0.5668914074315082 0.01953125 0.029282576866764276
0 0.38181584362139925 0.5496158921244328 0.01953125 0.029282576866764276
0 0.40527263374485606 0.5292554633696654 0.01953125 0.029282576866764276
0 0.37893518518518526 0.5132139134416668 0.01953125 0.029282576866764276
0 0.4192644032921812 0.4860666751019768 0.01953125 0.029282576866764276
0 0.3958076131687243 0.46570624634720936 0.01953125 0.029282576866764276
0 0.42461419753086427 0.46694021172628614 0.01953125 0.029282576866764276
0 0.4085648148148149 0.44904771372967234 0.01953125 0.029282576866764276
0 0.36082818930041155 0.4496646964192107 0.01953125 0.029282576866764276
0 0.3472479423868313 0.4397929733865963 0.01953125 0.029282576866764276
0 0.3340792181069959 0.4527496098669027 0.01953125 0.029282576866764276
0 0.3394290123456791 0.495321415445053 0.01953125 0.029282576866764276
0 0.4065072016460906 0.42992125035398165 0.01953125 0.029282576866764276
0 0.4019804526748972 0.40524194277244535 0.01953125 0.029282576866764276
0 0.3291409465020577 0.418198579252752 0.01953125 0.029282576866764276
0 0.2974537037037038 0.41449668311552146 0.01953125 0.029282576866764276
0 0.30609567901234574 0.3978381504979845 0.01953125 0.029282576866764276
0 0.2719393004115227 0.41881556194229036 0.01953125 0.029282576866764276
0 0.23325617283950623 0.43855900800751946 0.01953125 0.029282576866764276
0 0.24189814814814822 0.4219004753899824 0.01953125 0.029282576866764276
0 0.2307870370370371 0.42066651001090555 0.01953125 0.029282576866764276
0 0.21679526748971198 0.40215702932475333 0.01953125 0.029282576866764276
0 0.1735853909465021 0.5169158095788973 0.01953125 0.029282576866764276
0 0.4468364197530865 0.551466840193048 0.01953125 0.029282576866764276
0 0.44436728395061736 0.5138308961312051 0.01953125 0.029282576866764276
0 0.005684156378600844 0.38549849670721636 0.01953125 0.029282576866764276
0 0.006095679012345691 0.36452108526291055 0.01953125 0.029282576866764276
0 0.008153292181069971 0.35279841416168073 0.01953125 0.029282576866764276
0 0.013503086419753103 0.34416065650814304 0.01953125 0.029282576866764276
0 0.030375514403292204 0.32750212389060607 0.01953125 0.029282576866764276
0 0.053009259259259284 0.35650031029891116 0.01953125 0.029282576866764276
0 0.0369598765432099 0.354649362230296 0.01953125 0.029282576866764276
0 0.09951131687242801 0.3651380679524489 0.01953125 0.029282576866764276
0 0.09086934156378605 0.3910513409130621 0.01953125 0.029282576866764276
0 0.07975823045267492 0.3910513409130621 0.01953125 0.029282576866764276
0 0.10033436213991773 0.3836475486386011 0.01953125 0.029282576866764276
0 0.10568415637860085 0.4009230639456766 0.01953125 0.029282576866764276
0 0.145190329218107 0.37871168712229386 0.01953125 0.029282576866764276
0 0.15918209876543213 0.407709873530599 0.01953125 0.029282576866764276
0 0.1353137860082305 0.37130789484783294 0.01953125 0.029282576866764276
0 0.1295524691358025 0.3589682410570648 0.01953125 0.029282576866764276
0 0.11226851851851855 0.34169272574998943 0.01953125 0.029282576866764276
0 0.13161008230452678 0.3281191065801444 0.01953125 0.029282576866764276
0 0.09416152263374489 0.32750212389060607 0.01953125 0.029282576866764276
0 0.07564300411522637 0.32997005464875967 0.01953125 0.029282576866764276
0 0.062062757201646127 0.32256626237429875 0.01953125 0.029282576866764276
0 0.08881172839506177 0.30714169513583855 0.01953125 0.029282576866764276
0 0.07481995884773664 0.30097186824045447 0.01953125 0.029282576866764276
0 0.06041666666666668 0.29603600672414726 0.01953125 0.029282576866764276
0 0.034902263374485626 0.3040567816881465 0.01953125 0.029282576866764276
0 0.01926440329218108 0.2849303183124559 0.01953125 0.029282576866764276
0 0.034490740740740766 0.2769095433484566 0.01953125 0.029282576866764276
0 0.019675925925925944 0.2621019587995348 0.01953125 0.029282576866764276
0 0.02337962962962964 0.23372075508076806 0.01953125 0.029282576866764276
0 0.009387860082304543 0.22878489356446075 0.01953125 0.029282576866764276
0 0.0023919753086419932 0.2102754128783085 0.01953125 0.029282576866764276
0 0.02173353909465022 0.20595653405153966 0.01953125 0.029282576866764276
0 0.026260288065843643 0.17634136495369607 0.01953125 0.029282576866764276
0 0.010622427983539113 0.15598093619892864 0.01953125 0.029282576866764276
0 0.04230967078189302 0.16523567654200477 0.01953125 0.029282576866764276
0 0.0686471193415638 0.1602998150256975 0.01953125 0.029282576866764276
0 0.057947530864197565 0.13808843820231478 0.01953125 0.029282576866764276
0 0.09827674897119344 0.150428091993083 0.01953125 0.029282576866764276
0 0.05877057613168726 0.197318776398002 0.01953125 0.029282576866764276
0 0.057124485596707845 0.20904144749923173 0.01953125 0.029282576866764276
0 0.10198045267489714 0.1991697244666172 0.01953125 0.029282576866764276
0 0.10115740740740745 0.18744705336538744 0.01953125 0.029282576866764276
0 0.09827674897119344 0.22076411860046147 0.01953125 0.029282576866764276
0 0.09375000000000003 0.23680566852846008 0.01953125 0.029282576866764276
0 0.10815329218106998 0.22816791087492239 0.01953125 0.029282576866764276
0 0.1200874485596708 0.20904144749923173 0.01953125 0.029282576866764276
0 0.13284465020576133 0.23372075508076806 0.01953125 0.029282576866764276
0 0.10239197530864201 0.2559321319041507 0.01953125 0.029282576866764276
0 0.08428497942386835 0.26765480300538047 0.01953125 0.029282576866764276
0 0.0678240740740741 0.26395290686815004 0.01953125 0.029282576866764276
0 0.051363168724279866 0.2565491145936891 0.01953125 0.029282576866764276
0 0.11844135802469138 0.2621019587995348 0.01953125 0.029282576866764276
0 0.11802983539094652 0.29603600672414726 0.01953125 0.029282576866764276
0 0.10362654320987656 0.2991209201718392 0.01953125 0.029282576866764276
0 0.12914094650205765 0.2836963529333791 0.01953125 0.029282576866764276
0 0.1406635802469136 0.28246238755430225 0.01953125 0.029282576866764276
0 0.15671296296296303 0.2873982490706095 0.01953125 0.029282576866764276
0 0.15712448559670786 0.2509962703878435 0.01953125 0.029282576866764276
0 0.16741255144032927 0.2509962703878435 0.01953125 0.029282576866764276
0 0.148070987654321 0.230635841633076 0.01953125 0.029282576866764276
0 0.1353137860082305 0.21891317053184625 0.01953125 0.029282576866764276
0 0.1583590534979424 0.20533955136200124 0.01953125 0.029282576866764276
0 0.16453189300411525 0.220147135910923 0.01953125 0.029282576866764276
0 0.16041666666666668 0.17449041688508085 0.01953125 0.029282576866764276
0 0.15218621399176957 0.1602998150256975 0.01953125 0.029282576866764276
0 0.17440843621399182 0.16955455536877365 0.01953125 0.029282576866764276
0 0.14724794238683128 0.1430242997186221 0.01953125 0.029282576866764276
0 0.14395576131687246 0.13500352475462274 0.01953125 0.029282576866764276
0 0.1912808641975309 0.2553151492146123 0.01953125 0.029282576866764276
0 0.18058127572016466 0.22631696280630717 0.01953125 0.029282576866764276
0 0.20691872427983546 0.19978670715615562 0.01953125 0.029282576866764276
0 0.20156893004115228 0.18744705336538744 0.01953125 0.029282576866764276
0 0.19292695473251034 0.15412998813031342 0.01953125 0.029282576866764276
0 0.18634259259259267 0.13253559399646916 0.01953125 0.029282576866764276
0 0.21226851851851858 0.22261506666907666 0.01953125 0.029282576866764276
0 0.1719393004115227 0.26395290686815004 0.01953125 0.029282576866764276
0 0.17728909465020581 0.2948020413450704 0.01953125 0.029282576866764276
0 0.1661779835390947 0.3096096258939922 0.01953125 0.029282576866764276
0 0.19086934156378607 0.2818454048647639 0.01953125 0.029282576866764276
0 0.21391460905349802 0.2935680759659935 0.01953125 0.029282576866764276
0 0.20362654320987658 0.33120402002783644 0.01953125 0.029282576866764276
0 0.1822273662551441 0.3651380679524489 0.01953125 0.029282576866764276
0 0.20897633744855976 0.357734275677988 0.01953125 0.029282576866764276
0 0.19210390946502062 0.34539462188721987 0.01953125 0.029282576866764276
0 0.20033436213991773 0.3799456525013707 0.01953125 0.029282576866764276
0 0.228317901234568 0.401540046635215 0.01953125 0.029282576866764276
0 0.2521862139917696 0.37007392946875617 0.01953125 0.029282576866764276
0 0.23613683127572022 0.37254186022690977 0.01953125 0.029282576866764276
0 0.2752314814814815 0.38796642746536997 0.01953125 0.029282576866764276
0 0.26988168724279843 0.40215702932475345 0.01953125 0.029282576866764276
0 0.40239197530864207 0.3793286698118323 0.01953125 0.029282576866764276
0 0.38181584362139925 0.3639041025733721 0.01953125 0.029282576866764276
0 0.3645318930041153 0.368222981400141 0.01953125 0.029282576866764276
0 0.36247427983539104 0.34169272574998943 0.01953125 0.029282576866764276
0 0.2978652263374486 0.3534153968512191 0.01953125 0.029282576866764276
0 0.29909979423868316 0.33613988154414376 0.01953125 0.029282576866764276
0 0.3414866255144034 0.3157794527893763 0.01953125 0.029282576866764276
0 0.3488940329218108 0.3034397989986081 0.01953125 0.029282576866764276
0 0.37152777777777785 0.2769095433484566 0.01953125 0.029282576866764276
0 0.305272633744856 0.31022660858353057 0.01953125 0.029282576866764276
0 0.28551954732510293 0.310843591273069 0.01953125 0.029282576866764276
0 0.27811213991769557 0.29541902403460873 0.01953125 0.029282576866764276
0 0.2521862139917696 0.3145454874102995 0.01953125 0.029282576866764276
0 0.23161008230452682 0.32194927968476034 0.01953125 0.029282576866764276
0 0.2468364197530865 0.33984177768137425 0.01953125 0.029282576866764276
0 0.23161008230452682 0.2935680759659935 0.01953125 0.029282576866764276
0 0.2563014403292182 0.27012273376353413 0.01953125 0.029282576866764276
0 0.27317386831275725 0.2719736818321493 0.01953125 0.029282576866764276
0 0.28346193415637866 0.28986617982876317 0.01953125 0.029282576866764276
0 0.2953960905349795 0.2559321319041507 0.01953125 0.029282576866764276
0 0.2748199588477367 0.2528472184564587 0.01953125 0.029282576866764276
0 0.23778292181069965 0.22384903204815348 0.01953125 0.029282576866764276
0 0.22173353909465027 0.16523567654200477 0.01953125 0.029282576866764276
0 0.24272119341563794 0.12883369785923868 0.01953125 0.029282576866764276
0 0.23202160493827165 0.150428091993083 0.01953125 0.029282576866764276
0 0.2365483539094651 0.17140550343738883 0.01953125 0.029282576866764276
0 0.2661779835390947 0.16215076309431273 0.01953125 0.029282576866764276
0 0.25259773662551444 0.18004326109092653 0.01953125 0.029282576866764276
0 0.2484825102880659 0.15844886695708227 0.01953125 0.029282576866764276
0 0.2752314814814815 0.13870542089185323 0.01953125 0.029282576866764276
0 0.2842849794238684 0.16400171116292794 0.01953125 0.029282576866764276
0 0.2830504115226338 0.18868101874446425 0.01953125 0.029282576866764276
0 0.27152777777777787 0.220147135910923 0.01953125 0.029282576866764276
0 0.28387345679012355 0.2374226512179985 0.01953125 0.029282576866764276
0 0.30115740740740743 0.2164452397736926 0.01953125 0.029282576866764276
0 0.2953960905349795 0.23186980701215276 0.01953125 0.029282576866764276
0 0.2867541152263375 0.20965843018877015 0.01953125 0.029282576866764276
0 0.31268004115226344 0.13315257668600755 0.01953125 0.029282576866764276
0 0.3048611111111112 0.15783188426754385 0.01953125 0.029282576866764276
0 0.3365483539094651 0.14796016123492936 0.01953125 0.029282576866764276
0 0.3279063786008231 0.13068464592785395 0.01953125 0.029282576866764276
0 0.3394290123456791 0.12945068054877712 0.01953125 0.029282576866764276
0 0.36617798353909475 0.17140550343738883 0.01953125 0.029282576866764276
0 0.3534207818930042 0.18066024378046494 0.01953125 0.029282576866764276
0 0.3431327160493828 0.18127722647000336 0.01953125 0.029282576866764276
0 0.328317901234568 0.18497912260723381 0.01953125 0.029282576866764276
0 0.3159722222222223 0.18127722647000336 0.01953125 0.029282576866764276
0 0.3151491769547326 0.19423386295030995 0.01953125 0.029282576866764276
0 0.3176183127572017 0.20965843018877015 0.01953125 0.029282576866764276
0 0.3316100823045268 0.22816791087492239 0.01953125 0.029282576866764276
0 0.3188528806584363 0.2528472184564587 0.01953125 0.029282576866764276
0 0.34848251028806587 0.21582825708415423 0.01953125 0.029282576866764276
0 0.382638888888889 0.22384903204815348 0.01953125 0.029282576866764276
0 0.38840020576131695 0.17634136495369607 0.01953125 0.029282576866764276
0 0.41391460905349803 0.15412998813031342 0.01953125 0.029282576866764276
0 0.4056841563786009 0.14796016123492936 0.01953125 0.029282576866764276
0 0.4151491769547326 0.13130162861739234 0.01953125 0.029282576866764276
0 0.44313271604938276 0.14796016123492936 0.01953125 0.029282576866764276
0 0.4468364197530865 0.170171538058312 0.01953125 0.029282576866764276
0 0.4410751028806585 0.21089239556784692 0.01953125 0.029282576866764276
0 0.44724794238683135 0.21212636094692375 0.01953125 0.029282576866764276
0 0.42214506172839517 0.22878489356446075 0.01953125 0.029282576866764276
0 0.41103395061728404 0.2559321319041507 0.01953125 0.029282576866764276
0 0.41761831275720174 0.24606040887153618 0.01953125 0.029282576866764276
0 0.40486111111111117 0.25716609728322753 0.01953125 0.029282576866764276
0 0.38675411522633757 0.2633359241786116 0.01953125 0.029282576866764276
0 0.004038065843621353 0.29110014520784006 0.01953125 0.029282576866764276
0 0.365354938271605 0.1238978363429316 0.01953125 0.029282576866764276
0 0.5176183127572017 0.9426338653603986 0.01953125 0.029282576866764276
0 0.5493055555555557 0.9130186962625553 0.01953125 0.029282576866764276
0 0.50815329218107 0.8260241370376398 0.01953125 0.029282576866764276
0 0.5093878600823045 0.6847351011333442 0.01953125 0.029282576866764276
0 0.5163837448559672 0.6520350185878087 0.01953125 0.029282576866764276
0 0.516795267489712 0.6341425205911948 0.01953125 0.029282576866764276
0 0.545601851851852 0.6002084726665824 0.01953125 0.029282576866764276
0 0.5468364197530864 0.6255047629376571 0.01953125 0.029282576866764276
0 0.5464248971193416 0.6514180358982703 0.01953125 0.029282576866764276
0 0.5739969135802471 0.6859690665124212 0.01953125 0.029282576866764276
0 0.5661779835390948 0.7439654393290315 0.01953125 0.029282576866764276
0 0.5583590534979425 0.7600069892570299 0.01953125 0.029282576866764276
0 0.53695987654321 0.7377956124336473 0.01953125 0.029282576866764276
0 0.5912808641975309 0.7890051756653352 0.01953125 0.029282576866764276
0 0.6065072016460905 0.8321939639330239 0.01953125 0.029282576866764276
0 0.5904578189300412 0.9642282594942431 0.01953125 0.029282576866764276
0 0.6192644032921812 0.8747657695111739 0.01953125 0.029282576866764276
0 0.6657664609053499 0.9451017961185523 0.01953125 0.029282576866764276
0 0.6513631687242799 0.8229392235899478 0.01953125 0.029282576866764276
0 0.613914609053498 0.743348456639493 0.01953125 0.029282576866764276
0 0.5953960905349795 0.7322427682278017 0.01953125 0.029282576866764276
0 0.6274948559670783 0.7174351836788798 0.01953125 0.029282576866764276
0 0.6377829218106996 0.6760973434798065 0.01953125 0.029282576866764276
0 0.6233796296296298 0.6551199320355007 0.01953125 0.029282576866764276
0 0.5995113168724281 0.6489501051401165 0.01953125 0.029282576866764276
0 0.5838734567901235 0.6452482090028862 0.01953125 0.029282576866764276
0 0.5904578189300412 0.6063782995619664 0.01953125 0.029282576866764276
0 0.6406635802469136 0.5989745072875057 0.01953125 0.029282576866764276
0 0.6583590534979424 0.6668426031367305 0.01953125 0.029282576866764276
0 0.6591820987654322 0.6884369972705747 0.01953125 0.029282576866764276
0 0.6962191358024692 0.7001596683718044 0.01953125 0.029282576866764276
0 0.6916923868312759 0.7421144912604162 0.01953125 0.029282576866764276
0 0.6777006172839507 0.7865372449071817 0.01953125 0.029282576866764276
0 0.6242026748971194 0.7920900891130273 0.01953125 0.029282576866764276
0 0.7069187242798355 0.8673619772367129 0.01953125 0.029282576866764276
0 0.7089763374485597 0.7637088853942604 0.01953125 0.029282576866764276
0 0.7287294238683129 0.9488036922557829 0.01953125 0.029282576866764276
0 0.7176183127572018 0.9198055058474777 0.01953125 0.029282576866764276
0 0.7735853909465021 0.9370810211545532 0.01953125 0.029282576866764276
0 0.7949845679012346 0.9759509305954727 0.01953125 0.029282576866764276
0 0.8694701646090536 0.9290602461905538 0.01953125 0.029282576866764276
0 0.8497170781893005 0.8519374099982527 0.01953125 0.029282576866764276
0 0.931198559670782 0.8217052582108708 0.01953125 0.029282576866764276
0 0.8534207818930043 0.8130675005573331 0.01953125 0.029282576866764276
0 0.8172067901234569 0.8291090504853318 0.01953125 0.029282576866764276
0 0.7814043209876544 0.8124505178677947 0.01953125 0.029282576866764276
0 0.8060956790123458 0.7803674180117974 0.01953125 0.029282576866764276
0 0.7464248971193417 0.7828353487699513 0.01953125 0.029282576866764276
0 0.7558899176954733 0.7489013008453387 0.01953125 0.029282576866764276
0 0.7929269547325104 0.7544541450511844 0.01953125 0.029282576866764276
0 0.7608281893004116 0.7155842356102646 0.01953125 0.029282576866764276
0 0.7250257201646091 0.7229880278847256 0.01953125 0.029282576866764276
0 0.7423096707818931 0.6896709626496516 0.01953125 0.029282576866764276
0 0.7834619341563788 0.7050955298881117 0.01953125 0.029282576866764276
0 0.8254372427983541 0.7063294952671886 0.01953125 0.029282576866764276
0 0.8488940329218108 0.703861564509035 0.01953125 0.029282576866764276
0 0.8739969135802471 0.776665521874567 0.01953125 0.029282576866764276
0 0.8571244855967078 0.7754315564954902 0.01953125 0.029282576866764276
0 0.8789351851851853 0.7377956124336473 0.01953125 0.029282576866764276
0 0.8842849794238685 0.7186691490579566 0.01953125 0.029282576866764276
0 0.8929269547325104 0.7735806084268749 0.01953125 0.029282576866764276
0 0.928317901234568 0.7421144912604162 0.01953125 0.029282576866764276
0 0.9303755144032924 0.7007766510613429 0.01953125 0.029282576866764276
0 0.8916923868312758 0.6976917376136509 0.01953125 0.029282576866764276
0 0.8982767489711935 0.6637576896890384 0.01953125 0.029282576866764276
0 0.9418981481481483 0.6760973434798065 0.01953125 0.029282576866764276
0 0.9468364197530865 0.6353764859702716 0.01953125 0.029282576866764276
0 0.9299639917695475 0.6452482090028862 0.01953125 0.029282576866764276
0 0.8966306584362141 0.5958895938398137 0.01953125 0.029282576866764276
0 0.8962191358024693 0.629823641764426 0.01953125 0.029282576866764276
0 0.8822273662551442 0.6637576896890384 0.01953125 0.029282576866764276
0 0.8525977366255145 0.6760973434798065 0.01953125 0.029282576866764276
0 0.83695987654321 0.6168670052841194 0.01953125 0.029282576866764276
0 0.7966306584362141 0.6304406244539643 0.01953125 0.029282576866764276
0 0.7764660493827161 0.6372274340388868 0.01953125 0.029282576866764276
0 0.7612397119341565 0.6390783821075021 0.01953125 0.029282576866764276
0 0.7402520576131689 0.6199519187318114 0.01953125 0.029282576866764276
0 0.7242026748971194 0.6538859666564238 0.01953125 0.029282576866764276
0 0.6859310699588478 0.602676403424736 0.01953125 0.029282576866764276
0 0.47708333333333347 0.7945580198711808 0.01953125 0.029282576866764276
0 0.484079218106996 0.8488524965505608 0.01953125 0.029282576866764276
0 0.4881944444444446 0.8846374925437885 0.01953125 0.029282576866764276
0 0.4704989711934157 0.7254559586428793 0.01953125 0.029282576866764276
0 0.45938786008230464 0.6760973434798065 0.01953125 0.029282576866764276
0 0.47872942386831285 0.6760973434798065 0.01953125 0.029282576866764276
0 0.4758487654320989 0.6372274340388868 0.01953125 0.029282576866764276
0 0.5034207818930042 0.6039103688038129 0.01953125 0.029282576866764276
0 0.4836676954732511 0.6119311437678121 0.01953125 0.029282576866764276
0 0.4939557613168725 0.5841669227385837 0.01953125 0.029282576866764276
0 0.489840534979424 0.5520838228825865 0.01953125 0.029282576866764276
0 0.5067129629629631 0.5304894287487423 0.01953125 0.029282576866764276
0 0.48490226337448566 0.5027252077195138 0.01953125 0.029282576866764276
0 0.48243312757201656 0.4805138308961312 0.01953125 0.029282576866764276
0 0.46144547325102886 0.4749609866902855 0.01953125 0.029282576866764276
0 0.45527263374485605 0.4367080599389042 0.01953125 0.029282576866764276
0 0.45897633744855976 0.40894383890967584 0.01953125 0.029282576866764276
0 0.44004629629629644 0.3873494447758316 0.01953125 0.029282576866764276
0 0.49560185185185196 0.4527496098669029 0.01953125 0.029282576866764276
0 0.5120627572016462 0.41758159656321364 0.01953125 0.029282576866764276
0 0.47708333333333347 0.41758159656321364 0.01953125 0.029282576866764276
0 0.5260545267489712 0.43177219842259695 0.01953125 0.029282576866764276
0 0.5202932098765434 0.46755719441582455 0.01953125 0.029282576866764276
0 0.5256430041152265 0.5088950346148979 0.01953125 0.029282576866764276
0 0.5725565843621401 0.44411185221336513 0.01953125 0.029282576866764276
0 0.6351080246913581 0.507661069235821 0.01953125 0.029282576866764276
0 0.6198816872427985 0.4601534021413637 0.01953125 0.029282576866764276
0 0.6437500000000002 0.5675083901210467 0.01953125 0.029282576866764276
0 0.7075360082304527 0.5169158095788973 0.01953125 0.029282576866764276
0 0.5836676954732511 0.5792310612222765 0.01953125 0.029282576866764276
0 0.7233796296296297 0.5724442516373538 0.01953125 0.029282576866764276
0 0.7349022633744857 0.5520838228825865 0.01953125 0.029282576866764276
0 0.748070987654321 0.5385102037127415 0.01953125 0.029282576866764276
0 0.7653549382716051 0.5545517536407402 0.01953125 0.029282576866764276
0 0.7809927983539096 0.5348083075755111 0.01953125 0.029282576866764276
0 0.7875771604938273 0.5545517536407402 0.01953125 0.029282576866764276
0 0.7896347736625516 0.5749121823955076 0.01953125 0.029282576866764276
0 0.8262602880658437 0.5132139134416668 0.01953125 0.029282576866764276
0 0.813914609053498 0.5705933035687387 0.01953125 0.029282576866764276
0 0.8554783950617285 0.5588706324675089 0.01953125 0.029282576866764276
0 0.8814043209876544 0.5520838228825865 0.01953125 0.029282576866764276
0 0.897042181069959 0.5502328748139713 0.01953125 0.029282576866764276
0 0.8591820987654322 0.4249853888376745 0.01953125 0.029282576866764276
0 0.9303755144032924 0.5496158921244328 0.01953125 0.029282576866764276
0 0.9410751028806585 0.5983575245979671 0.01953125 0.029282576866764276
0 0.6188528806584362 0.49717236351366817 0.01953125 0.029282576866764276
0 0.4811985596707819 0.3022058336195314 0.01953125 0.029282576866764276
0 0.5486882716049383 0.30343979899860823 0.01953125 0.029282576866764276
0 0.5931327160493828 0.254698166525074 0.01953125 0.029282576866764276
0 0.7931327160493827 0.20225463791430934 0.01953125 0.029282576866764276
0 0.8441615226337449 0.1985527417770789 0.01953125 0.029282576866764276
0 0.8120627572016462 0.17819231302231145 0.01953125 0.029282576866764276
0 0.7873713991769549 0.16955455536877373 0.01953125 0.029282576866764276
0 0.7931327160493827 0.1387054208918533 0.01953125 0.029282576866764276
0 0.7544495884773663 0.12204688827431635 0.01953125 0.029282576866764276
0 0.7165895061728396 0.15783188426754396 0.01953125 0.029282576866764276
0 0.7252314814814815 0.11279214793124022 0.01953125 0.029282576866764276
0 0.732227366255144 0.09058077110785753 0.01953125 0.029282576866764276
0 0.7087705761316873 0.10970723448354819 0.01953125 0.029282576866764276
0 0.6984825102880658 0.0911977537973959 0.01953125 0.029282576866764276
0 0.6935442386831276 0.11279214793124022 0.01953125 0.029282576866764276
0 0.6849022633744856 0.12328085365339314 0.01953125 0.029282576866764276
0 0.6754372427983539 0.09798456338231844 0.01953125 0.029282576866764276
0 0.6635030864197531 0.09798456338231844 0.01953125 0.029282576866764276
0 0.6585648148148149 0.10970723448354819 0.01953125 0.029282576866764276
0 0.6643261316872427 0.14734317854539106 0.01953125 0.029282576866764276
0 0.6766718106995885 0.15783188426754396 0.01953125 0.029282576866764276
0 0.6416923868312757 0.1510450746826215 0.01953125 0.029282576866764276
0 0.6108281893004115 0.15906584964662082 0.01953125 0.029282576866764276
0 0.5980709876543211 0.16400171116292805 0.01953125 0.029282576866764276
0 0.5861368312757201 0.12883369785923884 0.01953125 0.029282576866764276
0 0.589840534979424 0.1436412824081606 0.01953125 0.029282576866764276
0 0.5918981481481482 0.11526007868939385 0.01953125 0.029282576866764276
0 0.5873713991769547 0.09243171917647275 0.01953125 0.029282576866764276
0 0.5713220164609054 0.11094119986262498 0.01953125 0.029282576866764276
0 0.5680298353909465 0.13747145551277654 0.01953125 0.029282576866764276
0 0.5713220164609054 0.15474697081985192 0.01953125 0.029282576866764276
0 0.5589763374485597 0.1602998150256976 0.01953125 0.029282576866764276
0 0.5528034979423868 0.141173351650007 0.01953125 0.029282576866764276
0 0.5445730452674897 0.14857714392446786 0.01953125 0.029282576866764276
0 0.5462191358024692 0.16893757267923534 0.01953125 0.029282576866764276
0 0.5289351851851852 0.13932240358139172 0.01953125 0.029282576866764276
0 0.5342849794238683 0.12821671516970043 0.01953125 0.029282576866764276
0 0.5342849794238683 0.10662232103585614 0.01953125 0.029282576866764276
0 0.5161779835390946 0.17387343419554258 0.01953125 0.029282576866764276
0 0.509593621399177 0.14857714392446786 0.01953125 0.029282576866764276
0 0.5112397119341564 0.11279214793124022 0.01953125 0.029282576866764276
0 0.5001286008230452 0.09489964993462642 0.01953125 0.029282576866764276
0 0.4935442386831276 0.141173351650007 0.01953125 0.029282576866764276
0 0.5001286008230452 0.13253559399646925 0.01953125 0.029282576866764276
0 0.4906635802469136 0.17880929571184984 0.01953125 0.029282576866764276
0 0.49189814814814814 0.16523567654200488 0.01953125 0.029282576866764276
0 0.4779063786008231 0.1812772264700035 0.01953125 0.029282576866764276
0 0.46391460905349796 0.1677036073001585 0.01953125 0.029282576866764276
0 0.4610339506172839 0.14796016123492944 0.01953125 0.029282576866764276
0 0.4733796296296296 0.13808843820231495 0.01953125 0.029282576866764276
0 0.46638374485596706 0.11464309599985543 0.01953125 0.029282576866764276
0 0.4700874485596708 0.08934680572878069 0.01953125 0.029282576866764276
0 0.4540380658436214 0.09798456338231844 0.01953125 0.029282576866764276
0 0.41741255144032924 0.08564490959155029 0.01953125 0.029282576866764276
0 0.4215277777777778 0.11649404406847068 0.01953125 0.029282576866764276
0 0.4223508230452675 0.17942627840138822 0.01953125 0.029282576866764276
0 0.7165895061728396 0.1723309774716964 0.01953125 0.029282576866764276
0 0.9044742551686997 0.1946533002332579 0.01953125 0.029282576866764276
0 0.9404382911327356 0.19764884056408377 0.01953125 0.029282576866764276
0 0.9434352941297387 0.19015998973701917 0.01953125 0.029282576866764276
0 0.9664123171067617 0.21262654221821298 0.01953125 0.029282576866764276
0 0.9868918375862822 0.23434420961670024 0.01953125 0.029282576866764276
0 0.9933853440797886 0.18791333448889982 0.01953125 0.029282576866764276
0 0.9803983310927755 0.19240664498513851 0.01953125 0.029282576866764276
0 0.9958828465772911 0.16619566709041247 0.01953125 0.029282576866764276
0 0.9858928365872811 0.15346462068440267 0.01953125 0.029282576866764276
0 0.952925803620248 0.15870681626334793 0.01953125 0.029282576866764276
0 0.9269517776462222 0.13773803394756706 0.01953125 0.029282576866764276
0 0.9159627666572112 0.13698914886486058 0.01953125 0.029282576866764276
0 0.9004782511726956 0.11452259638366684 0.01953125 0.029282576866764276
0 0.8770017276961721 0.11751813671449268 0.01953125 0.029282576866764276
0 0.8770017276961721 0.08980938865435366 0.01953125 0.029282576866764276
0 0.9139647646592092 0.11002928588742805 0.01953125 0.029282576866764276
0 0.9384402891347337 0.11976479196261204 0.01953125 0.029282576866764276
0 0.9364422871367316 0.0972982394814183 0.01953125 0.029282576866764276
0 0.9354432861377306 0.07258503175210512 0.01953125 0.029282576866764276
0 0.8265521772466217 0.05386290468444361 0.01953125 0.029282576866764276
0 0.8340446847391292 0.02465638645889171 0.01953125 0.029282576866764276
0 0.8844942351886796 0.0733339168348116 0.01953125 0.029282576866764276
0 0.8854932361876806 0.0635984107596276 0.01953125 0.029282576866764276
0 0.9174612681557126 0.07483168700022447 0.01953125 0.029282576866764276
0 0.9089697596642041 0.08831161848894079 0.01953125 0.029282576866764276
0 0.9813973320917766 0.0441273986092597 0.01953125 0.029282576866764276
0 0.991886842581287 0.036638547782195066 0.01953125 0.029282576866764276
0 0.7176610683555128 0.0733339168348116 0.01953125 0.029282576866764276
0 0.7421365928310374 0.04337851352655321 0.01953125 0.029282576866764276
0 0.7336450843395288 0.04337851352655321 0.01953125 0.029282576866764276
0 0.7556231063175508 0.037387432864901544 0.01953125 0.029282576866764276
0 0.7731056238000683 0.03214523728595635 0.01953125 0.029282576866764276
0 0.7945841452785897 0.027651926789717552 0.01953125 0.029282576866764276
0 0.5293493800438245 0.02166084612806588 0.01953125 0.029282576866764276
0 0.6262524769469214 0.032894122368662834 0.01953125 0.029282576866764276
0 0.605772956467401 0.04188074336114026 0.01953125 0.029282576866764276
0 0.6047739554684 0.0635984107596276 0.01953125 0.029282576866764276
0 0.6267519774464219 0.0635984107596276 0.01953125 0.029282576866764276
0 0.6337449844394288 0.05311401960173722 0.01953125 0.029282576866764276
0 0.6492294999239443 0.032894122368662834 0.01953125 0.029282576866764276
0 0.6662125169069614 0.02840081187242403 0.01953125 0.029282576866764276
0 0.6796990303934749 0.05685844501526945 0.01953125 0.029282576866764276
0 0.6652135159079603 0.057607330097975924 0.01953125 0.029282576866764276
0 0.8859927366871811 0.17742894333100934 0.01953125 0.029282576866764276
0 0.8969817476761921 0.15346462068440267 0.01953125 0.029282576866764276
0 0.9749038255982702 0.13099806820320892 0.01953125 0.029282576866764276
0 0.9926360933305377 0.845933693826975 0.01953125 0.029282576866764276
0 0.9736550743495189 0.7740407258871551 0.01953125 0.029282576866764276
0 0.9876410883355329 0.7261120805939415 0.01953125 0.029282576866764276
0 0.9696590703535148 0.7126321491052253 0.01953125 0.029282576866764276
0 0.9876410883355329 0.6542191126541216 0.01953125 0.029282576866764276
0 0.9766520773465217 0.6362458706691665 0.01953125 0.029282576866764276
0 0.9626660633605079 0.5868194552105404 0.01953125 0.029282576866764276
0 0.9766520773465217 0.537393039751914 0.01953125 0.029282576866764276
0 0.9546740553684998 0.537393039751914 0.01953125 0.029282576866764276
0 0.9606680613625058 0.9687508473908343 0.01953125 0.029282576866764276
0 0.01036836106280552 0.07782722733105031 0.01953125 0.029282576866764276
0 0.019858870553315002 0.06135175551150825 0.01953125 0.029282576866764276
0 0.04083789153233599 0.017916420714533646 0.01953125 0.029282576866764276
0 0.04583289652734096 0.0673428361731599 0.01953125 0.029282576866764276
0 0.08479393548837993 0.09355381406788597 0.01953125 0.029282576866764276
0 0.0967819474763919 0.09205604390247302 0.01953125 0.029282576866764276
0 0.1147639654584099 0.07108726158669215 0.01953125 0.029282576866764276
0 0.1257529764474209 0.08456719307540846 0.01953125 0.029282576866764276
0 0.15872000941445388 0.08082276766187615 0.01953125 0.029282576866764276
0 0.17320552389996832 0.07108726158669215 0.01953125 0.029282576866764276
0 0.20217655287099728 0.06284952567692112 0.01953125 0.029282576866764276
0 0.22615257684702128 0.0965493543987118 0.01953125 0.029282576866764276
0 0.22415457484901927 0.08007388257916977 0.01953125 0.029282576866764276
0 0.22415457484901927 0.06434729584233409 0.01953125 0.029282576866764276
0 0.20117755187199632 0.02615415662430468 0.01953125 0.029282576866764276
0 0.16970902040346483 0.02615415662430468 0.01953125 0.029282576866764276
0 0.25612260681705123 0.050118479270911384 0.01953125 0.029282576866764276
0 0.2656131163075608 0.09505158423329886 0.01953125 0.029282576866764276
0 0.30157715227159676 0.09430269915059246 0.01953125 0.029282576866764276
0 0.31656216725661174 0.0673428361731599 0.01953125 0.029282576866764276
0 0.3575212082156526 0.03813631794760803 0.01953125 0.029282576866764276
0 0.3934852441796886 0.04562516877467258 0.01953125 0.029282576866764276
0 0.41696176765621207 0.022409731210772357 0.01953125 0.029282576866764276
0 0.42395477464921916 0.0688406063385728 0.01953125 0.029282576866764276
0 0.4589198096142541 0.07782722733105031 0.01953125 0.029282576866764276
0 0.49138734208178647 0.017916420714533646 0.01953125 0.029282576866764276
0 0.5345941352885798 0.05910510026338889 0.01953125 0.029282576866764276
0 0.7069218076162521 0.03139635220324987 0.01953125 0.029282576866764276
0 0.7084203091147536 0.01941419087994652 0.01953125 0.029282576866764276
0 0.31331541400985846 0.013173481857392626 0.01953125 0.029282576866764276
0 0.775852876547321 0.011675711691979665 0.01953125 0.029282576866764276
0 0.09453419522863968 0.01467125202280559 0.01953125 0.029282576866764276
0 0.12850022919467366 0.005684631030327991 0.01953125 0.029282576866764276
