0 0.028410371488206503 0.093422303811511 0.025673940949935817 0.03460207612456748
0 0.10345765269625364 0.020903219842045455 0.025673940949935817 0.03460207612456748
0 0.11620153063724281 0.05334596793364845 0.025673940949935817 0.03460207612456748
0 0.10062567982047828 0.09914749465120569 0.025673940949935817 0.03460207612456748
0 0.06522601887328622 0.14685741831532786 0.025673940949935817 0.03460207612456748
0 0.029826357926094147 0.14304062442219811 0.025673940949935817 0.03460207612456748
0 0.005754588482003603 0.17357497556723628 0.025673940949935817 0.03460207612456748
0 0.03690629011553259 0.1907505480863202 0.025673940949935817 0.03460207612456748
0 0.018498466422992698 0.27090321984204546 0.025673940949935817 0.03460207612456748
0 0.0510661544944094 0.24800245648326683 0.025673940949935817 0.03460207612456748
0 0.0609780595596232 0.29571238014738893 0.025673940949935817 0.03460207612456748
0 0.0510661544944094 0.36632306717028973 0.025673940949935817 0.03460207612456748
0 0.017082479985105054 0.48273528091074774 0.025673940949935817 0.03460207612456748
0 0.02557839861243114 0.5743383343458622 0.025673940949935817 0.03460207612456748
0 0.028410371488206503 0.6468574183153278 0.025673940949935817 0.03460207612456748
0 0.0510661544944094 0.69456734197945 0.025673940949935817 0.03460207612456748
0 0.10912159844780436 0.7174681053382286 0.025673940949935817 0.03460207612456748
0 0.09779370694470291 0.8300635251855569 0.025673940949935817 0.03460207612456748
0 0.11620153063724281 0.9235749755672362 0.025673940949935817 0.03460207612456748
0 0.05248214093229704 0.9674681053382287 0.025673940949935817 0.03460207612456748
0 0.110537584885692 0.627773448849679 0.025673940949935817 0.03460207612456748
0 0.07088996462483693 0.42166657862067136 0.025673940949935817 0.03460207612456748
0 0.09071377475526447 0.3262467312924271 0.025673940949935817 0.03460207612456748
0 0.11336955776146737 0.16212459388784695 0.025673940949935817 0.03460207612456748
0 0.09071377475526447 0.1697581816741065 0.025673940949935817 0.03460207612456748
0 0.14027330008133332 0.15067421220845764 0.025673940949935817 0.03460207612456748
0 0.15018520514654712 0.11250627327715994 0.025673940949935817 0.03460207612456748
0 0.1983287440347283 0.02662841068174016 0.025673940949935817 0.03460207612456748
0 0.22098452704093122 0.02662841068174016 0.025673940949935817 0.03460207612456748
0 0.19974473047261604 0.08578871602525165 0.025673940949935817 0.03460207612456748
0 0.2549682015502356 0.017086425948915587 0.025673940949935817 0.03460207612456748
0 0.27762398455643855 0.03235360152143467 0.025673940949935817 0.03460207612456748
0 0.22381649991670657 0.0724299373992974 0.025673940949935817 0.03460207612456748
0 0.2677120794912247 0.08006352518555694 0.025673940949935817 0.03460207612456748
0 0.23514439141980809 0.14113222747563325 0.025673940949935817 0.03460207612456748
0 0.18983282540740223 0.2079261206054043 0.025673940949935817 0.03460207612456748
0 0.17567296102852542 0.29571238014738893 0.025673940949935817 0.03460207612456748
0 0.12752942214034427 0.34533070075807604 0.025673940949935817 0.03460207612456748
0 0.14452125939499644 0.4025826091550226 0.025673940949935817 0.03460207612456748
0 0.1261134357024565 0.4903688686970073 0.025673940949935817 0.03460207612456748
0 0.1926647982831776 0.5151780290023507 0.025673940949935817 0.03460207612456748
0 0.20116071691050366 0.6869337541931905 0.025673940949935817 0.03460207612456748
0 0.19549677115895295 0.6239566549565493 0.025673940949935817 0.03460207612456748
0 0.18700085253162685 0.9273917694603662 0.025673940949935817 0.03460207612456748
0 0.2606321473017864 0.16594138778097675 0.025673940949935817 0.03460207612456748
0 0.2521362286744602 0.22701009007105305 0.025673940949935817 0.03460207612456748
0 0.24647228292290954 0.27662841068174016 0.025673940949935817 0.03460207612456748
0 0.21532058128938047 0.29762077709395385 0.025673940949935817 0.03460207612456748
0 0.20965663553782976 0.36250627327715995 0.025673940949935817 0.03460207612456748
0 0.2705440523670001 0.3167047465596027 0.025673940949935817 0.03460207612456748
0 0.29886378112475376 0.29571238014738893 0.025673940949935817 0.03460207612456748
0 0.2847039167458769 0.18884215113975536 0.025673940949935817 0.03460207612456748
0 0.3045277268763045 0.2079261206054043 0.025673940949935817 0.03460207612456748
0 0.27762398455643855 0.22128489923135844 0.025673940949935817 0.03460207612456748
0 0.25780017442601105 0.36823146411685465 0.025673940949935817 0.03460207612456748
0 0.2903678624974276 0.38922383052906834 0.025673940949935817 0.03460207612456748
0 0.23372840498192038 0.45983451755196914 0.025673940949935817 0.03460207612456748
0 0.30877568618996754 0.4369337541931905 0.025673940949935817 0.03460207612456748
0 0.2832879303079892 0.4865520748038775 0.025673940949935817 0.03460207612456748
0 0.29319983537320304 0.5228116167886103 0.025673940949935817 0.03460207612456748
0 0.2861199031837646 0.6067810824374653 0.025673940949935817 0.03460207612456748
0 0.29178384893531534 0.7308268839641829 0.025673940949935817 0.03460207612456748
0 0.3186875912551812 0.7689948228954805 0.025673940949935817 0.03460207612456748
0 0.3399273878234965 0.8434223038115112 0.025673940949935817 0.03460207612456748
0 0.36541514370547484 0.629681845796244 0.025673940949935817 0.03460207612456748
0 0.35691922507814866 0.5132696320557859 0.025673940949935817 0.03460207612456748
0 0.3625831708296994 0.4426589450328851 0.025673940949935817 0.03460207612456748
0 0.3229355505688443 0.07624673129242708 0.025673940949935817 0.03460207612456748
0 0.3696631030191379 0.009452838162656046 0.025673940949935817 0.03460207612456748
0 0.382406980960127 0.04952917404051878 0.025673940949935817 0.03460207612456748
0 0.3696631030191379 0.08578871602525165 0.025673940949935817 0.03460207612456748
0 0.3852389538359023 0.10678108243746523 0.025673940949935817 0.03460207612456748
0 0.417806641907319 0.10105589159777073 0.025673940949935817 0.03460207612456748
0 0.4163906554694313 0.14113222747563325 0.025673940949935817 0.03460207612456748
0 0.42347058765886975 0.18884215113975536 0.025673940949935817 0.03460207612456748
0 0.4192226283452068 0.24227726564357213 0.025673940949935817 0.03460207612456748
0 0.44471038422718495 0.23464367785731258 0.025673940949935817 0.03460207612456748
0 0.4659501807955002 0.22128489923135844 0.025673940949935817 0.03460207612456748
0 0.4135586825936559 0.2823536015214348 0.025673940949935817 0.03460207612456748
0 0.3951508589011161 0.35678108243746526 0.025673940949935817 0.03460207612456748
0 0.43904643847563424 0.3090711587733432 0.025673940949935817 0.03460207612456748
0 0.4022307910905545 0.4254833725138012 0.025673940949935817 0.03460207612456748
0 0.42630256053464516 0.5132696320557859 0.025673940949935817 0.03460207612456748
0 0.4050627639663299 0.562887952666473 0.025673940949935817 0.03460207612456748
0 0.4277185469725328 0.7632696320557859 0.025673940949935817 0.03460207612456748
0 0.47019814010916333 0.7918955862542593 0.025673940949935817 0.03460207612456748
0 0.4956858959911415 0.7422772656435721 0.025673940949935817 0.03460207612456748
0 0.417806641907319 0.9121245938878471 0.025673940949935817 0.03460207612456748
0 0.47586208586071405 0.9312085633534958 0.025673940949935817 0.03460207612456748
0 0.5282535840625582 0.961742914498534 0.025673940949935817 0.03460207612456748
0 0.49426990955325384 0.6220482580099844 0.025673940949935817 0.03460207612456748
0 0.47869405873648935 0.5495291740405187 0.025673940949935817 0.03460207612456748
0 0.4546222892923988 0.020903219842045455 0.025673940949935817 0.03460207612456748
0 0.45603827573028644 0.1373154335825035 0.025673940949935817 0.03460207612456748
0 0.4871899773638155 0.08388031907868662 0.025673940949935817 0.03460207612456748
0 0.5084297739321307 0.06670474655960269 0.025673940949935817 0.03460207612456748
0 0.5041818146184677 0.01899482289548062 0.025673940949935817 0.03460207612456748
0 0.5622372585718626 0.05334596793364845 0.025673940949935817 0.03460207612456748
0 0.5296695705004458 0.10105589159777073 0.025673940949935817 0.03460207612456748
0 0.5594052856960873 0.12204825800998431 0.025673940949935817 0.03460207612456748
0 0.5395814755656596 0.1373154335825035 0.025673940949935817 0.03460207612456748
0 0.4928539231153662 0.1373154335825035 0.025673940949935817 0.03460207612456748
0 0.5240056247488951 0.19647573892601486 0.025673940949935817 0.03460207612456748
0 0.5749811365128518 0.1907505480863202 0.025673940949935817 0.03460207612456748
0 0.5225896383110075 0.3014375709870836 0.025673940949935817 0.03460207612456748
0 0.5155097061215691 0.3758650519031142 0.025673940949935817 0.03460207612456748
0 0.5395814755656596 0.40639940304815236 0.025673940949935817 0.03460207612456748
0 0.569317190761301 0.2689948228954806 0.025673940949935817 0.03460207612456748
0 0.5990529059569423 0.3968574183153279 0.025673940949935817 0.03460207612456748
0 0.5962209330811669 0.4960940595367019 0.025673940949935817 0.03460207612456748
0 0.5523253535066489 0.6201398610634195 0.025673940949935817 0.03460207612456748
0 0.6033008652706053 0.5399871893076943 0.025673940949935817 0.03460207612456748
0 0.6429484855314604 0.5762467312924272 0.025673940949935817 0.03460207612456748
0 0.6500284177208988 0.7002925328191446 0.025673940949935817 0.03460207612456748
0 0.5636532450097503 0.7537276473229615 0.025673940949935817 0.03460207612456748
0 0.6344525669041343 0.8014375709870836 0.025673940949935817 0.03460207612456748
0 0.6556923634724495 0.7957123801473889 0.025673940949935817 0.03460207612456748
0 0.6811801193544278 0.8357887160252516 0.025673940949935817 0.03460207612456748
0 0.743483522621486 0.9369337541931905 0.025673940949935817 0.03460207612456748
0 0.5976369195190546 0.08197192213212177 0.025673940949935817 0.03460207612456748
0 0.5919729737675039 0.013269632055785918 0.025673940949935817 0.03460207612456748
0 0.6443644719693481 0.017086425948915587 0.025673940949935817 0.03460207612456748
0 0.6641882820997758 0.036170395414564536 0.025673940949935817 0.03460207612456748
0 0.6641882820997758 0.057162761826778326 0.025673940949935817 0.03460207612456748
0 0.662772295661888 0.08006352518555694 0.025673940949935817 0.03460207612456748
0 0.6542763770345619 0.12013986106341948 0.025673940949935817 0.03460207612456748
0 0.7066678752364061 0.009452838162656046 0.025673940949935817 0.03460207612456748
0 0.6967559701711924 0.04762077709395375 0.025673940949935817 0.03460207612456748
0 0.6868440651059787 0.10678108243746523 0.025673940949935817 0.03460207612456748
0 0.6882600515438662 0.18120856335349583 0.025673940949935817 0.03460207612456748
0 0.6656042685376633 0.2575444412160912 0.025673940949935817 0.03460207612456748
0 0.6868440651059787 0.30334596793364843 0.025673940949935817 0.03460207612456748
0 0.6302046075904714 0.3262467312924271 0.025673940949935817 0.03460207612456748
0 0.6613563092240002 0.34151390686494615 0.025673940949935817 0.03460207612456748
0 0.6387005262177974 0.3701398610634195 0.025673940949935817 0.03460207612456748
0 0.6613563092240002 0.38540703663593856 0.025673940949935817 0.03460207612456748
0 0.6429484855314604 0.4426589450328851 0.025673940949935817 0.03460207612456748
0 0.7080838616742938 0.6735749755672362 0.025673940949935817 0.03460207612456748
0 0.747731481935149 0.013269632055785918 0.025673940949935817 0.03460207612456748
0 0.733571617556272 0.093422303811511 0.025673940949935817 0.03460207612456748
0 0.7279076718047214 0.04380398320082408 0.025673940949935817 0.03460207612456748
0 0.7618913463140258 0.04189558625425925 0.025673940949935817 0.03460207612456748
0 0.8043709394506563 0.03235360152143467 0.025673940949935817 0.03460207612456748
0 0.7760512106929025 0.08006352518555694 0.025673940949935817 0.03460207612456748
0 0.8270267224568592 0.07624673129242708 0.025673940949935817 0.03460207612456748
0 0.8468505325872868 0.09914749465120569 0.025673940949935817 0.03460207612456748
0 0.8171148173916453 0.12013986106341948 0.025673940949935817 0.03460207612456748
0 0.7519794412488121 0.1373154335825035 0.025673940949935817 0.03460207612456748
0 0.7222437260531706 0.18884215113975536 0.025673940949935817 0.03460207612456748
0 0.8100348852022069 0.15639940304815234 0.025673940949935817 0.03460207612456748
0 0.7817151564444533 0.20220092976570958 0.025673940949935817 0.03460207612456748
0 0.8156988309537577 0.22319329617792338 0.025673940949935817 0.03460207612456748
0 0.845434546149399 0.22128489923135844 0.025673940949935817 0.03460207612456748
0 0.818530803829533 0.3128879526664729 0.025673940949935817 0.03460207612456748
0 0.7859631157581165 0.38922383052906834 0.025673940949935817 0.03460207612456748
0 0.747731481935149 0.4464757389260149 0.025673940949935817 0.03460207612456748
0 0.7802991700065656 0.33960550991838134 0.025673940949935817 0.03460207612456748
0 0.8850821664102542 0.19456734197945005 0.025673940949935817 0.03460207612456748
0 0.8057869258885437 0.055254364880213486 0.025673940949935817 0.03460207612456748
0 0.8850821664102542 0.0342619984679997 0.025673940949935817 0.03460207612456748
0 0.8709223020313772 0.005636044269526375 0.025673940949935817 0.03460207612456748
0 0.9445535968015367 0.06288795266647283 0.025673940949935817 0.03460207612456748
0 0.9516335289909751 0.009452838162656046 0.025673940949935817 0.03460207612456748
0 0.9289777459847722 0.03998718930769421 0.025673940949935817 0.03460207612456748
0 0.9360576781742106 0.1105978763305951 0.025673940949935817 0.03460207612456748
0 0.9148178816058955 0.10868947938403008 0.025673940949935817 0.03460207612456748
0 0.9275617595468845 0.15449100610158742 0.025673940949935817 0.03460207612456748
0 0.9870331899381672 0.12013986106341948 0.025673940949935817 0.03460207612456748
0 0.9785372713108411 0.19647573892601486 0.025673940949935817 0.03460207612456748
0 0.9148178816058955 0.20220092976570958 0.025673940949935817 0.03460207612456748
0 0.9318097188605475 0.22701009007105305 0.025673940949935817 0.03460207612456748
0 0.9558814883046381 0.2575444412160912 0.025673940949935817 0.03460207612456748
0 0.8978260443512431 0.2632696320557859 0.025673940949935817 0.03460207612456748
0 0.9034899901027941 0.3128879526664729 0.025673940949935817 0.03460207612456748
0 0.9233138002332216 0.3491474946512057 0.025673940949935817 0.03460207612456748
0 0.9799532577487289 0.36250627327715995 0.025673940949935817 0.03460207612456748
0 0.9360576781742106 0.4903688686970073 0.025673940949935817 0.03460207612456748
0 0.8567624376525005 0.4254833725138012 0.025673940949935817 0.03460207612456748
0 0.8808342070965911 0.5323536015214347 0.025673940949935817 0.03460207612456748
0 0.7887950886338917 0.6468574183153278 0.025673940949935817 0.03460207612456748
0 0.7548114141245874 0.5590711587733431 0.025673940949935817 0.03460207612456748
0 0.7250756989289461 0.7537276473229615 0.025673940949935817 0.03460207612456748
0 0.8780022342208156 0.662124593887847 0.025673940949935817 0.03460207612456748
0 0.8581784240903882 0.6144146702237249 0.025673940949935817 0.03460207612456748
0 0.8468505325872868 0.8071627618267784 0.025673940949935817 0.03460207612456748
0 0.8610103969661635 0.961742914498534 0.025673940949935817 0.03460207612456748
0 0.9275617595468845 0.879681845796244 0.025673940949935817 0.03460207612456748
0 0.9912811492518303 0.9502925328191447 0.025673940949935817 0.03460207612456748
0 0.9488015561151998 0.7899871893076943 0.025673940949935817 0.03460207612456748
0 0.9601294476183013 0.7480024564832668 0.025673940949935817 0.03460207612456748
0 0.9912811492518303 0.7499108534298317 0.025673940949935817 0.03460207612456748
0 0.9516335289909751 0.6411322274756333 0.025673940949935817 0.03460207612456748
0 0.9318097188605475 0.6659413877809768 0.025673940949935817 0.03460207612456748
0 0.9983610814412687 0.14304062442219811 0.025673940949935817 0.03460207612456748
0 0.21815255416515586 0.2613612351092211 0.025673940949935817 0.03460207612456748
