0 0.7006898795155024 0.7613210319092673 0.03558718861209965 0.058823529411764705
0 0.27611445494007775 0.9066345419286598 0.03558718861209965 0.058823529411764705
0 0.33405651288213567 0.7398542633836752 0.03558718861209965 0.058823529411764705
0 0.31307749190311474 0.7018745959922432 0.03558718861209965 0.058823529411764705
0 0.2861044649300877 0.6886642768995711 0.03558718861209965 0.058823529411764705
0 0.2871034659290887 0.6193101016630429 0.03558718861209965 0.058823529411764705
0 0.2131773920030148 0.6787565375800672 0.03558718861209965 0.058823529411764705
0 0.19419637302199577 0.647382029734971 0.03558718861209965 0.058823529411764705
0 0.21917139799702082 0.630869130869131 0.03558718861209965 0.058823529411764705
0 0.21018038900601183 0.6094023623435388 0.03558718861209965 0.058823529411764705
0 0.18220836103398383 0.6193101016630429 0.03558718861209965 0.058823529411764705
0 0.01637419519981797 0.5681201151789388 0.03558718861209965 0.058823529411764705
0 0.0853052641308869 0.5912381735911149 0.03558718861209965 0.058823529411764705
0 0.12526530409092684 0.5978433331374509 0.03558718861209965 0.058823529411764705
0 0.13925131807694083 0.6242639713227949 0.03558718861209965 0.058823529411764705
0 0.15323733206295484 0.614356232003291 0.03558718861209965 0.058823529411764705
0 0.14124932007494284 0.5829817241581948 0.03558718861209965 0.058823529411764705
0 0.14224832107394386 0.5301404477875067 0.03558718861209965 0.058823529411764705
0 0.10628428510990788 0.5483046365399307 0.03558718861209965 0.058823529411764705
0 0.0992912781169009 0.4855556208497386 0.03558718861209965 0.058823529411764705
0 0.06332724215286493 0.49546336016924264 0.03558718861209965 0.058823529411764705
0 0.0553352341608569 0.46408885232414643 0.03558718861209965 0.058823529411764705
0 0.24214842097404374 0.7084797555385792 0.03558718861209965 0.058823529411764705
0 0.2581324369580597 0.5862843039313629 0.03558718861209965 0.058823529411764705
0 0.24015041897604175 0.5615149556326028 0.03558718861209965 0.058823529411764705
0 0.1981923770179998 0.5631662455191869 0.03558718861209965 0.058823529411764705
0 0.2041863830120058 0.5103249691484987 0.03558718861209965 0.058823529411764705
0 0.1742163530419758 0.49546336016924264 0.03558718861209965 0.058823529411764705
0 0.07731325613887893 0.5334430275606746 0.03558718861209965 0.058823529411764705
0 0.14424632307194585 0.4772991714168187 0.03558718861209965 0.058823529411764705
0 0.13825231707793983 0.3980372568607864 0.03558718861209965 0.058823529411764705
0 0.17621435503997782 0.4013398366339544 0.03558718861209965 0.058823529411764705
0 0.21917139799702082 0.3749191984486103 0.03558718861209965 0.058823529411764705
0 0.24015041897604175 0.3385908209437622 0.03558718861209965 0.058823529411764705
0 0.21217839100401378 0.4277604748192984 0.03558718861209965 0.058823529411764705
0 0.2541364329620558 0.4905094905094906 0.03558718861209965 0.058823529411764705
0 0.24214842097404374 0.4739965916436506 0.03558718861209965 0.058823529411764705
0 0.25113942996505273 0.44262208379855444 0.03558718861209965 0.058823529411764705
0 0.26812244694806975 0.3782217782217783 0.03558718861209965 0.058823529411764705
0 0.30608448491010765 0.3319856613974262 0.03558718861209965 0.058823529411764705
0 0.29409647292209573 0.30556502321208207 0.03558718861209965 0.058823529411764705
0 0.3460445248701477 0.3749191984486103 0.03558718861209965 0.058823529411764705
0 0.33405651288213567 0.3451959804900982 0.03558718861209965 0.058823529411764705
0 0.31107948990511275 0.39143209731445033 0.03558718861209965 0.058823529411764705
0 0.3460445248701477 0.4294117647058825 0.03558718861209965 0.058823529411764705
0 0.3570335358591587 0.4739965916436506 0.03558718861209965 0.058823529411764705
0 0.3260645048901277 0.5400481871070107 0.03558718861209965 0.058823529411764705
0 0.32406650289212574 0.6127049421167069 0.03558718861209965 0.058823529411764705
0 0.3390515178771407 0.5664688252923546 0.03558718861209965 0.058823529411764705
0 0.3260645048901277 0.5730739848386908 0.03558718861209965 0.058823529411764705
0 0.2781124569380798 0.5416994769935949 0.03558718861209965 0.058823529411764705
0 0.2821084609340837 0.4888582006229067 0.03558718861209965 0.058823529411764705
0 0.2821084609340837 0.45913498266439456 0.03558718861209965 0.058823529411764705
0 0.37701355583917867 0.644079449961803 0.03558718861209965 0.058823529411764705
0 0.43895161777724057 0.652335899394723 0.03558718861209965 0.058823529411764705
0 0.44194862077424363 0.5697714050655227 0.03558718861209965 0.058823529411764705
0 0.3690215478471706 0.5631662455191869 0.03558718861209965 0.058823529411764705
0 0.35403653286215564 0.5185814185814186 0.03558718861209965 0.058823529411764705
0 0.41397659280221566 0.4855556208497386 0.03558718861209965 0.058823529411764705
0 0.4319586107842336 0.5020685197155788 0.03558718861209965 0.058823529411764705
0 0.4659246447502676 0.5416994769935949 0.03558718861209965 0.058823529411764705
0 0.44194862077424363 0.611053652230123 0.03558718861209965 0.058823529411764705
0 0.5248657036913266 0.5103249691484987 0.03558718861209965 0.058823529411764705
0 0.46292764175326456 0.4112475759534584 0.03558718861209965 0.058823529411764705
0 0.48190866073428357 0.3187753423047542 0.03558718861209965 0.058823529411764705
0 0.40098957981520267 0.3352882411705942 0.03558718861209965 0.058823529411764705
0 0.4279626067882296 0.21969794910971382 0.03558718861209965 0.058823529411764705
0 0.44394662277224556 0.25107245695480995 0.03558718861209965 0.058823529411764705
0 0.5658247446503675 0.46408885232414643 0.03558718861209965 0.058823529411764705
0 0.5838067626323853 0.3897808074278663 0.03558718861209965 0.058823529411764705
0 0.5708197496453725 0.3782217782217783 0.03558718861209965 0.058823529411764705
0 0.5368537156793386 0.33363695128401016 0.03558718861209965 0.058823529411764705
0 0.5458447246703475 0.25932890638773 0.03558718861209965 0.058823529411764705
0 0.6057847846104075 0.25767761650114596 0.03558718861209965 0.058823529411764705
0 0.5698207486463716 0.29235470411941006 0.03558718861209965 0.058823529411764705
0 0.6217688005944234 0.3187753423047542 0.03558718861209965 0.058823529411764705
0 0.6437468225724454 0.40464241640712234 0.03558718861209965 0.058823529411764705
0 0.6497408285664514 0.3518011400364342 0.03558718861209965 0.058823529411764705
0 0.6627278415534643 0.16685667273902574 0.03558718861209965 0.058823529411764705
0 0.7016888805145033 0.10245636716224955 0.03558718861209965 0.058823529411764705
0 0.7216689004945234 0.06447669977081753 0.03558718861209965 0.058823529411764705
0 0.7846059634315863 0.36336016924252224 0.03558718861209965 0.058823529411764705
0 0.7296609084865314 0.20648763001704187 0.03558718861209965 0.058823529411764705
0 0.8365540153796382 0.2329082682023859 0.03558718861209965 0.058823529411764705
0 0.9414491202747431 0.23951342774872192 0.03558718861209965 0.058823529411764705
0 0.9854051642307872 0.07768701886348946 0.03558718861209965 0.058823529411764705
0 0.8475430263686492 0.04961509079156151 0.03558718861209965 0.058823529411764705
0 0.11310397787266124 0.4346183228536169 0.03558718861209965 0.058823529411764705
0 0.0989295402106791 0.3643297878591996 0.03558718861209965 0.058823529411764705
0 0.09577966517468305 0.2862314156431803 0.03558718861209965 0.058823529411764705
0 0.06979319612771576 0.279723217958512 0.03558718861209965 0.058823529411764705
0 0.028057351900768353 0.3708379855438679 0.03558718861209965 0.058823529411764705
0 0.02254507058777528 0.29013633425398133 0.03558718861209965 0.058823529411764705
0 0.010733039202790173 0.26540518305224187 0.03558718861209965 0.058823529411764705
0 0.012307976720788169 0.22635599694423222 0.03558718861209965 0.058823529411764705
0 0.03908191452675445 0.22375271787036485 0.03558718861209965 0.058823529411764705
0 0.03435710197276039 0.1821002526884879 0.03558718861209965 0.058823529411764705
0 0.025694945623771323 0.2042281248163601 0.03558718861209965 0.058823529411764705
0 0.0075831641667941305 0.15476582241288117 0.03558718861209965 0.058823529411764705
0 0.02726988314176934 0.13263795028500905 0.03558718861209965 0.058823529411764705
0 0.0075831641667941305 0.09749368278780052 0.03558718861209965 0.058823529411764705
0 0.054831289706734614 0.13133631074807547 0.03558718861209965 0.058823529411764705
0 0.06428091481472273 0.19902156666862547 0.03558718861209965 0.058823529411764705
0 0.07766788371770586 0.17949697361462058 0.03558718861209965 0.058823529411764705
0 0.09026738386168998 0.22245107833343122 0.03558718861209965 0.058823529411764705
0 0.13121575932963842 0.178195334077687 0.03558718861209965 0.058823529411764705
0 0.10365435276467312 0.16387729917141686 0.03558718861209965 0.058823529411764705
0 0.0997170089696781 0.12873303167420816 0.03558718861209965 0.058823529411764705
0 0.08239269627169993 0.15086090380208028 0.03558718861209965 0.058823529411764705
0 0.0800302899947029 0.12222483398953995 0.03558718861209965 0.058823529411764705
0 0.07766788371770586 0.061047775753658086 0.03558718861209965 0.058823529411764705
0 0.0619185085377257 0.09228712464006589 0.03558718861209965 0.058823529411764705
0 0.07058066488671477 0.08057236880766287 0.03558718861209965 0.058823529411764705
0 0.0619185085377257 0.05584121760592345 0.03558718861209965 0.058823529411764705
0 0.048531539634742576 0.05584121760592345 0.03558718861209965 0.058823529411764705
0 0.0241200081057733 0.036316624551918655 0.03558718861209965 0.058823529411764705
0 0.011520507961789158 0.05584121760592345 0.03558718861209965 0.058823529411764705
0 0.04774407087574357 0.031110066404184022 0.03558718861209965 0.058823529411764705
0 0.029632289418766347 0.011585473350179227 0.03558718861209965 0.058823529411764705
0 0.09341725889768603 0.08057236880766287 0.03558718861209965 0.058823529411764705
0 0.10601675904167016 0.09489040371393304 0.03558718861209965 0.058823529411764705
0 0.12255360298064931 0.10400188047246874 0.03558718861209965 0.058823529411764705
0 0.1099541028366652 0.05584121760592345 0.03558718861209965 0.058823529411764705
0 0.11467891539065925 0.02460186871951581 0.03558718861209965 0.058823529411764705
0 0.08711750882569394 0.014188752424046543 0.03558718861209965 0.058823529411764705
0 0.13751550940163051 0.061047775753658086 0.03558718861209965 0.058823529411764705
0 0.14224032195562453 0.029808426867250444 0.03558718861209965 0.058823529411764705
0 0.15641475961760665 0.05584121760592345 0.03558718861209965 0.058823529411764705
0 0.14932754078661561 0.08708056649233126 0.03558718861209965 0.058823529411764705
0 0.1682267910025918 0.10400188047246874 0.03558718861209965 0.058823529411764705
0 0.14381525947362253 0.1365428688958101 0.03558718861209965 0.058823529411764705
0 0.18003882238757693 0.1365428688958101 0.03558718861209965 0.058823529411764705
0 0.16586438472559478 0.1664805782452841 0.03558718861209965 0.058823529411764705
0 0.17216413479758685 0.20552976435329376 0.03558718861209965 0.058823529411764705
0 0.2327992292405105 0.22765763648116588 0.03558718861209965 0.058823529411764705
0 0.2351616355175075 0.19251336898395718 0.03558718861209965 0.058823529411764705
0 0.22177466661452436 0.17298877592995238 0.03558718861209965 0.058823529411764705
0 0.20681276019354322 0.12873303167420816 0.03558718861209965 0.058823529411764705
0 0.21389997902453428 0.09228712464006589 0.03558718861209965 0.058823529411764705
0 0.23752404179450456 0.1248281130634071 0.03558718861209965 0.058823529411764705
0 0.2682353233954659 0.1495592642651466 0.03558718861209965 0.058823529411764705
0 0.25091101069748767 0.12873303167420816 0.03558718861209965 0.058823529411764705
0 0.26587291711846883 0.09358876417699946 0.03558718861209965 0.058823529411764705
0 0.2406739168305006 0.08317564788153019 0.03558718861209965 0.058823529411764705
0 0.25406088573348373 0.07146089204912735 0.03558718861209965 0.058823529411764705
0 0.21153757274753723 0.05584121760592345 0.03558718861209965 0.058823529411764705
0 0.1973631350855551 0.07146089204912735 0.03558718861209965 0.058823529411764705
0 0.1784638848695789 0.0636510548275254 0.03558718861209965 0.058823529411764705
0 0.19185085377256203 0.03501498501498508 0.03558718861209965 0.058823529411764705
0 0.1682267910025918 0.014188752424046543 0.03558718861209965 0.058823529411764705
0 0.22492454165052042 0.014188752424046543 0.03558718861209965 0.058823529411764705
0 0.2083876977115412 0.029808426867250444 0.03558718861209965 0.058823529411764705
0 0.2406739168305006 0.02460186871951581 0.03558718861209965 0.058823529411764705
0 0.27768494850345393 0.019395310571781177 0.03558718861209965 0.058823529411764705
0 0.3005215425144252 0.016792031497913862 0.03558718861209965 0.058823529411764705
0 0.31705838645340434 0.019395310571781177 0.03558718861209965 0.058823529411764705
0 0.30130901127342424 0.10790679908326962 0.03558718861209965 0.058823529411764705
0 0.31390851141740833 0.08187400834459661 0.03558718861209965 0.058823529411764705
0 0.32965788659738854 0.11051007815713694 0.03558718861209965 0.058823529411764705
0 0.283984698575446 0.07146089204912735 0.03558718861209965 0.058823529411764705
0 0.31312104265840934 0.14174942704354465 0.03558718861209965 0.058823529411764705
0 0.2761100109854559 0.17949697361462058 0.03558718861209965 0.058823529411764705
0 0.3406824492233746 0.1821002526884879 0.03558718861209965 0.058823529411764705
0 0.36903132454733895 0.1209231944526062 0.03558718861209965 0.058823529411764705
0 0.36115663695734884 0.05193629899512256 0.03558718861209965 0.058823529411764705
0 0.3485571368133647 0.061047775753658086 0.03558718861209965 0.058823529411764705
0 0.38871804352231415 0.03371334547805134 0.03558718861209965 0.058823529411764705
0 0.4178543876052774 0.06495269436445897 0.03558718861209965 0.058823529411764705
0 0.4194293251232754 0.09489040371393304 0.03558718861209965 0.058823529411764705
0 0.4595902318322249 0.12222483398953995 0.03558718861209965 0.058823529411764705
0 0.4493531379652377 0.08708056649233126 0.03558718861209965 0.058823529411764705
0 0.43281629402625854 0.02720514779338313 0.03558718861209965 0.058823529411764705
0 0.466677450663216 0.010283833813245484 0.03558718861209965 0.058823529411764705
0 0.48478923212019315 0.12743139213727442 0.03558718861209965 0.058823529411764705
0 0.4879391071561892 0.3825527413762707 0.03558718861209965 0.058823529411764705
0 0.5989722021750493 0.7248839395898219 0.03558718861209965 0.058823529411764705
0 0.5304624201421356 0.6858347534818121 0.03558718861209965 0.058823529411764705
0 0.49266391971018325 0.7691396838455662 0.03558718861209965 0.058823529411764705
0 0.7013431408449203 0.7587265675500968 0.03558718861209965 0.058823529411764705
0 0.666694515448964 0.6545954045954046 0.03558718861209965 0.058823529411764705
0 0.37690601213732894 0.14825762472821294 0.03558718861209965 0.058823529411764705
0 0.3517070118493607 0.016792031497913862 0.03558718861209965 0.058823529411764705
0 0.1352553140809369 0.31570047599459367 0.03558718861209965 0.058823529411764705
