0 0.2507104558989215 0.5970864182627823 0.01953125 0.026041666666666668
0 0.4872356852567199 0.5993799962444336 0.01953125 0.026041666666666668
0 0.43218981369708687 0.8367653173453511 0.01953125 0.026041666666666668
0 0.658393942137454 0.49616898707012164 0.01953125 0.026041666666666668
0 0.6042081623209401 0.5030497210150758 0.01953125 0.026041666666666668
0 0.5543228412200226 0.4308020145930575 0.01953125 0.026041666666666668
0 0.47949485956864646 0.44800384945544275 0.01953125 0.026041666666666668
0 0.41154761186222444 0.4571781613820483 0.01953125 0.026041666666666668
0 0.368543024706261 0.4594717393636996 0.01953125 0.026041666666666668
0 0.3470407311282794 0.44341669349214 0.01953125 0.026041666666666668
0 0.30231596048607756 0.5030497210150758 0.01953125 0.026041666666666668
0 0.24382972195396746 0.48240751918021335 0.01953125 0.026041666666666668
0 0.09847421736681139 0.6028203632169108 0.01953125 0.026041666666666668
0 0.005584309109930617 0.7381414641343419 0.01953125 0.026041666666666668
0 0.03654761186222419 0.8126827485380117 0.01953125 0.026041666666666668
0 0.011604951311765501 0.5993799962444336 0.01953125 0.026041666666666668
0 0.8243916485594722 0.7220864182627823 0.01953125 0.026041666666666668
0 0.8682563274585549 0.45144421642791976 0.01953125 0.026041666666666668
0 0.7960086210365365 0.46176531734535103 0.01953125 0.026041666666666668
0 0.7659054100273622 0.48011394119856204 0.01953125 0.026041666666666668
0 0.7168801806695639 0.4950221980792959 0.01953125 0.026041666666666668
0 0.6824765109447933 0.38722403294168123 0.01953125 0.026041666666666668
0 0.707419171495252 0.4021322898224153 0.01953125 0.026041666666666668
0 0.7160200889264448 0.38263687697837856 0.01953125 0.026041666666666668
0 0.7375223825044264 0.38149008798755285 0.01953125 0.026041666666666668
0 0.7641852265411236 0.355113941198562 0.01953125 0.026041666666666668
0 0.801169171495252 0.3470864182627822 0.01953125 0.026041666666666668
0 0.82697192378883 0.39066439991415836 0.01953125 0.026041666666666668
0 0.8673962357154357 0.39525155587746114 0.01953125 0.026041666666666668
0 0.9086806393851605 0.39295797789580983 0.01953125 0.026041666666666668
0 0.8837379788347017 0.40786623477654366 0.01953125 0.026041666666666668
0 0.8888985292934173 0.36314146413434184 0.01953125 0.026041666666666668
0 0.869116419201674 0.35740751918021335 0.01953125 0.026041666666666668
0 0.9112609146145182 0.351673574226085 0.01953125 0.026041666666666668
0 0.9379237586512154 0.34479284028113083 0.01953125 0.026041666666666668
0 0.9645866026879127 0.3757561430334244 0.01953125 0.026041666666666668
0 0.9319031164493806 0.4009855008315895 0.01953125 0.026041666666666668
0 0.9714673366328668 0.39983871184076386 0.01953125 0.026041666666666668
0 0.9405040338805732 0.4674992622994795 0.01953125 0.026041666666666668
0 0.9602861439723165 0.5787377944095713 0.01953125 0.026041666666666668
0 0.028806786174150813 0.49387540908847033 0.01953125 0.026041666666666668
0 0.15179990544020594 0.5225451338591126 0.01953125 0.026041666666666668
0 0.1612609146145179 0.4594717393636996 0.01953125 0.026041666666666668
0 0.15093981369708667 0.41360017973067215 0.01953125 0.026041666666666668
0 0.13459807057782058 0.37116898707012164 0.01953125 0.026041666666666668
0 0.031387061403508644 0.39066439991415836 0.01953125 0.026041666666666668
0 0.023646235715435206 0.3264442164279198 0.01953125 0.026041666666666668
0 0.00472421736681137 0.3379121063361767 0.01953125 0.026041666666666668
0 0.06923109810075631 0.3264442164279198 0.01953125 0.026041666666666668
0 0.05116917149525173 0.33103137239122266 0.01953125 0.026041666666666668
0 0.08557284122002241 0.351673574226085 0.01953125 0.026041666666666668
0 0.1724421072750683 0.35740751918021335 0.01953125 0.026041666666666668
0 0.15782054764204076 0.3172699045013143 0.01953125 0.026041666666666668
0 0.17416229076130688 0.31382953752883724 0.01953125 0.026041666666666668
0 0.19136412562369218 0.30924238156553446 0.01953125 0.026041666666666668
0 0.19222421736681145 0.3252974274370942 0.01953125 0.026041666666666668
0 0.19308430910993074 0.35396715220773634 0.01953125 0.026041666666666668
0 0.20770586874295827 0.3505267852352593 0.01953125 0.026041666666666668
0 0.21458660268791238 0.3746093540425987 0.01953125 0.026041666666666668
0 0.27393293296314175 0.4388295375288373 0.01953125 0.026041666666666668
0 0.27995357516497665 0.3688754090884703 0.01953125 0.026041666666666668
0 0.25243063938516014 0.38722403294168123 0.01953125 0.026041666666666668
0 0.23866917149525185 0.37116898707012164 0.01953125 0.026041666666666668
0 0.21630678617415092 0.43997632651966295 0.01953125 0.026041666666666668
0 0.22060724488974726 0.32988458340039684 0.01953125 0.026041666666666668
0 0.20770586874295827 0.3172699045013143 0.01953125 0.026041666666666668
0 0.23264852929341695 0.30694880358388305 0.01953125 0.026041666666666668
0 0.26619210727506837 0.32873779440957124 0.01953125 0.026041666666666668
0 0.2550109146145179 0.33332495037287396 0.01953125 0.026041666666666668
0 0.2808136669080959 0.32873779440957124 0.01953125 0.026041666666666668
0 0.26791229076130696 0.3046552256022318 0.01953125 0.026041666666666668
0 0.27909348342185736 0.3046552256022318 0.01953125 0.026041666666666668
0 0.28941458433928857 0.31382953752883724 0.01953125 0.026041666666666668
0 0.3040361439723161 0.32300384945544275 0.01953125 0.026041666666666668
0 0.30059577699983897 0.34135247330865376 0.01953125 0.026041666666666668
0 0.3126370614035088 0.34135247330865376 0.01953125 0.026041666666666668
0 0.3238182540640592 0.3585543081710391 0.01953125 0.026041666666666668
0 0.3676829329631418 0.3986919228499382 0.01953125 0.026041666666666668
0 0.3547815568163528 0.3677286200976446 0.01953125 0.026041666666666668
0 0.3444604558989216 0.36543504211599326 0.01953125 0.026041666666666668
0 0.33241917149525185 0.32300384945544275 0.01953125 0.026041666666666668
0 0.36682284122002257 0.34479284028113083 0.01953125 0.026041666666666668
0 0.3487609146145179 0.33676531734535103 0.01953125 0.026041666666666668
0 0.35908201553194913 0.3252974274370942 0.01953125 0.026041666666666668
0 0.3513411898438757 0.31497632651966295 0.01953125 0.026041666666666668
0 0.35908201553194913 0.31497632651966295 0.01953125 0.026041666666666668
0 0.37284348342185736 0.32071027147379133 0.01953125 0.026041666666666668
0 0.38402467608240787 0.3046552256022318 0.01953125 0.026041666666666668
0 0.3848847678255271 0.32071027147379133 0.01953125 0.026041666666666668
0 0.39864623571543545 0.3252974274370942 0.01953125 0.026041666666666668
0 0.39606596048607756 0.30924238156553446 0.01953125 0.026041666666666668
0 0.41584807057782075 0.32300384945544275 0.01953125 0.026041666666666668
0 0.42616917149525196 0.3252974274370942 0.01953125 0.026041666666666668
0 0.40724715314662807 0.34135247330865376 0.01953125 0.026041666666666668
0 0.4235888962658941 0.3528203632169107 0.01953125 0.026041666666666668
0 0.41670816232093993 0.3734625650517731 0.01953125 0.026041666666666668
0 0.39692605222919686 0.39754513385911244 0.01953125 0.026041666666666668
0 0.4450911898438758 0.34479284028113083 0.01953125 0.026041666666666668
0 0.4579925659906648 0.3058020145930575 0.01953125 0.026041666666666668
0 0.4915361439723162 0.3264442164279198 0.01953125 0.026041666666666668
0 0.47777467608240787 0.33103137239122266 0.01953125 0.026041666666666668
0 0.46057284122002257 0.32300384945544275 0.01953125 0.026041666666666668
0 0.49325632745855463 0.3619946751435162 0.01953125 0.026041666666666668
0 0.4751944008530501 0.3608478861526904 0.01953125 0.026041666666666668
0 0.5104581623209401 0.33676531734535103 0.01953125 0.026041666666666668
0 0.519919171495252 0.3470864182627822 0.01953125 0.026041666666666668
0 0.5250797219539676 0.355113941198562 0.01953125 0.026041666666666668
0 0.5156187127796557 0.3665818311068188 0.01953125 0.026041666666666668
0 0.5078778870915822 0.3184166934921399 0.01953125 0.026041666666666668
0 0.5070177953484629 0.32988458340039684 0.01953125 0.026041666666666668
0 0.5173388962658941 0.33103137239122266 0.01953125 0.026041666666666668
0 0.5267999054402059 0.30924238156553446 0.01953125 0.026041666666666668
0 0.5044375201191051 0.30694880358388305 0.01953125 0.026041666666666668
0 0.5388411898438759 0.32071027147379133 0.01953125 0.026041666666666668
0 0.5285200889264446 0.32873779440957124 0.01953125 0.026041666666666668
0 0.5491622907613071 0.33332495037287396 0.01953125 0.026041666666666668
0 0.5646439421374538 0.3172699045013143 0.01953125 0.026041666666666668
0 0.5758251347980043 0.32300384945544275 0.01953125 0.026041666666666668
0 0.5878664192016739 0.3344717393636996 0.01953125 0.026041666666666668
0 0.6007677953484629 0.3184166934921399 0.01953125 0.026041666666666668
0 0.6085086210365364 0.3184166934921399 0.01953125 0.026041666666666668
0 0.6016278870915823 0.3344717393636996 0.01953125 0.026041666666666668
0 0.5878664192016739 0.34937999624443355 0.01953125 0.026041666666666668
0 0.5981875201191051 0.3746093540425987 0.01953125 0.026041666666666668
0 0.6076485292934172 0.3528203632169107 0.01953125 0.026041666666666668
0 0.6282907311282795 0.41360017973067215 0.01953125 0.026041666666666668
0 0.6343113733301143 0.36543504211599326 0.01953125 0.026041666666666668
0 0.6386118320457107 0.33676531734535103 0.01953125 0.026041666666666668
0 0.6214099971833253 0.33676531734535103 0.01953125 0.026041666666666668
0 0.6257104558989217 0.32071027147379133 0.01953125 0.026041666666666668
0 0.6437723825044264 0.32071027147379133 0.01953125 0.026041666666666668
0 0.6618343091099309 0.31268274853801153 0.01953125 0.026041666666666668
0 0.6644145843392887 0.3344717393636996 0.01953125 0.026041666666666668
0 0.6824765109447933 0.30924238156553446 0.01953125 0.026041666666666668
0 0.6979581623209401 0.33676531734535103 0.01953125 0.026041666666666668
0 0.7099994467246098 0.351673574226085 0.01953125 0.026041666666666668
0 0.7151599971833255 0.32873779440957124 0.01953125 0.026041666666666668
0 0.7091393549814906 0.3184166934921399 0.01953125 0.026041666666666668
0 0.7186003641558025 0.31497632651966295 0.01953125 0.026041666666666668
0 0.7280613733301144 0.3058020145930575 0.01953125 0.026041666666666668
0 0.7306416485594722 0.32300384945544275 0.01953125 0.026041666666666668
0 0.7306416485594722 0.34135247330865376 0.01953125 0.026041666666666668
0 0.7581645843392888 0.31268274853801153 0.01953125 0.026041666666666668
0 0.7504237586512154 0.31268274853801153 0.01953125 0.026041666666666668
0 0.746123299935619 0.2977744916572776 0.01953125 0.026041666666666668
0 0.7573044925961694 0.30121485862975467 0.01953125 0.026041666666666668
0 0.7452632081924998 0.2863066017490208 0.01953125 0.026041666666666668
0 0.7142999054402062 0.2725451338591125 0.01953125 0.026041666666666668
0 0.7254810981007566 0.2851598127581951 0.01953125 0.026041666666666668
0 0.7323618320457108 0.2587836659692042 0.01953125 0.026041666666666668
0 0.7435430247062612 0.25419651000590143 0.01953125 0.026041666666666668
0 0.7547242173668117 0.2622240329416813 0.01953125 0.026041666666666668
0 0.7616049513117659 0.24846256505177292 0.01953125 0.026041666666666668
0 0.7745063274585549 0.25649008798755285 0.01953125 0.026041666666666668
0 0.7822471531466282 0.24846256505177292 0.01953125 0.026041666666666668
0 0.7856875201191053 0.24272862009764448 0.01953125 0.026041666666666668
0 0.801169171495252 0.2851598127581951 0.01953125 0.026041666666666668
0 0.810630180669564 0.2587836659692042 0.01953125 0.026041666666666668
0 0.8192310981007567 0.24846256505177292 0.01953125 0.026041666666666668
0 0.8261118320457108 0.2587836659692042 0.01953125 0.026041666666666668
0 0.8424535751649769 0.2450221980792959 0.01953125 0.026041666666666668
0 0.845893942137454 0.2347010971618648 0.01953125 0.026041666666666668
0 0.8544948595686466 0.24043504211599323 0.01953125 0.026041666666666668
0 0.8390132081924998 0.2610772439508555 0.01953125 0.026041666666666668
0 0.849334309109931 0.25649008798755285 0.01953125 0.026041666666666668
0 0.8261118320457108 0.2943341246848005 0.01953125 0.026041666666666668
0 0.7856875201191053 0.28860017973067215 0.01953125 0.026041666666666668
0 0.7796668779172704 0.29318733569397476 0.01953125 0.026041666666666668
0 0.7745063274585549 0.2851598127581951 0.01953125 0.026041666666666668
0 0.7581645843392888 0.2771322898224153 0.01953125 0.026041666666666668
0 0.7831072448897476 0.30924238156553446 0.01953125 0.026041666666666668
0 0.7908480705778208 0.30121485862975467 0.01953125 0.026041666666666668
0 0.8003090797521328 0.30121485862975467 0.01953125 0.026041666666666668
0 0.8097700889264448 0.3046552256022318 0.01953125 0.026041666666666668
0 0.775366419201674 0.3172699045013143 0.01953125 0.026041666666666668
0 0.8192310981007567 0.3172699045013143 0.01953125 0.026041666666666668
0 0.8407333916787384 0.3023616476205803 0.01953125 0.026041666666666668
0 0.8596554100273622 0.30924238156553446 0.01953125 0.026041666666666668
0 0.8372930247062612 0.3252974274370942 0.01953125 0.026041666666666668
0 0.8579352265411236 0.3344717393636996 0.01953125 0.026041666666666668
0 0.8501944008530502 0.3264442164279198 0.01953125 0.026041666666666668
0 0.8252517403025916 0.34593962927195654 0.01953125 0.026041666666666668
0 0.8476141256236924 0.3470864182627822 0.01953125 0.026041666666666668
0 0.8777173366328668 0.32300384945544275 0.01953125 0.026041666666666668
0 0.8656760522291971 0.3218570604646171 0.01953125 0.026041666666666668
0 0.9009398136970871 0.3218570604646171 0.01953125 0.026041666666666668
0 0.9121210063576374 0.3264442164279198 0.01953125 0.026041666666666668
0 0.9000797219539678 0.2771322898224153 0.01953125 0.026041666666666668
0 0.8751370614035091 0.2817194457857179 0.01953125 0.026041666666666668
0 0.9164214650732337 0.2817194457857179 0.01953125 0.026041666666666668
0 0.9276026577337843 0.28057265679489224 0.01953125 0.026041666666666668
0 0.9534054100273622 0.28860017973067215 0.01953125 0.026041666666666668
0 0.9620063274585549 0.29318733569397476 0.01953125 0.026041666666666668
0 0.9086806393851605 0.30924238156553446 0.01953125 0.026041666666666668
0 0.9009398136970871 0.3023616476205803 0.01953125 0.026041666666666668
0 0.878577428375986 0.3023616476205803 0.01953125 0.026041666666666668
0 0.9697471531466283 0.32071027147379133 0.01953125 0.026041666666666668
0 0.9783480705778209 0.33332495037287396 0.01953125 0.026041666666666668
0 0.42444898800901343 0.5317194457857181 0.01953125 0.026041666666666668
0 0.5569031164493805 0.583324950372874 0.01953125 0.026041666666666668
0 0.4597127494769034 0.2209396292719565 0.01953125 0.026041666666666668
0 0.9602861439723165 0.23355430817103903 0.01953125 0.026041666666666668
0 0.9559856852567201 0.2381414641343418 0.01953125 0.026041666666666668
0 0.7874077036053438 0.26566439991415836 0.01953125 0.026041666666666668
0 0.807189813697087 0.24043504211599323 0.01953125 0.026041666666666668
0 0.7951485292934172 0.24960935404259868 0.01953125 0.026041666666666668
0 0.6171095384677291 0.39295797789580983 0.01953125 0.026041666666666668
0 0.40896733663286666 0.24960935404259868 0.01953125 0.026041666666666668
0 0.41670816232093993 0.24846256505177292 0.01953125 0.026041666666666668
0 0.24985036415580228 0.3218570604646171 0.01953125 0.026041666666666668
0 0.8427296539961013 0.2798123781676411 0.01953125 0.026041666666666668
0 0.8547666910331385 0.2662321312540608 0.01953125 0.026041666666666668
