0 0.023026247075534773 0.9815655916991648 0.01953125 0.02911208151382824
0 0.05471752799131016 0.8220290498096817 0.01953125 0.02911208151382824
0 0.10135752632018716 0.9280896558702878 0.01953125 0.02911208151382824
0 0.1689257290274064 0.9726529357276853 0.01953125 0.02911208151382824
0 0.18865803601270056 0.8763962512357067 0.01953125 0.02911208151382824
0 0.211380086480615 0.8247028466011256 0.01953125 0.02911208151382824
0 0.12108983330548126 0.8077688002553146 0.01953125 0.02911208151382824
0 0.12826521766377005 0.7150771781519278 0.01953125 0.02911208151382824
0 0.061892912349598955 0.7070557877775963 0.01953125 0.02911208151382824
0 0.07983137324532083 0.658927445531607 0.01953125 0.02911208151382824
0 0.018242657503342252 0.6446671959772398 0.01953125 0.02911208151382824
0 0.06009906626002673 0.5760397449968476 0.01953125 0.02911208151382824
0 0.029005734040775416 0.568909620219664 0.01953125 0.02911208151382824
0 0.04933598972259359 0.6446671959772398 0.01953125 0.02911208151382824
0 0.10195547501671123 0.6268418840342808 0.01953125 0.02911208151382824
0 0.13544060202205885 0.6099078376884697 0.01953125 0.02911208151382824
0 0.14381188377339574 0.641102133588648 0.01953125 0.02911208151382824
0 0.1689257290274064 0.6446671959772398 0.01953125 0.02911208151382824
0 0.19702931776403745 0.6794265542660097 0.01953125 0.02911208151382824
0 0.22214316301804812 0.6428846647829438 0.01953125 0.02911208151382824
0 0.22872059867981284 0.8389630961554929 0.01953125 0.02911208151382824
0 0.2723708535260695 0.7649880515922131 0.01953125 0.02911208151382824
0 0.2723708535260695 0.6892304758346373 0.01953125 0.02911208151382824
0 0.27775239179478606 0.657144914337311 0.01953125 0.02911208151382824
0 0.2669893152573529 0.6348632744086122 0.01953125 0.02911208151382824
0 0.2496488030581551 0.6295156808257245 0.01953125 0.02911208151382824
0 0.32678418490975936 0.641102133588648 0.01953125 0.02911208151382824
0 0.31960880055147056 0.7168597093462237 0.01953125 0.02911208151382824
0 0.3471144405915775 0.7409238804692183 0.01953125 0.02911208151382824
0 0.3680426449699198 0.7453802084549581 0.01953125 0.02911208151382824
0 0.360867260611631 0.8772875168328547 0.01953125 0.02911208151382824
0 0.41288879720922456 0.8888739695957781 0.01953125 0.02911208151382824
0 0.4206621302640374 0.7712269107722486 0.01953125 0.02911208151382824
0 0.4415903346423796 0.7275548965119991 0.01953125 0.02911208151382824
0 0.407507258940508 0.7132946469576319 0.01953125 0.02911208151382824
0 0.3973421310995989 0.676752757474566 0.01953125 0.02911208151382824
0 0.36684674757687163 0.620603024854245 0.01953125 0.02911208151382824
0 0.31063957010360965 0.6250593528399848 0.01953125 0.02911208151382824
0 0.3028662370487968 0.6161466968685053 0.01953125 0.02911208151382824
0 0.3417329023228609 0.5787135417882914 0.01953125 0.02911208151382824
0 0.3566816197359626 0.5831698697740312 0.01953125 0.02911208151382824
0 0.4051154641544117 0.4922607788649403 0.01953125 0.02911208151382824
0 0.026015990558155094 0.5207812779736747 0.01953125 0.02911208151382824
0 0.06129496365307488 0.5038472316278636 0.01953125 0.02911208151382824
0 0.10016162892713906 0.5136511531964911 0.01953125 0.02911208151382824
0 0.12886316636029413 0.5118686220021951 0.01953125 0.02911208151382824
0 0.1426159863803476 0.5136511531964911 0.01953125 0.02911208151382824
0 0.15517290900735295 0.48780445087920044 0.01953125 0.02911208151382824
0 0.17071957511697863 0.4842393884906087 0.01953125 0.02911208151382824
0 0.17071957511697863 0.5074122940164554 0.01953125 0.02911208151382824
0 0.17131752381350265 0.5198900123765267 0.01953125 0.02911208151382824
0 0.18985393340574866 0.5002821692392718 0.01953125 0.02911208151382824
0 0.18507034383355617 0.4806743261020169 0.01953125 0.02911208151382824
0 0.16713188293783424 0.4450237022160988 0.01953125 0.02911208151382824
0 0.19164777949532083 0.44769749900754274 0.01953125 0.02911208151382824
0 0.22214316301804812 0.460175217367614 0.01953125 0.02911208151382824
0 0.22154521432152405 0.4895869820734964 0.01953125 0.02911208151382824
0 0.20241085603275402 0.5484105114852611 0.01953125 0.02911208151382824
0 0.22154521432152405 0.5377153243194857 0.01953125 0.02911208151382824
0 0.22931854737633692 0.5493017770824091 0.01953125 0.02911208151382824
0 0.24307136739639038 0.5074122940164554 0.01953125 0.02911208151382824
0 0.267587263953877 0.5163249499879349 0.01953125 0.02911208151382824
0 0.27775239179478606 0.49939090364212385 0.01953125 0.02911208151382824
0 0.29210316051136365 0.5296939339451542 0.01953125 0.02911208151382824
0 0.3100416214070856 0.586734932162623 0.01953125 0.02911208151382824
0 0.03976881057820855 0.3933302975815178 0.01953125 0.02911208151382824
0 0.05950111756350265 0.38530890720718625 0.01953125 0.02911208151382824
0 0.09238829587232619 0.3790700480271506 0.01953125 0.02911208151382824
0 0.11331650025066844 0.37639625123570675 0.01953125 0.02911208151382824
0 0.14680162725601606 0.3799613136242986 0.01953125 0.02911208151382824
0 0.20898829169451874 0.2872696915209117 0.01953125 0.02911208151382824
0 0.23709188043114973 0.2917260195066515 0.01953125 0.02911208151382824
0 0.02003650359291445 0.3416368929469367 0.01953125 0.02911208151382824
0 0.04156265666778072 0.3398543617526407 0.01953125 0.02911208151382824
0 0.09657393674799467 0.3514408145155642 0.01953125 0.02911208151382824
0 0.18148265165441177 0.3193552530182379 0.01953125 0.02911208151382824
0 0.13005906375334222 0.5822786041768833 0.01953125 0.02911208151382824
0 0.09776983414104276 0.5876261977597709 0.01953125 0.02911208151382824
0 0.47328161555815507 0.9851306540877567 0.01953125 0.02911208151382824
0 0.2557203323445856 0.38775988759934316 0.01953125 0.02911208151382824
0 0.27395776758856955 0.4122696915209117 0.01953125 0.02911208151382824
0 0.2814321262951203 0.4153891211109296 0.01953125 0.02911208151382824
0 0.2856177671707888 0.46708252574551073 0.01953125 0.02911208151382824
0 0.3005664845838904 0.47599518171699023 0.01953125 0.02911208151382824
0 0.26110187061330214 0.4693106897383806 0.01953125 0.02911208151382824
0 0.3098346893800134 0.5071894776171686 0.01953125 0.02911208151382824
0 0.31671109939004016 0.4871360016813396 0.01953125 0.02911208151382824
0 0.30953571503175137 0.463071830558345 0.01953125 0.02911208151382824
0 0.2975767411012701 0.4381163938382024 0.01953125 0.02911208151382824
0 0.3077418689421792 0.44524651861538594 0.01953125 0.02911208151382824
0 0.3173090480865642 0.4421270890253682 0.01953125 0.02911208151382824
0 0.30594802285260697 0.43098626906101867 0.01953125 0.02911208151382824
0 0.2790403315090241 0.34943546692198124 0.01953125 0.02911208151382824
0 0.2850198184742647 0.34765293572768535 0.01953125 0.02911208151382824
0 0.28232904933990643 0.3654782476706444 0.01953125 0.02911208151382824
0 0.2658854601854947 0.3619131852820526 0.01953125 0.02911208151382824
0 0.2709680241059492 0.36592388046921837 0.01953125 0.02911208151382824
0 0.27694751107118987 0.38062976282215955 0.01953125 0.02911208151382824
0 0.2871126389120989 0.38330355961360335 0.01953125 0.02911208151382824
0 0.28890648500167115 0.40068323875798845 0.01953125 0.02911208151382824
0 0.2841228954294786 0.3997919731608405 0.01953125 0.02911208151382824
0 0.2912982797877674 0.407813363535172 0.01953125 0.02911208151382824
0 0.3014634076286765 0.4020201371537103 0.01953125 0.02911208151382824
0 0.3107316124247995 0.40335703554943225 0.01953125 0.02911208151382824
0 0.30744289459391716 0.4024657699522842 0.01953125 0.02911208151382824
0 0.31103058677306156 0.389988051592213 0.01953125 0.02911208151382824
0 0.31521622764873 0.3913249499879349 0.01953125 0.02911208151382824
0 0.3202987915691845 0.39177058278650895 0.01953125 0.02911208151382824
0 0.32418545809659094 0.390433684390787 0.01953125 0.02911208151382824
0 0.32627827853442515 0.3913249499879349 0.01953125 0.02911208151382824
0 0.31521622764873 0.37929286442643756 0.01953125 0.02911208151382824
0 0.3107316124247995 0.38062976282215955 0.01953125 0.02911208151382824
0 0.30505109980782086 0.3846404580093253 0.01953125 0.02911208151382824
0 0.31790699678308826 0.41271532431948577 0.01953125 0.02911208151382824
0 0.34361879073362306 0.41360658991663374 0.01953125 0.02911208151382824
0 0.32986597071356955 0.40603083234087606 0.01953125 0.02911208151382824
0 0.3346495602857621 0.4470290498096819 0.01953125 0.02911208151382824
0 0.32926802201704547 0.443909620219664 0.01953125 0.02911208151382824
0 0.34750545726102944 0.4479203154068298 0.01953125 0.02911208151382824
0 0.352289046833222 0.43900765943535036 0.01953125 0.02911208151382824
0 0.34989725204712574 0.43009500346387086 0.01953125 0.02911208151382824
0 0.33793827811664445 0.4283124722695749 0.01953125 0.02911208151382824
0 0.35976340553977276 0.42786683947100085 0.01953125 0.02911208151382824
0 0.35497981596758027 0.42519304267955704 0.01953125 0.02911208151382824
0 0.352289046833222 0.4149434883123556 0.01953125 0.02911208151382824
0 0.2886075106534091 0.35567432610201694 0.01953125 0.02911208151382824
0 0.33255673984792783 0.4960486576528191 0.01953125 0.02911208151382824
0 0.33165981680314177 0.5383837735173468 0.01953125 0.02911208151382824
0 0.3636500720671792 0.5250147895601276 0.01953125 0.02911208151382824
0 0.35617571336062837 0.49292922806280126 0.01953125 0.02911208151382824
0 0.35408289292279416 0.5161021335886481 0.01953125 0.02911208151382824
0 0.33644340637533426 0.47510391611984226 0.01953125 0.02911208151382824
0 0.3579695594502006 0.45415917458686544 0.01953125 0.02911208151382824
0 0.3657428925050134 0.4639630961554929 0.01953125 0.02911208151382824
0 0.37172237947025405 0.47644081451556414 0.01953125 0.02911208151382824
0 0.37441314860461233 0.5049613136242986 0.01953125 0.02911208151382824
0 0.380691609918115 0.5103089072071864 0.01953125 0.02911208151382824
0 0.3630521233706551 0.5000593528399848 0.01953125 0.02911208151382824
0 0.2939890489221257 0.3935531139808048 0.01953125 0.02911208151382824
0 0.3361444320270722 0.3654782476706444 0.01953125 0.02911208151382824
0 0.4291254543365643 0.5125370712000562 0.01953125 0.02911208151382824
0 0.43689878739137705 0.5348187111287549 0.01953125 0.02911208151382824
0 0.4422803256600936 0.5557634526617319 0.01953125 0.02911208151382824
0 0.4306203260778744 0.570023702216099 0.01953125 0.02911208151382824
0 0.41656853170955893 0.5914140765476499 0.01953125 0.02911208151382824
0 0.4527444278492648 0.5731431318061169 0.01953125 0.02911208151382824
0 0.44377519740140386 0.5085263760128904 0.01953125 0.02911208151382824
0 0.4470639152322862 0.49426612645852314 0.01953125 0.02911208151382824
0 0.436300838694853 0.4871360016813396 0.01953125 0.02911208151382824
0 0.42284699302306156 0.4813427752998779 0.01953125 0.02911208151382824
0 0.41776442910260697 0.4902554312713574 0.01953125 0.02911208151382824
0 0.39055776341076215 0.4911466968685054 0.01953125 0.02911208151382824
0 0.37889776382854284 0.4862447360841916 0.01953125 0.02911208151382824
0 0.4494557100183824 0.4773320801127121 0.01953125 0.02911208151382824
0 0.43510494130180494 0.4742126505226943 0.01953125 0.02911208151382824
0 0.40401160908255357 0.44836594820540376 0.01953125 0.02911208151382824
0 0.3980321221173129 0.43410569865103654 0.01953125 0.02911208151382824
0 0.3917536608038102 0.43009500346387086 0.01953125 0.02911208151382824
0 0.38009366122159094 0.4358882298453325 0.01953125 0.02911208151382824
0 0.3723203281667781 0.42519304267955704 0.01953125 0.02911208151382824
0 0.40909417300300804 0.4332144330538887 0.01953125 0.02911208151382824
0 0.10494521849933156 0.5475192458881132 0.01953125 0.02911208151382824
0 0.5408498182653743 0.9476974990075427 0.01953125 0.02911208151382824
0 0.6072221235795454 0.9771092637134252 0.01953125 0.02911208151382824
0 0.5599841765541443 0.8719399232499669 0.01953125 0.02911208151382824
0 0.5247052034592246 0.8211377842125339 0.01953125 0.02911208151382824
0 0.5617780226437166 0.7346850212891827 0.01953125 0.02911208151382824
0 0.5970569957386364 0.7569666612178813 0.01953125 0.02911208151382824
0 0.5970569957386364 0.7052732565833003 0.01953125 0.02911208151382824
0 0.6263564818683155 0.6972518662089688 0.01953125 0.02911208151382824
0 0.6454908401570856 0.7409238804692183 0.01953125 0.02911208151382824
0 0.6729964801971925 0.7730094419665445 0.01953125 0.02911208151382824
0 0.6490785323362299 0.8300504401840133 0.01953125 0.02911208151382824
0 0.7088734019886364 0.8576796736955997 0.01953125 0.02911208151382824
0 0.7070795558990641 0.9147206719130686 0.01953125 0.02911208151382824
0 0.7794313481784759 0.9762179981162772 0.01953125 0.02911208151382824
0 0.8481954482787434 0.9735442013248333 0.01953125 0.02911208151382824
0 0.8111226290942514 0.7489452708435498 0.01953125 0.02911208151382824
0 0.7704621177306149 0.6696226326973823 0.01953125 0.02911208151382824
0 0.8165041673629679 0.6446671959772398 0.01953125 0.02911208151382824
0 0.7973698090741977 0.641102133588648 0.01953125 0.02911208151382824
0 0.7070795558990641 0.6669488359059385 0.01953125 0.02911208151382824
0 0.6915328897894385 0.70972958456904 0.01953125 0.02911208151382824
0 0.4679000772894385 0.4851306540877567 0.01953125 0.02911208151382824
0 0.45952879553810155 0.461066482964762 0.01953125 0.02911208151382824
0 0.4684980259859626 0.46552281095050174 0.01953125 0.02911208151382824
0 0.47627135904077533 0.4860219196849046 0.01953125 0.02911208151382824
0 0.4840446920955882 0.4860219196849046 0.01953125 0.02911208151382824
0 0.49241597384692515 0.4886957164763484 0.01953125 0.02911208151382824
0 0.48524058948863635 0.5671270890253681 0.01953125 0.02911208151382824
0 0.48583853818516043 0.5849524009683271 0.01953125 0.02911208151382824
0 0.4977975121156417 0.5671270890253681 0.01953125 0.02911208151382824
0 0.49959135820521383 0.60545150970273 0.01953125 0.02911208151382824
0 0.5157359730113636 0.5706921514139599 0.01953125 0.02911208151382824
0 0.5127462295287433 0.6312982120200205 0.01953125 0.02911208151382824
0 0.5270969982453209 0.6134729000770615 0.01953125 0.02911208151382824
0 0.5629739200367647 0.5974301193283984 0.01953125 0.02911208151382824
0 0.5755308426637701 0.6607099767259028 0.01953125 0.02911208151382824
0 0.6120057131517379 0.6553623831430152 0.01953125 0.02911208151382824
0 0.6257585331717914 0.6607099767259028 0.01953125 0.02911208151382824
0 0.6472846862466577 0.6179292280628012 0.01953125 0.02911208151382824
0 0.6347277636196523 0.53147646513945 0.01953125 0.02911208151382824
0 0.6353257123161764 0.4922607788649403 0.01953125 0.02911208151382824
0 0.5073646912600267 0.48780445087920044 0.01953125 0.02911208151382824
0 0.509756486046123 0.47265293572768535 0.01953125 0.02911208151382824
0 0.519323665190508 0.4922607788649403 0.01953125 0.02911208151382824
0 0.5264990495487968 0.5368240587223378 0.01953125 0.02911208151382824
0 0.5175298191009358 0.5163249499879349 0.01953125 0.02911208151382824
0 0.5067667425635026 0.5118686220021951 0.01953125 0.02911208151382824
0 0.4906221277573529 0.5127598875993431 0.01953125 0.02911208151382824
0 0.45534315466243314 0.5207812779736747 0.01953125 0.02911208151382824
0 0.4565390520554813 0.5359327931251898 0.01953125 0.02911208151382824
0 0.46670417989639035 0.5279114027508583 0.01953125 0.02911208151382824
0 0.5444375104445187 0.53147646513945 0.01953125 0.02911208151382824
0 0.5354682799966577 0.532367730736598 0.01953125 0.02911208151382824
0 0.5456334078375669 0.5136511531964911 0.01953125 0.02911208151382824
0 0.5372621260862299 0.5118686220021951 0.01953125 0.02911208151382824
0 0.5743349452707219 0.5394978555137816 0.01953125 0.02911208151382824
0 0.5827062270220588 0.5136511531964911 0.01953125 0.02911208151382824
0 0.5683554583054813 0.5279114027508583 0.01953125 0.02911208151382824
0 0.5809123809324866 0.5804960729825873 0.01953125 0.02911208151382824
0 0.5898816113803476 0.5608882298453324 0.01953125 0.02911208151382824
0 0.5617780226437166 0.5635620266367762 0.01953125 0.02911208151382824
0 0.5432416130514706 0.5617794954424804 0.01953125 0.02911208151382824
0 0.5510149461062834 0.5555406362624445 0.01953125 0.02911208151382824
0 0.5330764852105615 0.5769310105939955 0.01953125 0.02911208151382824
0 0.5982528931316845 0.5974301193283984 0.01953125 0.02911208151382824
0 0.5874898165942514 0.6090165720913218 0.01953125 0.02911208151382824
0 0.5701493043950534 0.6152554312713574 0.01953125 0.02911208151382824
0 0.5785205861463903 0.6348632744086122 0.01953125 0.02911208151382824
0 0.6102118670621658 0.5198900123765267 0.01953125 0.02911208151382824
0 0.5964590470421123 0.5234550747651185 0.01953125 0.02911208151382824
0 0.6024385340073529 0.4922607788649403 0.01953125 0.02911208151382824
0 0.6132016105447861 0.4851306540877567 0.01953125 0.02911208151382824
0 0.5898816113803476 0.5136511531964911 0.01953125 0.02911208151382824
0 0.576128791360294 0.4717616701305374 0.01953125 0.02911208151382824
0 0.5665616122159091 0.4753267325191292 0.01953125 0.02911208151382824
0 0.5528087921958555 0.47265293572768535 0.01953125 0.02911208151382824
0 0.5372621260862299 0.4895869820734964 0.01953125 0.02911208151382824
0 0.8619482682987968 0.6509060551572754 0.01953125 0.02911208151382824
0 0.8703195500501336 0.623276821645689 0.01953125 0.02911208151382824
0 0.8529790378509358 0.6125816344799134 0.01953125 0.02911208151382824
0 0.8386282691343582 0.6312982120200205 0.01953125 0.02911208151382824
0 0.8260713465073529 0.6295156808257245 0.01953125 0.02911208151382824
0 0.8033492960394385 0.6188204936599492 0.01953125 0.02911208151382824
0 0.8266692952038769 0.6036689785084339 0.01953125 0.02911208151382824
0 0.8356385256517379 0.5929737913426586 0.01953125 0.02911208151382824
0 0.790792373412433 0.5938650569398066 0.01953125 0.02911208151382824
0 0.7585031438001336 0.5813873385797352 0.01953125 0.02911208151382824
0 0.7471421185661764 0.5769310105939955 0.01953125 0.02911208151382824
0 0.753121605531417 0.5555406362624445 0.01953125 0.02911208151382824
0 0.7842149377506685 0.5653445578310722 0.01953125 0.02911208151382824
0 0.8147103212733956 0.5501930426795568 0.01953125 0.02911208151382824
0 0.8440098074030747 0.5555406362624445 0.01953125 0.02911208151382824
0 0.8619482682987968 0.5403891211109296 0.01953125 0.02911208151382824
0 0.8703195500501336 0.5564319018595927 0.01953125 0.02911208151382824
0 0.8774949344084225 0.5475192458881132 0.01953125 0.02911208151382824
0 0.8864641648562833 0.5421716523052255 0.01953125 0.02911208151382824
0 0.9055985231450535 0.6179292280628012 0.01953125 0.02911208151382824
0 0.9061964718415775 0.5608882298453324 0.01953125 0.02911208151382824
0 0.8942374979110962 0.5715834170111078 0.01953125 0.02911208151382824
0 0.5623759713402406 0.4539363581875783 0.01953125 0.02911208151382824
0 0.5701493043950534 0.45661015497902224 0.01953125 0.02911208151382824
0 0.5767267400568181 0.4494800302018387 0.01953125 0.02911208151382824
0 0.5856959705046791 0.44769749900754274 0.01953125 0.02911208151382824
0 0.5922734061664439 0.4494800302018387 0.01953125 0.02911208151382824
0 0.5958610983455882 0.4762179981162772 0.01953125 0.02911208151382824
0 0.6568518653910428 0.5074122940164554 0.01953125 0.02911208151382824
0 0.6658210958389037 0.4940433100592362 0.01953125 0.02911208151382824
0 0.6538621219084224 0.48156559169916485 0.01953125 0.02911208151382824
0 0.6855534028241979 0.515433684390787 0.01953125 0.02911208151382824
0 0.6837595567346256 0.53147646513945 0.01953125 0.02911208151382824
0 0.6957185306651069 0.5421716523052255 0.01953125 0.02911208151382824
0 0.7016980176303476 0.5207812779736747 0.01953125 0.02911208151382824
0 0.6933267358790107 0.5234550747651185 0.01953125 0.02911208151382824
0 0.7136569915608288 0.5403891211109296 0.01953125 0.02911208151382824
0 0.6795739158589572 0.5573231674567406 0.01953125 0.02911208151382824
0 0.6795739158589572 0.5894087289540667 0.01953125 0.02911208151382824
0 0.6915328897894385 0.5974301193283984 0.01953125 0.02911208151382824
0 0.7327913498495989 0.6188204936599492 0.01953125 0.02911208151382824
0 0.7315954524565508 0.641102133588648 0.01953125 0.02911208151382824
0 0.659243660177139 0.67497022628027 0.01953125 0.02911208151382824
0 0.7686682716410428 0.4940433100592362 0.01953125 0.02911208151382824
0 0.7925862195020054 0.5198900123765267 0.01953125 0.02911208151382824
0 0.8027513473429143 0.5234550747651185 0.01953125 0.02911208151382824
0 0.5121482808322192 0.7810308323408761 0.01953125 0.02911208151382824
0 0.6718005828041443 0.5100860908078994 0.01953125 0.02911208151382824
0 0.686749300217246 0.4699791389362415 0.01953125 0.02911208151382824
0 0.7082754532921123 0.4797830605048689 0.01953125 0.02911208151382824
0 0.7070795558990641 0.4958258412535321 0.01953125 0.02911208151382824
0 0.7172446837399732 0.4976083724478279 0.01953125 0.02911208151382824
0 0.6993062228442514 0.4958258412535321 0.01953125 0.02911208151382824
0 0.6903369923963903 0.5038472316278636 0.01953125 0.02911208151382824
0 0.8499892943683155 0.53147646513945 0.01953125 0.02911208151382824
0 0.8697216013536097 0.5279114027508583 0.01953125 0.02911208151382824
0 0.8960313440006685 0.5091948252107513 0.01953125 0.02911208151382824
0 0.8984231387867646 0.48780445087920044 0.01953125 0.02911208151382824
0 0.9073923692346256 0.4931520444620882 0.01953125 0.02911208151382824
0 0.8798867291945186 0.4895869820734964 0.01953125 0.02911208151382824
0 0.8709174987466578 0.5038472316278636 0.01953125 0.02911208151382824
0 0.8643400630848931 0.4851306540877567 0.01953125 0.02911208151382824
0 0.8607523709057486 0.4958258412535321 0.01953125 0.02911208151382824
0 0.7303995550635026 0.4958258412535321 0.01953125 0.02911208151382824
0 0.733389298546123 0.5261288715565623 0.01953125 0.02911208151382824
0 0.7501318620487968 0.5359327931251898 0.01953125 0.02911208151382824
0 0.7435544263870321 0.515433684390787 0.01953125 0.02911208151382824
0 0.7351831446356951 0.460175217367614 0.01953125 0.02911208151382824
0 0.7268118628843583 0.4690878733390935 0.01953125 0.02911208151382824
0 0.8894539083389038 0.4771092637134251 0.01953125 0.02911208151382824
0 0.8045451934324866 0.5056297628221594 0.01953125 0.02911208151382824
0 0.8045451934324866 0.48780445087920044 0.01953125 0.02911208151382824
0 0.7973698090741977 0.48780445087920044 0.01953125 0.02911208151382824
0 0.6143975079378342 0.4441324366189509 0.01953125 0.02911208151382824
0 0.612603661848262 0.461066482964762 0.01953125 0.02911208151382824
0 0.5934693035594919 0.425415859078844 0.01953125 0.02911208151382824
0 0.5713452017881016 0.4361110462446193 0.01953125 0.02911208151382824
0 0.5540046895889037 0.4200682654959563 0.01953125 0.02911208151382824
0 0.5486231513201871 0.3968953599701096 0.01953125 0.02911208151382824
0 0.5408498182653743 0.4040254847472932 0.01953125 0.02911208151382824
0 0.537860074782754 0.407590547135885 0.01953125 0.02911208151382824
0 0.5348703313001336 0.4129381407187727 0.01953125 0.02911208151382824
0 0.528292895638369 0.4156119375102165 0.01953125 0.02911208151382824
0 0.5229113573696523 0.4156119375102165 0.01953125 0.02911208151382824
0 0.5199216138870321 0.4200682654959563 0.01953125 0.02911208151382824
0 0.5169318704044117 0.41204687512162474 0.01953125 0.02911208151382824
0 0.5151380243148396 0.45571888938187427 0.01953125 0.02911208151382824
0 0.519323665190508 0.4396761086332112 0.01953125 0.02911208151382824
0 0.5037769990808824 0.42095953109310424 0.01953125 0.02911208151382824
0 0.48284879470254005 0.42363332788454816 0.01953125 0.02911208151382824
0 0.4720857181651069 0.43254598385602766 0.01953125 0.02911208151382824
0 0.4702918720755347 0.407590547135885 0.01953125 0.02911208151382824
0 0.48045699991644386 0.4111556095244768 0.01953125 0.02911208151382824
0 0.46012674423462563 0.42987218706458374 0.01953125 0.02911208151382824
0 0.454147257269385 0.4361110462446193 0.01953125 0.02911208151382824
0 0.4374046937667112 0.4316547182588797 0.01953125 0.02911208151382824
0 0.42424982244318177 0.42898092146743577 0.01953125 0.02911208151382824
0 0.4284354633188503 0.42363332788454816 0.01953125 0.02911208151382824
0 0.4326211041945187 0.407590547135885 0.01953125 0.02911208151382824
0 0.37581597802473254 0.40046042235870133 0.01953125 0.02911208151382824
0 0.3859811058656417 0.39956915676155347 0.01953125 0.02911208151382824
0 0.3973421310995989 0.40046042235870133 0.01953125 0.02911208151382824
0 0.39196059283088236 0.38709143840148214 0.01953125 0.02911208151382824
0 0.36385700409425126 0.3879827039986301 0.01953125 0.02911208151382824
0 0.35727956843248665 0.3977866255672575 0.01953125 0.02911208151382824
0 0.351300081467246 0.3879827039986301 0.01953125 0.02911208151382824
0 0.35428982494986627 0.36480979847278333 0.01953125 0.02911208151382824
0 0.3518980301637701 0.35589714250130394 0.01953125 0.02911208151382824
0 0.3297739283923796 0.3550058769041559 0.01953125 0.02911208151382824
0 0.3602693119151069 0.3567884080984518 0.01953125 0.02911208151382824
0 0.7620908359792781 0.5074122940164554 0.01953125 0.02911208151382824
0 0.8177000647560161 0.5359327931251898 0.01953125 0.02911208151382824
0 0.7722559638201872 0.7453802084549581 0.01953125 0.02911208151382824
0 0.7507298107453209 0.44145863982750716 0.01953125 0.02911208151382824
0 0.761492887282754 0.44769749900754274 0.01953125 0.02911208151382824
0 0.7734518612132352 0.43254598385602766 0.01953125 0.02911208151382824
0 0.788400578626337 0.460175217367614 0.01953125 0.02911208151382824
0 0.809328783004679 0.460175217367614 0.01953125 0.02911208151382824
0 0.5994487905247325 0.4191769998988083 0.01953125 0.02911208151382824
0 0.5958610983455882 0.4156119375102165 0.01953125 0.02911208151382824
0 0.49959135820521383 0.4334372494531755 0.01953125 0.02911208151382824
0 0.5067667425635026 0.4334372494531755 0.01953125 0.02911208151382824
0 0.48105494861296794 0.4405673742303592 0.01953125 0.02911208151382824
0 0.47806520513034756 0.45571888938187427 0.01953125 0.02911208151382824
0 0.5360662286931818 0.47354420132483327 0.01953125 0.02911208151382824
0 0.5312826391209893 0.4637402797562058 0.01953125 0.02911208151382824
0 0.3303718770889037 0.371048657652819 0.01953125 0.02911208151382824
0 0.3255882875167112 0.3755049856385588 0.01953125 0.02911208151382824
0 0.33156777448195185 0.38530890720718625 0.01953125 0.02911208151382824
0 0.3589239273479278 0.40736773073659793 0.01953125 0.02911208151382824
0 0.3646044399649064 0.40335703554943225 0.01953125 0.02911208151382824
0 0.41094546394552134 0.45727860417688326 0.01953125 0.02911208151382824
0 0.42260546352774064 0.462180564961197 0.01953125 0.02911208151382824
0 0.4199146943933823 0.45193101059399554 0.01953125 0.02911208151382824
0 0.42679110440340906 0.3841948252107513 0.01953125 0.02911208151382824
0 0.43037879658255346 0.3775103332321416 0.01953125 0.02911208151382824
0 0.3971926439254679 0.3841948252107513 0.01953125 0.02911208151382824
0 0.33620187688001335 0.35121799811627713 0.01953125 0.02911208151382824
0 0.2946444424715909 0.3837491924121774 0.01953125 0.02911208151382824
0 0.5592367406834893 0.4354425970467585 0.01953125 0.02911208151382824
0 0.5329269980364304 0.44390962021966396 0.01953125 0.02911208151382824
0 0.529040331509024 0.39667254357082266 0.01953125 0.02911208151382824
0 0.4904726405832219 0.40335703554943225 0.01953125 0.02911208151382824
0 0.500936742772393 0.40068323875798845 0.01953125 0.02911208151382824
0 0.500936742772393 0.41538912111092957 0.01953125 0.02911208151382824
0 0.4919675123245321 0.4296493706652968 0.01953125 0.02911208151382824
0 0.6250110973011365 0.463071830558345 0.01953125 0.02911208151382824
0 0.6599910960477942 0.46619126014836276 0.01953125 0.02911208151382824
0 0.6354751994903076 0.42207361308953917 0.01953125 0.02911208151382824
0 0.5825567398479279 0.4269755738738529 0.01953125 0.02911208151382824
0 0.5762782785344251 0.4082589963337459 0.01953125 0.02911208151382824
0 0.42888392484124327 0.3913249499879349 0.01953125 0.02911208151382824
0 0.4193167456968583 0.3904336843907869 0.01953125 0.02911208151382824
0 0.4100485409007353 0.39444437957795275 0.01953125 0.02911208151382824
0 0.4112444382937834 0.37973849722501163 0.01953125 0.02911208151382824
0 0.4372552065925802 0.4144978555137817 0.01953125 0.02911208151382824
0 0.4369562322443182 0.4015745043551364 0.01953125 0.02911208151382824
0 0.4533998213987299 0.40335703554943225 0.01953125 0.02911208151382824
0 0.4782146923044786 0.41004152752804185 0.01953125 0.02911208151382824
0 0.4940603327623663 0.38865115319649113 0.01953125 0.02911208151382824
0 0.4829982818766711 0.39667254357082266 0.01953125 0.02911208151382824
0 0.43605930919953206 0.3873142548007691 0.01953125 0.02911208151382824
0 0.6049798159675803 0.3913249499879349 0.01953125 0.02911208151382824
0 0.5783710989722595 0.46128929936404905 0.01953125 0.02911208151382824
0 0.6414546864555482 0.4684194241412326 0.01953125 0.02911208151382824
0 0.5353187928225267 0.43187753465816664 0.01953125 0.02911208151382824
0 0.3738726447610294 0.38775988759934316 0.01953125 0.02911208151382824
0 0.3696870038853609 0.37929286442643756 0.01953125 0.02911208151382824
0 0.38762546478108284 0.3641413492749224 0.01953125 0.02911208151382824
0 0.3852336699949866 0.3824122940164554 0.01953125 0.02911208151382824
0 0.3774603369401738 0.3824122940164554 0.01953125 0.02911208151382824
0 0.45638956488135024 0.3815210284193074 0.01953125 0.02911208151382824
0 0.4486162318265374 0.3913249499879349 0.01953125 0.02911208151382824
0 0.4474203344334893 0.4020201371537103 0.01953125 0.02911208151382824
0 0.44652341138870316 0.41538912111092957 0.01953125 0.02911208151382824
0 0.46416289793616305 0.4465834170111078 0.01953125 0.02911208151382824
0 0.5221639214989973 0.45816986977403124 0.01953125 0.02911208151382824
0 0.5398034080464573 0.45727860417688326 0.01953125 0.02911208151382824
0 0.37805828563669786 0.36770641166351425 0.01953125 0.02911208151382824
0 0.42948187353776734 0.36859767726066217 0.01953125 0.02911208151382824
0 0.7248685296206551 0.4532679089897174 0.01953125 0.02911208151382824
0 0.6438464812416445 0.4238561442838351 0.01953125 0.02911208151382824
0 0.8348910897810828 0.5308080159415891 0.01953125 0.02911208151382824
0 0.929068009483623 0.46307183055834483 0.01953125 0.02911208151382824
0 0.8031998088653076 0.4514853777954216 0.01953125 0.02911208151382824
0 0.723672632227607 0.4452465186153858 0.01953125 0.02911208151382824
0 0.7063321200284092 0.4514853777954216 0.01953125 0.02911208151382824
0 0.6925793000083555 0.45816986977403107 0.01953125 0.02911208151382824
0 0.6432485325451203 0.4572786041768832 0.01953125 0.02911208151382824
0 0.6411557121072862 0.4376707610396283 0.01953125 0.02911208151382824
0 0.6303926355698529 0.4358882298453324 0.01953125 0.02911208151382824
0 0.6232172512115641 0.43232316745674054 0.01953125 0.02911208151382824
0 0.6013921237884359 0.40157450435513625 0.01953125 0.02911208151382824
0 0.7771890405665107 0.45772423697545717 0.01953125 0.02911208151382824
0 0.8289116028158423 0.5107545400057603 0.01953125 0.02911208151382824
0 0.8160557058405749 0.49872245444426283 0.01953125 0.02911208151382824
0 0.8211382697610294 0.4911466968685054 0.01953125 0.02911208151382824
0 0.8226331415023396 0.48401657209132176 0.01953125 0.02911208151382824
0 0.8313033976019386 0.47198448652982433 0.01953125 0.02911208151382824
0 0.8979746772643717 0.4751039161198421 0.01953125 0.02911208151382824
0 0.6462382760277406 0.4109327931251898 0.01953125 0.02911208151382824
0 0.6372690455798797 0.4095958947294679 0.01953125 0.02911208151382824
0 0.6157428925050134 0.4171716523052254 0.01953125 0.02911208151382824
0 0.5571439202456551 0.39489001237652677 0.01953125 0.02911208151382824
0 0.565814176345254 0.42341051148526104 0.01953125 0.02911208151382824
0 0.6740428904161097 0.4652999945512148 0.01953125 0.02911208151382824
0 0.7132085300384359 0.47020195533552844 0.01953125 0.02911208151382824
0 0.6916823769635696 0.4813427752998779 0.01953125 0.02911208151382824
0 0.6931772487048797 0.49382049365994907 0.01953125 0.02911208151382824
0 0.7123116069936497 0.5267973207544233 0.01953125 0.02911208151382824
0 0.7637351948947193 0.5290254847472932 0.01953125 0.02911208151382824
0 0.7712095536012702 0.5259060551572754 0.01953125 0.02911208151382824
0 0.7718075022977942 0.5112001728043342 0.01953125 0.02911208151382824
0 0.7858592966661098 0.4924835952642272 0.01953125 0.02911208151382824
0 0.8139628854027408 0.5758169285975605 0.01953125 0.02911208151382824
0 0.8220351928058156 0.570023702216099 0.01953125 0.02911208151382824
0 0.854025448069853 0.4742126505226943 0.01953125 0.02911208151382824
0 0.8396746793532754 0.459952400968327 0.01953125 0.02911208151382824
0 0.8767474985377675 0.4751039161198421 0.01953125 0.02911208151382824
0 0.8704690372242647 0.48401657209132176 0.01953125 0.02911208151382824
0 0.9326557016627675 0.5049613136242984 0.01953125 0.02911208151382824
0 0.9362433938419119 0.533036179934459 0.01953125 0.02911208151382824
0 0.7416110931233288 0.47554954891841617 0.01953125 0.02911208151382824
0 0.6668675060578209 0.622608372447828 0.01953125 0.02911208151382824
0 0.8435613458806819 0.5227866255672576 0.01953125 0.02911208151382824
0 0.8513346789354947 0.5027331496314286 0.01953125 0.02911208151382824
0 0.7018475048044786 0.4661912601483626 0.01953125 0.02911208151382824
0 0.9153151894635696 0.4452465186153858 0.01953125 0.02911208151382824
0 0.9323567273145055 0.44346398742109006 0.01953125 0.02911208151382824
0 0.8860157033338905 0.4652999945512148 0.01953125 0.02911208151382824
0 0.7529721183572862 0.5049613136242984 0.01953125 0.02911208151382824
0 0.49047264058322193 0.47599518171699007 0.01953125 0.02911208151382824
0 0.5592367406834893 0.47956024410558196 0.01953125 0.02911208151382824
0 0.5586387919869652 0.533927445531607 0.01953125 0.02911208151382824
0 0.8055916036514037 0.65870462913232 0.01953125 0.02911208151382824
0 0.7966223732035429 0.46128929936404894 0.01953125 0.02911208151382824
0 0.798416219293115 0.4532679089897174 0.01953125 0.02911208151382824
0 0.6701562238887032 0.4211823474923912 0.01953125 0.02911208151382824
0 0.6784527620529747 0.5661244152285766 0.01953125 0.02911208151382824
0 0.7264381449490309 0.5569889428578101 0.01953125 0.02911208151382824
0 0.7325671190884026 0.4373365364406978 0.01953125 0.02911208151382824
0 0.7262886577748998 0.46942209793802403 0.01953125 0.02911208151382824
0 0.5910027651863303 0.39745240096832707 0.01953125 0.02911208151382824
0 0.5929460984500335 0.4277554312713574 0.01953125 0.02911208151382824
0 0.6246373793658089 0.44959143840148214 0.01953125 0.02911208151382824
0 0.6703804546498998 0.43845061843713273 0.01953125 0.02911208151382824
0 0.6482563528785095 0.4395647004335677 0.01953125 0.02911208151382824
0 0.6666432752966245 0.5398320801127121 0.01953125 0.02911208151382824
0 0.45952879553810155 0.623276821645689 0.01953125 0.02911208151382824
0 0.43202315549799464 0.6446671959772398 0.01953125 0.02911208151382824
0 0.4637144364137701 0.6651663047116425 0.01953125 0.02911208151382824
0 0.48583853818516043 0.6847741478488973 0.01953125 0.02911208151382824
0 0.47627135904077533 0.7373588180806265 0.01953125 0.02911208151382824
0 0.5127462295287433 0.6651663047116425 0.01953125 0.02911208151382824
0 0.482250846006016 0.6268418840342808 0.01953125 0.02911208151382824
0 0.6024385340073529 0.639319602394352 0.01953125 0.02911208151382824
0 0.5229113573696523 0.3835263760128903 0.01953125 0.02911208151382824
0 0.5109523834391712 0.371939923249967 0.01953125 0.02911208151382824
0 0.5253031521557486 0.37728751683285466 0.01953125 0.02911208151382824
0 0.5408498182653743 0.3933302975815178 0.01953125 0.02911208151382824
0 0.547427253927139 0.38174384481859447 0.01953125 0.02911208151382824
0 0.5438395617479946 0.38174384481859447 0.01953125 0.02911208151382824
0 0.6287482766544118 0.3951128287758137 0.01953125 0.02911208151382824
0 0.6203769949030749 0.3933302975815178 0.01953125 0.02911208151382824
0 0.6179852001169786 0.4040254847472932 0.01953125 0.02911208151382824
0 0.45474520596590906 0.389765235192926 0.01953125 0.02911208151382824
0 0.4230539250501336 0.3657010640699313 0.01953125 0.02911208151382824
0 0.42245597635360965 0.35589714250130394 0.01953125 0.02911208151382824
0 0.3275316207804145 0.3458704045333894 0.01953125 0.02911208151382824
0 0.34666597906918456 0.34943546692198124 0.01953125 0.02911208151382824
0 0.34845982515875673 0.34765293572768535 0.01953125 0.02911208151382824
0 0.33381008209391716 0.34720730292911134 0.01953125 0.02911208151382824
0 0.34487213297961233 0.38330355961360335 0.01953125 0.02911208151382824
0 0.341284440800468 0.3752821692392718 0.01953125 0.02911208151382824
0 0.6070726364054146 0.4773320801127121 0.01953125 0.02911208151382824
0 0.5164834088820187 0.3997919731608404 0.01953125 0.02911208151382824
0 0.6641767369234628 0.47421265052269423 0.01953125 0.02911208151382824
0 0.40317213089070864 0.3654782476706443 0.01953125 0.02911208151382824
0 0.5176793062750669 0.3779559660307155 0.01953125 0.02911208151382824
0 0.47970956404578885 0.3677064116635142 0.01953125 0.02911208151382824
0 0.4707403335979279 0.38196666121788136 0.01953125 0.02911208151382824
0 0.8475054572610294 0.45014847939969954 0.01953125 0.02911208151382824
0 0.8313608424548797 0.44747468260825574 0.01953125 0.02911208151382824
0 0.9270617078234266 0.7598224192110655 0.01953125 0.02911208151382824
0 0.9540347347964536 0.788114360166762 0.01953125 0.02911208151382824
0 0.9860027667644854 0.8208734496944105 0.01953125 0.02911208151382824
0 0.9270617078234266 0.6228298630045355 0.01953125 0.02911208151382824
0 0.9410477218094405 0.5975160210968071 0.01953125 0.02911208151382824
0 0.9190696998314186 0.5945379220488392 0.01953125 0.02911208151382824
0 0.9230657038274225 0.5647569315691587 0.01953125 0.02911208151382824
0 0.9450437258054446 0.5766693277610309 0.01953125 0.02911208151382824
0 0.9580307387924575 0.5781583772850148 0.01953125 0.02911208151382824
0 0.9670217477834665 0.5826255258569668 0.01953125 0.02911208151382824
0 0.9790097597714785 0.5960269715728232 0.01953125 0.02911208151382824
0 0.8388998696615885 0.47541396013011744 0.01953125 0.02911208151382824
0 0.8229158536775725 0.45680084108031715 0.01953125 0.02911208151382824
0 0.817421348183067 0.4545672667943411 0.01953125 0.02911208151382824
0 0.7559827867445055 0.45605631631832505 0.01953125 0.02911208151382824
0 0.7484902792519981 0.45680084108031715 0.01953125 0.02911208151382824
0 0.7699688007305195 0.47541396013011744 0.01953125 0.02911208151382824
0 0.779459310221029 0.4731803858441414 0.01953125 0.02911208151382824
0 0.7629757937375126 0.43669867250653277 0.01953125 0.02911208151382824
0 0.6775612083229271 0.450844642984381 0.01953125 0.02911208151382824
0 0.6660726968344156 0.453822742032349 0.01953125 0.02911208151382824
0 0.6605781913399101 0.444143920126453 0.01953125 0.02911208151382824
0 0.6545841853459041 0.446377494412429 0.01953125 0.02911208151382824
0 0.6545841853459041 0.42999794964860466 0.01953125 0.02911208151382824
0 0.6540846848464036 0.4158519791707565 0.01953125 0.02911208151382824
0 0.6830557138174326 0.4285089001246207 0.01953125 0.02911208151382824
0 0.6935452243069431 0.4396767715545009 0.01953125 0.02911208151382824
0 0.7000387308004495 0.43520962298254884 0.01953125 0.02911208151382824
0 0.7065322372939561 0.42553080107665264 0.01953125 0.02911208151382824
0 0.7135252442869631 0.4195746029807165 0.01953125 0.02911208151382824
0 0.73050826126998 0.40542863250286837 0.01953125 0.02911208151382824
0 0.8518868826486015 0.4649906134622293 0.01953125 0.02911208151382824
0 0.8668718976336165 0.4620125144142611 0.01953125 0.02911208151382824
0 0.861377392139111 0.47169133632015736 0.01953125 0.02911208151382824
0 0.9128259435876623 0.4731803858441414 0.01953125 0.02911208151382824
0 0.9143244450861638 0.48434825727402153 0.01953125 0.02911208151382824
0 0.9288099595716783 0.48955993060796565 0.01953125 0.02911208151382824
0 0.9407979715596904 0.4798811087020695 0.01953125 0.02911208151382824
0 0.9467919775536964 0.4672241877482053 0.01953125 0.02911208151382824
0 0.9492894800511988 0.4597789401282851 0.01953125 0.02911208151382824
0 0.9617769925387113 0.45605631631832505 0.01953125 0.02911208151382824
0 0.9557829865447054 0.4739249106061334 0.01953125 0.02911208151382824
0 0.9487899795516983 0.48360373251202954 0.01953125 0.02911208151382824
0 0.9482904790521979 0.4925380296559337 0.01953125 0.02911208151382824
0 0.9402984710601898 0.5089175744197579 0.01953125 0.02911208151382824
0 0.9397989705606894 0.4992387525138618 0.01953125 0.02911208151382824
0 0.9442944750561939 0.5037059010858138 0.01953125 0.02911208151382824
0 0.9602784910402098 0.5059394753717898 0.01953125 0.02911208151382824
0 0.9667719975337163 0.49402707917991767 0.01953125 0.02911208151382824
0 0.9657729965347154 0.4888154058459736 0.01953125 0.02911208151382824
0 0.9752635060252248 0.4917935048939417 0.01953125 0.02911208151382824
0 0.9772615080232269 0.5178518715636621 0.01953125 0.02911208151382824
0 0.9842545150162338 0.49849422775186975 0.01953125 0.02911208151382824
0 0.9852535160152348 0.5334868915654943 0.01953125 0.02911208151382824
0 0.9912475220092408 0.5506109610913106 0.01953125 0.02911208151382824
0 0.9942445250062438 0.583370050618959 0.01953125 0.02911208151382824
0 0.9932455240072428 0.6325086849104318 0.01953125 0.02911208151382824
0 0.9787600095217284 0.6161291401466075 0.01953125 0.02911208151382824
0 0.8241646049263237 0.7091947353956088 0.01953125 0.02911208151382824
0 0.8791096598713787 0.6838808934878805 0.01953125 0.02911208151382824
0 0.8671216478833667 0.6957932896797526 0.01953125 0.02911208151382824
0 0.7872015679632868 0.718129032539513 0.01953125 0.02911208151382824
0 0.1540846848464036 0.34958927535346745 0.01953125 0.02911208151382824
0 0.15858018934190812 0.3421440277335474 0.01953125 0.02911208151382824
0 0.1640746948364136 0.3406549782095634 0.01953125 0.02911208151382824
0 0.17256620332792208 0.313107562015859 0.01953125 0.02911208151382824
0 0.18705171781343657 0.31757471058781106 0.01953125 0.02911208151382824
0 0.1930457238074426 0.3242754334457391 0.01953125 0.02911208151382824
0 0.18255621331793206 0.3346987801136273 0.01953125 0.02911208151382824
0 0.1945442253059441 0.33544330487561935 0.01953125 0.02911208151382824
0 0.9500387308004495 0.6481437049122638 0.01953125 0.02911208151382824
0 0.9880007687624875 0.6734575468199924 0.01953125 0.02911208151382824
0 0.9760127567744755 0.6972823392037367 0.01953125 0.02911208151382824
0 0.9670217477834665 0.6794137449159284 0.01953125 0.02911208151382824
0 0.9550337357954545 0.5245525944215901 0.01953125 0.02911208151382824
0 0.9640247447864635 0.5468883372813504 0.01953125 0.02911208151382824
0 0.9880007687624875 0.4709468115581653 0.01953125 0.02911208151382824
0 0.9070816878434066 0.5275306934695582 0.01953125 0.02911208151382824
