0 0.017457310597276093 0.028469127514125444 0.01953125 0.01953125
0 0.05428371471264121 0.024136609382906044 0.01953125 0.01953125
0 0.06583709639589302 0.01041696863404451 0.01953125 0.01953125
0 0.08713864387438852 0.025219738915710888 0.01953125 0.01953125
0 0.09544263695922578 0.034245818355751356 0.01953125 0.01953125
0 0.12215983210174557 0.034245818355751356 0.01953125 0.01953125
0 0.11096749359609537 0.034245818355751356 0.01953125 0.01953125
0 0.187147604070037 0.0075286232132315565 0.01953125 0.01953125
0 0.2080881083709309 0.005723407325223473 0.01953125 0.01953125
0 0.15284850219788315 0.0039181914372153626 0.01953125 0.01953125
0 0.16981753154515927 0.00536236414762184 0.01953125 0.01953125
0 0.16620709976914305 0.03280164564534488 0.01953125 0.01953125
0 0.15429267490828963 0.017637832186076896 0.01953125 0.01953125
0 0.12252087527934719 0.016915745830873657 0.01953125 0.01953125
0 0.08388925527597396 0.04218876826298698 0.01953125 0.01953125
0 0.062226664619876824 0.037495206954165944 0.01953125 0.01953125
0 0.030093821813332755 0.04688232957180802 0.01953125 0.01953125
0 0.016735224242072855 0.04760441592701126 0.01953125 0.01953125
0 0.012402706110853423 0.0580746680774582 0.01953125 0.01953125
0 0.0019324539604064772 0.04291085461819022 0.01953125 0.01953125
0 0.04309137620699102 0.042549811440588614 0.01953125 0.01953125
0 0.055005801067844445 0.05265902041343393 0.01953125 0.01953125
0 0.018540440130080937 0.011861141344450987 0.01953125 0.01953125
0 0.0351484262997554 0.017637832186076896 0.01953125 0.01953125
0 0.1474328545338589 0.04796545910461289 0.01953125 0.01953125
0 0.14996015677707025 0.037495206954165944 0.01953125 0.01953125
0 0.18317612911641917 0.05446423630144204 0.01953125 0.01953125
0 0.20772706519332923 0.06637866116229546 0.01953125 0.01953125
0 0.19725681304288228 0.08154247462156344 0.01953125 0.01953125
0 0.20592184930532115 0.09309585630481526 0.01953125 0.01953125
0 0.21242062650215032 0.08515290639757964 0.01953125 0.01953125
0 0.18678656089243534 0.08768020864079096 0.01953125 0.01953125
0 0.18678656089243534 0.10356610845526219 0.01953125 0.01953125
0 0.17559422238678518 0.08226456097676668 0.01953125 0.01953125
0 0.15826414986190745 0.06637866116229546 0.01953125 0.01953125
0 0.12938069565377797 0.07287743835912458 0.01953125 0.01953125
0 0.13551842967300548 0.07757099966794562 0.01953125 0.01953125
0 0.1557368476186961 0.08262560415436832 0.01953125 0.01953125
0 0.1495991135994686 0.08118143144396184 0.01953125 0.01953125
0 0.05897727602146224 0.09129064041680715 0.01953125 0.01953125
0 0.0575331033110558 0.07359952471432785 0.01953125 0.01953125
0 0.0138468788212599 0.08009830191115697 0.01953125 0.01953125
0 0.01890148330768257 0.09526211537042495 0.01953125 0.01953125
0 0.036592599010161875 0.09526211537042495 0.01953125 0.01953125
0 0.02973277863573112 0.1245066127561561 0.01953125 0.01953125
0 0.021789828728495497 0.11223114471770107 0.01953125 0.01953125
0 0.00879227433483723 0.14003146939302571 0.01953125 0.01953125
0 0.03550946947735703 0.1515848510762775 0.01953125 0.01953125
0 0.02106774237329226 0.14580816023465162 0.01953125 0.01953125
0 0.008431231157235597 0.1570004987403018 0.01953125 0.01953125
0 0.00879227433483723 0.18588395294843132 0.01953125 0.01953125
0 0.010597490222845313 0.20574132771652034 0.01953125 0.01953125
0 0.017457310597276093 0.18082934846200865 0.01953125 0.01953125
0 0.02792756274772304 0.18696708248123617 0.01953125 0.01953125
0 0.03370425358934892 0.1743305712651795 0.01953125 0.01953125
0 0.03984198760857646 0.18841125519164265 0.01953125 0.01953125
0 0.0539226715350396 0.2014088095853009 0.01953125 0.01953125
0 0.0351484262997554 0.21946096846538188 0.01953125 0.01953125
0 0.03226008087894247 0.21332323444615434 0.01953125 0.01953125
0 0.023956087794105213 0.2126011480909511 0.01953125 0.01953125
0 0.06655918275109626 0.15952780098351313 0.01953125 0.01953125
0 0.05608893060064932 0.15916675780591152 0.01953125 0.01953125
0 0.06330979415268168 0.1414756421034322 0.01953125 0.01953125
0 0.05283954200223473 0.1281170445321723 0.01953125 0.01953125
0 0.0485070238710153 0.10717654023127839 0.01953125 0.01953125
0 0.06511501004068979 0.10464923798806705 0.01953125 0.01953125
0 0.05969936237666548 0.11403636060570913 0.01953125 0.01953125
0 0.0712527440599173 0.1837176938828216 0.01953125 0.01953125
0 0.08930490293999824 0.19454898921087016 0.01953125 0.01953125
0 0.0939984642488193 0.20899071631493493 0.01953125 0.01953125
0 0.07341900312552702 0.21296219126855273 0.01953125 0.01953125
0 0.12685339341056662 0.17577474397558598 0.01953125 0.01953125
0 0.11096749359609537 0.16313823275952932 0.01953125 0.01953125
0 0.12360400481215206 0.15339006696428562 0.01953125 0.01953125
0 0.10771810499768081 0.12703391499936742 0.01953125 0.01953125
0 0.0842502984535756 0.12992226042018037 0.01953125 0.01953125
0 0.0806398666775594 0.11475844696091238 0.01953125 0.01953125
0 0.09580368013682738 0.11042592882969296 0.01953125 0.01953125
0 0.08786073022959176 0.10031671985684763 0.01953125 0.01953125
0 0.08677760069678692 0.08659707910798611 0.01953125 0.01953125
0 0.11132853677369703 0.07359952471432785 0.01953125 0.01953125
0 0.0939984642488193 0.0580746680774582 0.01953125 0.01953125
0 0.15357058855308642 0.10031671985684763 0.01953125 0.01953125
0 0.1954515971548742 0.11692470602652208 0.01953125 0.01953125
0 0.21891940369897944 0.11945200826973344 0.01953125 0.01953125
0 0.19978411528609363 0.13497686490660304 0.01953125 0.01953125
0 0.194729510799671 0.14689128976745647 0.01953125 0.01953125
0 0.194729510799671 0.16349927593713093 0.01953125 0.01953125
0 0.18353717229402078 0.15808362827310665 0.01953125 0.01953125
0 0.2142258423901584 0.1548342396746921 0.01953125 0.01953125
0 0.2005062016412969 0.18010726210680542 0.01953125 0.01953125
0 0.21061541061414218 0.2014088095853009 0.01953125 0.01953125
0 0.18534238818202886 0.1988815073420896 0.01953125 0.01953125
0 0.17342796332117544 0.19274377332286208 0.01953125 0.01953125
0 0.15176537266507834 0.1837176938828216 0.01953125 0.01953125
0 0.14382242275784268 0.16061093051631797 0.01953125 0.01953125
0 0.1625966679931269 0.15663945556270018 0.01953125 0.01953125
0 0.12324296163455047 0.11475844696091238 0.01953125 0.01953125
0 0.13515738649540388 0.1306443467753836 0.01953125 0.01953125
0 0.16151353846032201 0.17072013948916331 0.01953125 0.01953125
0 0.14057303415942812 0.19454898921087016 0.01953125 0.01953125
0 0.1737890064987771 0.21693366622217053 0.01953125 0.01953125
0 0.13190799789698926 0.20393611182851226 0.01953125 0.01953125
0 0.01448726927496205 0.22628521159238496 0.01953125 0.01953125
0 0.01341204579714117 0.24348878723751904 0.01953125 0.01953125
0 0.005527073626454715 0.26176758636047404 0.01953125 0.01953125
0 0.027748358834752906 0.25424102201572785 0.01953125 0.01953125
0 0.02488109622723056 0.288648173305996 0.01953125 0.01953125
0 0.037425370135140856 0.29545792199886156 0.01953125 0.01953125
0 0.024164280575349972 0.31839602285904034 0.01953125 0.01953125
0 0.04423511882800643 0.3108694585142942 0.01953125 0.01953125
0 0.04423511882800643 0.3291482576372492 0.01953125 0.01953125
0 0.029181990138514108 0.35244476632336824 0.01953125 0.01953125
0 0.006602297104275595 0.34097571589327885 0.01953125 0.01953125
0 0.011978414493379996 0.3599713306681144 0.01953125 0.01953125
0 0.008035928408036769 0.38398465500611406 0.01953125 0.01953125
0 0.02488109622723056 0.4094316106478749 0.01953125 0.01953125
0 0.042443079698304964 0.38398465500611406 0.01953125 0.01953125
0 0.036350146657319976 0.42197588455578516 0.01953125 0.01953125
0 0.0621555101250211 0.34671024110832355 0.01953125 0.01953125
0 0.08043430924797607 0.3140951289477568 0.01953125 0.01953125
0 0.07398296838105078 0.2735950446165037 0.01953125 0.01953125
0 0.05068645969493171 0.27538708374620513 0.01953125 0.01953125
0 0.06645640403630462 0.36821471066474115 0.01953125 0.01953125
0 0.08150953272579695 0.3628385932756367 0.01953125 0.01953125
0 0.1044476335859757 0.34671024110832355 0.01953125 0.01953125
0 0.08581042663708047 0.3373916376338759 0.01953125 0.01953125
0 0.09907151619687132 0.2994004080842048 0.01953125 0.01953125
0 0.1055228570637966 0.3950952976102632 0.01953125 0.01953125
0 0.06860685099194638 0.3993961915215467 0.01953125 0.01953125
0 0.06860685099194638 0.4201838454260837 0.01953125 0.01953125
0 0.05068645969493171 0.3700067497944426 0.01953125 0.01953125
0 0.12416006401269186 0.32269691677032386 0.01953125 0.01953125
0 0.12272643270893069 0.28757294982817516 0.01953125 0.01953125
0 0.10158037097845335 0.2621259941864143 0.01953125 0.01953125
0 0.09584584576340865 0.23237814463336995 0.01953125 0.01953125
0 0.11663349966794566 0.22771884289614613 0.01953125 0.01953125
0 0.1384963770503036 0.25424102201572785 0.01953125 0.01953125
0 0.13706274574654242 0.240979932455937 0.01953125 0.01953125
0 0.12595210314239336 0.2345285915890117 0.01953125 0.01953125
0 0.16645218747364648 0.2248515802886238 0.01953125 0.01953125
0 0.19333277441916852 0.2237763568108029 0.01953125 0.01953125
0 0.21196998136806378 0.22198431768110144 0.01953125 0.01953125
0 0.2144788361496458 0.240979932455937 0.01953125 0.01953125
0 0.19154073528946702 0.26033395505671286 0.01953125 0.01953125
0 0.14960701965445272 0.2689357428792799 0.01953125 0.01953125
0 0.16931945008116883 0.2893649889578766 0.01953125 0.01953125
0 0.13168662835743805 0.3001172237360854 0.01953125 0.01953125
0 0.15175746661009448 0.3083606037327121 0.01953125 0.01953125
0 0.11161579010478156 0.3083606037327121 0.01953125 0.01953125
0 0.18544780224848206 0.3040597098214286 0.01953125 0.01953125
0 0.21196998136806378 0.30370130199548834 0.01953125 0.01953125
0 0.21734609875716815 0.33775004545981624 0.01953125 0.01953125
0 0.1840141709447209 0.34169253154515944 0.01953125 0.01953125
0 0.16896104225522857 0.3280730341594283 0.01953125 0.01953125
0 0.19835048398233263 0.37502445935760675 0.01953125 0.01953125
0 0.14817338835069155 0.3502943193677265 0.01953125 0.01953125
0 0.1202175779273486 0.3843430628320543 0.01953125 0.01953125
0 0.12272643270893069 0.3725156045760247 0.01953125 0.01953125
0 0.1668105952995868 0.38505987848393497 0.01953125 0.01953125
0 0.17218671268869118 0.40190504630312873 0.01953125 0.01953125
0 0.15068224313227357 0.3843430628320543 0.01953125 0.01953125
0 0.1979920761563923 0.40405549325877055 0.01953125 0.01953125
0 0.21877973006092932 0.4044139010847108 0.01953125 0.01953125
0 0.07075729794758814 0.23130292115554907 0.01953125 0.01953125
0 0.05952015846369538 0.43149477475649345 0.01953125 0.01953125
0 0.03759403264146566 0.4382412750094872 0.01953125 0.01953125
0 0.022751732084879378 0.48445480174249445 0.01953125 0.01953125
0 0.004198856389146549 0.47770830148950066 0.01953125 0.01953125
0 0.07098920889378477 0.4723111012871057 0.01953125 0.01953125
0 0.08043430924797604 0.4422891751612834 0.01953125 0.01953125
0 0.0983125349184095 0.4358799999209394 0.01953125 0.01953125
0 0.1229372608418367 0.43351872483239157 0.01953125 0.01953125
0 0.15329651198030864 0.450384975464876 0.01953125 0.01953125
0 0.1644282373977483 0.4382412750094872 0.01953125 0.01953125
0 0.19748608863741773 0.45072230047752565 0.01953125 0.01953125
0 0.13575561132252484 0.4594927508064175 0.01953125 0.01953125
0 0.09561393481721198 0.47028715121120757 0.01953125 0.01953125
0 0.11787738565209137 0.4655646010341119 0.01953125 0.01953125
0 0.09662590985516104 0.503345002450877 0.01953125 0.01953125
0 0.05142435816010285 0.5067182525773738 0.01953125 0.01953125
0 0.033546132489669395 0.5434866789561899 0.01953125 0.01953125
0 0.06559200869138976 0.5340415786019985 0.01953125 0.01953125
0 0.11045623537379821 0.5401134288296929 0.01953125 0.01953125
0 0.15835638717005396 0.5272950783490048 0.01953125 0.01953125
0 0.16071766225860173 0.503345002450877 0.01953125 0.01953125
0 0.17218671268869118 0.48243085166659627 0.01953125 0.01953125
0 0.14115281152491987 0.4915386270081379 0.01953125 0.01953125
0 0.13575561132252484 0.5124527777924185 0.01953125 0.01953125
0 0.20355793886511214 0.4972731522231826 0.01953125 0.01953125
0 0.20322061385246243 0.5559677044242283 0.01953125 0.01953125
0 0.16105498727125145 0.5920614807777449 0.01953125 0.01953125
0 0.16712683749894586 0.615674231663223 0.01953125 0.01953125
0 0.2038952638777618 0.5994826310560379 0.01953125 0.01953125
0 0.12023866074063921 0.5849776555121013 0.01953125 0.01953125
0 0.0983125349184095 0.5667621048290182 0.01953125 0.01953125
0 0.05176168317275254 0.5630515296898717 0.01953125 0.01953125
0 0.008584081553592499 0.594085430853643 0.01953125 0.01953125
0 0.04636448297035753 0.5910495057397958 0.01953125 0.01953125
0 0.0726758339570332 0.6096023814355286 0.01953125 0.01953125
0 0.026799632236675645 0.6180355067517709 0.01953125 0.01953125
0 0.002849556338547804 0.5364028536905463 0.01953125 0.01953125
0 0.00860516436688319 0.4282480215097403 0.01953125 0.01953125
0 0.005358411120129914 0.5597415280032467 0.01953125 0.01953125
0 0.08977399553571432 0.6311700994318181 0.01953125 0.01953125
0 0.020909621273612816 0.6808056302970569 0.01953125 0.01953125
0 0.09822029761026319 0.6991160536399477 0.01953125 0.01953125
0 0.09211682316263287 0.6630038298248018 0.01953125 0.01953125
0 0.06719430250147584 0.6670728127898886 0.01953125 0.01953125
0 0.14399635596749033 0.6843659903915078 0.01953125 0.01953125
0 0.14145324161431105 0.7077626424407573 0.01953125 0.01953125
0 0.16535851653419636 0.7087798881820291 0.01953125 0.01953125
0 0.123651441142056 0.7418403747733597 0.01953125 0.01953125
0 0.10686688641107273 0.7540473236686203 0.01953125 0.01953125
0 0.07431502269037787 0.7331937859725501 0.01953125 0.01953125
0 0.02904758720378653 0.7189523455947462 0.01953125 0.01953125
0 0.03159070155696583 0.7433662433852674 0.01953125 0.01953125
0 0.07889262852610057 0.7810043358123208 0.01953125 0.01953125
0 0.09720305186899142 0.7952457761901248 0.01953125 0.01953125
0 0.1419618644849469 0.8222027883338252 0.01953125 0.01953125
0 0.13178940707222975 0.876625435491862 0.01953125 0.01953125
0 0.0677029253721117 0.841021834547352 0.01953125 0.01953125
0 0.06109082805384558 0.8847634014220358 0.01953125 0.01953125
0 0.03413381591014511 0.9096859220831928 0.01953125 0.01953125
0 0.08143574287927985 0.9229101167197251 0.01953125 0.01953125
0 0.017857884049797684 0.9091772992125569 0.01953125 0.01953125
0 0.12873766984841462 0.9574964719229634 0.01953125 0.01953125
0 0.1780740883000928 0.8750995668799544 0.01953125 0.01953125
0 0.2014707403493422 0.8593322578902429 0.01953125 0.01953125
0 0.2248673923985917 0.8344097372290858 0.01953125 0.01953125
0 0.18875516858344576 0.8079613479560213 0.01953125 0.01953125
0 0.18468618561835892 0.7362455231963654 0.01953125 0.01953125
0 0.21316906637396693 0.726581688654284 0.01953125 0.01953125
0 0.2136776892446028 0.7052195280875779 0.01953125 0.01953125
0 0.20401385470252154 0.6879263504859588 0.01953125 0.01953125
0 0.1801085797826362 0.6614779612128943 0.01953125 0.01953125
0 0.25131578167165625 0.6655469441779811 0.01953125 0.01953125
0 0.2813245310391719 0.6980988078986761 0.01953125 0.01953125
0 0.2853935140042587 0.769306009787696 0.01953125 0.01953125
0 0.2365657184232164 0.7738836156234188 0.01953125 0.01953125
0 0.25640201037801486 0.8069441022147495 0.01953125 0.01953125
0 0.29709184002888345 0.8339011143584499 0.01953125 0.01953125
0 0.24317781574148256 0.8806944184569488 0.01953125 0.01953125
0 0.2584365018605583 0.9071428077300134 0.01953125 0.01953125
0 0.3209971149487687 0.6736849101081548 0.01953125 0.01953125
0 0.006981787743506552 0.8162350344967532 0.01953125 0.01953125
0 0.003735034496753276 0.8811700994318181 0.01953125 0.01953125
0 0.0491895799512987 0.985066203327922 0.01953125 0.01953125
0 0.12386490462662338 0.9883129565746751 0.01953125 0.01953125
0 0.2618519176136364 0.9672090604707791 0.01953125 0.01953125
0 0.30081295657467527 0.985066203327922 0.01953125 0.01953125
0 0.33165711241883117 0.9785726968344155 0.01953125 0.01953125
0 0.3560077617694805 0.9769493202110389 0.01953125 0.01953125
0 0.34951425527597396 0.8957804890422078 0.01953125 0.01953125
0 0.323540229301948 0.7935077617694805 0.01953125 0.01953125
0 0.33490386566558444 0.6246765929383116 0.01953125 0.01953125
0 0.30892983969155846 0.5938324370941559 0.01953125 0.01953125
0 0.2618519176136364 0.6116895799512987 0.01953125 0.01953125
0 0.22451425527597405 0.6035726968344155 0.01953125 0.01953125
0 0.2358778916396104 0.5516246448863635 0.01953125 0.01953125
0 0.21477399553571433 0.5402610085227273 0.01953125 0.01953125
0 0.22451425527597405 0.4753259435876622 0.01953125 0.01953125
0 0.30289488438712264 0.0376757285429668 0.01953125 0.01953125
0 0.2833511164667314 0.005645664451214394 0.01953125 0.01953125
0 0.2985518248492579 0.020846372833740967 0.01953125 0.01953125
0 0.257292759239543 0.0034741346822820263 0.01953125 0.01953125
0 0.26380734854634 0.04853337738762864 0.01953125 0.01953125
0 0.24589222795264806 0.04636184761869627 0.01953125 0.01953125
0 0.2372061088769186 0.02844672702500428 0.01953125 0.01953125
0 0.2317772844545877 0.060476791116756634 0.01953125 0.01953125
0 0.2317772844545877 0.07079155751918537 0.01953125 0.01953125
0 0.22580557759002365 0.08544938345947883 0.01953125 0.01953125
0 0.25639146897136944 0.07860010449169336 0.01953125 0.01953125
0 0.2898288108502698 0.07969641078280482 0.01953125 0.01953125
0 0.2859917388313796 0.03419969970167813 0.01953125 0.01953125
0 0.31778462127361273 0.04187384373945857 0.01953125 0.01953125
0 0.26735453188248437 0.3071799661884383 0.01953125 0.01953125
0 0.2569396221169252 0.3236245605551106 0.01953125 0.01953125
0 0.25858408155359247 0.33458762346622545 0.01953125 0.01953125
0 0.2602285409902597 0.2836093809295413 0.01953125 0.01953125
0 0.24213948718692016 0.28251307463842984 0.01953125 0.01953125
0 0.2224059739469134 0.3011502815873251 0.01953125 0.01953125
0 0.24213948718692016 0.247979426468418 0.01953125 0.01953125
0 0.2262430459658036 0.24030528243063762 0.01953125 0.01953125
0 0.2350134962946955 0.1800084364195058 0.01953125 0.01953125
0 0.233917190003584 0.21837915660840787 0.01953125 0.01953125
0 0.25639146897136944 0.22276438177285382 0.01953125 0.01953125
0 0.26461376615470567 0.23756451670285889 0.01953125 0.01953125
0 0.27722128850248773 0.25126834534175246 0.01953125 0.01953125
0 0.274480522774709 0.27429077745509367 0.01953125 0.01953125
0 0.2920214234324928 0.31430595708066295 0.01953125 0.01953125
0 0.2947621891602715 0.333491317175114 0.01953125 0.01953125
0 0.3161401618369455 0.3110170382073285 0.01953125 0.01953125
0 0.31175493667249954 0.2874464529484315 0.01953125 0.01953125
0 0.3298439904758391 0.28635014665732006 0.01953125 0.01953125
0 0.33751813451361956 0.3175948759539974 0.01953125 0.01953125
0 0.35834795404473774 0.32198010111844333 0.01953125 0.01953125
0 0.3742443952658543 0.3011502815873251 0.01953125 0.01953125
0 0.40768173714475464 0.3148541102262187 0.01953125 0.01953125
0 0.4180966469103138 0.29731320956843493 0.01953125 0.01953125
0 0.4153558811825351 0.27429077745509367 0.01953125 0.01953125
0 0.45153398878921414 0.31430595708066295 0.01953125 0.01953125
0 0.4608525922636618 0.3225282542639991 0.01953125 0.01953125
0 0.46907488944699793 0.30663181304288256 0.01953125 0.01953125
0 0.4586599796814388 0.2989576690051021 0.01953125 0.01953125
0 0.44550430418810094 0.28854275923954303 0.01953125 0.01953125
0 0.5211494382747935 0.3302023983017795 0.01953125 0.01953125
0 0.505252997053677 0.3329431640295582 0.01953125 0.01953125
0 0.5463644829703578 0.3274616325740008 0.01953125 0.01953125
0 0.5255346634392395 0.309920731916217 0.01953125 0.01953125
0 0.5430755640970233 0.29402429069510044 0.01953125 0.01953125
0 0.511830834800346 0.2956687501317677 0.01953125 0.01953125
0 0.4931936278514506 0.27483893060064946 0.01953125 0.01953125
0 0.46633412371921923 0.2720981648728707 0.01953125 0.01953125
0 0.48551948381367027 0.25674987679730993 0.01953125 0.01953125
0 0.4405709258780993 0.2551054173606427 0.01953125 0.01953125
0 0.46249705170032906 0.247979426468418 0.01953125 0.01953125
0 0.46249705170032906 0.23098667895619 0.01953125 0.01953125
0 0.5085419159270115 0.24907573275952946 0.01953125 0.01953125
0 0.524438357148128 0.24907573275952946 0.01953125 0.01953125
0 0.5485570955525807 0.26277956139842307 0.01953125 0.01953125
0 0.5206012851292378 0.23043852581063423 0.01953125 0.01953125
0 0.4926454747058949 0.23920897613952613 0.01953125 0.01953125
0 0.5529423207170266 0.2150902377350734 0.01953125 0.01953125
0 0.5354014200592428 0.2134457782984062 0.01953125 0.01953125
0 0.5469126361159135 0.19151965247617644 0.01953125 0.01953125
0 0.5299198886036854 0.18494181472950755 0.01953125 0.01953125
0 0.524438357148128 0.16849722036283524 0.01953125 0.01953125
0 0.5030603844714541 0.18768258045728625 0.01953125 0.01953125
0 0.4877120963958932 0.2019345622417356 0.01953125 0.01953125
0 0.4767490334847784 0.17397875181839267 0.01953125 0.01953125
0 0.4498895293525469 0.19426041820395515 0.01953125 0.01953125
0 0.44769691677032397 0.2150902377350734 0.01953125 0.01953125
0 0.43125232240365163 0.21180131886173895 0.01953125 0.01953125
0 0.43125232240365163 0.19151965247617644 0.01953125 0.01953125
0 0.41590403432809087 0.2107050125706275 0.01953125 0.01953125
0 0.4082298902903104 0.19919379651395686 0.01953125 0.01953125
0 0.3764370078480773 0.22989037266507847 0.01953125 0.01953125
0 0.37534070155696586 0.2589424893795329 0.01953125 0.01953125
0 0.3709554763925199 0.27977230891065114 0.01953125 0.01953125
0 0.3939779085058611 0.25346095792397544 0.01953125 0.01953125
0 0.3945260616514168 0.22276438177285382 0.01953125 0.01953125
0 0.35560718831695903 0.2578461830884214 0.01953125 0.01953125
0 0.3358736750769523 0.267164786562869 0.01953125 0.01953125
0 0.31120678352694386 0.25400911106953117 0.01953125 0.01953125
0 0.3446441254058442 0.23646821041174737 0.01953125 0.01953125
0 0.32326615272917014 0.22331253491840958 0.01953125 0.01953125
0 0.2947621891602715 0.23866082299397037 0.01953125 0.01953125
0 0.29750295488805023 0.22440884120952106 0.01953125 0.01953125
0 0.274480522774709 0.18439366158395182 0.01953125 0.01953125
0 0.2541988563891465 0.18274920214728457 0.01953125 0.01953125
0 0.23720610887691848 0.16849722036283524 0.01953125 0.01953125
0 0.22843565854802658 0.14492663510393827 0.01953125 0.01953125
0 0.24488025291469886 0.11806713097170687 0.01953125 0.01953125
0 0.22953196483913804 0.10545960862392478 0.01953125 0.01953125
0 0.27612498221137627 0.11148929322503794 0.01953125 0.01953125
0 0.25584331582581377 0.10929668064281496 0.01953125 0.01953125
0 0.278865747939155 0.1312228064650447 0.01953125 0.01953125
0 0.2569396221169252 0.1487637071228285 0.01953125 0.01953125
0 0.27722128850248773 0.16466014834394505 0.01953125 0.01953125
0 0.30846601779916516 0.1021706897505903 0.01953125 0.01953125
0 0.29750295488805023 0.09285208627614266 0.01953125 0.01953125
0 0.2832509731036009 0.05612582552390788 0.01953125 0.01953125
0 0.3243624590202817 0.0714741135994687 0.01953125 0.01953125
0 0.3424515128236212 0.03419969970167813 0.01953125 0.01953125
0 0.37205178268363137 0.010080961297225466 0.01953125 0.01953125
0 0.39068898963252663 0.007888348715002491 0.01953125 0.01953125
0 0.3660220980825182 0.03419969970167813 0.01953125 0.01953125
0 0.3567034946080705 0.07092596045391297 0.01953125 0.01953125
0 0.3484811974247344 0.05941474439724237 0.01953125 0.01953125
0 0.3331329093491736 0.0599628975427981 0.01953125 0.01953125
0 0.3676665575191854 0.05009614092279469 0.01953125 0.01953125
0 0.379177773575856 0.06325181641613253 0.01953125 0.01953125
0 0.36711840437362964 0.08737055482058526 0.01953125 0.01953125
0 0.3967186742336398 0.07476303247280314 0.01953125 0.01953125
0 0.39068898963252663 0.1021706897505903 0.01953125 0.01953125
0 0.379177773575856 0.12574127500948726 0.01953125 0.01953125
0 0.3660220980825182 0.12903019388282172 0.01953125 0.01953125
0 0.3742443952658543 0.14657109454060552 0.01953125 0.01953125
0 0.3594442603358493 0.14602294139504976 0.01953125 0.01953125
0 0.34025890024139827 0.11094114007948219 0.01953125 0.01953125
0 0.35231826944362454 0.09668915829503287 0.01953125 0.01953125
0 0.3276513778936161 0.15424523857838593 0.01953125 0.01953125
0 0.31394754925472257 0.16356384205283356 0.01953125 0.01953125
0 0.30298448634360764 0.15863046374283185 0.01953125 0.01953125
0 0.30627340521694213 0.14054140993949235 0.01953125 0.01953125
0 0.2953103423058273 0.13670433792060213 0.01953125 0.01953125
0 0.29695480174249456 0.11587451838948387 0.01953125 0.01953125
0 0.31997723385583576 0.13286726590171194 0.01953125 0.01953125
0 0.3095623240902766 0.17397875181839267 0.01953125 0.01953125
0 0.29640664859693877 0.17671951754617138 0.01953125 0.01953125
0 0.3106586303813881 0.1931641119128437 0.01953125 0.01953125
0 0.2991474143247175 0.209608706279516 0.01953125 0.01953125
0 0.33148844991250637 0.188230733602842 0.01953125 0.01953125
0 0.3358736750769523 0.17617136440061565 0.01953125 0.01953125
0 0.3764370078480773 0.1772676706917271 0.01953125 0.01953125
0 0.3654739449369624 0.17233429238172546 0.01953125 0.01953125
0 0.3654739449369624 0.15314893228727444 0.01953125 0.01953125
0 0.34354781911473276 0.2008382559506241 0.01953125 0.01953125
0 0.34957750371584584 0.22440884120952106 0.01953125 0.01953125
0 0.3303921436213949 0.2107050125706275 0.01953125 0.01953125
0 0.359992413481405 0.23975712928508186 0.01953125 0.01953125
0 0.38191853930363473 0.2030308685328471 0.01953125 0.01953125
0 0.3950742147969726 0.1273857344461545 0.01953125 0.01953125
0 0.3704073232469641 0.10820037435170349 0.01953125 0.01953125
0 0.42467448465698276 0.01720695218945012 0.01953125 0.01953125
0 0.40987434972697767 0.04187384373945857 0.01953125 0.01953125
0 0.47455642090255534 0.015014339607227143 0.01953125 0.01953125
0 0.45646736709921587 0.015562492752782877 0.01953125 0.01953125
0 0.46030443911810603 0.03474785284723392 0.01953125 0.01953125
0 0.45427475451699284 0.04899983463168323 0.01953125 0.01953125
0 0.4383783132958763 0.02378478993611904 0.01953125 0.01953125
0 0.4356375475680976 0.045710915758348736 0.01953125 0.01953125
0 0.3912371427780824 0.04954798777723896 0.01953125 0.01953125
0 0.488260249541449 0.02378478993611904 0.01953125 0.01953125
0 0.5041566907625655 0.02268848364500753 0.01953125 0.01953125
0 0.4729119614658882 0.047903528340571704 0.01953125 0.01953125
0 0.4762008803392226 0.03255524026501089 0.01953125 0.01953125
0 0.48551948381367027 0.08243717651058358 0.01953125 0.01953125
0 0.4520821419347699 0.0994299240228116 0.01953125 0.01953125
0 0.4405709258780993 0.11916343726281836 0.01953125 0.01953125
0 0.4235781783658712 0.12683758130059875 0.01953125 0.01953125
0 0.4082298902903104 0.11039298693392646 0.01953125 0.01953125
0 0.4170003406192023 0.08846686111169672 0.01953125 0.01953125
0 0.402748358834753 0.16520830148950078 0.01953125 0.01953125
0 0.46523781742810777 0.13067465331948896 0.01953125 0.01953125
0 0.464689664282552 0.11368190580726094 0.01953125 0.01953125
0 0.47400826775699967 0.10052623031392308 0.01953125 0.01953125
0 0.48661579010478173 0.11971159040837409 0.01953125 0.01953125
0 0.4899047089781162 0.13834879735726938 0.01953125 0.01953125
0 0.4328967818403189 0.24249789501286056 0.01953125 0.01953125
0 0.41316326860031216 0.228794066373967 0.01953125 0.01953125
0 0.42193371892920406 0.24907573275952946 0.01953125 0.01953125
0 0.5140234473825689 0.18494181472950755 0.01953125 0.01953125
0 0.517860519401459 0.14986001341393998 0.01953125 0.01953125
0 0.5534904738625824 0.13067465331948896 0.01953125 0.01953125
0 0.5403347983692446 0.13505987848393491 0.01953125 0.01953125
0 0.5277272760214625 0.11477821209837241 0.01953125 0.01953125
0 0.5332088074770199 0.09285208627614266 0.01953125 0.01953125
0 0.5206012851292378 0.09011132054836396 0.01953125 0.01953125
0 0.5195049788381263 0.07092596045391297 0.01953125 0.01953125
0 0.5375940326414659 0.054481366087240635 0.01953125 0.01953125
0 0.545816329824802 0.054481366087240635 0.01953125 0.01953125
0 0.5206012851292378 0.047903528340571704 0.01953125 0.01953125
0 0.45701552024477154 0.20577163426062578 0.01953125 0.01953125
0 0.4608525922636618 0.15588969801505315 0.01953125 0.01953125
0 0.552394167571471 0.10655591491503624 0.01953125 0.01953125
0 0.42094282670454536 0.9428584111201298 0.01953125 0.01953125
0 0.4176960734577921 0.8974038656655843 0.01953125 0.01953125
0 0.3771116578733766 0.8487025669642856 0.01953125 0.01953125
0 0.5175337357954545 0.9822990840835303 0.01953125 0.01953125
0 0.5777462505534238 0.9898256484282765 0.01953125 0.01953125
0 0.6254144914034828 0.9296131336703072 0.01953125 0.01953125
0 0.6868814335522433 0.9898256484282765 0.01953125 0.01953125
0 0.7132244087588548 0.9296131336703072 0.01953125 0.01953125
0 0.763401504390496 0.9082878680268597 0.01953125 0.01953125
0 0.45944004377319125 0.9063324370941559 0.01953125 0.01953125
0 0.4408871680774584 0.8840689862592764 0.01953125 0.01953125
0 0.4371765929383118 0.8367591532351577 0.01953125 0.01953125
0 0.4501636059253248 0.8219168526785714 0.01953125 0.01953125
0 0.37316917178803355 0.8061469083371985 0.01953125 0.01953125
0 0.3638927339401671 0.7634752942370129 0.01953125 0.01953125
0 0.37038624043367363 0.7180207487824675 0.01953125 0.01953125
0 0.38708382855983314 0.7375012682629869 0.01953125 0.01953125
0 0.34905043338358077 0.6595791903409091 0.01953125 0.01953125
0 0.3694585966488869 0.6632897654800556 0.01953125 0.01953125
0 0.37502445935760675 0.685553216314935 0.01953125 0.01953125
0 0.3778073907119667 0.6280393016581632 0.01953125 0.01953125
0 0.35832687123144724 0.5816571124188311 0.01953125 0.01953125
0 0.2822600808789425 0.509300897205473 0.01953125 0.01953125
0 0.25906898625927655 0.49631388421846 0.01953125 0.01953125
0 0.3082341068529685 0.4944585966488867 0.01953125 0.01953125
0 0.30452353171382196 0.47312278959879395 0.01953125 0.01953125
0 0.3082341068529685 0.4490040511943413 0.01953125 0.01953125
0 0.27669421817022266 0.434161750637755 0.01953125 0.01953125
0 0.2646348489679964 0.44529347605519465 0.01953125 0.01953125
0 0.3555439398770873 0.45828048904220764 0.01953125 0.01953125
0 0.3833732534206866 0.434161750637755 0.01953125 0.01953125
0 0.3815179658511133 0.47312278959879395 0.01953125 0.01953125
0 0.3815179658511133 0.5111561847750463 0.01953125 0.01953125
0 0.37316917178803355 0.548261936166512 0.01953125 0.01953125
0 0.34626750202922085 0.5575383740143784 0.01953125 0.01953125
0 0.3351357766117812 0.535274923179499 0.01953125 0.01953125
0 0.2980300252203155 0.5575383740143784 0.01953125 0.01953125
0 0.27483893060064946 0.5909335502666975 0.01953125 0.01953125
0 0.39914319776205953 0.5306367042555657 0.01953125 0.01953125
0 0.42882779887523204 0.47126750202922063 0.01953125 0.01953125
0 0.4408871680774584 0.45735284525742104 0.01953125 0.01953125
0 0.46036768755797786 0.44251054470083473 0.01953125 0.01953125
0 0.4798482070384974 0.47033985824443403 0.01953125 0.01953125
0 0.4946905075950836 0.48703744637059354 0.01953125 0.01953125
0 0.4817034946080706 0.4935309528641001 0.01953125 0.01953125
0 0.44367009943181834 0.5111561847750463 0.01953125 0.01953125
0 0.4650059064819111 0.5426960734577921 0.01953125 0.01953125
0 0.45758475620361794 0.5631042367230983 0.01953125 0.01953125
0 0.41584078588821904 0.5677424556470314 0.01953125 0.01953125
0 0.4371765929383118 0.5946441254058441 0.01953125 0.01953125
0 0.4770652756841375 0.5881506189123376 0.01953125 0.01953125
0 0.47428234432977745 0.5649595242926715 0.01953125 0.01953125
0 0.5076775205820966 0.5232155539772727 0.01953125 0.01953125
0 0.6125012682629872 0.4350893944225417 0.01953125 0.01953125
0 0.6013695428455474 0.4944585966488867 0.01953125 0.01953125
0 0.581889023365028 0.47497807716836726 0.01953125 0.01953125
0 0.5642637914540818 0.5167220474837662 0.01953125 0.01953125
0 0.5290133276321894 0.5399131421034322 0.01953125 0.01953125
0 0.5475662033279223 0.5389854983186455 0.01953125 0.01953125
0 0.4919075762407237 0.4536422701182745 0.01953125 0.01953125
0 0.5011840140885901 0.5760912497101113 0.01953125 0.01953125
0 0.5206645335691096 0.6011376318993505 0.01953125 0.01953125
0 0.5382897654800558 0.587222975127551 0.01953125 0.01953125
0 0.5828166671498146 0.5760912497101113 0.01953125 0.01953125
0 0.4779929194689241 0.6280393016581632 0.01953125 0.01953125
0 0.4371765929383118 0.6410263146451762 0.01953125 0.01953125
0 0.43161073022959195 0.6697832719735621 0.01953125 0.01953125
0 0.4204790048121523 0.7050337357954545 0.01953125 0.01953125
0 0.41769607345779236 0.724514255275974 0.01953125 0.01953125
0 0.4520188934948981 0.7588370753130798 0.01953125 0.01953125
0 0.41862371724257896 0.7829558137175325 0.01953125 0.01953125
0 0.5243751087082562 0.9193194500811689 0.01953125 0.01953125
0 0.4974734389494435 0.8859242738288498 0.01953125 0.01953125
0 0.5039669454429501 0.8608778916396104 0.01953125 0.01953125
0 0.5225198211386829 0.7959428267045454 0.01953125 0.01953125
0 0.5364344779104825 0.7439947747564934 0.01953125 0.01953125
0 0.4974734389494435 0.7458500623260668 0.01953125 0.01953125
0 0.47428234432977745 0.7180207487824675 0.01953125 0.01953125
0 0.5355068341256959 0.7068890233650278 0.01953125 0.01953125
0 0.5141710270756031 0.7050337357954545 0.01953125 0.01953125
0 0.4798482070384974 0.6716385595431353 0.01953125 0.01953125
0 0.48726935731679044 0.6521580400626159 0.01953125 0.01953125
0 0.5253027524930428 0.6790597098214286 0.01953125 0.01953125
0 0.5420003406192024 0.6836979287453617 0.01953125 0.01953125
0 0.5494214908974955 0.6558686152017624 0.01953125 0.01953125
0 0.50674987679731 0.636388095721243 0.01953125 0.01953125
0 0.6115736244782005 0.548261936166512 0.01953125 0.01953125
0 0.6217777061108536 0.574235962140538 0.01953125 0.01953125
0 0.6282712126043601 0.5250708415468459 0.01953125 0.01953125
0 0.6505346634392395 0.5102285409902596 0.01953125 0.01953125
0 0.6449688007305197 0.46199106418135427 0.01953125 0.01953125
0 0.6561005261479593 0.44529347605519465 0.01953125 0.01953125
0 0.6709428267045456 0.45828048904220764 0.01953125 0.01953125
0 0.7201079472982377 0.4406552571312615 0.01953125 0.01953125
0 0.7238185224373842 0.4684845706748607 0.01953125 0.01953125
0 0.7386608229939705 0.483326871231447 0.01953125 0.01953125
0 0.7637072051832099 0.45735284525742104 0.01953125 0.01953125
0 0.7766942181702228 0.44714876362476796 0.01953125 0.01953125
0 0.7952470938659557 0.44436583227040805 0.01953125 0.01953125
0 0.794319450081169 0.522287910192486 0.01953125 0.01953125
0 0.8035958879290355 0.5102285409902596 0.01953125 0.01953125
0 0.7516478359809835 0.5324919918251391 0.01953125 0.01953125
0 0.7163973721590912 0.5315643480403525 0.01953125 0.01953125
0 0.7117591532351579 0.5009521031423932 0.01953125 0.01953125
0 0.6950615651089983 0.5760912497101113 0.01953125 0.01953125
0 0.7173250159438778 0.5807294686340445 0.01953125 0.01953125
0 0.7034103591720782 0.5881506189123376 0.01953125 0.01953125
0 0.6403305818065864 0.6039205632537106 0.01953125 0.01953125
0 0.6987721402481449 0.6113417135320036 0.01953125 0.01953125
0 0.7247461662221709 0.6298945892277364 0.01953125 0.01953125
0 0.7766942181702228 0.574235962140538 0.01953125 0.01953125
0 0.7822600808789426 0.649375108708256 0.01953125 0.01953125
0 0.8073064630681819 0.6029929194689239 0.01953125 0.01953125
0 0.8119446819921152 0.6465921773538961 0.01953125 0.01953125
0 0.7989576690051021 0.7180207487824675 0.01953125 0.01953125
0 0.7804047933093694 0.7375012682629869 0.01953125 0.01953125
0 0.7321673165004641 0.7198760363520409 0.01953125 0.01953125
0 0.7080485780960113 0.6595791903409091 0.01953125 0.01953125
0 0.6635216764262525 0.6595791903409091 0.01953125 0.01953125
0 0.6449688007305197 0.649375108708256 0.01953125 0.01953125
0 0.6115736244782005 0.6298945892277364 0.01953125 0.01953125
0 0.5939483925672543 0.662362121695269 0.01953125 0.01953125
0 0.5726125855171615 0.6567962589865491 0.01953125 0.01953125
0 0.5995142552759742 0.5779465372796846 0.01953125 0.01953125
0 0.6737257580589056 0.6892637914540816 0.01953125 0.01953125
0 0.7015550716025049 0.7198760363520409 0.01953125 0.01953125
0 0.6523899510088128 0.7393565558325603 0.01953125 0.01953125
0 0.594876036352041 0.7198760363520409 0.01953125 0.01953125
0 0.5689020103780151 0.685553216314935 0.01953125 0.01953125
0 0.7173250159438778 0.7588370753130798 0.01953125 0.01953125
0 0.747937260841837 0.7875940326414657 0.01953125 0.01953125
0 0.8119446819921152 0.776462307224026 0.01953125 0.01953125
0 0.786898299802876 0.8302656467416512 0.01953125 0.01953125
0 0.6978444964633582 0.8237721402481447 0.01953125 0.01953125
0 0.6653769639958258 0.7736793758696661 0.01953125 0.01953125
0 0.5958036801368276 0.7829558137175325 0.01953125 0.01953125
0 0.5726125855171615 0.8200615651089982 0.01953125 0.01953125
0 0.5874548860737479 0.8321209343112245 0.01953125 0.01953125
0 0.6189947747564937 0.8367591532351577 0.01953125 0.01953125
0 0.6496070196544529 0.8191339213242115 0.01953125 0.01953125
0 0.7813324370941559 0.8933454241071428 0.01953125 0.01953125
0 0.7627795613984232 0.8952007116767162 0.01953125 0.01953125
0 0.4130578545338591 0.9796162960923006 0.01953125 0.01953125
0 0.9453699012533732 0.9086660409902596 0.01953125 0.01953125
0 0.9113079810307387 0.940250730651248 0.01953125 0.01953125
0 0.898921828222508 0.9080467333498481 0.01953125 0.01953125
0 0.8369910641813543 0.8950412729012058 0.01953125 0.01953125
0 0.8444227558662928 0.8498318151511637 0.01953125 0.01953125
0 0.8983025205820965 0.8461159693086944 0.01953125 0.01953125
0 0.8964445976608619 0.7767535135826024 0.01953125 0.01953125
0 0.9280292873218503 0.7773728212230139 0.01953125 0.01953125
0 0.898921828222508 0.7519812079661409 0.01953125 0.01953125
0 0.9205975956369117 0.7284475176305025 0.01953125 0.01953125
0 0.9466085165341964 0.7457881315620255 0.01953125 0.01953125
0 0.991198666643827 0.7674638989764293 0.01953125 0.01953125
0 0.9949145124862961 0.7259702870688564 0.01953125 0.01953125
0 0.9850055902397117 0.6541306007811181 0.01953125 0.01953125
0 0.9614718999040732 0.6875732133633411 0.01953125 0.01953125
0 0.9187396727156771 0.6652781383085258 0.01953125 0.01953125
0 0.9354609790067887 0.6089211430310759 0.01953125 0.01953125
0 0.8809619066505734 0.6064439124694299 0.01953125 0.01953125
0 0.872291599684812 0.6293582951646567 0.01953125 0.01953125
0 0.8574282163149352 0.6547499084215297 0.01953125 0.01953125
0 0.8208890655306544 0.626261756962599 0.01953125 0.01953125
0 0.8369910641813543 0.7711797448188985 0.01953125 0.01953125
0 0.8012161653788581 0.4190150669642857 0.01953125 0.01953125
0 0.7815696187436751 0.4251896959067718 0.01953125 0.01953125
0 0.7697816907625652 0.41284043802179965 0.01953125 0.01953125
0 0.8455612277839855 0.4055431492715888 0.01953125 0.01953125
0 0.8764343724964159 0.4094724585986254 0.01953125 0.01953125
0 0.8960809191315988 0.40834979879090066 0.01953125 0.01953125
0 0.9404259815367263 0.42238304638745994 0.01953125 0.01953125
0 0.9640018374989459 0.40442048946386405 0.01953125 0.01953125
0 0.9909456728843397 0.4049818193677264 0.01953125 0.01953125
0 0.9690538066337072 0.42631235571449655 0.01953125 0.01953125
0 0.9752284355761933 0.4465202322535419 0.01953125 0.01953125
0 0.9965589719229634 0.43080299494539553 0.01953125 0.01953125
0 0.9943136523075139 0.4538175210037528 0.01953125 0.01953125
0 0.9943136523075139 0.5065825319668157 0.01953125 0.01953125
0 0.9628791776912211 0.5048985422552286 0.01953125 0.01953125
0 0.9589498683641845 0.5194931197556503 0.01953125 0.01953125
0 0.9550205590371479 0.4465202322535419 0.01953125 0.01953125
0 0.9146048059590571 0.4790773666775595 0.01953125 0.01953125
0 0.9190954451899561 0.5211771094672374 0.01953125 0.01953125
0 0.9230247545169927 0.5385783364869708 0.01953125 0.01953125
0 0.9718604561530191 0.5722581307187131 0.01953125 0.01953125
0 0.9286380535556165 0.6407403789899225 0.01953125 0.01953125
0 0.8573491557650952 0.5548569036989797 0.01953125 0.01953125
0 0.8708210734577921 0.5346490271599342 0.01953125 0.01953125
0 0.8865383107659386 0.5761874400457498 0.01953125 0.01953125
0 0.8696984136500674 0.4998465731204672 0.01953125 0.01953125
0 0.8809250117273149 0.4549401808114775 0.01953125 0.01953125
0 0.8551038361496457 0.44427491263809243 0.01953125 0.01953125
0 0.829843990475839 0.4487655518689914 0.01953125 0.01953125
0 0.8259146811488025 0.4319256547531203 0.01953125 0.01953125
0 0.82535335124494 0.4016138399445522 0.01953125 0.01953125
0 0.8348959596106004 0.6008859558156942 0.01953125 0.01953125
0 0.9443552908637628 0.5542955737951173 0.01953125 0.01953125
0 0.23440209470926796 0.35555579895956313 0.01953125 0.01953125
0 0.2561753701351408 0.3734867316632231 0.01953125 0.01953125
0 0.27602747419990714 0.38053102665394667 0.01953125 0.01953125
0 0.2824313787369286 0.363880874857691 0.01953125 0.01953125
0 0.30868738733871637 0.3619597034965846 0.01953125 0.01953125
0 0.26321966512586437 0.4048658638946281 0.01953125 0.01953125
0 0.2561753701351408 0.41959484432977734 0.01953125 0.01953125
0 0.23376170425556578 0.4426489006630545 0.01953125 0.01953125
0 0.23760404697777868 0.49708208922773656 0.01953125 0.01953125
0 0.3170124632368443 0.42407757750569236 0.01953125 0.01953125
0 0.33174144367199354 0.41959484432977734 0.01953125 0.01953125
0 0.31124894915352497 0.3914176643668831 0.01953125 0.01953125
0 0.34518964319973844 0.368363608033606 0.01953125 0.01953125
0 0.352233938190462 0.3894964930057767 0.01953125 0.01953125
0 0.365682137718207 0.34851150396883956 0.01953125 0.01953125
0 0.34198769093122783 0.33954603761700963 0.01953125 0.01953125
0 0.3996228317644206 0.33442291398739243 0.01953125 0.01953125
0 0.39834205085701624 0.3517134562373503 0.01953125 0.01953125
0 0.40410556494033556 0.37092516984841456 0.01953125 0.01953125
0 0.4137114217458676 0.3869349311909681 0.01953125 0.01953125
0 0.40090361267182484 0.4151121111538624 0.01953125 0.01953125
0 0.44893289669948544 0.427279529774203 0.01953125 0.01953125
0 0.45213484896799616 0.3517134562373503 0.01953125 0.01953125
0 0.4290807926347191 0.35555579895956313 0.01953125 0.01953125
0 0.5610012260973604 0.2934379249504554 0.01953125 0.01953125
0 0.577651377893616 0.2313200509413476 0.01953125 0.01953125
0 0.5437106838474025 0.2313200509413476 0.01953125 0.01953125
0 0.564203178365871 0.22555653685802834 0.01953125 0.01953125
0 0.5674051306343817 0.323536276274456 0.01953125 0.01953125
0 0.5545973215603389 0.341467208978116 0.01953125 0.01953125
0 0.5405087315788918 0.36003853213547815 0.01953125 0.01953125
0 0.5770109874399139 0.3517134562373503 0.01953125 0.01953125
0 0.5712474733565945 0.38245219801505315 0.01953125 0.01953125
0 0.5744494256251053 0.4023043020798195 0.01953125 0.01953125
0 0.550114588384424 0.3959003975427981 0.01953125 0.01953125
0 0.532183655680764 0.40358508298722384 0.01953125 0.01953125
0 0.4982429616345504 0.40934859707054305 0.01953125 0.01953125
0 0.4643022675883369 0.3843733693761595 0.01953125 0.01953125
0 0.5001641329956569 0.3843733693761595 0.01953125 0.01953125
0 0.5257797511437425 0.3939792261816917 0.01953125 0.01953125
0 0.4617407057735283 0.4125505493390538 0.01953125 0.01953125
0 0.42780001172731486 0.38309258846875527 0.01953125 0.01953125
0 0.5693263019954882 0.2498913740987097 0.01953125 0.01953125
0 0.4111498599310591 0.5284612214591415 0.01953125 0.01953125
0 0.5059276470789761 0.476589594709268 0.01953125 0.01953125
0 0.4982429616345504 0.42407757750569236 0.01953125 0.01953125
0 0.5692604182039551 0.0055705569288665435 0.01953125 0.01953125
0 0.5911944500811688 0.022154824933589057 0.01953125 0.01953125
0 0.587449615370425 0.04141397487455717 0.01953125 0.01953125
0 0.5906594736939197 0.06174307759002351 0.01953125 0.01953125
0 0.5516061974247343 0.07083767617325848 0.01953125 0.01953125
0 0.6029639306006493 0.030714447129574884 0.01953125 0.01953125
0 0.629712749963105 0.003430651379870086 0.01953125 0.01953125
0 0.6655561679087957 0.00610553331611563 0.01953125 0.01953125
0 0.7072843261142266 0.002360698605371858 0.01953125 0.01953125
0 0.7190538066337071 0.0152001318993506 0.01953125 0.01953125
0 0.7436627204471664 0.0152001318993506 0.01953125 0.01953125
0 0.7709465161968713 0.0055705569288665435 0.01953125 0.01953125
0 0.7575721065156433 0.016805061061097915 0.01953125 0.01953125
0 0.7714814925841204 0.026434636031581967 0.01953125 0.01953125
0 0.7853908786525973 0.01466515551210146 0.01953125 0.01953125
0 0.8388885173775087 0.00610553331611563 0.01953125 0.01953125
0 0.7816460439418536 0.03927406932556071 0.01953125 0.01953125
0 0.7623868940008854 0.04087899848730808 0.01953125 0.01953125
0 0.7436627204471664 0.039809045712809854 0.01953125 0.01953125
0 0.7329631927021841 0.028039565193329338 0.01953125 0.01953125
0 0.6917700108840023 0.022154824933589057 0.01953125 0.01953125
0 0.6965847983692444 0.037134163776564255 0.01953125 0.01953125
0 0.653251711002066 0.016805061061097915 0.01953125 0.01953125
0 0.6291777735758559 0.011990273575855914 0.01953125 0.01953125
0 0.6409472540953364 0.026434636031581967 0.01953125 0.01953125
0 0.6612763568108028 0.030179470742325798 0.01953125 0.01953125
0 0.6794655539772727 0.04462383319805186 0.01953125 0.01953125
0 0.6746507664920306 0.05478838455578505 0.01953125 0.01953125
0 0.5890545445321723 0.08474706224173545 0.01953125 0.01953125
0 0.5960092375664108 0.09277170805047212 0.01953125 0.01953125
0 0.6174082930563753 0.07672241643299871 0.01953125 0.01953125
0 0.6302477263503541 0.05318345539403768 0.01953125 0.01953125
0 0.6179432694436245 0.0917017552759739 0.01953125 0.01953125
0 0.6291777735758559 0.10454118856995265 0.01953125 0.01953125
0 0.6115235527966352 0.1141707635404367 0.01953125 0.01953125
0 0.6024289542134001 0.1291501023834119 0.01953125 0.01953125
0 0.5890545445321723 0.12647522044716636 0.01953125 0.01953125
0 0.582634827885183 0.1393146537411451 0.01953125 0.01953125
0 0.5762151112381936 0.12433531489816992 0.01953125 0.01953125
0 0.5681904654294568 0.13717474819214864 0.01953125 0.01953125
0 0.5612357723952184 0.14947920509887824 0.01953125 0.01953125
0 0.5430465752287484 0.15001418148612738 0.01953125 0.01953125
0 0.5740752056891971 0.16980830781434458 0.01953125 0.01953125
0 0.5708653473657024 0.19174233969155827 0.01953125 0.01953125
0 0.57835501678719 0.2120714424070246 0.01953125 0.01953125
0 0.5853097098214285 0.20083693827479318 0.01953125 0.01953125
0 0.5869146389831759 0.18211276472107424 0.01953125 0.01953125
0 0.5890545445321723 0.15696887452036584 0.01953125 0.01953125
0 0.6024289542134001 0.167133425878099 0.01953125 0.01953125
0 0.6184782458308736 0.13717474819214864 0.01953125 0.01953125
0 0.6329226082865997 0.1318249843196575 0.01953125 0.01953125
0 0.6323876318993505 0.16820337865259727 0.01953125 0.01953125
0 0.6093836472476387 0.21314139518152286 0.01953125 0.01953125
0 0.6040338833751475 0.19548717440230207 0.01953125 0.01953125
0 0.601359001438902 0.25540452977420286 0.01953125 0.01953125
0 0.5965442139536599 0.2917829241071426 0.01953125 0.01953125
0 0.5869146389831759 0.3099721212736125 0.01953125 0.01953125
0 0.6158033638946281 0.32120662540584394 0.01953125 0.01953125
0 0.6318526555121015 0.31104207404811074 0.01953125 0.01953125
0 0.6826754123007673 0.298202640754132 0.01953125 0.01953125
0 0.7088892552759739 0.30301742823937405 0.01953125 0.01953125
0 0.7297533343786894 0.3040873810138723 0.01953125 0.01953125
0 0.6377373957718417 0.26449912835743783 0.01953125 0.01953125
0 0.6404122777080873 0.23935523815672943 0.01953125 0.01953125
0 0.6243629860906139 0.25433457699970463 0.01953125 0.01953125
0 0.6441571124188311 0.223305946539256 0.01953125 0.01953125
0 0.634527537448347 0.20297684382378967 0.01953125 0.01953125
0 0.6698359790067886 0.22277097015200692 0.01953125 0.01953125
0 0.6596714276490554 0.24149514370572592 0.01953125 0.01953125
0 0.6773256484282763 0.24363504925472235 0.01953125 0.01953125
0 0.6955148455947461 0.21367637156877195 0.01953125 0.01953125
0 0.6800005303645218 0.20351182021103884 0.01953125 0.01953125
0 0.704609444177981 0.23293552150974006 0.01953125 0.01953125
0 0.7003296330799881 0.26877893945543074 0.01953125 0.01953125
0 0.7094242316632231 0.2639641519701887 0.01953125 0.01953125
0 0.7308232871531877 0.26556908113193606 0.01953125 0.01953125
0 0.7302883107659385 0.28536320746015326 0.01953125 0.01953125
0 0.7479425315451593 0.2864331602346515 0.01953125 0.01953125
0 0.7575721065156433 0.2944578060433882 0.01953125 0.01953125
0 0.765061775937131 0.24310007286747326 0.01953125 0.01953125
0 0.7655967523243801 0.2334704978969892 0.01953125 0.01953125
0 0.8265840604707791 0.27733856165141657 0.01953125 0.01953125
0 0.7800411147801062 0.057998242879279745 0.01953125 0.01953125
0 0.7527573190304013 0.05692829010478151 0.01953125 0.01953125
0 0.718518830246458 0.057998242879279745 0.01953125 0.01953125
0 0.7506174134814049 0.07297758172225494 0.01953125 0.01953125
0 0.7805760911673553 0.07404753449675316 0.01953125 0.01953125
0 0.7955554300103305 0.057998242879279745 0.01953125 0.01953125
0 0.8206993202110389 0.07886232198199516 0.01953125 0.01953125
0 0.7918105952995866 0.08849189695247921 0.01953125 0.01953125
0 0.8110697452405548 0.11845057463842962 0.01953125 0.01953125
0 0.8180244382747933 0.10721607050619825 0.01953125 0.01953125
0 0.8415633993137543 0.0917017552759739 0.01953125 0.01953125
0 0.8442382812499999 0.10828602328069646 0.01953125 0.01953125
0 0.835143682666765 0.14038460651564333 0.01953125 0.01953125
0 0.7955554300103305 0.12380033851092076 0.01953125 0.01953125
0 0.7720164689713694 0.31478690875885457 0.01953125 0.01953125
0 0.7891357133633411 0.29231790049439177 0.01953125 0.01953125
0 0.7902056661378394 0.3244164837293386 0.01953125 0.01953125
0 0.8420983757010034 0.3131819795971072 0.01953125 0.01953125
0 0.8463781867989963 0.24684490757821703 0.01953125 0.01953125
0 0.8046500285935654 0.2281207340244981 0.01953125 0.01953125
0 0.8190943910492915 0.22223599376475778 0.01953125 0.01953125
0 0.8410284229265051 0.218491159054014 0.01953125 0.01953125
0 0.816954485500295 0.19709210356404944 0.01953125 0.01953125
0 0.798230311946576 0.2083266076962808 0.01953125 0.01953125
0 0.7944854772358322 0.19441722162780384 0.01953125 0.01953125
0 0.7976953355593269 0.18050783555932684 0.01953125 0.01953125
0 0.7960904063975796 0.15482896897136939 0.01953125 0.01953125
0 0.7805760911673553 0.14305948845188887 0.01953125 0.01953125
0 0.7570371301283942 0.13556981903040127 0.01953125 0.01953125
0 0.7661317287116292 0.13342991348140482 0.01953125 0.01953125
0 0.7302883107659385 0.1318249843196575 0.01953125 0.01953125
0 0.7260084996679456 0.09598156637396682 0.01953125 0.01953125
0 0.7115641372122196 0.10293625940820533 0.01953125 0.01953125
0 0.6789305775900235 0.1093559760551947 0.01953125 0.01953125
0 0.6575315221000589 0.06709284146251465 0.01953125 0.01953125
0 0.8223042493727862 0.26182424642119223 0.01953125 0.01953125
0 0.8099997924660566 0.24684490757821703 0.01953125 0.01953125
0 0.7864608314270956 0.22491087570100335 0.01953125 0.01953125
0 0.7618519176136362 0.209396560470779 0.01953125 0.01953125
0 0.7458026259961629 0.19816205633854767 0.01953125 0.01953125
0 0.736708027412928 0.1783679300103304 0.01953125 0.01953125
0 0.7490124843196575 0.1708782605888428 0.01953125 0.01953125
0 0.7581070829028925 0.16820337865259727 0.01953125 0.01953125
0 0.7709465161968713 0.1633885911673552 0.01953125 0.01953125
0 0.7425927676726681 0.1542939925841203 0.01953125 0.01953125
0 0.7661317287116292 0.11042592882969293 0.01953125 0.01953125
0 0.7527573190304013 0.08795692056523013 0.01953125 0.01953125
0 0.8099997924660566 0.05478838455578505 0.01953125 0.01953125
0 0.8132096507895512 0.06923274701151111 0.01953125 0.01953125
0 0.8137446271768004 0.046763738747048304 0.01953125 0.01953125
0 0.8142796035640495 0.03338932906582048 0.01953125 0.01953125
0 0.8276540132452773 0.03927406932556071 0.01953125 0.01953125
0 0.8324688007305193 0.05050857345779214 0.01953125 0.01953125
0 0.8362136354412631 0.05960317204102705 0.01953125 0.01953125
0 0.8105347688533057 0.10186630663370712 0.01953125 0.01953125
0 0.8479831159607437 0.08421208585448632 0.01953125 0.01953125
0 0.8313988479560211 0.16499352032910258 0.01953125 0.01953125
0 0.8158845327257969 0.17248318975059018 0.01953125 0.01953125
0 0.8324688007305193 0.17943788278482864 0.01953125 0.01953125
0 0.8431683284755016 0.20351182021103884 0.01953125 0.01953125
0 0.8506579978969893 0.16499352032910258 0.01953125 0.01953125
0 0.8533328798332348 0.2891080421708971 0.01953125 0.01953125
0 0.78378594949085 0.171948213363341 0.01953125 0.01953125
0 0.7661317287116292 0.19441722162780384 0.01953125 0.01953125
0 0.7597120120646398 0.21956111182851223 0.01953125 0.01953125
0 0.7720164689713694 0.28429325468565503 0.01953125 0.01953125
0 0.7495474607069067 0.2532646242252064 0.01953125 0.01953125
0 0.6564615693255608 0.08902687333972836 0.01953125 0.01953125
0 0.6612763568108028 0.08421208585448632 0.01953125 0.01953125
0 0.6832103886880164 0.18960243414256184 0.01953125 0.01953125
0 0.7019345622417354 0.19441722162780384 0.01953125 0.01953125
0 0.7201237594082054 0.19816205633854767 0.01953125 0.01953125
0 0.7078193025014757 0.16820337865259727 0.01953125 0.01953125
0 0.7126340899867177 0.2217010173775087 0.01953125 0.01953125
0 0.7244035705061983 0.2158162771177684 0.01953125 0.01953125
0 0.6769250749757547 0.3245403452574211 0.01953125 0.01953125
0 0.6621960945406054 0.30853058391486754 0.01953125 0.01953125
0 0.6519498472813712 0.28611691803529254 0.01953125 0.01953125
0 0.642343990475839 0.34375205886848537 0.01953125 0.01953125
0 0.6570729709109883 0.33286542115554896 0.01953125 0.01953125
0 0.6596345327257969 0.35976182021103886 0.01953125 0.01953125
0 0.6826885890590739 0.3847370479054224 0.01953125 0.01953125
0 0.6980579599479253 0.3885793906276353 0.01953125 0.01953125
0 0.6532306281887754 0.4238008655812531 0.01953125 0.01953125
0 0.6231322768647747 0.3879390001739331 0.01953125 0.01953125
0 0.6039205632537105 0.4026679806090824 0.01953125 0.01953125
0 0.6084032964296255 0.3674465056554646 0.01953125 0.01953125
0 0.6071225155222212 0.34375205886848537 0.01953125 0.01953125
0 0.7448064630681817 0.37769275291469884 0.01953125 0.01953125
0 0.7236735780960111 0.3751311910998903 0.01953125 0.01953125
0 0.7255947494571174 0.33798854478516605 0.01953125 0.01953125
0 0.7358409967163517 0.34119049705367677 0.01953125 0.01953125
0 0.7710624716699694 0.36040221066474104 0.01953125 0.01953125
0 0.7889934043736295 0.3418308875073789 0.01953125 0.01953125
0 0.8094858988920981 0.3238999548037189 0.01953125 0.01953125
0 0.8056435561698851 0.3469540111369961 0.01953125 0.01953125
0 0.8440669833920136 0.33798854478516605 0.01953125 0.01953125
0 0.845347764299418 0.3661657247480603 0.01953125 0.01953125
0 0.8158898034291193 0.3674465056554646 0.01953125 0.01953125
0 0.8158898034291193 0.41483539922942314 0.01953125 0.01953125
0 0.877367286984525 0.39242173334984815 0.01953125 0.01953125
0 0.8619979160956737 0.37769275291469884 0.01953125 0.01953125
0 0.8722441633549078 0.3533579156740175 0.01953125 0.01953125
0 0.8920962674196744 0.3655253342943582 0.01953125 0.01953125
0 0.9068252478548235 0.34375205886848537 0.01953125 0.01953125
0 0.9247561805584836 0.3463136206832939 0.01953125 0.01953125
0 0.90874641921593 0.3866582192665289 0.01953125 0.01953125
0 0.8370226884012901 0.5000073295718079 0.01953125 0.01953125
0 0.8447073738457158 0.5211402145439787 0.01953125 0.01953125
0 0.8741653347160143 0.28739769894269684 0.01953125 0.01953125
0 0.881209629706738 0.2605012998872069 0.01953125 0.01953125
0 0.8754461156234186 0.21439318722065265 0.01953125 0.01953125
0 0.9081060287622278 0.22207787266507834 0.01953125 0.01953125
0 0.9138695428455472 0.23360490083171692 0.01953125 0.01953125
0 0.9183522760214622 0.2438511480909512 0.01953125 0.01953125
0 0.9285985232806964 0.2649840330631219 0.01953125 0.01953125
0 0.9042636860400151 0.2829149657667819 0.01953125 0.01953125
0 0.8920962674196744 0.3123729266370804 0.01953125 0.01953125
0 0.9202734473825684 0.29956511756303755 0.01953125 0.01953125
0 0.9008298228253075 0.020970234361823326 0.01953125 0.01953125
0 0.9167262640464241 0.009353604238699686 0.01953125 0.01953125
0 0.9167262640464241 0.02402724228896114 0.01953125 0.01953125
0 0.9430165322198092 0.02341584070353353 0.01953125 0.01953125
0 0.9705296035640494 0.030141258143236704 0.01953125 0.01953125
0 0.9589129734409257 0.019136029605540616 0.01953125 0.01953125
0 0.9907058558831588 0.019136029605540616 0.01953125 0.01953125
0 0.9521875560012225 0.06315694375632497 0.01953125 0.01953125
0 0.9338455084383958 0.04114648668093279 0.01953125 0.01953125
0 0.9155034608755689 0.06315694375632497 0.01953125 0.01953125
0 0.8989956180690248 0.07783058180658642 0.01953125 0.01953125
0 0.8727053498956397 0.08333319607543449 0.01953125 0.01953125
0 0.8727053498956397 0.06621395168346278 0.01953125 0.01953125
0 0.8647571292850814 0.03625527399751233 0.01953125 0.01953125
0 0.8494720896493924 0.03625527399751233 0.01953125 0.01953125
0 0.8830991768479083 0.02341584070353353 0.01953125 0.01953125
0 0.8788193657499154 0.003850989969851615 0.01953125 0.01953125
0 0.9344569100238234 0.09189281827142032 0.01953125 0.01953125
0 0.9479077449032296 0.09189281827142032 0.01953125 0.01953125
0 0.9638041861243463 0.0888358103442825 0.01953125 0.01953125
0 0.9760322178328974 0.08333319607543449 0.01953125 0.01953125
0 0.9974312733228621 0.0735507707085935 0.01953125 0.01953125
0 0.9949856669811518 0.10228664522368885 0.01953125 0.01953125
0 0.9784778241746077 0.10901206266339203 0.01953125 0.01953125
0 0.9913172574685865 0.11940588961566057 0.01953125 0.01953125
0 0.9748094146620423 0.12735411022621881 0.01953125 0.01953125
0 0.9552445639283603 0.1096234642488196 0.01953125 0.01953125
0 0.9356797131946785 0.10778925949253687 0.01953125 0.01953125
0 0.9417937290489541 0.11940588961566057 0.01953125 0.01953125
0 0.9161148624609965 0.11634888168852275 0.01953125 0.01953125
0 0.905721035508728 0.09678403095484078 0.01953125 0.01953125
0 0.8983842164835972 0.10656645632168175 0.01953125 0.01953125
0 0.8812649720916256 0.1096234642488196 0.01953125 0.01953125
0 0.870871145139357 0.11573748010309515 0.01953125 0.01953125
0 0.8843219800187634 0.1279655118116464 0.01953125 0.01953125
0 0.8989956180690248 0.13041111815335663 0.01953125 0.01953125
0 0.9295656973404028 0.14386195303276295 0.01953125 0.01953125
0 0.9491305480740848 0.1414163466910527 0.01953125 0.01953125
0 0.987648847956021 0.14569615778904563 0.01953125 0.01953125
0 0.9656383908806289 0.1878828671835473 0.01953125 0.01953125
0 0.971141005149477 0.17076362279157561 0.01953125 0.01953125
0 0.9833690368580281 0.21967574962578043 0.01953125 0.01953125
0 0.9962084701520069 0.18849426876897485 0.01953125 0.01953125
0 0.9546331623429328 0.2092819226735119 0.01953125 0.01953125
0 0.9405709258780989 0.16587241010815512 0.01953125 0.01953125
0 0.9142806577047138 0.16954081962072048 0.01953125 0.01953125
0 0.9106122481921485 0.1585355910830244 0.01953125 0.01953125
0 0.8928816022147492 0.1628154021810173 0.01953125 0.01953125
0 0.876373759408205 0.15058737047246612 0.01953125 0.01953125
0 0.9002184212398799 0.1432505514473354 0.01953125 0.01953125
0 0.8494720896493924 0.1524215752287488 0.01953125 0.01953125
0 0.8690369403830743 0.1878828671835473 0.01953125 0.01953125
0 0.9179490672172792 0.2037793084046639 0.01953125 0.01953125
0 0.9240630830715548 0.18666006401269217 0.01953125 0.01953125
0 0.9503533512449399 0.22701256865091116 0.01953125 0.01953125
0 0.961358579782636 0.2691992780454128 0.01953125 0.01953125
0 0.9760322178328974 0.24352041145745532 0.01953125 0.01953125
0 0.9943742653957243 0.27103348280169554 0.01953125 0.01953125
0 0.9466849417323745 0.30466057000021135 0.01953125 0.01953125
0 0.9576901702700706 0.3150543969524799 0.01953125 0.01953125
0 0.9399595242926714 0.28081590816853647 0.01953125 0.01953125
0 0.9735866114911872 0.3034377668293562 0.01953125 0.01953125
0 0.9980426749082896 0.3107745858544869 0.01953125 0.01953125
0 0.9583015718554981 0.34501307463843034 0.01953125 0.01953125
0 0.9106122481921485 0.32789383024645863 0.01953125 0.01953125
0 0.7577618518352583 0.33217364134445154 0.01953125 0.01953125
0 0.9937523224036515 0.38567655077268503 0.01953125 0.01953125
0 0.9371765929383116 0.8243519176136362 0.01953125 0.01953125
