0 0.5244756493506495 0.669809523809524 0.01953125 0.026041666666666668
0 0.2590535714285715 0.8142900432900433 0.01953125 0.026041666666666668
0 0.29923214285714295 0.7542251082251082 0.01953125 0.026041666666666668
0 0.16652110389610394 0.7152640692640694 0.01953125 0.026041666666666668
0 0.007024350649350653 0.7883160173160174 0.01953125 0.026041666666666668
0 0.04111525974025978 0.7314978354978355 0.01953125 0.026041666666666668
0 0.052073051948051965 0.6340952380952382 0.01953125 0.026041666666666668
0 0.11416720779220783 0.5967575757575757 0.01953125 0.026041666666666668
0 0.052073051948051965 0.5594199134199135 0.01953125 0.026041666666666668
0 0.00945941558441564 0.5935108225108224 0.01953125 0.026041666666666668
0 0.020417207792207823 0.5545497835497836 0.01953125 0.026041666666666668
0 0.014329545454545498 0.49448484848484847 0.01953125 0.026041666666666668
0 0.6486639610389613 0.6811731601731602 0.01953125 0.026041666666666668
0 0.6998003246753248 0.6746796536796538 0.01953125 0.026041666666666668
0 0.7424139610389613 0.6600692640692641 0.01953125 0.026041666666666668
0 0.7679821428571431 0.6681861471861472 0.01953125 0.026041666666666668
0 0.7472840909090911 0.6032510822510823 0.01953125 0.026041666666666668
0 0.7241509740259741 0.5886406926406925 0.01953125 0.026041666666666668
0 0.6961477272727273 0.5886406926406925 0.01953125 0.026041666666666668
0 0.7022353896103897 0.5545497835497836 0.01953125 0.026041666666666668
0 0.6998003246753248 0.5318225108225108 0.01953125 0.026041666666666668
0 0.6657094155844158 0.5431861471861471 0.01953125 0.026041666666666668
0 0.6437938311688314 0.5626666666666665 0.01953125 0.026041666666666668
0 0.6255308441558443 0.6081212121212121 0.01953125 0.026041666666666668
0 0.5926574675324676 0.5626666666666665 0.01953125 0.026041666666666668
0 0.617008116883117 0.5545497835497836 0.01953125 0.026041666666666668
0 0.6133555194805196 0.5204588744588744 0.01953125 0.026041666666666668
0 0.5585665584415586 0.5659134199134199 0.01953125 0.026041666666666668
0 0.4562938311688312 0.6422121212121211 0.01953125 0.026041666666666668
0 0.44898863636363645 0.7655887445887446 0.01953125 0.026041666666666668
0 0.32236525974025976 0.6974069264069264 0.01953125 0.026041666666666668
0 0.37837175324675326 0.6633160173160173 0.01953125 0.026041666666666668
0 0.276099025974026 0.6454588744588744 0.01953125 0.026041666666666668
0 0.22739772727272728 0.6454588744588744 0.01953125 0.026041666666666668
0 0.1677386363636364 0.5545497835497836 0.01953125 0.026041666666666668
0 0.10807954545454551 0.5318225108225108 0.01953125 0.026041666666666668
0 0.08372889610389617 0.48636796536796534 0.01953125 0.026041666666666668
0 0.04233279220779224 0.47987445887445884 0.01953125 0.026041666666666668
0 0.06181331168831174 0.45390043290043286 0.01953125 0.026041666666666668
0 0.12877759740259742 0.45390043290043286 0.01953125 0.026041666666666668
0 0.16286850649350654 0.48312121212121206 0.01953125 0.026041666666666668
0 0.20182954545454554 0.5204588744588744 0.01953125 0.026041666666666668
0 0.18356655844155845 0.5058484848484848 0.01953125 0.026041666666666668
0 0.257836038961039 0.539939393939394 0.01953125 0.026041666666666668
0 0.23592045454545466 0.5172121212121211 0.01953125 0.026041666666666668
0 0.257836038961039 0.5058484848484848 0.01953125 0.026041666666666668
0 0.24566071428571437 0.47500432900432904 0.01953125 0.026041666666666668
0 0.21035227272727278 0.47987445887445884 0.01953125 0.026041666666666668
0 0.18843668831168842 0.47175757575757576 0.01953125 0.026041666666666668
0 0.16530357142857147 0.4457835497835498 0.01953125 0.026041666666666668
0 0.1786964285714286 0.45390043290043286 0.01953125 0.026041666666666668
0 0.19330681818181827 0.4311731601731601 0.01953125 0.026041666666666668
0 0.17626136363636366 0.42143290043290044 0.01953125 0.026041666666666668
0 0.20061201298701306 0.4522770562770562 0.01953125 0.026041666666666668
0 0.2237451298701299 0.4522770562770562 0.01953125 0.026041666666666668
0 0.27244642857142864 0.4571471861471861 0.01953125 0.026041666666666668
0 0.25296590909090916 0.45390043290043286 0.01953125 0.026041666666666668
0 0.3028847402597403 0.4636406926406926 0.01953125 0.026041666666666668
0 0.29801461038961047 0.5204588744588744 0.01953125 0.026041666666666668
0 0.335758116883117 0.5334458874458875 0.01953125 0.026041666666666668
0 0.35523863636363645 0.5448095238095237 0.01953125 0.026041666666666668
0 0.30897240259740266 0.5821471861471861 0.01953125 0.026041666666666668
0 0.3467159090909092 0.6243549783549782 0.01953125 0.026041666666666668
0 0.38932954545454557 0.5659134199134199 0.01953125 0.026041666666666668
0 0.43803084415584426 0.5935108225108224 0.01953125 0.026041666666666668
0 0.42463798701298705 0.5464329004329004 0.01953125 0.026041666666666668
0 0.45264123376623383 0.5285757575757576 0.01953125 0.026041666666666668
0 0.4660340909090909 0.5561731601731601 0.01953125 0.026041666666666668
0 0.4916022727272728 0.548056277056277 0.01953125 0.026041666666666668
0 0.5342159090909092 0.5285757575757576 0.01953125 0.026041666666666668
0 0.5220405844155845 0.4993549783549783 0.01953125 0.026041666666666668
0 0.5025600649350649 0.487991341991342 0.01953125 0.026041666666666668
0 0.463599025974026 0.487991341991342 0.01953125 0.026041666666666668
0 0.43559577922077936 0.48636796536796534 0.01953125 0.026041666666666668
0 0.4209853896103896 0.4993549783549783 0.01953125 0.026041666666666668
0 0.4075925324675325 0.5237056277056277 0.01953125 0.026041666666666668
0 0.3990698051948053 0.5058484848484848 0.01953125 0.026041666666666668
0 0.38324188311688323 0.47662770562770557 0.01953125 0.026041666666666668
0 0.3467159090909092 0.48636796536796534 0.01953125 0.026041666666666668
0 0.3260178571428572 0.500978354978355 0.01953125 0.026041666666666668
0 0.24200811688311696 0.43279653679653673 0.01953125 0.026041666666666668
0 0.21887500000000004 0.4392900432900433 0.01953125 0.026041666666666668
0 0.18204464285714295 0.43827543290043275 0.01953125 0.026041666666666668
0 0.23500730519480528 0.4269117965367964 0.01953125 0.026041666666666668
0 0.2800560064935066 0.4370579004329003 0.01953125 0.026041666666666668
0 0.27518587662337674 0.43381114718614705 0.01953125 0.026041666666666668
0 0.29101379870129884 0.44314556277056266 0.01953125 0.026041666666666668
0 0.309581168831169 0.4398988095238094 0.01953125 0.026041666666666668
0 0.322669642857143 0.4443630952380951 0.01953125 0.026041666666666668
0 0.28096915584415594 0.49184686147186135 0.01953125 0.026041666666666668
0 0.23896428571428582 0.44517478354978346 0.01953125 0.026041666666666668
0 0.8093782467532468 0.7314978354978355 0.01953125 0.026041666666666668
0 0.8580795454545457 0.7136406926406927 0.01953125 0.026041666666666668
0 0.9226087662337662 0.7103939393939395 0.01953125 0.026041666666666668
0 0.9104334415584416 0.647082251082251 0.01953125 0.026041666666666668
0 0.9932256493506494 0.6535757575757576 0.01953125 0.026041666666666668
0 0.992008116883117 0.6146147186147185 0.01953125 0.026041666666666668
0 0.9700925324675326 0.6129913419913421 0.01953125 0.026041666666666668
0 0.9688750000000002 0.5545497835497836 0.01953125 0.026041666666666668
0 0.9652224025974028 0.5172121212121211 0.01953125 0.026041666666666668
0 0.9761801948051949 0.48312121212121206 0.01953125 0.026041666666666668
0 0.9554821428571431 0.5058484848484848 0.01953125 0.026041666666666668
0 0.9116509740259741 0.5513030303030302 0.01953125 0.026041666666666668
0 0.8678198051948054 0.6032510822510823 0.01953125 0.026041666666666668
0 0.9006931818181819 0.5902640692640692 0.01953125 0.026041666666666668
0 0.820336038961039 0.6081212121212121 0.01953125 0.026041666666666668
0 0.7984204545454546 0.5545497835497836 0.01953125 0.026041666666666668
0 0.7618944805194807 0.5431861471861471 0.01953125 0.026041666666666668
0 0.7424139610389613 0.5318225108225108 0.01953125 0.026041666666666668
0 0.7217159090909091 0.5172121212121211 0.01953125 0.026041666666666668
0 0.7765048701298702 0.4912380952380952 0.01953125 0.026041666666666668
0 0.8580795454545457 0.49773160173160164 0.01953125 0.026041666666666668
0 0.8361639610389613 0.49448484848484847 0.01953125 0.026041666666666668
0 0.5683068181818183 0.5253290043290042 0.01953125 0.026041666666666668
0 0.5670892857142857 0.5058484848484848 0.01953125 0.026041666666666668
0 0.5463912337662339 0.49448484848484847 0.01953125 0.026041666666666668
0 0.5147353896103897 0.4685108225108225 0.01953125 0.026041666666666668
0 0.5914399350649352 0.6957835497835498 0.01953125 0.026041666666666668
0 0.5829172077922079 0.48312121212121206 0.01953125 0.026041666666666668
0 0.4779050324675326 0.44558062770562773 0.01953125 0.026041666666666668
0 0.47851379870129884 0.4313760822510823 0.01953125 0.026041666666666668
0 0.47059983766233776 0.4273176406926407 0.01953125 0.026041666666666668
0 0.4699910714285715 0.4370579004329005 0.01953125 0.026041666666666668
0 0.4632946428571429 0.4398988095238096 0.01953125 0.026041666666666668
0 0.45294561688311696 0.4370579004329005 0.01953125 0.026041666666666668
0 0.4483798701298702 0.45004491341991343 0.01953125 0.026041666666666668
0 0.44381412337662346 0.4342169913419914 0.01953125 0.026041666666666668
0 0.4480754870129871 0.4261001082251082 0.01953125 0.026041666666666668
0 0.4520324675324676 0.422853354978355 0.01953125 0.026041666666666668
0 0.4779050324675326 0.422853354978355 0.01953125 0.026041666666666668
0 0.49068912337662346 0.4334053030303031 0.01953125 0.026041666666666668
0 0.5043863636363638 0.4350286796536797 0.01953125 0.026041666666666668
0 0.5098652597402599 0.43259361471861474 0.01953125 0.026041666666666668
0 0.5202142857142857 0.44192803030303035 0.01953125 0.026041666666666668
0 0.5165616883116884 0.4549150432900433 0.01953125 0.026041666666666668
0 0.49008035714285725 0.4796715367965368 0.01953125 0.026041666666666668
0 0.533911525974026 0.4520741341991343 0.01953125 0.026041666666666668
0 0.5412167207792209 0.44152218614718614 0.01953125 0.026041666666666668
0 0.5348246753246754 0.4370579004329005 0.01953125 0.026041666666666668
0 0.5226493506493507 0.4334053030303031 0.01953125 0.026041666666666668
0 0.5637410714285715 0.454103354978355 0.01953125 0.026041666666666668
0 0.5585665584415586 0.47236634199134203 0.01953125 0.026041666666666668
0 0.6027021103896105 0.4938760822510823 0.01953125 0.026041666666666668
0 0.6130511363636365 0.48697673160173166 0.01953125 0.026041666666666668
0 0.6264439935064936 0.5064572510822513 0.01953125 0.026041666666666668
0 0.6474464285714286 0.5060514069264069 0.01953125 0.026041666666666668
0 0.6520121753246755 0.48616504329004334 0.01953125 0.026041666666666668
0 0.6635787337662339 0.4987462121212121 0.01953125 0.026041666666666668
0 0.6492727272727273 0.4674962121212121 0.01953125 0.026041666666666668
0 0.6346623376623378 0.47196049783549787 0.01953125 0.026041666666666668
0 0.6206607142857145 0.47277218614718614 0.01953125 0.026041666666666668
0 0.6033108766233768 0.46424945887445895 0.01953125 0.026041666666666668
0 0.5981363636363638 0.45045075757575764 0.01953125 0.026041666666666668
0 0.5838303571428572 0.45045075757575764 0.01953125 0.026041666666666668
0 0.5759163961038962 0.4427397186147186 0.01953125 0.026041666666666668
0 0.5673936688311689 0.43908712121212123 0.01953125 0.026041666666666668
0 0.5558271103896104 0.44436309523809525 0.01953125 0.026041666666666668
0 0.5485219155844157 0.4427397186147186 0.01953125 0.026041666666666668
0 0.5905267857142857 0.4398988095238096 0.01953125 0.026041666666666668
0 0.604224025974026 0.4350286796536797 0.01953125 0.026041666666666668
0 0.6017889610389612 0.4370579004329005 0.01953125 0.026041666666666668
0 0.6157905844155847 0.4370579004329005 0.01953125 0.026041666666666668
0 0.6100073051948054 0.44436309523809525 0.01953125 0.026041666666666668
0 0.6319228896103897 0.44679816017316015 0.01953125 0.026041666666666668
0 0.6380105519480521 0.43827543290043297 0.01953125 0.026041666666666668
0 0.6629699675324676 0.4427397186147186 0.01953125 0.026041666666666668
0 0.6462288961038962 0.45045075757575764 0.01953125 0.026041666666666668
0 0.6635787337662339 0.46384361471861474 0.01953125 0.026041666666666668
0 0.6416631493506495 0.5348663419913421 0.01953125 0.026041666666666668
0 0.5068214285714286 0.5210676406926408 0.01953125 0.026041666666666668
0 0.5899180194805196 0.51903841991342 0.01953125 0.026041666666666668
0 0.4599464285714287 0.43259361471861474 0.01953125 0.026041666666666668
0 0.6803198051948054 0.5157916666666666 0.01953125 0.026041666666666668
0 0.6900600649350651 0.49184686147186146 0.01953125 0.026041666666666668
0 0.7040616883116884 0.48941179653679656 0.01953125 0.026041666666666668
0 0.7141063311688313 0.4946877705627706 0.01953125 0.026041666666666668
0 0.7278035714285715 0.4926585497835498 0.01953125 0.026041666666666668
0 0.73937012987013 0.5015871212121211 0.01953125 0.026041666666666668
0 0.7597637987012988 0.5068630952380953 0.01953125 0.026041666666666668
0 0.7789399350649352 0.5157916666666666 0.01953125 0.026041666666666668
0 0.8038993506493507 0.5129507575757576 0.01953125 0.026041666666666668
0 0.809987012987013 0.5007754329004329 0.01953125 0.026041666666666668
0 0.7947678571428572 0.4796715367965368 0.01953125 0.026041666666666668
0 0.8084650974025975 0.47561309523809525 0.01953125 0.026041666666666668
0 0.8194228896103897 0.4760189393939394 0.01953125 0.026041666666666668
0 0.8194228896103897 0.5072689393939395 0.01953125 0.026041666666666668
0 0.7701128246753248 0.46911958874458876 0.01953125 0.026041666666666668
0 0.7661558441558444 0.4788598484848485 0.01953125 0.026041666666666668
0 0.7551980519480521 0.48738257575757576 0.01953125 0.026041666666666668
0 0.7521542207792209 0.4752072510822511 0.01953125 0.026041666666666668
0 0.7561112012987015 0.4683079004329005 0.01953125 0.026041666666666668
0 0.7475884740259742 0.48332413419913417 0.01953125 0.026041666666666668
0 0.7372394480519481 0.48088906926406927 0.01953125 0.026041666666666668
0 0.7265860389610391 0.47764231601731605 0.01953125 0.026041666666666668
0 0.7171501623376625 0.474801406926407 0.01953125 0.026041666666666668
0 0.700409090909091 0.4703371212121212 0.01953125 0.026041666666666668
0 0.6915819805194806 0.4626260822510822 0.01953125 0.026041666666666668
0 0.6809285714285715 0.4654669913419913 0.01953125 0.026041666666666668
0 0.7080186688311689 0.4654669913419913 0.01953125 0.026041666666666668
0 0.7028441558441559 0.4536975108225108 0.01953125 0.026041666666666668
0 0.7080186688311689 0.44963906926406927 0.01953125 0.026041666666666668
0 0.6973652597402599 0.45004491341991343 0.01953125 0.026041666666666668
0 0.6918863636363638 0.4512624458874459 0.01953125 0.026041666666666668
0 0.6903644480519481 0.44679816017316015 0.01953125 0.026041666666666668
0 0.6815373376623378 0.45166829004329007 0.01953125 0.026041666666666668
0 0.6721014610389612 0.4484215367965368 0.01953125 0.026041666666666668
0 0.7491103896103897 0.45532088744588745 0.01953125 0.026041666666666668
0 0.7506323051948054 0.4524799783549784 0.01953125 0.026041666666666668
0 0.7418051948051949 0.45572673160173166 0.01953125 0.026041666666666668
0 0.7363262987012988 0.4569442640692641 0.01953125 0.026041666666666668
0 0.7217159090909092 0.45166829004329007 0.01953125 0.026041666666666668
0 0.7691996753246755 0.45978517316017314 0.01953125 0.026041666666666668
0 0.7777224025974028 0.4577559523809524 0.01953125 0.026041666666666668
0 0.783505681818182 0.4634377705627706 0.01953125 0.026041666666666668
0 0.7886801948051949 0.4634377705627706 0.01953125 0.026041666666666668
0 0.7959853896103897 0.46059686147186146 0.01953125 0.026041666666666668
0 0.8048125000000002 0.4662786796536796 0.01953125 0.026041666666666668
0 0.8145527597402599 0.4577559523809524 0.01953125 0.026041666666666668
0 0.8102913961038962 0.45572673160173166 0.01953125 0.026041666666666668
0 0.8285543831168833 0.4662786796536796 0.01953125 0.026041666666666668
0 0.830380681818182 0.47236634199134203 0.01953125 0.026041666666666668
0 0.8276412337662339 0.4890059523809524 0.01953125 0.026041666666666668
0 0.8495568181818184 0.49184686147186146 0.01953125 0.026041666666666668
0 0.8723855519480521 0.5064572510822511 0.01953125 0.026041666666666668
0 0.8906485389610391 0.49184686147186146 0.01953125 0.026041666666666668
0 0.8796907467532469 0.4752072510822511 0.01953125 0.026041666666666668
0 0.8848652597402599 0.4760189393939394 0.01953125 0.026041666666666668
0 0.8970405844155847 0.4739897186147186 0.01953125 0.026041666666666668
0 0.8809082792207794 0.4626260822510822 0.01953125 0.026041666666666668
0 0.8760381493506495 0.4626260822510822 0.01953125 0.026041666666666668
0 0.8669066558441559 0.45978517316017314 0.01953125 0.026041666666666668
0 0.8501655844155847 0.4614085497835498 0.01953125 0.026041666666666668
0 0.8343376623376625 0.46181439393939394 0.01953125 0.026041666666666668
0 0.8370771103896105 0.46749621212121206 0.01953125 0.026041666666666668
0 0.8209448051948054 0.4614085497835498 0.01953125 0.026041666666666668
0 0.8194228896103897 0.45532088744588745 0.01953125 0.026041666666666668
0 0.7844188311688313 0.4536975108225108 0.01953125 0.026041666666666668
0 0.830380681818182 0.4569442640692641 0.01953125 0.026041666666666668
0 0.8918660714285715 0.4614085497835498 0.01953125 0.026041666666666668
0 0.8876047077922079 0.45978517316017314 0.01953125 0.026041666666666668
0 0.9003887987012988 0.48981764069264067 0.01953125 0.026041666666666668
0 0.869950487012987 0.5446066017316017 0.01953125 0.026041666666666668
0 0.8574707792207794 0.5657104978354978 0.01953125 0.026041666666666668
0 0.8542240259740259 0.4772364718614719 0.01953125 0.026041666666666668
0 0.8453969155844157 0.46952543290043286 0.01953125 0.026041666666666668
0 0.872487012987013 0.48129491341991343 0.01953125 0.026041666666666668
0 0.9053603896103896 0.4634377705627706 0.01953125 0.026041666666666668
0 0.8998814935064935 0.45856764069264067 0.01953125 0.026041666666666668
0 0.895924512987013 0.45856764069264067 0.01953125 0.026041666666666668
0 0.8922719155844155 0.4573501082251082 0.01953125 0.026041666666666668
0 0.924232142857143 0.4849475108225108 0.01953125 0.026041666666666668
0 0.9111436688311688 0.480077380952381 0.01953125 0.026041666666666668
0 0.9467564935064935 0.4934702380952381 0.01953125 0.026041666666666668
0 0.9522353896103896 0.48048322510822516 0.01953125 0.026041666666666668
0 0.9638019480519481 0.4837299783549784 0.01953125 0.026041666666666668
0 0.9580186688311688 0.48657088744588745 0.01953125 0.026041666666666668
0 0.9668457792207793 0.46911958874458876 0.01953125 0.026041666666666668
0 0.9598449675324675 0.4658728354978355 0.01953125 0.026041666666666668
0 0.9510178571428571 0.4662786796536796 0.01953125 0.026041666666666668
0 0.9449301948051948 0.4707429653679654 0.01953125 0.026041666666666668
0 0.9397556818181819 0.4687137445887446 0.01953125 0.026041666666666668
0 0.9303198051948053 0.4662786796536796 0.01953125 0.026041666666666668
0 0.9221014610389611 0.46952543290043286 0.01953125 0.026041666666666668
0 0.9129699675324675 0.46911958874458876 0.01953125 0.026041666666666668
0 0.9199707792207793 0.4601910173160173 0.01953125 0.026041666666666668
0 0.9147962662337662 0.4573501082251082 0.01953125 0.026041666666666668
0 0.9096217532467532 0.4577559523809524 0.01953125 0.026041666666666668
0 0.893185064935065 0.46911958874458876 0.01953125 0.026041666666666668
0 0.9275803571428571 0.45937932900432904 0.01953125 0.026041666666666668
0 0.9437126623376624 0.45937932900432904 0.01953125 0.026041666666666668
0 0.9482784090909091 0.4614085497835498 0.01953125 0.026041666666666668
0 0.9698896103896104 0.4630319264069264 0.01953125 0.026041666666666668
0 0.9701939935064935 0.4975286796536796 0.01953125 0.026041666666666668
0 0.9254496753246754 0.46059686147186146 0.01953125 0.026041666666666668
0 0.9342767857142857 0.4743955627705627 0.01953125 0.026041666666666668
0 0.9373206168831169 0.5385189393939395 0.01953125 0.026041666666666668
0 0.9455389610389611 0.5202559523809523 0.01953125 0.026041666666666668
0 0.8790819805194806 0.5044280303030303 0.01953125 0.026041666666666668
0 0.9953563311688312 0.5142321428571428 0.01953125 0.026041666666666668
0 0.997487012987013 0.4760827922077922 0.01953125 0.026041666666666668
