0 0.04935018148820325 0.9799456717173849 0.01953125 0.029069767441860465
0 0.05483348457350273 0.872943333474022 0.01953125 0.029069767441860465
0 0.030463248638838446 0.8448325496982232 0.01953125 0.029069767441860465
0 0.017059618874773128 0.8430189507449457 0.01953125 0.029069767441860465
0 0.032900272232304885 0.7586865994175497 0.01953125 0.029069767441860465
0 0.06275381125226862 0.7958653779597349 0.01953125 0.029069767441860465
0 0.11027577132486388 0.8466461486515005 0.01953125 0.029069767441860465
0 0.11088502722323049 0.779542987380239 0.01953125 0.029069767441860465
0 0.12002386569872958 0.8792909298104927 0.01953125 0.029069767441860465
0 0.14073856624319422 0.8874521251002406 0.01953125 0.029069767441860465
0 0.1888697822141561 0.9355124973620902 0.01953125 0.029069767441860465
0 0.176684664246824 0.9373260963153676 0.01953125 0.029069767441860465
0 0.21689555353902 0.985386468577217 0.01953125 0.029069767441860465
0 0.27538411978221417 0.9572756848014182 0.01953125 0.029069767441860465
0 0.31925054446460993 0.9083085130629301 0.01953125 0.029069767441860465
0 0.25954346642468246 0.8602481408010807 0.01953125 0.029069767441860465
0 0.21506778584392014 0.8448325496982232 0.01953125 0.029069767441860465
0 0.23578248638838478 0.7949585784830963 0.01953125 0.029069767441860465
0 0.24857686025408357 0.7940517790064576 0.01953125 0.029069767441860465
0 0.2315176950998186 0.7641273962773816 0.01953125 0.029069767441860465
0 0.21445852994555353 0.7351098130249442 0.01953125 0.029069767441860465
0 0.24065653357531766 0.7351098130249442 0.01953125 0.029069767441860465
0 0.24004727767695105 0.6933970370995652 0.01953125 0.029069767441860465
0 0.20044564428312164 0.6906766386696492 0.01953125 0.029069767441860465
0 0.1693735934664247 0.7523390030810789 0.01953125 0.029069767441860465
0 0.1663273139745917 0.7314826151183894 0.01953125 0.029069767441860465
0 0.159625499092559 0.7060922297725067 0.01953125 0.029069767441860465
0 0.11332205081669693 0.7042786308192294 0.01953125 0.029069767441860465
0 0.10601098003629766 0.6879562402397332 0.01953125 0.029069767441860465
0 0.07920372050816697 0.7097194276790614 0.01953125 0.029069767441860465
0 0.311330217785844 0.8430189507449457 0.01953125 0.029069767441860465
0 0.31498575317604366 0.7967721774363737 0.01953125 0.029069767441860465
0 0.30828393829401096 0.7668477947072976 0.01953125 0.029069767441860465
0 0.32351533575317615 0.7478050056978854 0.01953125 0.029069767441860465
0 0.35397813067150646 0.8738501329506607 0.01953125 0.029069767441860465
0 0.3606799455535391 0.8384849533617524 0.01953125 0.029069767441860465
0 0.36920952813067165 0.8003993753429284 0.01953125 0.029069767441860465
0 0.4008908348457351 0.8049333727261216 0.01953125 0.029069767441860465
0 0.4252610707803993 0.8049333727261216 0.01953125 0.029069767441860465
0 0.4502405626134302 0.6870494407630945 0.01953125 0.029069767441860465
0 0.48314038112522695 0.7224146203520028 0.01953125 0.029069767441860465
0 0.4788755898366607 0.6471502637909932 0.01953125 0.029069767441860465
0 0.49349773139745934 0.675261047566792 0.01953125 0.029069767441860465
0 0.4782663339382941 0.6326414721647745 0.01953125 0.029069767441860465
0 0.4350091651542651 0.6453366648377158 0.01953125 0.029069767441860465
0 0.4538960980036299 0.6290142742582198 0.01953125 0.029069767441860465
0 0.3880964609800364 0.7106262271557001 0.01953125 0.029069767441860465
0 0.3625077132486389 0.7151602245388935 0.01953125 0.029069767441860465
0 0.3545873865698731 0.7369234119782214 0.01953125 0.029069767441860465
0 0.3454485480943739 0.7224146203520028 0.01953125 0.029069767441860465
0 0.2979265880217786 0.7124398261089774 0.01953125 0.029069767441860465
0 0.29061551724137935 0.7414574093614148 0.01953125 0.029069767441860465
0 0.2948803085299456 0.6879562402397332 0.01953125 0.029069767441860465
0 0.314376497277677 0.699744633436036 0.01953125 0.029069767441860465
0 0.03229101633393827 0.699744633436036 0.01953125 0.029069767441860465
0 0.013404083484573495 0.6734474486135146 0.01953125 0.029069767441860465
0 0.038992831215970934 0.6525910606508252 0.01953125 0.029069767441860465
0 0.04995943738656986 0.6580318575106573 0.01953125 0.029069767441860465
0 0.06336306715063522 0.680701844426624 0.01953125 0.029069767441860465
0 0.030463248638838446 0.6281074747815811 0.01953125 0.029069767441860465
0 0.018278130671506347 0.638989068501245 0.01953125 0.029069767441860465
0 0.05117794918330308 0.619946279491833 0.01953125 0.029069767441860465
0 0.06397232304900183 0.6135986831553625 0.01953125 0.029069767441860465
0 0.0804222323049002 0.6462434643143545 0.01953125 0.029069767441860465
0 0.09565362976406534 0.6290142742582198 0.01953125 0.029069767441860465
0 0.11149428312159711 0.6580318575106573 0.01953125 0.029069767441860465
0 0.09382586206896551 0.6788882454733466 0.01953125 0.029069767441860465
0 0.12855344827586207 0.6525910606508252 0.01953125 0.029069767441860465
0 0.14500335753176044 0.6244802768750264 0.01953125 0.029069767441860465
0 0.1608440108892922 0.6643794538471279 0.01953125 0.029069767441860465
0 0.16267177858439202 0.636268670071329 0.01953125 0.029069767441860465
0 0.18155871143375682 0.6299210737348584 0.01953125 0.029069767441860465
0 0.20166415607985486 0.6290142742582198 0.01953125 0.029069767441860465
0 0.18338647912885667 0.6743542480901532 0.01953125 0.029069767441860465
0 0.2187233212341198 0.6480570632676318 0.01953125 0.029069767441860465
0 0.2321269509981852 0.6616590554172119 0.01953125 0.029069767441860465
0 0.24613983666061715 0.6643794538471279 0.01953125 0.029069767441860465
0 0.2747748638838476 0.6689134512303212 0.01953125 0.029069767441860465
0 0.20471043557168786 0.6589386569872958 0.01953125 0.029069767441860465
0 0.271119328493648 0.6353618705946904 0.01953125 0.029069767441860465
0 0.274165607985481 0.619946279491833 0.01953125 0.029069767441860465
0 0.2601527223230491 0.6117850842020851 0.01953125 0.029069767441860465
0 0.30219137931034495 0.6371754695479677 0.01953125 0.029069767441860465
0 0.2948803085299456 0.6217598784451104 0.01953125 0.029069767441860465
0 0.3162042649727768 0.6117850842020851 0.01953125 0.029069767441860465
0 0.340574500907441 0.6226666779217491 0.01953125 0.029069767441860465
0 0.3375282214156081 0.6072510868188916 0.01953125 0.029069767441860465
0 0.3740835753176044 0.6516842611741865 0.01953125 0.029069767441860465
0 0.38322241379310357 0.6426162664077997 0.01953125 0.029069767441860465
0 0.38261315789473693 0.6643794538471279 0.01953125 0.029069767441860465
0 0.39784455535390206 0.6580318575106573 0.01953125 0.029069767441860465
0 0.39906306715063533 0.6843290423331786 0.01953125 0.029069767441860465
0 0.4112481851179674 0.6707270501835986 0.01953125 0.029069767441860465
0 0.4100296733212342 0.636268670071329 0.01953125 0.029069767441860465
0 0.4240425589836662 0.633548271641413 0.01953125 0.029069767441860465
0 0.4471942831215972 0.6489638627442704 0.01953125 0.029069767441860465
0 0.36357391107078046 0.6054374878656144 0.01953125 0.029069767441860465
0 0.3772821687840291 0.6099714852488077 0.01953125 0.029069767441860465
0 0.3940367059891108 0.5877548980711603 0.01953125 0.029069767441860465
0 0.40987735934664254 0.5841277001646056 0.01953125 0.029069767441860465
0 0.41536066243194203 0.6040772886506564 0.01953125 0.029069767441860465
0 0.4375985027223231 0.5945558941459502 0.01953125 0.029069767441860465
0 0.449478992740472 0.588661697547799 0.01953125 0.029069767441860465
0 0.44886973684210535 0.6095180855104884 0.01953125 0.029069767441860465
0 0.4659289019963703 0.5841277001646056 0.01953125 0.029069767441860465
0 0.4689751814882034 0.6072510868188917 0.01953125 0.029069767441860465
0 0.47141220508166976 0.5723393069683028 0.01953125 0.029069767441860465
0 0.48633897459165165 0.5537499176972102 0.01953125 0.029069767441860465
0 0.4948685571687841 0.5560169163888069 0.01953125 0.029069767441860465
0 0.5186295372050818 0.5777801038281349 0.01953125 0.029069767441860465
0 0.5076629310344828 0.5700723082767062 0.01953125 0.029069767441860465
0 0.5335563067150636 0.5605509137720002 0.01953125 0.029069767441860465
0 0.5280730036297643 0.5650849111551935 0.01953125 0.029069767441860465
0 0.5152786297640655 0.5578305153420842 0.01953125 0.029069767441860465
0 0.5503108439201453 0.5546567171738489 0.01953125 0.029069767441860465
0 0.5551848911070781 0.588661697547799 0.01953125 0.029069767441860465
0 0.5463506805807623 0.6176792808002364 0.01953125 0.029069767441860465
0 0.5332516787658803 0.6276540750432618 0.01953125 0.029069767441860465
0 0.5332516787658803 0.6031704891740176 0.01953125 0.029069767441860465
0 0.5104045825771325 0.6231200776600684 0.01953125 0.029069767441860465
0 0.5122323502722324 0.6326414721647745 0.01953125 0.029069767441860465
0 0.5116230943738658 0.6485104630059512 0.01953125 0.029069767441860465
0 0.5052259074410164 0.667099852277044 0.01953125 0.029069767441860465
0 0.5195434210526317 0.6933970370995652 0.01953125 0.029069767441860465
0 0.5326424228675137 0.6525910606508252 0.01953125 0.029069767441860465
0 0.5454367967332124 0.694303836576204 0.01953125 0.029069767441860465
0 0.564019101633394 0.6974776347444394 0.01953125 0.029069767441860465
0 0.5061397912885663 0.7400972101464568 0.01953125 0.029069767441860465
0 0.5594496823956444 0.641709466931161 0.01953125 0.029069767441860465
0 0.5661514972776771 0.615865681846959 0.01953125 0.029069767441860465
0 0.5603635662431944 0.5619111129869583 0.01953125 0.029069767441860465
0 0.41170512704174234 0.5560169163888069 0.01953125 0.029069767441860465
0 0.4211485934664247 0.5478557210990588 0.01953125 0.029069767441860465
0 0.4339429673321235 0.5478557210990588 0.01953125 0.029069767441860465
0 0.44856510889292206 0.5460421221457815 0.01953125 0.029069767441860465
0 0.45892245916515434 0.5619111129869583 0.01953125 0.029069767441860465
0 0.3772821687840291 0.5664451103701515 0.01953125 0.029069767441860465
0 0.395255217785844 0.5460421221457815 0.01953125 0.029069767441860465
0 0.3964737295825772 0.5650849111551935 0.01953125 0.029069767441860465
0 0.3797191923774956 0.5428683239775461 0.01953125 0.029069767441860465
0 0.3516934210526316 0.581860701473009 0.01953125 0.029069767441860465
0 0.32701855716878403 0.6031704891740176 0.01953125 0.029069767441860465
0 0.3422499546279492 0.5746063056598996 0.01953125 0.029069767441860465
0 0.3297602087114338 0.5650849111551935 0.01953125 0.029069767441860465
0 0.3355481397459165 0.5483091208373781 0.01953125 0.029069767441860465
0 0.3468193738656988 0.5528431182205715 0.01953125 0.029069767441860465
0 0.534774818511797 0.8017595745578863 0.01953125 0.029069767441860465
0 0.6078855263157897 0.7509788038661208 0.01953125 0.029069767441860465
0 0.614282713248639 0.7332962140716668 0.01953125 0.029069767441860465
0 0.6322557622504539 0.7364700122399022 0.01953125 0.029069767441860465
0 0.6566259981851182 0.7731953910437683 0.01953125 0.029069767441860465
0 0.701710934664247 0.8860919258852827 0.01953125 0.029069767441860465
0 0.6925720961887479 0.7024650318659519 0.01953125 0.029069767441860465
0 0.6752083030852997 0.6920368378846073 0.01953125 0.029069767441860465
0 0.6499241833030855 0.7006514329126745 0.01953125 0.029069767441860465
0 0.6682018602540837 0.6231200776600683 0.01953125 0.029069767441860465
0 0.6764268148820329 0.630827873211497 0.01953125 0.029069767441860465
0 0.6974461433756809 0.6276540750432617 0.01953125 0.029069767441860465
0 0.7053664700544466 0.6589386569872958 0.01953125 0.029069767441860465
0 0.7221210072595284 0.6675532520153631 0.01953125 0.029069767441860465
0 0.7142006805807625 0.6843290423331786 0.01953125 0.029069767441860465
0 0.7181608439201455 0.7464448064829274 0.01953125 0.029069767441860465
0 0.7501467785843923 0.7142534250622546 0.01953125 0.029069767441860465
0 0.7605041288566246 0.7124398261089773 0.01953125 0.029069767441860465
0 0.7690337114337571 0.6612056556788924 0.01953125 0.029069767441860465
0 0.780000317604356 0.7328428143333473 0.01953125 0.029069767441860465
0 0.7909669237749549 0.739190410669818 0.01953125 0.029069767441860465
0 0.7994965063520874 0.7237748195669607 0.01953125 0.029069767441860465
0 0.8119862522686028 0.6911300384079686 0.01953125 0.029069767441860465
0 0.8287407894736846 0.8117343688009115 0.01953125 0.029069767441860465
0 0.8695609346642472 0.8008527750812476 0.01953125 0.029069767441860465
0 0.8570711887477317 0.7319360148567087 0.01953125 0.029069767441860465
0 0.8698655626134304 0.7074524289874645 0.01953125 0.029069767441860465
0 0.8476277223230493 0.7074524289874645 0.01953125 0.029069767441860465
0 0.8604220961887481 0.6675532520153631 0.01953125 0.029069767441860465
0 0.8738257259528135 0.6548580593424217 0.01953125 0.029069767441860465
0 0.8869247277676954 0.6675532520153631 0.01953125 0.029069767441860465
0 0.8092446007259531 0.6276540750432617 0.01953125 0.029069767441860465
0 0.7821327132486391 0.6326414721647743 0.01953125 0.029069767441860465
0 0.9593794010889293 0.8294169585953658 0.01953125 0.029069767441860465
0 0.978266333938294 0.836671354408475 0.01953125 0.029069767441860465
0 0.9740015426497279 0.7396438104081374 0.01953125 0.029069767441860465
0 0.9471942831215973 0.7478050056978854 0.01953125 0.029069767441860465
0 0.9270888384754992 0.7532458025577176 0.01953125 0.029069767441860465
0 0.959988656987296 0.7088126282024227 0.01953125 0.029069767441860465
0 0.9965440108892923 0.7206010213987253 0.01953125 0.029069767441860465
0 0.902718602540835 0.7042786308192294 0.01953125 0.029069767441860465
0 0.576614382940109 0.7142534250622546 0.01953125 0.029069767441860465
0 0.5955013157894737 0.6657396530620858 0.01953125 0.029069767441860465
0 0.618957667876588 0.6680066517536825 0.01953125 0.029069767441860465
0 0.6210900635208711 0.6466968640526738 0.01953125 0.029069767441860465
0 0.6000707350272233 0.6367220698096484 0.01953125 0.029069767441860465
0 0.5973290834845735 0.6149588823703204 0.01953125 0.029069767441860465
0 0.6101234573502723 0.6086112860338496 0.01953125 0.029069767441860465
0 0.6186530399274047 0.6113316844637656 0.01953125 0.029069767441860465
0 0.629924274047187 0.6004500907441016 0.01953125 0.029069767441860465
0 0.643937159709619 0.6135986831553623 0.01953125 0.029069767441860465
0 0.6591685571687841 0.6067976870805722 0.01953125 0.029069767441860465
0 0.653075998185118 0.6231200776600684 0.01953125 0.029069767441860465
0 0.6823202813067152 0.6036238889123369 0.01953125 0.029069767441860465
0 0.7109553085299456 0.6018102899590596 0.01953125 0.029069767441860465
0 0.7042534936479129 0.5714325074916643 0.01953125 0.029069767441860465
0 0.7255774500907441 0.5714325074916643 0.01953125 0.029069767441860465
0 0.6448510435571689 0.5882082978094796 0.01953125 0.029069767441860465
0 0.6460695553539021 0.5732461064449415 0.01953125 0.029069767441860465
0 0.6183484119782214 0.5859412991178828 0.01953125 0.029069767441860465
0 0.6055540381125227 0.5841277001646056 0.01953125 0.029069767441860465
0 0.5964151996370236 0.5859412991178828 0.01953125 0.029069767441860465
0 0.5689986842105264 0.5891150972861182 0.01953125 0.029069767441860465
0 0.5808791742286752 0.5637247119402354 0.01953125 0.029069767441860465
0 0.6015938747731397 0.5659917106318322 0.01953125 0.029069767441860465
0 0.5970244555353902 0.5623645127252774 0.01953125 0.029069767441860465
0 0.6064679219600727 0.5555635166504874 0.01953125 0.029069767441860465
0 0.7532985934664248 0.6149588823703205 0.01953125 0.029069767441860465
0 0.7490338021778586 0.6222132781834299 0.01953125 0.029069767441860465
0 0.8069131125226863 0.5655383108935129 0.01953125 0.029069767441860465
0 0.7892446914700547 0.5655383108935129 0.01953125 0.029069767441860465
0 0.8053899727767697 0.5936490946693116 0.01953125 0.029069767441860465
0 0.8163565789473687 0.6040772886506564 0.01953125 0.029069767441860465
0 0.8361573956442834 0.596822892837547 0.01953125 0.029069767441860465
0 0.8434684664246827 0.5764199046131769 0.01953125 0.029069767441860465
0 0.8358527676951001 0.5619111129869583 0.01953125 0.029069767441860465
0 0.8163565789473687 0.5759665048748576 0.01953125 0.029069767441860465
0 0.8544350725952816 0.5859412991178831 0.01953125 0.029069767441860465
0 0.8666201905626136 0.6018102899590597 0.01953125 0.029069767441860465
0 0.8711896098003632 0.6290142742582198 0.01953125 0.029069767441860465
0 0.8946459618874775 0.6253870763516652 0.01953125 0.029069767441860465
0 0.8909904264972779 0.5977296923141856 0.01953125 0.029069767441860465
0 0.9260226406533579 0.6126918836787237 0.01953125 0.029069767441860465
0 0.9299828039927408 0.5823141012113283 0.01953125 0.029069767441860465
0 0.9120097549909258 0.5641781116785549 0.01953125 0.029069767441860465
0 0.9299828039927408 0.5619111129869583 0.01953125 0.029069767441860465
0 0.9366846188747736 0.6040772886506564 0.01953125 0.029069767441860465
0 0.8688551270417424 0.5555635166504874 0.01953125 0.029069767441860465
0 0.855451497277677 0.5474023213607393 0.01953125 0.029069767441860465
0 0.8417432395644283 0.5410547250242687 0.01953125 0.029069767441860465
0 0.8460080308529945 0.5165711391550246 0.01953125 0.029069767441860465
0 0.8344321687840291 0.5088633436035959 0.01953125 0.029069767441860465
0 0.8228563067150636 0.525185734183092 0.01953125 0.029069767441860465
0 0.8155452359346642 0.5328935297345208 0.01953125 0.029069767441860465
0 0.7954397912885662 0.5383343265943528 0.01953125 0.029069767441860465
0 0.7975721869328494 0.5247323344447726 0.01953125 0.029069767441860465
0 0.8045786297640654 0.5188381378466214 0.01953125 0.029069767441860465
0 0.8192007713248639 0.5079565441269572 0.01953125 0.029069767441860465
0 0.8097573049001815 0.507503144388638 0.01953125 0.029069767441860465
0 0.7969629310344828 0.507503144388638 0.01953125 0.029069767441860465
0 0.7859963248638838 0.5120371417718312 0.01953125 0.029069767441860465
0 0.7762482304900182 0.5201983370615793 0.01953125 0.029069767441860465
0 0.7668047640653357 0.5324401299962013 0.01953125 0.029069767441860465
0 0.7652816243194193 0.5056895454353606 0.01953125 0.029069767441860465
0 0.7890426043557169 0.49843514962225116 0.01953125 0.029069767441860465
0 0.7555335299455536 0.5038759464820832 0.01953125 0.029069767441860465
0 0.7515733666061706 0.534707128687798 0.01953125 0.029069767441860465
0 0.8810402450090744 0.5247323344447726 0.01953125 0.029069767441860465
0 0.8862189201451905 0.5478557210990587 0.01953125 0.029069767441860465
0 0.9054104809437388 0.5424149242392268 0.01953125 0.029069767441860465
0 0.9175955989110708 0.5646315114168741 0.01953125 0.029069767441860465
0 0.8627625680580763 0.542868323977546 0.01953125 0.029069767441860465
0 0.9413565789473686 0.5038759464820832 0.01953125 0.029069767441860465
0 0.9249066696914701 0.5315333305195626 0.01953125 0.029069767441860465
0 0.959025 0.5238255349681339 0.01953125 0.029069767441860465
0 0.9706008620689657 0.5437751234541847 0.01953125 0.029069767441860465
0 0.9843091197822141 0.5351605284261174 0.01953125 0.029069767441860465
0 0.9702962341197823 0.5315333305195626 0.01953125 0.029069767441860465
0 0.986136887477314 0.5904752965010762 0.01953125 0.029069767441860465
0 0.9858322595281309 0.632188072426455 0.01953125 0.029069767441860465
0 0.9974081215970962 0.5836743004262862 0.01953125 0.029069767441860465
0 0.8195053992740472 0.48528655721099057 0.01953125 0.029069767441860465
0 0.8137174682395644 0.46397676950998173 0.01953125 0.029069767441860465
0 0.8225516787658802 0.4635233697716624 0.01953125 0.029069767441860465
0 0.8255979582577133 0.44629417971552765 0.01953125 0.029069767441860465
0 0.8310812613430127 0.47485836322964575 0.01953125 0.029069767441860465
0 0.8408293557168786 0.449467977883763 0.01953125 0.029069767441860465
0 0.8457034029038112 0.4449339805005696 0.01953125 0.029069767441860465
0 0.8615440562613431 0.45264177605199835 0.01953125 0.029069767441860465
0 0.869464382940109 0.44629417971552765 0.01953125 0.029069767441860465
0 0.8792124773139746 0.4417601823323343 0.01953125 0.029069767441860465
0 0.8715967785843921 0.4558155742202337 0.01953125 0.029069767441860465
0 0.8572792649727768 0.47304476427636843 0.01953125 0.029069767441860465
0 0.8682458711433758 0.4821127590427552 0.01953125 0.029069767441860465
0 0.8807356170598911 0.4771253619212425 0.01953125 0.029069767441860465
0 0.8871328039927405 0.4725913645380491 0.01953125 0.029069767441860465
0 0.8828680127041743 0.4589893723884691 0.01953125 0.029069767441860465
0 0.8929207350272232 0.45082817709872103 0.01953125 0.029069767441860465
0 0.8232370916515427 0.50614294517368 0.01953125 0.029069767441860465
0 0.8983278811252269 0.5213318364073776 0.01953125 0.029069767441860465
0 0.9025926724137932 0.5274527328746886 0.01953125 0.029069767441860465
0 0.9106653130671506 0.46873746676233474 0.01953125 0.029069767441860465
0 0.8963477994555353 0.4458407799772084 0.01953125 0.029069767441860465
0 0.9238155852994556 0.45830927278099015 0.01953125 0.029069767441860465
0 0.9174183983666062 0.4635233697716625 0.01953125 0.029069767441860465
0 0.9302127722323048 0.4725913645380492 0.01953125 0.029069767441860465
0 0.9321928539019965 0.48120595956611656 0.01953125 0.029069767441860465
0 0.9532121823956443 0.49050065420166294 0.01953125 0.029069767441860465
0 0.9474242513611615 0.46148307094922547 0.01953125 0.029069767441860465
0 0.9321928539019965 0.45196167644451946 0.01953125 0.029069767441860465
0 0.9385900408348459 0.4422135820706537 0.01953125 0.029069767441860465
0 0.942397890199637 0.4465208795846874 0.01953125 0.029069767441860465
0 0.9481858212341199 0.44720097919216645 0.01953125 0.029069767441860465
0 0.9593047413793103 0.433825686911746 0.01953125 0.029069767441860465
0 0.9678343239564429 0.45196167644451946 0.01953125 0.029069767441860465
0 0.970880603448276 0.4635233697716625 0.01953125 0.029069767441860465
0 0.9771254764065336 0.4589893723884691 0.01953125 0.029069767441860465
0 0.9833703493647913 0.4605762714725868 0.01953125 0.029069767441860465
0 0.9794101860254083 0.42657129109863673 0.01953125 0.029069767441860465
0 0.9963170372050816 0.4968482505381336 0.01953125 0.029069767441860465
0 0.9935753856624321 0.5131706411176297 0.01953125 0.029069767441860465
0 0.9944892695099818 0.4825661587810746 0.01953125 0.029069767441860465
0 0.9954031533575319 0.4598961718651078 0.01953125 0.029069767441860465
0 0.99707860707804 0.47576516270628455 0.01953125 0.029069767441860465
0 0.9952508393829401 0.41636979698645155 0.01953125 0.029069767441860465
0 0.9657019283121597 0.4610296712109061 0.01953125 0.029069767441860465
0 0.7788873411978223 0.4907273540708227 0.01953125 0.029069767441860465
0 0.7910724591651545 0.48846035537922594 0.01953125 0.029069767441860465
0 0.7219219147005446 0.5319867302578821 0.01953125 0.029069767441860465
0 0.7386764519056263 0.5478557210990589 0.01953125 0.029069767441860465
0 0.7465967785843921 0.5342537289494789 0.01953125 0.029069767441860465
0 0.7039488656987297 0.5401479255476301 0.01953125 0.029069767441860465
0 0.7085182849364792 0.5265459333980501 0.01953125 0.029069767441860465
0 0.7179617513611617 0.5174779386316635 0.01953125 0.029069767441860465
0 0.7024257259528132 0.5011555480521673 0.01953125 0.029069767441860465
0 0.7100414246823957 0.5129439412484701 0.01953125 0.029069767441860465
0 0.7322792649727768 0.5138507407251087 0.01953125 0.029069767441860465
0 0.7249681941923777 0.5097701430802347 0.01953125 0.029069767441860465
0 0.7258820780399275 0.5011555480521673 0.01953125 0.029069767441860465
0 0.7255774500907443 0.48528655721099057 0.01953125 0.029069767441860465
0 0.7197895190562615 0.48573995694930994 0.01953125 0.029069767441860465
0 0.7432458711433758 0.48619335668762925 0.01953125 0.029069767441860465
0 0.7465967785843921 0.49526135145401595 0.01953125 0.029069767441860465
0 0.7408088475499094 0.5106769425568733 0.01953125 0.029069767441860465
0 0.7459875226860255 0.5183847381083021 0.01953125 0.029069767441860465
0 0.7651790834845738 0.47168456506141054 0.01953125 0.029069767441860465
0 0.7822382486388387 0.4462941797155278 0.01953125 0.029069767441860465
0 0.76852999092559 0.44720097919216645 0.01953125 0.029069767441860465
0 0.7898539473684212 0.4589893723884691 0.01953125 0.029069767441860465
0 0.7932048548094376 0.43405238678090563 0.01953125 0.029069767441860465
0 0.7977742740471871 0.41954359515468703 0.01953125 0.029069767441860465
0 0.8142241833030855 0.4218105938462838 0.01953125 0.029069767441860465
0 0.8270185571687843 0.40639500274342627 0.01953125 0.029069767441860465
0 0.8139195553539021 0.396420208500401 0.01953125 0.029069767441860465
0 0.8178797186932851 0.3909794116405689 0.01953125 0.029069767441860465
0 0.8285416969147007 0.3918862111172076 0.01953125 0.029069767441860465
0 0.8614415154264975 0.3823648166125015 0.01953125 0.029069767441860465
0 0.8577859800362978 0.38417841556577886 0.01953125 0.029069767441860465
0 0.7801058529945556 0.43405238678090563 0.01953125 0.029069767441860465
0 0.774622549909256 0.38871241294897224 0.01953125 0.029069767441860465
0 0.7350209165154267 0.43042518887435105 0.01953125 0.029069767441860465
0 0.7334977767695101 0.44810777866880513 0.01953125 0.029069767441860465
0 0.751470825771325 0.4476543789304858 0.01953125 0.029069767441860465
0 0.7493384301270418 0.46805736715485585 0.01953125 0.029069767441860465
0 0.49101392921960046 0.5319867302578823 0.01953125 0.029069767441860465
0 0.4867491379310342 0.5056895454353609 0.01953125 0.029069767441860465
0 0.49832499999999974 0.5070497446503189 0.01953125 0.029069767441860465
0 0.5162980490018146 0.5406013252859497 0.01953125 0.029069767441860465
0 0.5156887931034481 0.524732334444773 0.01953125 0.029069767441860465
0 0.5062453266787655 0.5120371417718316 0.01953125 0.029069767441860465
0 0.5278739110707801 0.4839263579960328 0.01953125 0.029069767441860465
0 0.5156887931034481 0.5056895454353609 0.01953125 0.029069767441860465
0 0.5214767241379308 0.5120371417718316 0.01953125 0.029069767441860465
0 0.5297016787658799 0.5093167433419156 0.01953125 0.029069767441860465
0 0.5348803539019962 0.513850740725109 0.01953125 0.029069767441860465
0 0.5443238203266786 0.5047827459587222 0.01953125 0.029069767441860465
0 0.5531580308529943 0.48846035537922616 0.01953125 0.029069767441860465
0 0.5613829854809436 0.4948079517156968 0.01953125 0.029069767441860465
0 0.5665616606170597 0.4970749504072935 0.01953125 0.029069767441860465
0 0.5766143829401087 0.5061429451736803 0.01953125 0.029069767441860465
0 0.5842300816696914 0.4898205545941842 0.01953125 0.029069767441860465
0 0.6040308983666061 0.4499213776220827 0.01953125 0.029069767441860465
0 0.6137789927404718 0.49163415354746154 0.01953125 0.029069767441860465
0 0.6247455989110707 0.49072735407082285 0.01953125 0.029069767441860465
0 0.6332751814882032 0.48800695564090685 0.01953125 0.029069767441860465
0 0.641195508166969 0.5038759464820836 0.01953125 0.029069767441860465
0 0.6424140199637023 0.5120371417718316 0.01953125 0.029069767441860465
0 0.653075998185118 0.513850740725109 0.01953125 0.029069767441860465
0 0.6603870689655172 0.5029691470054449 0.01953125 0.029069767441860465
0 0.6719629310344828 0.48211275904275547 0.01953125 0.029069767441860465
0 0.6847573049001815 0.45808257291183074 0.01953125 0.029069767441860465
0 0.6789693738656988 0.4929943527624196 0.01953125 0.029069767441860465
0 0.6823202813067151 0.5061429451736803 0.01953125 0.029069767441860465
0 0.6923730036297641 0.4948079517156968 0.01953125 0.029069767441860465
0 0.6926776315789474 0.5129439412484702 0.01953125 0.029069767441860465
0 0.6868897005444645 0.5233721352298151 0.01953125 0.029069767441860465
0 0.6753138384754991 0.5528431182205717 0.01953125 0.029069767441860465
0 0.6923730036297641 0.5555635166504879 0.01953125 0.029069767441860465
0 0.6582546733212341 0.5514829190056137 0.01953125 0.029069767441860465
0 0.660082441016334 0.5460421221457817 0.01953125 0.029069767441860465
0 0.6555130217785844 0.5347071286877983 0.01953125 0.029069767441860465
0 0.6686120235934665 0.5310799307812437 0.01953125 0.029069767441860465
0 0.6664796279491834 0.5161177394167056 0.01953125 0.029069767441860465
0 0.6402816243194192 0.5233721352298151 0.01953125 0.029069767441860465
0 0.636016833030853 0.531533330519563 0.01953125 0.029069767441860465
0 0.6299242740471869 0.5342537289494791 0.01953125 0.029069767441860465
0 0.6207854355716879 0.5492159203140171 0.01953125 0.029069767441860465
0 0.5446284482758619 0.541054725024269 0.01953125 0.029069767441860465
0 0.5287877949183301 0.5360673279027565 0.01953125 0.029069767441860465
0 0.5336618421052629 0.528812932089647 0.01953125 0.029069767441860465
0 0.5431053085299453 0.5233721352298151 0.01953125 0.029069767441860465
0 0.5510256352087112 0.5283595323513276 0.01953125 0.029069767441860465
0 0.570826451905626 0.5351605284261177 0.01953125 0.029069767441860465
0 0.5781375226860254 0.530173131304605 0.01953125 0.029069767441860465
0 0.5863624773139745 0.5120371417718316 0.01953125 0.029069767441860465
0 0.5936735480943737 0.5351605284261177 0.01953125 0.029069767441860465
0 0.6000707350272231 0.5233721352298151 0.01953125 0.029069767441860465
0 0.6082956896551723 0.515210939940067 0.01953125 0.029069767441860465
0 0.611037341197822 0.5374275271177144 0.01953125 0.029069767441860465
0 0.618957667876588 0.5251857341830923 0.01953125 0.029069767441860465
0 0.30336311252268566 0.5832209006879673 0.01953125 0.029069767441860465
0 0.31006492740471836 0.5709791077533451 0.01953125 0.029069767441860465
0 0.31828988203266756 0.593649094669312 0.01953125 0.029069767441860465
0 0.3249916969147002 0.5791403030430933 0.01953125 0.029069767441860465
0 0.3146343466424679 0.5455887224074624 0.01953125 0.029069767441860465
0 0.3155482304900178 0.5233721352298151 0.01953125 0.029069767441860465
0 0.3243824410163336 0.5170245388933443 0.01953125 0.029069767441860465
0 0.32956111615244976 0.5038759464820836 0.01953125 0.029069767441860465
0 0.3411369782214153 0.4771253619212427 0.01953125 0.029069767441860465
0 0.3463156533575315 0.49616815093065486 0.01953125 0.029069767441860465
0 0.3499711887477311 0.5093167433419156 0.01953125 0.029069767441860465
0 0.34357400181488174 0.531533330519563 0.01953125 0.029069767441860465
0 0.36002391107078013 0.5328935297345211 0.01953125 0.029069767441860465
0 0.36215630671506327 0.515210939940067 0.01953125 0.029069767441860465
0 0.38683117059891087 0.5265459333980504 0.01953125 0.029069767441860465
0 0.37708307622504517 0.5088633436035962 0.01953125 0.029069767441860465
0 0.3907913339382938 0.5097701430802348 0.01953125 0.029069767441860465
0 0.3932283575317602 0.4802991600894781 0.01953125 0.029069767441860465
0 0.39109596188747714 0.4644301692483014 0.01953125 0.029069767441860465
0 0.36885812159709597 0.48664675642594885 0.01953125 0.029069767441860465
0 0.3496665607985478 0.4793923606128394 0.01953125 0.029069767441860465
0 0.3703812613430124 0.4707777655847721 0.01953125 0.029069767441860465
0 0.41698933756805795 0.49390115223905817 0.01953125 0.029069767441860465
0 0.41181066243194175 0.5170245388933443 0.01953125 0.029069767441860465
0 0.40328107985480927 0.5011555480521676 0.01953125 0.029069767441860465
0 0.41302917422867497 0.48664675642594885 0.01953125 0.029069767441860465
0 0.42216801270417403 0.4807525598277974 0.01953125 0.029069767441860465
0 0.43130685117967316 0.46896416663149476 0.01953125 0.029069767441860465
0 0.4422734573502721 0.4807525598277974 0.01953125 0.029069767441860465
0 0.47304088021778573 0.4712311653230914 0.01953125 0.029069767441860465
0 0.4696899727767694 0.47803216139788135 0.01953125 0.029069767441860465
0 0.4855306261343012 0.468057367154856 0.01953125 0.029069767441860465
0 0.4946694646098004 0.45853597265015006 0.01953125 0.029069767441860465
0 0.5025897912885662 0.46851076689317533 0.01953125 0.029069767441860465
0 0.5111193738656987 0.4802991600894781 0.01953125 0.029069767441860465
0 0.47395476406533565 0.5029691470054449 0.01953125 0.029069767441860465
0 0.45720022686025397 0.5120371417718316 0.01953125 0.029069767441860465
0 0.4517169237749546 0.5034225467437642 0.01953125 0.029069767441860465
0 0.44166420145190555 0.5016089477904869 0.01953125 0.029069767441860465
0 0.43648552631578935 0.5238255349681343 0.01953125 0.029069767441860465
0 0.4270420598911069 0.5328935297345211 0.01953125 0.029069767441860465
0 0.416075453720508 0.541054725024269 0.01953125 0.029069767441860465
0 0.45720022686025397 0.530173131304605 0.01953125 0.029069767441860465
0 0.44471048094373855 0.5297197315662857 0.01953125 0.029069767441860465
0 0.4651205535390199 0.5347071286877983 0.01953125 0.029069767441860465
0 0.47517327586206887 0.5378809268560337 0.01953125 0.029069767441860465
0 0.47395476406533565 0.5265459333980504 0.01953125 0.029069767441860465
0 0.4849213702359346 0.5360673279027565 0.01953125 0.029069767441860465
0 0.47273625226860244 0.5143041404634282 0.01953125 0.029069767441860465
0 0.46908071687840275 0.5555635166504879 0.01953125 0.029069767441860465
0 0.3112834392014516 0.5120371417718316 0.01953125 0.029069767441860465
0 0.47943806715063514 0.453095175790318 0.01953125 0.029069767441860465
0 0.4907093012704174 0.4521883763136793 0.01953125 0.029069767441860465
0 0.012185571687840275 0.6013568902207403 0.01953125 0.029069767441860465
0 0.07387273139745917 0.5700723082767062 0.01953125 0.029069767441860465
0 0.0854485934664247 0.5859412991178828 0.01953125 0.029069767441860465
0 0.03944977313974592 0.5501227197906554 0.01953125 0.029069767441860465
0 0.05985984573502722 0.5188381378466214 0.01953125 0.029069767441860465
0 0.05315803085299456 0.5124905415101506 0.01953125 0.029069767441860465
0 0.04706547186932849 0.5315333305195626 0.01953125 0.029069767441860465
0 0.05315803085299456 0.534707128687798 0.01953125 0.029069767441860465
0 0.061078357531760434 0.5406013252859494 0.01953125 0.029069767441860465
0 0.05376728675136117 0.5628179124635968 0.01953125 0.029069767441860465
0 0.037622005444646084 0.588661697547799 0.01953125 0.029069767441860465
0 0.03244333030852994 0.6018102899590596 0.01953125 0.029069767441860465
0 0.041582168784029046 0.6072510868188916 0.01953125 0.029069767441860465
0 0.11286510889292199 0.5818607014730088 0.01953125 0.029069767441860465
0 0.09123652450090745 0.5714325074916642 0.01953125 0.029069767441860465
0 0.1034216424682396 0.5818607014730088 0.01953125 0.029069767441860465
0 0.1037262704174229 0.5428683239775461 0.01953125 0.029069767441860465
0 0.08057454627949186 0.5288129320896467 0.01953125 0.029069767441860465
0 0.08758098911070783 0.538787726332672 0.01953125 0.029069767441860465
0 0.08179305807622506 0.5564703161271262 0.01953125 0.029069767441860465
0 0.07143570780399275 0.5360673279027561 0.01953125 0.029069767441860465
0 0.08209768602540836 0.5451353226691428 0.01953125 0.029069767441860465
0 0.11256048094373869 0.5269993331363694 0.01953125 0.029069767441860465
0 0.12139469147005448 0.538787726332672 0.01953125 0.029069767441860465
0 0.12474559891107079 0.5052361456970412 0.01953125 0.029069767441860465
0 0.1253548548094374 0.548309120837378 0.01953125 0.029069767441860465
0 0.11560676043557169 0.5596441142953614 0.01953125 0.029069767441860465
0 0.12200394736842109 0.5859412991178828 0.01953125 0.029069767441860465
0 0.12961964609800367 0.5850344996412442 0.01953125 0.029069767441860465
0 0.1335798094373866 0.598183092052505 0.01953125 0.029069767441860465
0 0.11865303992740474 0.6235734773983878 0.01953125 0.029069767441860465
0 0.150029718693285 0.6072510868188916 0.01953125 0.029069767441860465
0 0.14759269509981857 0.5904752965010762 0.01953125 0.029069767441860465
0 0.15398988203266792 0.5854878993795636 0.01953125 0.029069767441860465
0 0.14058625226860258 0.5673519098467902 0.01953125 0.029069767441860465
0 0.150029718693285 0.5755131051365382 0.01953125 0.029069767441860465
0 0.14058625226860258 0.5474023213607394 0.01953125 0.029069767441860465
0 0.14759269509981857 0.5396945258093108 0.01953125 0.029069767441860465
0 0.15795004537205087 0.50614294517368 0.01953125 0.029069767441860465
0 0.1710490471869329 0.5052361456970412 0.01953125 0.029069767441860465
0 0.18932672413793109 0.5011555480521672 0.01953125 0.029069767441860465
0 0.21278307622504541 0.49344775250073863 0.01953125 0.029069767441860465
0 0.2152200998185118 0.47984576035115845 0.01953125 0.029069767441860465
0 0.21430621597096194 0.4712311653230912 0.01953125 0.029069767441860465
0 0.2222265426497278 0.4766719621829231 0.01953125 0.029069767441860465
0 0.2286237295825772 0.4716845650614105 0.01953125 0.029069767441860465
0 0.23806719600725965 0.47032436584645243 0.01953125 0.029069767441860465
0 0.2584772686025409 0.4775787616595618 0.01953125 0.029069767441860465
0 0.25268933756805817 0.4916341535474613 0.01953125 0.029069767441860465
0 0.2401995916515427 0.4966215506689739 0.01953125 0.029069767441860465
0 0.23502091651542661 0.5052361456970412 0.01953125 0.029069767441860465
0 0.23258389292196016 0.5206517367998987 0.01953125 0.029069767441860465
0 0.24294124319419244 0.5383343265943528 0.01953125 0.029069767441860465
0 0.2529939655172415 0.5437751234541848 0.01953125 0.029069767441860465
0 0.26243743194192387 0.5056895454353606 0.01953125 0.029069767441860465
0 0.19846556261343018 0.5269993331363694 0.01953125 0.029069767441860465
0 0.18902209618874774 0.5338003292111594 0.01953125 0.029069767441860465
0 0.16556574410163347 0.5419615245009074 0.01953125 0.029069767441860465
0 0.16069169691470062 0.5596441142953614 0.01953125 0.029069767441860465
0 0.17013516333938297 0.5673519098467902 0.01953125 0.029069767441860465
0 0.16678425589836665 0.5863946988562022 0.01953125 0.029069767441860465
0 0.1594731851179674 0.6072510868188916 0.01953125 0.029069767441860465
0 0.18110176950998189 0.592742295192673 0.01953125 0.029069767441860465
0 0.18841284029038116 0.6018102899590596 0.01953125 0.029069767441860465
0 0.19724705081669697 0.5650849111551935 0.01953125 0.029069767441860465
0 0.180187885662432 0.5573771156037648 0.01953125 0.029069767441860465
0 0.18445267695099823 0.5668985101084708 0.01953125 0.029069767441860465
0 0.20394886569872966 0.5605509137720002 0.01953125 0.029069767441860465
0 0.2170478675136117 0.5523897184822522 0.01953125 0.029069767441860465
0 0.21308770417422876 0.5369741273793948 0.01953125 0.029069767441860465
0 0.2176571234119783 0.5628179124635968 0.01953125 0.029069767441860465
0 0.227405217785844 0.5727927067066222 0.01953125 0.029069767441860465
0 0.22374968239564433 0.6058908876039336 0.01953125 0.029069767441860465
0 0.24903380217785853 0.602263689697379 0.01953125 0.029069767441860465
0 0.2508615698729584 0.5809539019963702 0.01953125 0.029069767441860465
0 0.26944387477313986 0.5664451103701515 0.01953125 0.029069767441860465
0 0.26274205989110716 0.5736995061832608 0.01953125 0.029069767441860465
0 0.2727947822141562 0.5850344996412442 0.01953125 0.029069767441860465
0 0.28335721415607995 0.5691655088000674 0.01953125 0.029069767441860465
0 0.2848803539019965 0.5505761195289747 0.01953125 0.029069767441860465
0 0.30254877495462806 0.5605509137720001 0.01953125 0.029069767441860465
0 0.3040719147005446 0.5424149242392268 0.01953125 0.029069767441860465
0 0.29127754083484586 0.556470316127126 0.01953125 0.029069767441860465
0 0.28335721415607995 0.5895684970244375 0.01953125 0.029069767441860465
0 0.28244333030853 0.6108782847254464 0.01953125 0.029069767441860465
0 0.2991978675136117 0.6009034904824209 0.01953125 0.029069767441860465
0 0.2797016787658803 0.48347295825771314 0.01953125 0.029069767441860465
0 0.27178135208711446 0.4957147511923351 0.01953125 0.029069767441860465
0 0.29615158802177866 0.49843514962225116 0.01953125 0.029069767441860465
0 0.30285340290381135 0.5124905415101505 0.01953125 0.029069767441860465
0 0.29737009981851187 0.5274527328746886 0.01953125 0.029069767441860465
0 0.2851849818511798 0.5224653357531759 0.01953125 0.029069767441860465
0 0.26873507259528145 0.542868323977546 0.01953125 0.029069767441860465
0 0.20872336660617072 0.5800471025197315 0.01953125 0.029069767441860465
0 0.2955423321234121 0.5700723082767061 0.01953125 0.029069767441860465
0 0.007970553539019933 0.5786869033047738 0.01953125 0.029069767441860465
0 0.02502971869328491 0.5573771156037649 0.01953125 0.029069767441860465
0 0.014063112522686006 0.5369741273793949 0.01953125 0.029069767441860465
0 0.03873797640653356 0.5220119360148568 0.01953125 0.029069767441860465
0 0.02685748638838474 0.5097701430802348 0.01953125 0.029069767441860465
0 0.012539972776769482 0.5007021483138482 0.01953125 0.029069767441860465
0 0.02746674228675135 0.5319867302578821 0.01953125 0.029069767441860465
0 0.003401134301270384 0.6113316844637658 0.01953125 0.029069767441860465
0 0.004315018148820298 0.6290142742582199 0.01953125 0.029069767441860465
0 0.017109392014519033 0.6281074747815812 0.01953125 0.029069767441860465
0 0.004315018148820298 0.5415081247625882 0.01953125 0.029069767441860465
0 0.07102853901996371 0.5460421221457815 0.01953125 0.029069767441860465
0 0.8009728675136117 0.8711297345207447 0.01953125 0.029069767441860465
0 0.8137174682395644 0.3193422529861139 0.01953125 0.029069767441860465
0 0.8146313520871143 0.3107276579580466 0.01953125 0.029069767441860465
0 0.8463126588021779 0.3556142320516607 0.01953125 0.029069767441860465
0 0.8469219147005445 0.34473263833199663 0.01953125 0.029069767441860465
0 0.8642857078039928 0.34609283754695463 0.01953125 0.029069767441860465
0 0.873424546279492 0.3556142320516607 0.01953125 0.029069767441860465
0 0.8770800816696914 0.3469996370235933 0.01953125 0.029069767441860465
0 0.8813448729582577 0.3556142320516607 0.01953125 0.029069767441860465
0 0.7537057622504537 0.330223846705778 0.01953125 0.029069767441860465
0 0.8974901542649728 0.33747824251888736 0.01953125 0.029069767441860465
0 0.8947485027223231 0.3270500485375426 0.01953125 0.029069767441860465
0 0.906628992740472 0.3116344574346852 0.01953125 0.029069767441860465
0 0.9185094827586207 0.30619366057485314 0.01953125 0.029069767441860465
0 0.9221650181488203 0.3256898493225846 0.01953125 0.029069767441860465
0 0.929780716878403 0.3261432490609039 0.01953125 0.029069767441860465
0 0.9264298094373866 0.30619366057485314 0.01953125 0.029069767441860465
0 0.9474491379310345 0.3002994639767018 0.01953125 0.029069767441860465
0 0.9352640199637025 0.3048334613598952 0.01953125 0.029069767441860465
0 0.9434889745916517 0.2953120668551892 0.01953125 0.029069767441860465
0 0.9571972323049002 0.29984606423838245 0.01953125 0.029069767441860465
0 0.9535416969147006 0.29667226607014713 0.01953125 0.029069767441860465
0 0.9593296279491833 0.28533727261216374 0.01953125 0.029069767441860465
0 0.976998049001815 0.2953120668551892 0.01953125 0.029069767441860465
0 0.9742563974591653 0.2826168741822478 0.01953125 0.029069767441860465
0 0.9794350725952815 0.2771760773224158 0.01953125 0.029069767441860465
0 0.9907063067150635 0.2907780694719958 0.01953125 0.029069767441860465
0 0.9961896098003631 0.2948586671168698 0.01953125 0.029069767441860465
0 0.7936120235934665 0.2953120668551892 0.01953125 0.029069767441860465
0 0.7863009528130671 0.3220626514160299 0.01953125 0.029069767441860465
0 0.7771621143375681 0.31798205377115585 0.01953125 0.029069767441860465
0 0.7613214609800363 0.2857906723504831 0.01953125 0.029069767441860465
0 0.7558381578947369 0.28533727261216374 0.01953125 0.029069767441860465
0 0.7668047640653357 0.2885110707803991 0.01953125 0.029069767441860465
0 0.7753343466424683 0.2871508715654411 0.01953125 0.029069767441860465
0 0.7805130217785844 0.2871508715654411 0.01953125 0.029069767441860465
0 0.7896518602540835 0.2808032752289704 0.01953125 0.029069767441860465
0 0.8042740018148821 0.28533727261216374 0.01953125 0.029069767441860465
0 0.8097573049001815 0.2898712699953572 0.01953125 0.029069767441860465
0 0.8124989564428313 0.3030198624066178 0.01953125 0.029069767441860465
0 0.8155452359346642 0.2839770733972058 0.01953125 0.029069767441860465
0 0.8204192831215971 0.29213826868695386 0.01953125 0.029069767441860465
0 0.8298627495462796 0.2871508715654411 0.01953125 0.029069767441860465
0 0.840524727767695 0.2925916684252731 0.01953125 0.029069767441860465
0 0.8402200998185119 0.2808032752289704 0.01953125 0.029069767441860465
0 0.8460080308529945 0.27944307601401247 0.01953125 0.029069767441860465
0 0.8533191016333939 0.28760427130376043 0.01953125 0.029069767441860465
0 0.8600209165154266 0.27944307601401247 0.01953125 0.029069767441860465
0 0.8572792649727768 0.2767226775840964 0.01953125 0.029069767441860465
0 0.8572792649727768 0.3093674587430885 0.01953125 0.029069767441860465
0 0.862457940108893 0.3093674587430885 0.01953125 0.029069767441860465
0 0.8670273593466425 0.3080072595281305 0.01953125 0.029069767441860465
0 0.8670273593466425 0.3279568480141813 0.01953125 0.029069767441860465
0 0.8807356170598911 0.3048334613598952 0.01953125 0.029069767441860465
0 0.889569827586207 0.3202490524627526 0.01953125 0.029069767441860465
0 0.8944438747731398 0.31299465664964327 0.01953125 0.029069767441860465
0 0.889569827586207 0.29576546659350844 0.01953125 0.029069767441860465
0 0.8764708257713248 0.2939518676402311 0.01953125 0.029069767441860465
0 0.8712921506352088 0.3012062634533405 0.01953125 0.029069767441860465
0 0.8661134754990927 0.29667226607014713 0.01953125 0.029069767441860465
0 0.8865235480943738 0.27944307601401247 0.01953125 0.029069767441860465
0 0.8904837114337568 0.2862440720888024 0.01953125 0.029069767441860465
0 0.8984040381125228 0.2916848689486345 0.01953125 0.029069767441860465
0 0.9057151088929221 0.2948586671168698 0.01953125 0.029069767441860465
0 0.9108937840290381 0.28307027392056705 0.01953125 0.029069767441860465
0 0.9166817150635209 0.2885110707803991 0.01953125 0.029069767441860465
0 0.9209465063520871 0.2916848689486345 0.01953125 0.029069767441860465
0 0.9294760889292196 0.2885110707803991 0.01953125 0.029069767441860465
0 0.7414444872958259 0.2696949816401467 0.01953125 0.029069767441860465
0 0.7451000226860254 0.25586628962140695 0.01953125 0.029069767441860465
0 0.7454046506352088 0.24566479550922193 0.01953125 0.029069767441860465
0 0.7499740698729583 0.2452113957709026 0.01953125 0.029069767441860465
0 0.7521064655172415 0.25042549276157494 0.01953125 0.029069767441860465
0 0.7586559664246825 0.25201239184569263 0.01953125 0.029069767441860465
0 0.759722164246824 0.2452113957709026 0.01953125 0.029069767441860465
0 0.7638346415607986 0.25586628962140695 0.01953125 0.029069767441860465
0 0.7545434891107079 0.264707584518634 0.01953125 0.029069767441860465
0 0.7467754764065336 0.2712818807242644 0.01953125 0.029069767441860465
0 0.7493648139745916 0.27513577849997867 0.01953125 0.029069767441860465
0 0.7373320099818512 0.254506090406449 0.01953125 0.029069767441860465
0 0.7377889519056262 0.2472516945933396 0.01953125 0.029069767441860465
0 0.7359611842105264 0.26924158190182734 0.01953125 0.029069767441860465
0 0.7403782894736843 0.30347326214493714 0.01953125 0.029069767441860465
0 0.7449477087114338 0.3186621533786348 0.01953125 0.029069767441860465
0 0.778913725045372 0.27037508124762566 0.01953125 0.029069767441860465
0 0.7680994328493649 0.268108082556029 0.01953125 0.029069767441860465
0 0.7677948049001815 0.2583599881821633 0.01953125 0.029069767441860465
0 0.7735827359346643 0.2515589921073733 0.01953125 0.029069767441860465
0 0.7781521551724138 0.2569997889672053 0.01953125 0.029069767441860465
0 0.7723642241379312 0.2696949816401467 0.01953125 0.029069767441860465
0 0.7784567831215972 0.2431710969484656 0.01953125 0.029069767441860465
0 0.7836354582577133 0.22616860676149056 0.01953125 0.029069767441860465
0 0.7895757032667877 0.2347832017895579 0.01953125 0.029069767441860465
0 0.7987145417422867 0.2418108977335076 0.01953125 0.029069767441860465
0 0.7883571914700546 0.263347385303676 0.01953125 0.029069767441860465
0 0.7822646324863884 0.25609298949056664 0.01953125 0.029069767441860465
0 0.7921650408348458 0.25677308909804564 0.01953125 0.029069767441860465
0 0.7958205762250454 0.25949348752796164 0.01953125 0.029069767441860465
0 0.7996284255898367 0.25609298949056664 0.01953125 0.029069767441860465
0 0.7993237976406534 0.2683347824251887 0.01953125 0.029069767441860465
0 0.7976483439201452 0.2855639724813234 0.01953125 0.029069767441860465
0 0.8086149500907442 0.26516098425695334 0.01953125 0.029069767441860465
0 0.813488997277677 0.268108082556029 0.01953125 0.029069767441860465
0 0.8182107304900182 0.26244058582703733 0.01953125 0.029069767441860465
0 0.8220185798548095 0.24815849406997828 0.01953125 0.029069767441860465
0 0.8249125453720508 0.2569997889672053 0.01953125 0.029069767441860465
0 0.8328328720508167 0.25473279027560863 0.01953125 0.029069767441860465
0 0.8360314655172414 0.2665211834719114 0.01953125 0.029069767441860465
0 0.8404485707803994 0.258586688051323 0.01953125 0.029069767441860465
0 0.8454749319419238 0.2563196893597263 0.01953125 0.029069767441860465
0 0.8511105490018148 0.2583599881821633 0.01953125 0.029069767441860465
0 0.8549183983666062 0.25677308909804564 0.01953125 0.029069767441860465
0 0.8526336887477315 0.253145891191491 0.01953125 0.029069767441860465
0 0.8488258393829401 0.25586628962140695 0.01953125 0.029069767441860465
0 0.8454749319419238 0.26448088464947433 0.01953125 0.029069767441860465
0 0.8415147686025408 0.2712818807242644 0.01953125 0.029069767441860465
0 0.8497397232304901 0.2696949816401467 0.01953125 0.029069767441860465
0 0.8194292422867513 0.25677308909804564 0.01953125 0.029069767441860465
0 0.768861002722323 0.24543809564006225 0.01953125 0.029069767441860465
0 0.8608586433756806 0.2549594901447683 0.01953125 0.029069767441860465
0 0.8730437613430128 0.26153378635039864 0.01953125 0.029069767441860465
0 0.8782224364791288 0.264707584518634 0.01953125 0.029069767441860465
0 0.8904075544464609 0.25677308909804564 0.01953125 0.029069767441860465
0 0.8901029264972776 0.2690148820326677 0.01953125 0.029069767441860465
0 0.8942154038112522 0.261987186088718 0.01953125 0.029069767441860465
0 0.8977186252268603 0.25994688726628096 0.01953125 0.029069767441860465
0 0.90046027676951 0.26561438399527265 0.01953125 0.029069767441860465
0 0.899089450998185 0.2737755792850207 0.01953125 0.029069767441860465
0 0.9073144056261343 0.27468237876165935 0.01953125 0.029069767441860465
0 0.9071620916515427 0.26312068543451633 0.01953125 0.029069767441860465
0 0.9123407667876587 0.26312068543451633 0.01953125 0.029069767441860465
0 0.9137115925589837 0.2710551808551047 0.01953125 0.029069767441860465
0 0.9182810117967333 0.26788138268686934 0.01953125 0.029069767441860465
0 0.9199564655172413 0.25858668805132295 0.01953125 0.029069767441860465
0 0.9099037431941923 0.25518619001392795 0.01953125 0.029069767441860465
0 0.8706067377495463 0.27853627653737373 0.01953125 0.029069767441860465
0 0.8750238430127042 0.28102997509813005 0.01953125 0.029069767441860465
0 0.8821825998185118 0.28102997509813005 0.01953125 0.029069767441860465
0 0.8856858212341199 0.27218868020090303 0.01953125 0.029069767441860465
0 0.904420440108893 0.2848838728738444 0.01953125 0.029069767441860465
0 0.9551409936479129 0.28851107078039906 0.01953125 0.029069767441860465
0 0.9502669464609801 0.28851107078039906 0.01953125 0.029069767441860465
0 0.9525516560798548 0.27672267758409635 0.01953125 0.029069767441860465
0 0.9604719827586207 0.27808287679905436 0.01953125 0.029069767441860465
0 0.953770167876588 0.26629448360275165 0.01953125 0.029069767441860465
0 0.9505715744101634 0.2710551808551047 0.01953125 0.029069767441860465
0 0.9473729809437386 0.28148337483644936 0.01953125 0.029069767441860465
0 0.9414327359346643 0.2769493774532561 0.01953125 0.029069767441860465
0 0.9418896778584392 0.2683347824251887 0.01953125 0.029069767441860465
0 0.9456975272232305 0.25904008778964227 0.01953125 0.029069767441860465
0 0.9504192604355717 0.26085368674291964 0.01953125 0.029069767441860465
0 0.9571210753176044 0.25586628962140695 0.01953125 0.029069767441860465
0 0.9405188520871143 0.261987186088718 0.01953125 0.029069767441860465
0 0.9364063747731398 0.2706017811167854 0.01953125 0.029069767441860465
0 0.9312276996370237 0.27354887941586103 0.01953125 0.029069767441860465
0 0.9274198502722322 0.26856148229434834 0.01953125 0.029069767441860465
0 0.930161501814882 0.25745318870552464 0.01953125 0.029069767441860465
0 0.9255920825771324 0.254506090406449 0.01953125 0.029069767441860465
0 0.9237643148820327 0.26516098425695334 0.01953125 0.029069767441860465
0 0.9223934891107077 0.2758158781074577 0.01953125 0.029069767441860465
0 0.9169101860254083 0.2801231756214914 0.01953125 0.029069767441860465
0 0.904420440108893 0.27898967627569304 0.01953125 0.029069767441860465
0 0.9041158121597097 0.25994688726628096 0.01953125 0.029069767441860465
0 0.9675296960072596 0.276269277845777 0.01953125 0.029069767441860465
0 0.9643311025408348 0.25994688726628096 0.01953125 0.029069767441860465
0 0.9687482078039928 0.2644808846494743 0.01953125 0.029069767441860465
0 0.9740791969147006 0.26969498164014666 0.01953125 0.029069767441860465
0 0.9751453947368423 0.2624405858270373 0.01953125 0.029069767441860465
0 0.9873305127041743 0.2649342843877936 0.01953125 0.029069767441860465
0 0.9932707577132488 0.26402748491115496 0.01953125 0.029069767441860465
0 0.9981448049001814 0.2624405858270373 0.01953125 0.029069767441860465
0 0.9990586887477314 0.24906529354661688 0.01953125 0.029069767441860465
0 0.993118443738657 0.27513577849997867 0.01953125 0.029069767441860465
0 0.9967739791288567 0.285110572743004 0.01953125 0.029069767441860465
0 0.5703167422867514 0.4095688009116617 0.01953125 0.029069767441860465
0 0.5867666515426497 0.4095688009116617 0.01953125 0.029069767441860465
0 0.622103493647913 0.37964441818258554 0.01953125 0.029069767441860465
0 0.6650560344827587 0.3828182163508208 0.01953125 0.029069767441860465
0 0.6799828039927406 0.39369981007048493 0.01953125 0.029069767441860465
0 0.6973465970961888 0.38417841556577886 0.01953125 0.029069767441860465
0 0.7089224591651544 0.3814580171358628 0.01953125 0.029069767441860465
0 0.7119687386569875 0.3560676317899801 0.01953125 0.029069767441860465
0 0.7262862522686027 0.3197956527244333 0.01953125 0.029069767441860465
0 0.7275047640653359 0.33747824251888736 0.01953125 0.029069767441860465
0 0.6581257486388385 0.2624405858270374 0.01953125 0.029069767441860465
0 0.6634567377495464 0.2506521926307347 0.01953125 0.029069767441860465
0 0.668026156987296 0.25609298949056675 0.01953125 0.029069767441860465
0 0.6716816923774955 0.26380078504199544 0.01953125 0.029069767441860465
0 0.6767080535390201 0.25223909171485237 0.01953125 0.029069767441860465
0 0.6809728448275864 0.25269249145317174 0.01953125 0.029069767441860465
0 0.6963565562613432 0.26221388595787776 0.01953125 0.029069767441860465
0 0.688131601633394 0.25291919132233137 0.01953125 0.029069767441860465
0 0.6838668103448278 0.26901488203266777 0.01953125 0.029069767441860465
0 0.7009259754990927 0.25813328831300375 0.01953125 0.029069767441860465
0 0.7024491152450093 0.2658410838644324 0.01953125 0.029069767441860465
0 0.7064092785843922 0.25904008778964244 0.01953125 0.029069767441860465
0 0.7140249773139747 0.25813328831300375 0.01953125 0.029069767441860465
0 0.7196605943738659 0.2624405858270374 0.01953125 0.029069767441860465
0 0.7259054673321236 0.2569997889672054 0.01953125 0.029069767441860465
0 0.7219453039927407 0.25382599079897006 0.01953125 0.029069767441860465
0 0.7304748865698732 0.26062698687376007 0.01953125 0.029069767441860465
0 0.732302654264973 0.26606778373359213 0.01953125 0.029069767441860465
0 0.7313887704174231 0.25654638922888606 0.01953125 0.029069767441860465
0 0.7272762931034485 0.2445312961634237 0.01953125 0.029069767441860465
0 0.7195082803992742 0.244304596294264 0.01953125 0.029069767441860465
0 0.7134157214156082 0.2474783944624993 0.01953125 0.029069767441860465
0 0.710369441923775 0.249065293546617 0.01953125 0.029069767441860465
0 0.7029060571687842 0.246344895116701 0.01953125 0.029069767441860465
0 0.6960519283121599 0.24793179420081868 0.01953125 0.029069767441860465
0 0.6925487068965518 0.24498469590174302 0.01953125 0.029069767441860465
0 0.6817344147005446 0.23795699995779332 0.01953125 0.029069767441860465
0 0.6724432622504538 0.23659680074283532 0.01953125 0.029069767441860465
0 0.6686354128856626 0.24113079812602864 0.01953125 0.029069767441860465
0 0.6551556261343014 0.25291919132233137 0.01953125 0.029069767441860465
0 0.6469306715063523 0.25223909171485237 0.01953125 0.029069767441860465
0 0.6455598457350274 0.2418108977335077 0.01953125 0.029069767441860465
0 0.6595727313974593 0.23999729878023035 0.01953125 0.029069767441860465
0 0.6583542196007262 0.24657159498586065 0.01953125 0.029069767441860465
0 0.6458644736842107 0.2640274849111551 0.01953125 0.029069767441860465
0 0.6836383393829403 0.24543809564006233 0.01953125 0.029069767441860465
0 0.6850091651542652 0.240904098256869 0.01953125 0.029069767441860465
0 0.7058761796733214 0.25110559236905405 0.01953125 0.029069767441860465
0 0.5786940108892923 0.25972018739712144 0.01953125 0.029069767441860465
0 0.5885944192377497 0.25745318870552475 0.01953125 0.029069767441860465
0 0.6003225952813068 0.25745318870552475 0.01953125 0.029069767441860465
0 0.609461433756806 0.25450609040644906 0.01953125 0.029069767441860465
0 0.6175340744101635 0.2565463892288861 0.01953125 0.029069767441860465
0 0.6245405172413795 0.26017358713544075 0.01953125 0.029069767441860465
0 0.6329177858439202 0.25677308909804575 0.01953125 0.029069767441860465
0 0.6403811705989112 0.25972018739712144 0.01953125 0.029069767441860465
0 0.626063656987296 0.24226429747182704 0.01953125 0.029069767441860465
0 0.6309377041742288 0.24339779681762536 0.01953125 0.029069767441860465
0 0.6379441470054448 0.24634489511670107 0.01953125 0.029069767441860465
0 0.6405334845735029 0.24067739838770935 0.01953125 0.029069767441860465
0 0.6263682849364793 0.23274290296712102 0.01953125 0.029069767441860465
0 0.615553992740472 0.23432980205123866 0.01953125 0.029069767441860465
0 0.6091568058076227 0.23750360021947403 0.01953125 0.029069767441860465
0 0.6007795372050818 0.23795699995779332 0.01953125 0.029069767441860465
0 0.5890513611615247 0.240904098256869 0.01953125 0.029069767441860465
0 0.5729060798548096 0.23455650192039837 0.01953125 0.029069767441860465
0 0.5759523593466427 0.23432980205123866 0.01953125 0.029069767441860465
0 0.5654426950998186 0.23659680074283532 0.01953125 0.029069767441860465
0 0.5607209618874774 0.25518619001392806 0.01953125 0.029069767441860465
0 0.5573700544464611 0.25745318870552475 0.01953125 0.029069767441860465
0 0.5655950090744103 0.25291919132233137 0.01953125 0.029069767441860465
0 0.5628533575317606 0.24135749799518832 0.01953125 0.029069767441860465
0 0.578389382940109 0.24271769721014635 0.01953125 0.029069767441860465
0 0.6207326678765882 0.24339779681762536 0.01953125 0.029069767441860465
0 0.6123553992740473 0.24113079812602867 0.01953125 0.029069767441860465
0 0.5692505444646099 0.24566479550922207 0.01953125 0.029069767441860465
0 0.4463331669691471 0.255186190013928 0.01953125 0.029069767441860465
0 0.4518164700544465 0.24997209302325568 0.01953125 0.029069767441860465
0 0.45775671506352095 0.24679829485502036 0.01953125 0.029069767441860465
0 0.4633923321234121 0.2583599881821634 0.01953125 0.029069767441860465
0 0.46643861161524514 0.24226429747182696 0.01953125 0.029069767441860465
0 0.5497543557168785 0.2604002870046004 0.01953125 0.029069767441860465
0 0.5409201451905626 0.25790658844384406 0.01953125 0.029069767441860465
0 0.5415294010889293 0.24271769721014633 0.01953125 0.029069767441860465
0 0.5358937840290382 0.24679829485502036 0.01953125 0.029069767441860465
0 0.5419863430127042 0.23569000126619666 0.01953125 0.029069767441860465
0 0.5576746823956443 0.23637010087367563 0.01953125 0.029069767441860465
0 0.5262980036297641 0.23478320178955794 0.01953125 0.029069767441860465
0 0.5124374319419238 0.22843560545308725 0.01953125 0.029069767441860465
0 0.5071064428312161 0.2248084075465326 0.01953125 0.029069767441860465
0 0.49872917422867524 0.2266220064998099 0.01953125 0.029069767441860465
0 0.4882195099818512 0.22322150846241492 0.01953125 0.029069767441860465
0 0.46567704174228686 0.22820890558392756 0.01953125 0.029069767441860465
0 0.45227341197822146 0.23750360021947395 0.01953125 0.029069767441860465
0 0.4455715970961888 0.23410310218207897 0.01953125 0.029069767441860465
0 0.4475516787658803 0.2259419068923309 0.01953125 0.029069767441860465
0 0.480908439201452 0.2547327902756087 0.01953125 0.029069767441860465
0 0.4863917422867514 0.25541288988308763 0.01953125 0.029069767441860465
0 0.4985768602540836 0.25790658844384406 0.01953125 0.029069767441860465
0 0.49674909255898375 0.2440778964251043 0.01953125 0.029069767441860465
0 0.5051263611615245 0.23569000126619666 0.01953125 0.029069767441860465
0 0.5046694192377496 0.24770509433165902 0.01953125 0.029069767441860465
0 0.514569827586207 0.2563196893597264 0.01953125 0.029069767441860465
0 0.5156360254083485 0.23795699995779326 0.01953125 0.029069767441860465
0 0.5203577586206897 0.24883859367745734 0.01953125 0.029069767441860465
0 0.5267549455535391 0.246344895116701 0.01953125 0.029069767441860465
0 0.5270595735027224 0.2583599881821634 0.01953125 0.029069767441860465
0 0.5319336206896553 0.2563196893597264 0.01953125 0.029069767441860465
0 0.5096957803992741 0.246344895116701 0.01953125 0.029069767441860465
0 0.4710080308529946 0.24317109694846561 0.01953125 0.029069767441860465
0 0.4763390199637024 0.245664795509222 0.01953125 0.029069767441860465
0 0.37398402903811256 0.24498469590174293 0.01953125 0.029069767441860465
0 0.38053352994555356 0.23999729878023027 0.01953125 0.029069767441860465
0 0.38236129764065335 0.24430459629426396 0.01953125 0.029069767441860465
0 0.38830154264972777 0.23863709956527226 0.01953125 0.029069767441860465
0 0.39881120689655175 0.24702499472417996 0.01953125 0.029069767441860465
0 0.4058176497277677 0.2431710969484656 0.01953125 0.029069767441860465
0 0.41282409255898367 0.23795699995779326 0.01953125 0.029069767441860465
0 0.4184597096188748 0.23909049930359158 0.01953125 0.029069767441860465
0 0.42439995462794927 0.2404506985185496 0.01953125 0.029069767441860465
0 0.43308185117967335 0.23364970244375957 0.01953125 0.029069767441860465
0 0.4364327586206897 0.25586628962140695 0.01953125 0.029069767441860465
0 0.4184597096188748 0.254506090406449 0.01953125 0.029069767441860465
0 0.4251615245009075 0.2576798885746843 0.01953125 0.029069767441860465
0 0.4411544918330309 0.2515589921073733 0.01953125 0.029069767441860465
0 0.44008829401088934 0.23410310218207894 0.01953125 0.029069767441860465
0 0.43186333938294014 0.21800741147174252 0.01953125 0.029069767441860465
0 0.42531383847549914 0.22707540623812922 0.01953125 0.029069767441860465
0 0.416175 0.21823411134090218 0.01953125 0.029069767441860465
0 0.4146518602540835 0.22684870636896956 0.01953125 0.029069767441860465
0 0.4067315335753176 0.2236749082007342 0.01953125 0.029069767441860465
0 0.4067315335753176 0.23364970244375957 0.01953125 0.029069767441860465
0 0.39835426497277676 0.2304759042755242 0.01953125 0.029069767441860465
0 0.3936325317604356 0.22911570506056622 0.01953125 0.029069767441860465
0 0.3834274954627949 0.22684870636896956 0.01953125 0.029069767441860465
0 0.3782488203266788 0.22208800911661655 0.01953125 0.029069767441860465
0 0.37230857531760436 0.22027441016333918 0.01953125 0.029069767441860465
0 0.36408362068965516 0.23160940362132257 0.01953125 0.029069767441860465
0 0.3744409709618875 0.2286623053222469 0.01953125 0.029069767441860465
0 0.3639313067150635 0.2431710969484656 0.01953125 0.029069767441860465
0 0.37169931941923773 0.23319630270544026 0.01953125 0.029069767441860465
0 0.24680186025408354 0.24158419786434807 0.01953125 0.029069767441860465
0 0.23415980036297648 0.24838519393913808 0.01953125 0.029069767441860465
0 0.22776261343012713 0.23637010087367571 0.01953125 0.029069767441860465
0 0.22715335753176052 0.2180074114717426 0.01953125 0.029069767441860465
0 0.23872921960072602 0.225941906892331 0.01953125 0.029069767441860465
0 0.24010004537205087 0.21755401173342329 0.01953125 0.029069767441860465
0 0.25685458257713256 0.21256661461191062 0.01953125 0.029069767441860465
0 0.2545698729582578 0.238863799434432 0.01953125 0.029069767441860465
0 0.25913929219600734 0.2551861900139281 0.01953125 0.029069767441860465
0 0.26919201451905633 0.22072780990165863 0.01953125 0.029069767441860465
0 0.2786354809437387 0.21936761068670063 0.01953125 0.029069767441860465
0 0.2815294464609801 0.23274290296712102 0.01953125 0.029069767441860465
0 0.2710197822141561 0.242944397079306 0.01953125 0.029069767441860465
0 0.28000630671506355 0.243624496686785 0.01953125 0.029069767441860465
0 0.305595054446461 0.2529191913223314 0.01953125 0.029069767441860465
0 0.2969131578947369 0.23659680074283537 0.01953125 0.029069767441860465
0 0.2868604355716879 0.23909049930359172 0.01953125 0.029069767441860465
0 0.28944977313974596 0.21778071160258294 0.01953125 0.029069767441860465
0 0.285946551724138 0.2166472122567846 0.01953125 0.029069767441860465
0 0.305595054446461 0.22390160806989398 0.01953125 0.029069767441860465
0 0.309555217785844 0.23750360021947403 0.01953125 0.029069767441860465
0 0.3287467785843921 0.25767988857468443 0.01953125 0.029069767441860465
0 0.31717091651542656 0.25609298949056675 0.01953125 0.029069767441860465
0 0.33605784936479133 0.25337259106065074 0.01953125 0.029069767441860465
0 0.32417735934664255 0.23909049930359172 0.01953125 0.029069767441860465
0 0.33727636116152454 0.23206280335964202 0.01953125 0.029069767441860465
0 0.3374286751361162 0.22004771029417966 0.01953125 0.029069767441860465
0 0.3330115698729583 0.22390160806989398 0.01953125 0.029069767441860465
0 0.32097876588021784 0.22367490820073432 0.01953125 0.029069767441860465
0 0.31442926497277685 0.2195943105558603 0.01953125 0.029069767441860465
0 0.3258528130671507 0.22322150846241498 0.01953125 0.029069767441860465
0 0.3582956896551725 0.2526924914531717 0.01953125 0.029069767441860465
0 0.3486999092558985 0.25019879289241537 0.01953125 0.029069767441860465
0 0.3490045372050818 0.2218613092474569 0.01953125 0.029069767441860465
0 0.35631560798548106 0.21800741147174257 0.01953125 0.029069767441860465
0 0.360732713248639 0.22367490820073424 0.01953125 0.029069767441860465
0 0.3534216424682397 0.23546330139703694 0.01953125 0.029069767441860465
0 0.3419980943738658 0.22435500780821327 0.01953125 0.029069767441860465
0 0.1810256125226861 0.240904098256869 0.01953125 0.029069767441860465
0 0.19838940562613439 0.24566479550922207 0.01953125 0.029069767441860465
0 0.20768055807622515 0.25269249145317174 0.01953125 0.029069767441860465
0 0.2149916288566244 0.24543809564006241 0.01953125 0.029069767441860465
0 0.22077955989110715 0.23478320178955803 0.01953125 0.029069767441860465
0 0.20996526769509988 0.21233991474275093 0.01953125 0.029069767441860465
0 0.2002171733212342 0.2173273118642636 0.01953125 0.029069767441860465
0 0.20372039473684217 0.22752880597644862 0.01953125 0.029069767441860465
0 0.19275378856624326 0.222541408854936 0.01953125 0.029069767441860465
0 0.18468114791288573 0.21596711264930563 0.01953125 0.029069767441860465
0 0.17188677404718702 0.222541408854936 0.01953125 0.029069767441860465
0 0.16762198275862078 0.21143311526611228 0.01953125 0.029069767441860465
0 0.15924471415607994 0.22322150846241498 0.01953125 0.029069767441860465
0 0.06953178312159715 0.22027441016333923 0.01953125 0.029069767441860465
0 0.05795592105263164 0.21868751107922155 0.01953125 0.029069767441860465
0 0.05277724591651548 0.21778071160258286 0.01953125 0.029069767441860465
0 0.04881708257713255 0.21302001435022985 0.01953125 0.029069767441860465
0 0.06328691016333944 0.16699994091081738 0.01953125 0.029069767441860465
0 0.07638591197822148 0.20735251762123819 0.01953125 0.029069767441860465
0 0.07151186479128863 0.24226429747182696 0.01953125 0.029069767441860465
0 0.05445269963702365 0.23410310218207897 0.01953125 0.029069767441860465
0 0.047446256805807684 0.2440778964251043 0.01953125 0.029069767441860465
0 0.09344507713248645 0.255866289621407 0.01953125 0.029069767441860465
0 0.11659680127041748 0.2440778964251043 0.01953125 0.029069767441860465
0 0.12390787205081674 0.2399972987802303 0.01953125 0.029069767441860465
0 0.14142397912885668 0.23614340100451592 0.01953125 0.029069767441860465
0 0.1508674455535391 0.24271769721014633 0.01953125 0.029069767441860465
0 0.14660265426497285 0.22004771029417958 0.01953125 0.029069767441860465
0 0.1367022459165155 0.21823411134090223 0.01953125 0.029069767441860465
0 0.12543101179673327 0.21460691343434754 0.01953125 0.029069767441860465
0 0.11202738203266795 0.21982101042501992 0.01953125 0.029069767441860465
0 0.0977098684210527 0.22140790950913758 0.01953125 0.029069767441860465
0 0.084458552631579 0.2127933144810702 0.01953125 0.029069767441860465
0 0.09999457803992746 0.20168502089224646 0.01953125 0.029069767441860465
0 0.0882664019963703 0.2161938125184652 0.01953125 0.029069767441860465
0 0.10578250907441025 0.21891421094838123 0.01953125 0.029069767441860465
0 0.10715333484573508 0.2034986198455238 0.01953125 0.029069767441860465
0 0.1298481170598912 0.22571520702317124 0.01953125 0.029069767441860465
0 0.005101474591651528 0.22820890558392756 0.01953125 0.029069767441860465
0 0.009670893829401077 0.22027441016333918 0.01953125 0.029069767441860465
0 0.021703697822141547 0.23138270375216288 0.01953125 0.029069767441860465
0 0.02962402450090743 0.22322150846241484 0.01953125 0.029069767441860465
0 0.03998137477313973 0.2211812096399779 0.01953125 0.029069767441860465
0 0.015306510889292182 0.2050855189296415 0.01953125 0.029069767441860465
0 0.02977633847549908 0.2007782214156078 0.01953125 0.029069767441860465
0 0.023074523593466418 0.20553891866796084 0.01953125 0.029069767441860465
0 0.24674909255898375 0.18196213227535563 0.01953125 0.029069767441860465
0 0.0027918784029037857 0.08108069049930353 0.01953125 0.029069767441860465
0 0.029294509981851156 0.08697488709745488 0.01953125 0.029069767441860465
0 0.03538706896551723 0.08153409023762287 0.01953125 0.029069767441860465
0 0.0426981397459165 0.08334768919090021 0.01953125 0.029069767441860465
0 0.050923094373865684 0.08334768919090021 0.01953125 0.029069767441860465
0 0.09753117059891106 0.08153409023762287 0.01953125 0.029069767441860465
0 0.11367645190562614 0.09105548474232888 0.01953125 0.029069767441860465
0 0.11725583030852996 0.08674818722829523 0.01953125 0.029069767441860465
0 0.12289144736842109 0.09037538513484988 0.01953125 0.029069767441860465
0 0.12639466878402905 0.08674818722829523 0.01953125 0.029069767441860465
0 0.13401036751361162 0.08153409023762288 0.01953125 0.029069767441860465
0 0.14863250907441017 0.08924188578905157 0.01953125 0.029069767441860465
0 0.16066531306715065 0.09785648081711894 0.01953125 0.029069767441860465
0 0.16858563974591656 0.09717638120963992 0.01953125 0.029069767441860465
0 0.20864421506352093 0.09445598277972389 0.01953125 0.029069767441860465
0 0.19524058529945557 0.09196228421896756 0.01953125 0.029069767441860465
0 0.1897572822141561 0.09037538513484988 0.01953125 0.029069767441860465
0 0.1819892695099819 0.09581618199468188 0.01953125 0.029069767441860465
0 0.177572164246824 0.09422928291056422 0.01953125 0.029069767441860465
0 0.2639341878402905 0.08244088971426156 0.01953125 0.029069767441860465
0 0.26850360707804005 0.07700009285442953 0.01953125 0.029069767441860465
0 0.2765762477313975 0.08062729076098422 0.01953125 0.029069767441860465
0 0.2811456669691471 0.1098715738825813 0.01953125 0.029069767441860465
0 0.28510583030853004 0.10828467479846365 0.01953125 0.029069767441860465
0 0.29074144736842117 0.10375067741527032 0.01953125 0.029069767441860465
0 0.2940923548094375 0.10556427636854764 0.01953125 0.029069767441860465
0 0.29835714609800373 0.11100507322837964 0.01953125 0.029069767441860465
0 0.30277425136116165 0.11100507322837964 0.01953125 0.029069767441860465
0 0.3029265653357533 0.10125697885451398 0.01953125 0.029069767441860465
0 0.3058205308529947 0.11145847296669899 0.01953125 0.029069767441860465
0 0.30962838021778594 0.10239047820031229 0.01953125 0.029069767441860465
0 0.31252234573502735 0.11304537205081666 0.01953125 0.029069767441860465
0 0.31831027676951007 0.11304537205081666 0.01953125 0.029069767441860465
0 0.31435011343012714 0.10715117545266531 0.01953125 0.029069767441860465
0 0.32227044010889305 0.11304537205081666 0.01953125 0.029069767441860465
0 0.3248597776769511 0.112138572574178 0.01953125 0.029069767441860465
0 0.3289722549909257 0.11485897100409402 0.01953125 0.029069767441860465
0 0.332780104355717 0.11055167349006031 0.01953125 0.029069767441860465
0 0.33856803539019975 0.113498771789136 0.01953125 0.029069767441860465
0 0.3425281987295827 0.11417887139661499 0.01953125 0.029069767441860465
0 0.34603142014519067 0.11055167349006031 0.01953125 0.029069767441860465
0 0.3484684437386571 0.11372547165829566 0.01953125 0.029069767441860465
0 0.3512100952813068 0.112138572574178 0.01953125 0.029069767441860465
0 0.3539517468239566 0.11417887139661499 0.01953125 0.029069767441860465
0 0.36034893375680593 0.11372547165829566 0.01953125 0.029069767441860465
0 0.3711632259528132 0.12143326720972435 0.01953125 0.029069767441860465
0 0.3676600045372052 0.1191662685181277 0.01953125 0.029069767441860465
0 0.3711632259528132 0.11417887139661499 0.01953125 0.029069767441860465
0 0.3845668557168785 0.12075316760224535 0.01953125 0.029069767441860465
0 0.3897455308529947 0.12347356603216136 0.01953125 0.029069767441860465
0 0.3886793330308531 0.11417887139661499 0.01953125 0.029069767441860465
0 0.38685156533575327 0.11893956864896803 0.01953125 0.029069767441860465
0 0.3921825544464611 0.12256676655552268 0.01953125 0.029069767441860465
0 0.4029968466424684 0.12211336681720335 0.01953125 0.029069767441860465
0 0.40650006805807637 0.12347356603216136 0.01953125 0.029069767441860465
0 0.410612545372051 0.12619396446207737 0.01953125 0.029069767441860465
0 0.4165527903811253 0.12710076393871605 0.01953125 0.029069767441860465
0 0.41685741833030865 0.1191662685181277 0.01953125 0.029069767441860465
0 0.43467815335753196 0.12778086354619506 0.01953125 0.029069767441860465
0 0.43863831669691483 0.12460706537795974 0.01953125 0.029069767441860465
0 0.4454924455535392 0.12687406406955642 0.01953125 0.029069767441860465
0 0.45067112068965537 0.13254156079854812 0.01953125 0.029069767441860465
0 0.4540220281306717 0.1305012619761111 0.01953125 0.029069767441860465
0 0.45463128402903835 0.1261939644620774 0.01953125 0.029069767441860465
0 0.4649886343012706 0.12642066433123708 0.01953125 0.029069767441860465
0 0.47290896098003654 0.13095466171443043 0.01953125 0.029069767441860465
0 0.47702143829401106 0.13095466171443043 0.01953125 0.029069767441860465
0 0.48250474137931054 0.13299496053686743 0.01953125 0.029069767441860465
0 0.45782987749546306 0.12710076393871605 0.01953125 0.029069767441860465
0 0.49682225499092575 0.13412845988266575 0.01953125 0.029069767441860465
0 0.49804076678765896 0.14115615582661545 0.01953125 0.029069767441860465
0 0.5038286978221418 0.13412845988266575 0.01953125 0.029069767441860465
0 0.5126629083484575 0.13571535896678344 0.01953125 0.029069767441860465
0 0.5099212568058078 0.13140806145274977 0.01953125 0.029069767441860465
0 0.5064180353901999 0.1352619592284641 0.01953125 0.029069767441860465
0 0.5004777903811254 0.13480855949014475 0.01953125 0.029069767441860465
0 0.5402317377495465 0.13231486092938832 0.01953125 0.029069767441860465
0 0.5419071914700546 0.13299496053686735 0.01953125 0.029069767441860465
0 0.5458673548094376 0.13684885831258167 0.01953125 0.029069767441860465
0 0.5519599137931036 0.13707555818174133 0.01953125 0.029069767441860465
0 0.5557677631578949 0.14092945595745568 0.01953125 0.029069767441860465
0 0.5598802404718695 0.13866245726585902 0.01953125 0.029069767441860465
0 0.5630788339382942 0.14024935634997668 0.01953125 0.029069767441860465
0 0.5769394056261344 0.15362464863039704 0.01953125 0.029069767441860465
0 0.5792241152450093 0.14296975477989268 0.01953125 0.029069767441860465
0 0.5728269283121599 0.14092945595745568 0.01953125 0.029069767441860465
0 0.5778532894736844 0.13866245726585902 0.01953125 0.029069767441860465
0 0.581965766787659 0.14183625543409437 0.01953125 0.029069767441860465
0 0.5872967558983667 0.14251635504157337 0.01953125 0.029069767441860465
0 0.5903430353901997 0.14818385177056503 0.01953125 0.029069767441860465
0 0.5965879083484575 0.1450100536023297 0.01953125 0.029069767441860465
0 0.6016142695099821 0.14909065124720372 0.01953125 0.029069767441860465
0 0.598567990018149 0.14455665386401037 0.01953125 0.029069767441860465
0 0.6118193058076227 0.1506775503313214 0.01953125 0.029069767441860465
0 0.6201965744101635 0.15271784915375833 0.01953125 0.029069767441860465
0 0.6235474818511799 0.15407804836871633 0.01953125 0.029069767441860465
0 0.6281169010889294 0.149544050985523 0.01953125 0.029069767441860465
0 0.6578181261343015 0.15067755033132132 0.01953125 0.029069767441860465
0 0.6686324183303087 0.15883874562106937 0.01953125 0.029069767441860465
0 0.6718310117967334 0.15838534588275002 0.01953125 0.029069767441860465
0 0.6738110934664249 0.15589164732199368 0.01953125 0.029069767441860465
0 0.675486547186933 0.15589164732199368 0.01953125 0.029069767441860465
0 0.6951350499092561 0.16087904444350634 0.01953125 0.029069767441860465
0 0.6850823275862071 0.12891436289199326 0.01953125 0.029069767441860465
0 0.6764004310344829 0.12800756341535457 0.01953125 0.029069767441860465
0 0.6896517468239567 0.12982116236863192 0.01953125 0.029069767441860465
0 0.6882809210526318 0.13208816106022858 0.01953125 0.029069767441860465
0 0.7024461206896554 0.13367506014434627 0.01953125 0.029069767441860465
0 0.693002654264973 0.13163476132190927 0.01953125 0.029069767441860465
0 0.7079294237749548 0.15589164732199365 0.01953125 0.029069767441860465
0 0.7108233892921962 0.1554382475836743 0.01953125 0.029069767441860465
0 0.7140219827586209 0.1352619592284639 0.01953125 0.029069767441860465
0 0.7388491606170601 0.13775565778922025 0.01953125 0.029069767441860465
0 0.7214853675136118 0.14047605621913622 0.01953125 0.029069767441860465
0 0.7298626361161528 0.1150856708732535 0.01953125 0.029069767441860465
0 0.782563271324864 0.1395692567424976 0.01953125 0.029069767441860465
0 0.7878942604355719 0.14274305491073294 0.01953125 0.029069767441860465
0 0.7903312840290383 0.14523675347148926 0.01953125 0.029069767441860465
0 0.8447073729582579 0.21052631578947342 0.01953125 0.029069767441860465
0 0.8363301043557171 0.20576561853712041 0.01953125 0.029069767441860465
0 0.8535415834845738 0.21233991474275082 0.01953125 0.029069767441860465
0 0.769921211433757 0.26266728569619696 0.01953125 0.029069767441860465
0 0.827648207803993 0.15045085046216153 0.01953125 0.029069767441860465
0 0.8392240698729586 0.1472770522939262 0.01953125 0.029069767441860465
0 0.8645081896551727 0.15453144810703556 0.01953125 0.029069767441860465
0 0.861309596188748 0.15045085046216153 0.01953125 0.029069767441860465
0 0.8593295145190565 0.15181104967711956 0.01953125 0.029069767441860465
0 0.8532369555353904 0.1513576499388002 0.01953125 0.029069767441860465
0 0.8553693511796735 0.1495440509855229 0.01953125 0.029069767441860465
0 0.8555216651542653 0.15362464863039688 0.01953125 0.029069767441860465
0 0.9257956669691471 0.16178584392014486 0.01953125 0.029069767441860465
0 0.9315835980036298 0.1556649474528338 0.01953125 0.029069767441860465
0 0.9836998638838476 0.07631999324695049 0.01953125 0.029069767441860465
0 0.9325223684210527 0.0699723969104798 0.01953125 0.029069767441860465
0 0.9165045145190563 0.07246609547123611 0.01953125 0.029069767441860465
0 0.9189415381125228 0.06861219769552176 0.01953125 0.029069767441860465
0 0.9355437613430128 0.07110589625627813 0.01953125 0.029069767441860465
0 0.9110212114337568 0.07654669311611013 0.01953125 0.029069767441860465
0 0.8559845961887477 0.06249130122821078 0.01953125 0.029069767441860465
0 0.8611632713248639 0.06521169965812681 0.01953125 0.029069767441860465
0 0.8395346869328495 0.06294470096653011 0.01953125 0.029069767441860465
0 0.8332898139745916 0.06294470096653011 0.01953125 0.029069767441860465
0 0.8239986615245009 0.06521169965812681 0.01953125 0.029069767441860465
0 0.8110519736842106 0.06294470096653011 0.01953125 0.029069767441860465
0 0.7952113203266787 0.062037901489891446 0.01953125 0.029069767441860465
0 0.7910988430127042 0.06226460135905111 0.01953125 0.029069767441860465
0 0.8008469373865699 0.06362480057400913 0.01953125 0.029069767441860465
0 0.7807414927404719 0.05977090279829477 0.01953125 0.029069767441860465
0 0.7875956215970963 0.05909080319081579 0.01953125 0.029069767441860465
0 0.7755628176043557 0.06067770227493345 0.01953125 0.029069767441860465
0 0.7734304219600726 0.05863740345249644 0.01953125 0.029069767441860465
0 0.7712980263157896 0.059317503059975456 0.01953125 0.029069767441860465
0 0.7620068738656988 0.057050504368378774 0.01953125 0.029069767441860465
0 0.7550765880217786 0.057503904106698124 0.01953125 0.029069767441860465
0 0.717302722323049 0.052063107246866074 0.01953125 0.029069767441860465
0 0.6643706215970963 0.05104295783564767 0.01953125 0.029069767441860465
0 0.6607150862068967 0.04650896045245431 0.01953125 0.029069767441860465
0 0.6573641787658804 0.04718906005993331 0.01953125 0.029069767441860465
0 0.6476160843920146 0.04446866163001731 0.01953125 0.029069767441860465
0 0.6436559210526317 0.04696236019077365 0.01953125 0.029069767441860465
0 0.633450884754991 0.04809585953657197 0.01953125 0.029069767441860465
0 0.6279675816696915 0.05104295783564767 0.01953125 0.029069767441860465
0 0.6195903130671507 0.04854925927489131 0.01953125 0.029069767441860465
0 0.6010080081669692 0.04786915966741233 0.01953125 0.029069767441860465
0 0.5837965290381126 0.04492206136833665 0.01953125 0.029069767441860465
0 0.5859289246823958 0.04560216097581565 0.01953125 0.029069767441860465
0 0.5892798321234121 0.04537546110665598 0.01953125 0.029069767441860465
0 0.593239995462795 0.04628226058329466 0.01953125 0.029069767441860465
0 0.5643003402903812 0.04492206136833665 0.01953125 0.029069767441860465
0 0.532923661524501 0.036080766471109596 0.01953125 0.029069767441860465
0 0.5277449863883847 0.03562736673279026 0.01953125 0.029069767441860465
0 0.5207385435571689 0.03653416620942894 0.01953125 0.029069767441860465
0 0.47809063067150637 0.03494726712531127 0.01953125 0.029069767441860465
0 0.48372624773139744 0.03812106529354662 0.01953125 0.029069767441860465
0 0.5055071460980036 0.03812106529354662 0.01953125 0.029069767441860465
0 0.5140367286751362 0.03585406660194993 0.01953125 0.029069767441860465
0 0.5077918557168785 0.03766766555522728 0.01953125 0.029069767441860465
0 0.4010959165154265 0.025312522686025376 0.01953125 0.029069767441860465
0 0.4169365698729583 0.025765922424344712 0.01953125 0.029069767441860465
0 0.21618675136116144 0.008536732368209964 0.01953125 0.029069767441860465
0 0.21192196007259517 0.008083332629890626 0.01953125 0.029069767441860465
0 0.22014691470054437 0.009443531844848639 0.01953125 0.029069767441860465
0 0.1951674228675135 0.004456134723335962 0.01953125 0.029069767441860465
0 0.1820684210526315 0.007629932891571324 0.01953125 0.029069767441860465
0 0.22471633393829393 0.00309593550837795 0.01953125 0.029069767441860465
0 0.26188094373865695 0.013070729751403337 0.01953125 0.029069767441860465
0 0.2670596188747731 0.014430928966361316 0.01953125 0.029069767441860465
0 0.34984226406533575 0.02247877432152957 0.01953125 0.029069767441860465
0 0.1480994101633394 0.004456134723335928 0.01953125 0.029069767441860465
0 0.15205957350272234 0.003549335246697254 0.01953125 0.029069767441860465
