0 0.1271541340844235 0.9572679202026364 0.04484304932735426 0.06711409395973154
0 0.24285661342326656 0.9304685044465397 0.04484304932735426 0.06711409395973154
0 0.3186141891808422 0.9840673359587331 0.04484304932735426 0.06711409395973154
0 0.4053910486849745 0.9716983748405346 0.04484304932735426 0.06711409395973154
0 0.5362450431753325 0.8995461016510435 0.04484304932735426 0.06711409395973154
0 0.41090069055825273 0.8974846081313438 0.04484304932735426 0.06711409395973154
0 0.4040136382166549 0.8273938284615526 0.04484304932735426 0.06711409395973154
0 0.3489172194838725 0.8232708414221531 0.04484304932735426 0.06711409395973154
0 0.29795303215604885 0.8974846081313438 0.04484304932735426 0.06711409395973154
0 0.24561143435990557 0.8541932442176493 0.04484304932735426 0.06711409395973154
0 0.1822505528172059 0.8521317506979496 0.04484304932735426 0.06711409395973154
0 0.28004669606789456 0.7841024645478579 0.04484304932735426 0.06711409395973154
0 0.33376570433235736 0.6274289570506775 0.04484304932735426 0.06711409395973154
0 0.3378979357373161 0.6088755153733798 0.04484304932735426 0.06711409395973154
0 0.38472989166018107 0.6913352561613695 0.04484304932735426 0.06711409395973154
0 0.4232973847731288 0.7490570747129622 0.04484304932735426 0.06711409395973154
0 0.5458869164535696 0.7573030487917614 0.04484304932735426 0.06711409395973154
0 0.6064929770596301 0.8232708414221531 0.04484304932735426 0.06711409395973154
0 0.4797712139742307 0.9943748035572317 0.04484304932735426 0.06711409395973154
0 0.6478152911092169 0.9119150627692422 0.04484304932735426 0.06711409395973154
0 0.6712312690706495 0.8583162312570488 0.04484304932735426 0.06711409395973154
0 0.6519475225141756 0.7573030487917614 0.04484304932735426 0.06711409395973154
0 0.6863827842221646 0.8562547377373491 0.04484304932735426 0.06711409395973154
0 0.6987794784370406 0.7428725941538631 0.04484304932735426 0.06711409395973154
0 0.7373469715499883 0.8521317506979496 0.04484304932735426 0.06711409395973154
0 0.7621403599797403 0.9655138942814354 0.04484304932735426 0.06711409395973154
0 0.8158593682442031 0.8583162312570488 0.04484304932735426 0.06711409395973154
0 0.8186141891808423 0.7985329191857562 0.04484304932735426 0.06711409395973154
0 0.9026362277483353 0.9057305822101428 0.04484304932735426 0.06711409395973154
0 0.9136555114948919 0.8768696729343465 0.04484304932735426 0.06711409395973154
0 0.9577326464811177 0.92840701092684 0.04484304932735426 0.06711409395973154
0 0.9219199743048093 0.7964714256660564 0.04484304932735426 0.06711409395973154
0 0.953600415076159 0.7799794775084584 0.04484304932735426 0.06711409395973154
0 0.8861073021285008 0.6830892820825706 0.04484304932735426 0.06711409395973154
0 0.872333197445305 0.7263806459962652 0.04484304932735426 0.06711409395973154
0 0.9508455941395199 0.6892737626416698 0.04484304932735426 0.06711409395973154
0 0.9921679081891067 0.6665973339249727 0.04484304932735426 0.06711409395973154
0 0.8227464205858008 0.6542283728067741 0.04484304932735426 0.06711409395973154
0 0.8268786519907597 0.6088755153733798 0.04484304932735426 0.06711409395973154
0 0.778669285599575 0.6789662950431711 0.04484304932735426 0.06711409395973154
0 0.775914464662936 0.6233059700112781 0.04484304932735426 0.06711409395973154
0 0.8833524811918616 0.584137593136983 0.04484304932735426 0.06711409395973154
0 0.9191651533681702 0.5326002551444894 0.04484304932735426 0.06711409395973154
0 0.9591100569494373 0.4975548653095937 0.04484304932735426 0.06711409395973154
0 0.9205425638364896 0.423341098600403 0.04484304932735426 0.06711409395973154
0 0.9012588172800159 0.42127960508070317 0.04484304932735426 0.06711409395973154
0 0.8626913241670682 0.431587072679202 0.04484304932735426 0.06711409395973154
0 0.8530494508888313 0.5222927875459907 0.04484304932735426 0.06711409395973154
0 0.869578376508666 0.42127960508070317 0.04484304932735426 0.06711409395973154
0 0.8750880183819442 0.34500434485181275 0.04484304932735426 0.06711409395973154
0 0.9370714894563245 0.3821112282064081 0.04484304932735426 0.06711409395973154
0 0.9219199743048093 0.35325031893061165 0.04484304932735426 0.06711409395973154
0 0.9618648778860764 0.33469687725331404 0.04484304932735426 0.06711409395973154
0 0.9618648778860764 0.4645709689943978 0.04484304932735426 0.06711409395973154
0 0.800707853092688 0.495493371789894 0.04484304932735426 0.06711409395973154
0 0.7676500018530186 0.5387847357035885 0.04484304932735426 0.06711409395973154
0 0.8103497263709248 0.4027261634034056 0.04484304932735426 0.06711409395973154
0 0.8241238310541206 0.3738652541276091 0.04484304932735426 0.06711409395973154
0 0.8048400844976467 0.2769750587017212 0.04484304932735426 0.06711409395973154
0 0.835143114800677 0.2584216170244235 0.04484304932735426 0.06711409395973154
0 0.8902395335334593 0.21925324015012843 0.04484304932735426 0.06711409395973154
0 0.9205425638364896 0.2728520716623217 0.04484304932735426 0.06711409395973154
0 0.9439585417979222 0.2584216170244235 0.04484304932735426 0.06711409395973154
0 0.9177877428998504 0.24811414942592483 0.04484304932735426 0.06711409395973154
0 0.941203720861283 0.21925324015012843 0.04484304932735426 0.06711409395973154
0 0.9577326464811177 0.2295607077486271 0.04484304932735426 0.06711409395973154
0 0.9549778255444787 0.2584216170244235 0.04484304932735426 0.06711409395973154
0 0.906768459153294 0.2295607077486271 0.04484304932735426 0.06711409395973154
0 0.7249502773351122 0.6336134376097768 0.04484304932735426 0.06711409395973154
0 0.7332147401450296 0.6047525283339803 0.04484304932735426 0.06711409395973154
0 0.6918924260954428 0.5985680477748812 0.04484304932735426 0.06711409395973154
0 0.6781183214122471 0.6851507756022703 0.04484304932735426 0.06711409395973154
0 0.6064929770596301 0.6521668792870744 0.04484304932735426 0.06711409395973154
0 0.6120026189329084 0.720196165437166 0.04484304932735426 0.06711409395973154
0 0.5569062002001259 0.6274289570506775 0.04484304932735426 0.06711409395973154
0 0.519716117555498 0.6789662950431711 0.04484304932735426 0.06711409395973154
0 0.4701293406959937 0.6686588274446724 0.04484304932735426 0.06711409395973154
0 0.5018097814673437 0.584137593136983 0.04484304932735426 0.06711409395973154
0 0.46186487788607644 0.5552766838611866 0.04484304932735426 0.06711409395973154
0 0.20842135171527754 0.6645358404052728 0.04484304932735426 0.06711409395973154
0 0.14092823876761915 0.7057657107992678 0.04484304932735426 0.06711409395973154
0 0.12164449221114529 0.5387847357035885 0.04484304932735426 0.06711409395973154
0 0.10787038752794972 0.6501053857673748 0.04484304932735426 0.06711409395973154
0 0.04450950598524998 0.662474346885573 0.04484304932735426 0.06711409395973154
0 0.047264326921889116 0.6171214894521788 0.04484304932735426 0.06711409395973154
0 0.05690620020012604 0.7469955811932626 0.04484304932735426 0.06711409395973154
0 0.09960592471803237 0.8109018803039547 0.04484304932735426 0.06711409395973154
0 0.021093528023817486 0.8253323349418529 0.04484304932735426 0.06711409395973154
0 0.19189242609544283 0.5985680477748812 0.04484304932735426 0.06711409395973154
0 0.241479202954947 0.5449692162626879 0.04484304932735426 0.06711409395973154
0 0.2993304426243684 0.5593996709005861 0.04484304932735426 0.06711409395973154
0 0.07618994675659982 0.5284772681050899 0.04484304932735426 0.06711409395973154
0 0.07756735722491939 0.4645709689943978 0.04484304932735426 0.06711409395973154
0 0.034867632707013055 0.45426350139589916 0.04484304932735426 0.06711409395973154
0 0.014206475682219702 0.495493371789894 0.04484304932735426 0.06711409395973154
0 0.0816995886298781 0.38829570876550734 0.04484304932735426 0.06711409395973154
0 0.1147574398695475 0.4027261634034056 0.04484304932735426 0.06711409395973154
0 0.03899986411197176 0.35531181245031146 0.04484304932735426 0.06711409395973154
0 0.012829065213900133 0.34500434485181275 0.04484304932735426 0.06711409395973154
0 0.055528789731806465 0.29140551333961945 0.04484304932735426 0.06711409395973154
0 0.0266031698970957 0.2769750587017212 0.04484304932735426 0.06711409395973154
0 0.0266031698970957 0.2295607077486271 0.04484304932735426 0.06711409395973154
0 0.018338707087178347 0.2295607077486271 0.04484304932735426 0.06711409395973154
0 0.08032217816155852 0.28728252630021994 0.04484304932735426 0.06711409395973154
0 0.10373815612299102 0.3202664226154158 0.04484304932735426 0.06711409395973154
0 0.15332493298249514 0.43983304675800095 0.04484304932735426 0.06711409395973154
0 0.15332493298249514 0.4748784365928965 0.04484304932735426 0.06711409395973154
0 0.19464724703208194 0.4377715532383012 0.04484304932735426 0.06711409395973154
0 0.19602465750040146 0.3635577865291104 0.04484304932735426 0.06711409395973154
0 0.15057011204585605 0.35325031893061165 0.04484304932735426 0.06711409395973154
0 0.13955082829929957 0.3408813578124133 0.04484304932735426 0.06711409395973154
0 0.14781529110921693 0.2584216170244235 0.04484304932735426 0.06711409395973154
0 0.11200261893290836 0.2646060975835228 0.04484304932735426 0.06711409395973154
0 0.10649297705963015 0.24399116238652532 0.04484304932735426 0.06711409395973154
0 0.1326637759577018 0.21925324015012843 0.04484304932735426 0.06711409395973154
0 0.1326637759577018 0.17183888919703436 0.04484304932735426 0.06711409395973154
0 0.10649297705963015 0.1553469410394364 0.04484304932735426 0.06711409395973154
0 0.06654807347836296 0.17596187623643378 0.04484304932735426 0.06711409395973154
0 0.04175468504861084 0.14091648640153825 0.04484304932735426 0.06711409395973154
0 0.012829065213900133 0.09144064192874427 0.04484304932735426 0.06711409395973154
0 0.08307699909819766 0.09350213544844402 0.04484304932735426 0.06711409395973154
0 0.05828361066844554 0.10793259008634233 0.04484304932735426 0.06711409395973154
0 0.09134146190811501 0.14297797992123792 0.04484304932735426 0.06711409395973154
0 0.13128636548938222 0.08525616136964517 0.04484304932735426 0.06711409395973154
0 0.1547023434508147 0.08731765488934494 0.04484304932735426 0.06711409395973154
0 0.11751226080618664 0.08525616136964517 0.04484304932735426 0.06711409395973154
0 0.14368305970425826 0.05639525209384875 0.04484304932735426 0.06711409395973154
0 0.12853154455274307 0.05845674561354851 0.04484304932735426 0.06711409395973154
0 0.1092477979962693 0.03990330393625087 0.04484304932735426 0.06711409395973154
0 0.1698538586023299 0.03578031689685136 0.04484304932735426 0.06711409395973154
0 0.19602465750040146 0.013103888180154209 0.04484304932735426 0.06711409395973154
0 0.18638278422216462 0.10174810952724304 0.04484304932735426 0.06711409395973154
0 0.1712312690706494 0.12030155120454068 0.04484304932735426 0.06711409395973154
0 0.23321474014502958 0.12030155120454068 0.04484304932735426 0.06711409395973154
0 0.20704394124695796 0.09968661600754329 0.04484304932735426 0.06711409395973154
0 0.22081804593015358 0.15122395400003685 0.04484304932735426 0.06711409395973154
0 0.17811832141224726 0.14297797992123792 0.04484304932735426 0.06711409395973154
0 0.24285661342326656 0.3491273318912122 0.04484304932735426 0.06711409395973154
0 0.21393099358855575 0.3161434355760164 0.04484304932735426 0.06711409395973154
0 0.1877601946904841 0.2398681753471259 0.04484304932735426 0.06711409395973154
0 0.24010179248662744 0.43983304675800095 0.04484304932735426 0.06711409395973154
0 0.30208526356100757 0.41303363100190427 0.04484304932735426 0.06711409395973154
0 0.2704048227896577 0.38417272172610784 0.04484304932735426 0.06711409395973154
0 0.29382080075109024 0.33881986429271355 0.04484304932735426 0.06711409395973154
0 0.253875897169823 0.29346700685931926 0.04484304932735426 0.06711409395973154
0 0.30484008449764666 0.3099589550169171 0.04484304932735426 0.06711409395973154
0 0.32825606245907923 0.34500434485181275 0.04484304932735426 0.06711409395973154
0 0.3255012415224401 0.3821112282064081 0.04484304932735426 0.06711409395973154
0 0.37784283931858337 0.42127960508070317 0.04484304932735426 0.06711409395973154
0 0.2993304426243684 0.4645709689943978 0.04484304932735426 0.06711409395973154
0 0.4301844371147266 0.5655841514596852 0.04484304932735426 0.06711409395973154
0 0.497677550062385 0.5367232421838888 0.04484304932735426 0.06711409395973154
0 0.5307354013020543 0.5738301255384841 0.04484304932735426 0.06711409395973154
0 0.5858318200348368 0.5697071384990847 0.04484304932735426 0.06711409395973154
0 0.5541513792634868 0.5161083069868914 0.04484304932735426 0.06711409395973154
0 0.5279805803654152 0.36974226708820973 0.04484304932735426 0.06711409395973154
0 0.5279805803654152 0.3161434355760164 0.04484304932735426 0.06711409395973154
0 0.5610384316050847 0.2831595392608205 0.04484304932735426 0.06711409395973154
0 0.5679254839466826 0.3202664226154158 0.04484304932735426 0.06711409395973154
0 0.6051155665913105 0.33469687725331404 0.04484304932735426 0.06711409395973154
0 0.5816995886298781 0.4027261634034056 0.04484304932735426 0.06711409395973154
0 0.6326637759577017 0.4460175273171001 0.04484304932735426 0.06711409395973154
0 0.5927188723764345 0.48312441067169554 0.04484304932735426 0.06711409395973154
0 0.6739860900072885 0.44395603379740045 0.04484304932735426 0.06711409395973154
0 0.6808731423488863 0.48312441067169554 0.04484304932735426 0.06711409395973154
0 0.6436830597042582 0.5470307097823875 0.04484304932735426 0.06711409395973154
0 0.7139309935885557 0.5367232421838888 0.04484304932735426 0.06711409395973154
0 0.7153084040568753 0.5078623329080925 0.04484304932735426 0.06711409395973154
0 0.6781183214122471 0.551153696821787 0.04484304932735426 0.06711409395973154
0 0.7332147401450296 0.4418945402777007 0.04484304932735426 0.06711409395973154
0 0.7345921506133491 0.48930889123079474 0.04484304932735426 0.06711409395973154
0 0.7607629495114208 0.4109721374822045 0.04484304932735426 0.06711409395973154
0 0.7910659798144511 0.30789746149721736 0.04484304932735426 0.06711409395973154
0 0.4260522057097679 0.24811414942592483 0.04484304932735426 0.06711409395973154
0 0.3654461451037072 0.2584216170244235 0.04484304932735426 0.06711409395973154
0 0.497677550062385 0.4357100597186014 0.04484304932735426 0.06711409395973154
0 0.537622453643652 0.40891064396250476 0.04484304932735426 0.06711409395973154
0 0.4219199743048092 0.44395603379740045 0.04484304932735426 0.06711409395973154
0 0.4095232800899332 0.3779882411670086 0.04484304932735426 0.06711409395973154
0 0.45360041507615906 0.3594347994897109 0.04484304932735426 0.06711409395973154
0 0.3943717649384181 0.3491273318912122 0.04484304932735426 0.06711409395973154
0 0.42054256383648964 0.3491273318912122 0.04484304932735426 0.06711409395973154
0 0.4701293406959937 0.30171298093811805 0.04484304932735426 0.06711409395973154
0 0.49630013959406544 0.3223279161351156 0.04484304932735426 0.06711409395973154
0 0.5004323709990242 0.29140551333961945 0.04484304932735426 0.06711409395973154
0 0.5128290652139 0.24399116238652532 0.04484304932735426 0.06711409395973154
0 0.5155838861505392 0.19039233087433208 0.04484304932735426 0.06711409395973154
0 0.4384488999246439 0.2295607077486271 0.04484304932735426 0.06711409395973154
0 0.4797712139742307 0.21100726607132947 0.04484304932735426 0.06711409395973154
0 0.4701293406959937 0.14297797992123792 0.04484304932735426 0.06711409395973154
0 0.41090069055825273 0.17802336975613353 0.04484304932735426 0.06711409395973154
0 0.3943717649384181 0.20688427903192996 0.04484304932735426 0.06711409395973154
0 0.37784283931858337 0.15122395400003685 0.04484304932735426 0.06711409395973154
0 0.3668235555720268 0.20894577255162972 0.04484304932735426 0.06711409395973154
0 0.32136901011748137 0.14297797992123792 0.04484304932735426 0.06711409395973154
0 0.313104547307564 0.19657681143343125 0.04484304932735426 0.06711409395973154
0 0.35029462995219207 0.2336836947880266 0.04484304932735426 0.06711409395973154
0 0.3489172194838725 0.13679349936213875 0.04484304932735426 0.06711409395973154
0 0.4040136382166549 0.13679349936213875 0.04484304932735426 0.06711409395973154
0 0.4177877428998505 0.12236304472424044 0.04484304932735426 0.06711409395973154
0 0.4164103324315309 0.05845674561354851 0.04484304932735426 0.06711409395973154
0 0.3585590927621095 0.08731765488934494 0.04484304932735426 0.06711409395973154
0 0.3888621230651398 0.07701018729084613 0.04484304932735426 0.06711409395973154
0 0.3296334729273987 0.09762512248784355 0.04484304932735426 0.06711409395973154
0 0.30208526356100757 0.11205557712574184 0.04484304932735426 0.06711409395973154
0 0.2910659798144511 0.17183888919703436 0.04484304932735426 0.06711409395973154
0 0.26351777044805985 0.1491624604803371 0.04484304932735426 0.06711409395973154
0 0.2841789274728533 0.09968661600754329 0.04484304932735426 0.06711409395973154
0 0.26765000185301857 0.1141170706454416 0.04484304932735426 0.06711409395973154
0 0.2704048227896577 0.0687642132120471 0.04484304932735426 0.06711409395973154
0 0.3406527566739552 0.04196479745595044 0.04484304932735426 0.06711409395973154
0 0.36406873463538764 0.027534342818052327 0.04484304932735426 0.06711409395973154
0 0.3034626740293271 0.08319466784994542 0.04484304932735426 0.06711409395973154
0 0.6051155665913105 0.17183888919703436 0.04484304932735426 0.06711409395973154
0 0.566548073478363 0.16359291511823543 0.04484304932735426 0.06711409395973154
0 0.5830769990981977 0.14091648640153825 0.04484304932735426 0.06711409395973154
0 0.5679254839466826 0.10587109656664256 0.04484304932735426 0.06711409395973154
0 0.537622453643652 0.09968661600754329 0.04484304932735426 0.06711409395973154
0 0.5651706630100435 0.048149278015049715 0.04484304932735426 0.06711409395973154
0 0.537622453643652 0.015165381699853776 0.04484304932735426 0.06711409395973154
0 0.5431320955169303 0.0790716808105459 0.04484304932735426 0.06711409395973154
0 0.488035676784148 0.08731765488934494 0.04484304932735426 0.06711409395973154
0 0.488035676784148 0.050210771534749475 0.04484304932735426 0.06711409395973154
0 0.47288416163263286 0.1141170706454416 0.04484304932735426 0.06711409395973154
0 0.4343166685196852 0.18214635679553304 0.04484304932735426 0.06711409395973154
0 0.43982631039296344 0.10174810952724304 0.04484304932735426 0.06711409395973154
0 0.4356940789880048 0.13060901880303946 0.04484304932735426 0.06711409395973154
0 0.4577326464811177 0.05845674561354851 0.04484304932735426 0.06711409395973154
0 0.4219199743048092 0.044026290975650195 0.04484304932735426 0.06711409395973154
0 0.4508455941395199 0.01104239466045445 0.04484304932735426 0.06711409395973154
0 0.5720577153516411 0.02134986225895305 0.04484304932735426 0.06711409395973154
0 0.5224709384921371 0.050210771534749475 0.04484304932735426 0.06711409395973154
0 0.6092477979962693 0.029595836337752084 0.04484304932735426 0.06711409395973154
0 0.6106252084645888 0.06464122617264778 0.04484304932735426 0.06711409395973154
0 0.5927188723764345 0.07082570673174687 0.04484304932735426 0.06711409395973154
0 0.6009833351863519 0.12030155120454068 0.04484304932735426 0.06711409395973154
0 0.6271541340844236 0.10587109656664256 0.04484304932735426 0.06711409395973154
0 0.6367960073626605 0.05639525209384875 0.04484304932735426 0.06711409395973154
0 0.6794957318805668 0.050210771534749475 0.04484304932735426 0.06711409395973154
0 0.6987794784370406 0.050210771534749475 0.04484304932735426 0.06711409395973154
0 0.7345921506133491 0.08731765488934494 0.04484304932735426 0.06711409395973154
0 0.7359695610816687 0.054333758574148995 0.04484304932735426 0.06711409395973154
0 0.7139309935885557 0.01104239466045445 0.04484304932735426 0.06711409395973154
0 0.7717822332579772 0.025472849298352567 0.04484304932735426 0.06711409395973154
0 0.650570112045856 0.02134986225895305 0.04484304932735426 0.06711409395973154
0 0.6670990376656908 0.1141170706454416 0.04484304932735426 0.06711409395973154
0 0.662966806260732 0.0687642132120471 0.04484304932735426 0.06711409395973154
0 0.662966806260732 0.1594699280788359 0.04484304932735426 0.06711409395973154
0 0.6326637759577017 0.16359291511823543 0.04484304932735426 0.06711409395973154
0 0.6312863654893822 0.134732005842439 0.04484304932735426 0.06711409395973154
0 0.709798762183597 0.12030155120454068 0.04484304932735426 0.06711409395973154
0 0.7263276878034317 0.1594699280788359 0.04484304932735426 0.06711409395973154
0 0.707043941246958 0.21925324015012843 0.04484304932735426 0.06711409395973154
0 0.6423056492359387 0.2666675911032226 0.04484304932735426 0.06711409395973154
0 0.6423056492359387 0.21925324015012843 0.04484304932735426 0.06711409395973154
0 0.6009833351863519 0.23780668182742615 0.04484304932735426 0.06711409395973154
0 0.5927188723764345 0.2522371364653243 0.04484304932735426 0.06711409395973154
0 0.6106252084645888 0.2769750587017212 0.04484304932735426 0.06711409395973154
0 0.6491927015775365 0.3058359679775176 0.04484304932735426 0.06711409395973154
0 0.6436830597042582 0.351188825410912 0.04484304932735426 0.06711409395973154
0 0.6670990376656908 0.33469687725331404 0.04484304932735426 0.06711409395973154
0 0.7001568889053602 0.2584216170244235 0.04484304932735426 0.06711409395973154
0 0.28004669606789456 0.21100726607132947 0.04484304932735426 0.06711409395973154
0 0.24698884482822514 0.0687642132120471 0.04484304932735426 0.06711409395973154
0 0.253875897169823 0.017226875219553534 0.04484304932735426 0.06711409395973154
0 0.06103843160508468 0.24399116238652532 0.04484304932735426 0.06711409395973154
0 0.7662725913846989 0.12030155120454068 0.04484304932735426 0.06711409395973154
0 0.7772918751312554 0.08525616136964517 0.04484304932735426 0.06711409395973154
0 0.788311158877812 0.11205557712574184 0.04484304932735426 0.06711409395973154
0 0.8034626740293271 0.10587109656664256 0.04484304932735426 0.06711409395973154
0 0.8213690101174814 0.08525616136964517 0.04484304932735426 0.06711409395973154
0 0.8089723159026054 0.05639525209384875 0.04484304932735426 0.06711409395973154
0 0.8420301671422749 0.07701018729084613 0.04484304932735426 0.06711409395973154
0 0.859936503230429 0.048149278015049715 0.04484304932735426 0.06711409395973154
0 0.8833524811918616 0.0790716808105459 0.04484304932735426 0.06711409395973154
0 0.8750880183819442 0.1285475252833397 0.04484304932735426 0.06711409395973154
0 0.8861073021285008 0.17596187623643378 0.04484304932735426 0.06711409395973154
0 0.8544268613571508 0.19039233087433208 0.04484304932735426 0.06711409395973154
0 0.7965756216877292 0.18626934383493257 0.04484304932735426 0.06711409395973154
0 0.8075949054342857 0.2295607077486271 0.04484304932735426 0.06711409395973154
0 0.7745370541946164 0.21100726607132947 0.04484304932735426 0.06711409395973154
0 0.7621403599797403 0.16771590215763482 0.04484304932735426 0.06711409395973154
0 0.7428566134232665 0.12648603176363996 0.04484304932735426 0.06711409395973154
0 0.741479202954947 0.2501756429456245 0.04484304932735426 0.06711409395973154
0 0.7469888448282251 0.31202044853661687 0.04484304932735426 0.06711409395973154
0 0.9453359522662416 0.09968661600754329 0.04484304932735426 0.06711409395973154
0 0.9205425638364896 0.13060901880303946 0.04484304932735426 0.06711409395973154
0 0.9205425638364896 0.03578031689685136 0.04484304932735426 0.06711409395973154
0 0.9467133627345613 0.01104239466045445 0.04484304932735426 0.06711409395973154
0 0.9053910486849744 0.08319466784994542 0.04484304932735426 0.06711409395973154
0 0.9715067511643133 0.19657681143343125 0.04484304932735426 0.06711409395973154
0 0.9246747952414482 0.16565440863793507 0.04484304932735426 0.06711409395973154
0 0.9343166685196853 0.9716983748405346 0.04484304932735426 0.06711409395973154
0 0.5169612966188588 0.1553469410394364 0.04484304932735426 0.06711409395973154
0 0.8998814068116963 0.3099589550169171 0.04484304932735426 0.06711409395973154
0 0.8709557869769854 0.215130253110729 0.04484304932735426 0.06711409395973154
0 0.03899986411197176 0.050210771534749475 0.04484304932735426 0.06711409395973154
0 0.9949227291257459 0.09968661600754329 0.04484304932735426 0.06711409395973154
0 0.9797712139742307 0.09144064192874427 0.04484304932735426 0.06711409395973154
0 0.28633586144796913 0.6788530261684625 0.04484304932735426 0.06711409395973154
0 0.464158039270147 0.7655716766455023 0.04484304932735426 0.06711409395973154
0 0.47414804926015697 0.840329133953295 0.04484304932735426 0.06711409395973154
