0 0.26072832720947703 0.6193802311092304 0.02145922746781116 0.03676470588235294
0 0.23674751186175522 0.6029463194150564 0.02145922746781116 0.03676470588235294
0 0.21996094111834996 0.5481666137678093 0.02145922746781116 0.03676470588235294
0 0.25513280362834195 0.5509055990501718 0.02145922746781116 0.03676470588235294
0 0.24314239595448106 0.49612589340292473 0.02145922746781116 0.03676470588235294
0 0.2447411169776625 0.44134618775567785 0.02145922746781116 0.03676470588235294
0 0.18558843911994868 0.46462756265575783 0.02145922746781116 0.03676470588235294
0 0.11124791154201101 0.553644584332534 0.02145922746781116 0.03676470588235294
0 0.08087221210156337 0.5372106726383601 0.02145922746781116 0.03676470588235294
0 0.02731505782498459 0.5426886432030846 0.02145922746781116 0.03676470588235294
0 0.0560920362422508 0.4454546656792213 0.02145922746781116 0.03676470588235294
0 0.04570034959157133 0.39752242323788023 0.02145922746781116 0.03676470588235294
0 0.07447732800883754 0.39341394531433677 0.02145922746781116 0.03676470588235294
0 0.07527668852042826 0.36876307777307565 0.02145922746781116 0.03676470588235294
0 0.10884983000723879 0.39341394531433677 0.02145922746781116 0.03676470588235294
0 0.0872670961942892 0.4221732907791414 0.02145922746781116 0.03676470588235294
0 0.11844215614632757 0.4605190847322143 0.02145922746781116 0.03676470588235294
0 0.10405366693769447 0.47421401114402606 0.02145922746781116 0.03676470588235294
0 0.1424229714940494 0.41669532021441674 0.02145922746781116 0.03676470588235294
0 0.17839419451563215 0.39752242323788023 0.02145922746781116 0.03676470588235294
0 0.2007762888401725 0.40163090116142386 0.02145922746781116 0.03676470588235294
0 0.21436541753721483 0.36876307777307565 0.02145922746781116 0.03676470588235294
0 0.16800250786495263 0.33589525438472756 0.02145922746781116 0.03676470588235294
0 0.13682744791291426 0.35917662928480754 0.02145922746781116 0.03676470588235294
0 0.1432223320056401 0.340003732308271 0.02145922746781116 0.03676470588235294
0 0.12403767972746262 0.3304172838200029 0.02145922746781116 0.03676470588235294
0 0.10645174847246663 0.3126138794846476 0.02145922746781116 0.03676470588235294
0 0.09765878284496864 0.3016579383551983 0.02145922746781116 0.03676470588235294
0 0.07927349107838193 0.31124438684346645 0.02145922746781116 0.03676470588235294
0 0.07367796749724681 0.3304172838200029 0.02145922746781116 0.03676470588235294
0 0.046499710103162055 0.33178677646118404 0.02145922746781116 0.03676470588235294
0 0.022518894755440232 0.36876307777307565 0.02145922746781116 0.03676470588235294
0 0.021719534243849512 0.340003732308271 0.02145922746781116 0.03676470588235294
0 0.022518894755440232 0.2975494604316547 0.02145922746781116 0.03676470588235294
0 0.04010482601043625 0.2893325045845676 0.02145922746781116 0.03676470588235294
0 0.02731505782498459 0.27015960760803126 0.02145922746781116 0.03676470588235294
0 0.03530866294089186 0.2578341738374007 0.02145922746781116 0.03676470588235294
0 0.03850610498725478 0.24003076950204538 0.02145922746781116 0.03676470588235294
0 0.0472990706147528 0.23866127686086422 0.02145922746781116 0.03676470588235294
0 0.05769075726543224 0.24140026214322652 0.02145922746781116 0.03676470588235294
0 0.055292675730660074 0.25920366647858184 0.02145922746781116 0.03676470588235294
0 0.07287860698565607 0.2646816370433065 0.02145922746781116 0.03676470588235294
0 0.05209523368429716 0.2797460560962995 0.02145922746781116 0.03676470588235294
0 0.05049651266111569 0.30302743099637947 0.02145922746781116 0.03676470588235294
0 0.07447732800883754 0.28796301194338647 0.02145922746781116 0.03676470588235294
0 0.09286261977542425 0.28385453401984295 0.02145922746781116 0.03676470588235294
0 0.08486901465951698 0.27426808553157483 0.02145922746781116 0.03676470588235294
0 0.23994495390811815 0.39478343795551796 0.02145922746781116 0.03676470588235294
0 0.2271551857226665 0.3372647470259087 0.02145922746781116 0.03676470588235294
0 0.23355006981539234 0.3153528647670099 0.02145922746781116 0.03676470588235294
0 0.20317437037494468 0.3222003279729158 0.02145922746781116 0.03676470588235294
0 0.1656044263301805 0.31124438684346645 0.02145922746781116 0.03676470588235294
0 0.14721913456359378 0.3126138794846476 0.02145922746781116 0.03676470588235294
0 0.13283064535496067 0.2961799677904735 0.02145922746781116 0.03676470588235294
0 0.11844215614632757 0.2797460560962995 0.02145922746781116 0.03676470588235294
0 0.12004087716950901 0.2578341738374007 0.02145922746781116 0.03676470588235294
0 0.13682744791291426 0.2728985928903936 0.02145922746781116 0.03676470588235294
0 0.146419774052003 0.2728985928903936 0.02145922746781116 0.03676470588235294
0 0.15920954223745465 0.26331214440212536 0.02145922746781116 0.03676470588235294
0 0.1480184950751845 0.24824772534913245 0.02145922746781116 0.03676470588235294
0 0.11764279563473684 0.22633584309023375 0.02145922746781116 0.03676470588235294
0 0.1280344822854163 0.20168497554897263 0.02145922746781116 0.03676470588235294
0 0.13363000586655138 0.2030544681901538 0.02145922746781116 0.03676470588235294
0 0.13442936637814212 0.21674939460196552 0.02145922746781116 0.03676470588235294
0 0.1751967524692692 0.24824772534913245 0.02145922746781116 0.03676470588235294
0 0.17679547349245064 0.22496635044905258 0.02145922746781116 0.03676470588235294
0 0.1839897180967672 0.24413924742558896 0.02145922746781116 0.03676470588235294
0 0.19278268372426524 0.24824772534913245 0.02145922746781116 0.03676470588235294
0 0.19038460218949302 0.2318138136549584 0.02145922746781116 0.03676470588235294
0 0.19598012577062812 0.2318138136549584 0.02145922746781116 0.03676470588235294
0 0.21036861497926124 0.24413924742558896 0.02145922746781116 0.03676470588235294
0 0.2007762888401725 0.2674206223256688 0.02145922746781116 0.03676470588235294
0 0.1887858811663116 0.2824850413786618 0.02145922746781116 0.03676470588235294
0 0.1895852416779023 0.3208308353317347 0.02145922746781116 0.03676470588235294
0 0.2175628595835778 0.2934409825081111 0.02145922746781116 0.03676470588235294
0 0.23355006981539234 0.2865935193022053 0.02145922746781116 0.03676470588235294
0 0.2239577436763036 0.2674206223256688 0.02145922746781116 0.03676470588235294
0 0.23275070930380162 0.2578341738374007 0.02145922746781116 0.03676470588235294
0 0.2599289666978863 0.2865935193022053 0.02145922746781116 0.03676470588235294
0 0.2447411169776625 0.3372647470259087 0.02145922746781116 0.03676470588235294
0 0.28950530562674326 0.457780099449852 0.02145922746781116 0.03676470588235294
0 0.2966995502310598 0.39341394531433677 0.02145922746781116 0.03676470588235294
0 0.2831104215340174 0.36876307777307565 0.02145922746781116 0.03676470588235294
0 0.2783142584644731 0.32493931325527814 0.02145922746781116 0.03676470588235294
0 0.2911040266499247 0.3153528647670099 0.02145922746781116 0.03676470588235294
0 0.29270274767310617 0.2934409825081111 0.02145922746781116 0.03676470588235294
0 0.29829827125424124 0.2934409825081111 0.02145922746781116 0.03676470588235294
0 0.3086899579049207 0.2934409825081111 0.02145922746781116 0.03676470588235294
0 0.3190816445556002 0.35917662928480754 0.02145922746781116 0.03676470588235294
0 0.3350688547874147 0.3372647470259087 0.02145922746781116 0.03676470588235294
0 0.3462599019496849 0.3304172838200029 0.02145922746781116 0.03676470588235294
0 0.3462599019496849 0.2934409825081111 0.02145922746781116 0.03676470588235294
0 0.36464519371627163 0.3016579383551983 0.02145922746781116 0.03676470588235294
0 0.3598490306467273 0.3701325704142568 0.02145922746781116 0.03676470588235294
0 0.36784263576263454 0.39752242323788023 0.02145922746781116 0.03676470588235294
0 0.34705926246127566 0.41669532021441674 0.02145922746781116 0.03676470588235294
0 0.36064839115831804 0.4372377098321344 0.02145922746781116 0.03676470588235294
0 0.3270752496715074 0.44956314360276495 0.02145922746781116 0.03676470588235294
0 0.2935021081846969 0.5618615401796211 0.02145922746781116 0.03676470588235294
0 0.34785862297286635 0.5372106726383601 0.02145922746781116 0.03676470588235294
0 0.3654445542278624 0.6317056648798609 0.02145922746781116 0.03676470588235294
0 0.3854285670176305 0.5782954518737952 0.02145922746781116 0.03676470588235294
0 0.43978508180580006 0.6604650103446655 0.02145922746781116 0.03676470588235294
0 0.5021352017098768 0.6139022605445056 0.02145922746781116 0.03676470588235294
0 0.41580426645807816 0.4865394449146566 0.02145922746781116 0.03676470588235294
0 0.47255886278101983 0.5029733566088307 0.02145922746781116 0.03676470588235294
0 0.48694735198965294 0.49886487868528717 0.02145922746781116 0.03676470588235294
0 0.5660840426371349 0.6810073999623832 0.02145922746781116 0.03676470588235294
0 0.5556923559864555 0.5194072683030048 0.02145922746781116 0.03676470588235294
0 0.5596891585444091 0.42628176870268497 0.02145922746781116 0.03676470588235294
0 0.530912180127143 0.37561054097898156 0.02145922746781116 0.03676470588235294
0 0.48295054943169935 0.41943430549677907 0.02145922746781116 0.03676470588235294
0 0.4038138587842173 0.38245800418488746 0.02145922746781116 0.03676470588235294
0 0.4557722920376146 0.3810885115437063 0.02145922746781116 0.03676470588235294
0 0.4413838028289815 0.35917662928480754 0.02145922746781116 0.03676470588235294
0 0.42939339515512054 0.363285107208351 0.02145922746781116 0.03676470588235294
0 0.3910240905987657 0.3468511955141769 0.02145922746781116 0.03676470588235294
0 0.3878266485524028 0.323569820614097 0.02145922746781116 0.03676470588235294
0 0.3806324039480862 0.29891895307283584 0.02145922746781116 0.03676470588235294
0 0.33906565734536837 0.2578341738374007 0.02145922746781116 0.03676470588235294
0 0.36624391473945306 0.2550951885550384 0.02145922746781116 0.03676470588235294
0 0.3558522280887737 0.25920366647858184 0.02145922746781116 0.03676470588235294
0 0.3486579834844571 0.26057315911976303 0.02145922746781116 0.03676470588235294
0 0.3614477516699088 0.2824850413786618 0.02145922746781116 0.03676470588235294
0 0.38223112497126766 0.27426808553157483 0.02145922746781116 0.03676470588235294
0 0.3926228116219471 0.2550951885550384 0.02145922746781116 0.03676470588235294
0 0.3334701337642333 0.19346801970188554 0.02145922746781116 0.03676470588235294
0 0.32787461018309816 0.1907290344195232 0.02145922746781116 0.03676470588235294
0 0.31828228404400943 0.1907290344195232 0.02145922746781116 0.03676470588235294
0 0.30948931841651145 0.18662055649597964 0.02145922746781116 0.03676470588235294
0 0.3054925158585578 0.19209852706070438 0.02145922746781116 0.03676470588235294
0 0.3054925158585578 0.20168497554897263 0.02145922746781116 0.03676470588235294
0 0.27991297948765453 0.1907290344195232 0.02145922746781116 0.03676470588235294
0 0.27991297948765453 0.20031548290779147 0.02145922746781116 0.03676470588235294
0 0.2711200138601565 0.21537990196078435 0.02145922746781116 0.03676470588235294
0 0.28151170051083596 0.23455279893732073 0.02145922746781116 0.03676470588235294
0 0.2791136189760638 0.26879011496685007 0.02145922746781116 0.03676470588235294
0 0.26712321130220285 0.2646816370433065 0.02145922746781116 0.03676470588235294
0 0.246339838000844 0.2359222915785019 0.02145922746781116 0.03676470588235294
0 0.23834623288493673 0.22907482837259607 0.02145922746781116 0.03676470588235294
0 0.23754687237334593 0.220857872525509 0.02145922746781116 0.03676470588235294
0 0.24314239595448106 0.220857872525509 0.02145922746781116 0.03676470588235294
0 0.3438618204149127 0.19346801970188554 0.02145922746781116 0.03676470588235294
0 0.36224711218149946 0.1907290344195232 0.02145922746781116 0.03676470588235294
0 0.37183943832058824 0.1907290344195232 0.02145922746781116 0.03676470588235294
0 0.378234322413314 0.1907290344195232 0.02145922746781116 0.03676470588235294
0 0.3870272880408121 0.1907290344195232 0.02145922746781116 0.03676470588235294
0 0.39582025366831003 0.1838815712136173 0.02145922746781116 0.03676470588235294
0 0.37183943832058824 0.220857872525509 0.02145922746781116 0.03676470588235294
0 0.3630464726930902 0.220857872525509 0.02145922746781116 0.03676470588235294
0 0.40461321929580807 0.23455279893732073 0.02145922746781116 0.03676470588235294
0 0.413406184923306 0.2057934534725161 0.02145922746781116 0.03676470588235294
0 0.41260682441171526 0.19620700498424787 0.02145922746781116 0.03676470588235294
0 0.40301449827262664 0.19346801970188554 0.02145922746781116 0.03676470588235294
0 0.40461321929580807 0.17840360064889266 0.02145922746781116 0.03676470588235294
0 0.4054125798073988 0.16333918159589977 0.02145922746781116 0.03676470588235294
0 0.4245972320855762 0.19346801970188554 0.02145922746781116 0.03676470588235294
0 0.44378188436375365 0.19346801970188554 0.02145922746781116 0.03676470588235294
0 0.4613678156187496 0.1879900491371608 0.02145922746781116 0.03676470588235294
0 0.47735502585056433 0.20031548290779147 0.02145922746781116 0.03676470588235294
0 0.47895374687374576 0.2030544681901538 0.02145922746781116 0.03676470588235294
0 0.4653646181767034 0.2099019313960596 0.02145922746781116 0.03676470588235294
0 0.4453806053869351 0.2099019313960596 0.02145922746781116 0.03676470588235294
0 0.4349889187362557 0.220857872525509 0.02145922746781116 0.03676470588235294
0 0.416603626969669 0.24413924742558896 0.02145922746781116 0.03676470588235294
0 0.4245972320855762 0.24003076950204538 0.02145922746781116 0.03676470588235294
0 0.40061641673785436 0.27700707081393716 0.02145922746781116 0.03676470588235294
0 0.4190017085044412 0.26057315911976303 0.02145922746781116 0.03676470588235294
0 0.42699531362034837 0.2728985928903936 0.02145922746781116 0.03676470588235294
0 0.4349889187362557 0.2578341738374007 0.02145922746781116 0.03676470588235294
0 0.4413838028289815 0.2578341738374007 0.02145922746781116 0.03676470588235294
0 0.451775489479661 0.22633584309023375 0.02145922746781116 0.03676470588235294
0 0.43658763975943715 0.29207148986692993 0.02145922746781116 0.03676470588235294
0 0.4102087428769431 0.29891895307283584 0.02145922746781116 0.03676470588235294
0 0.4229985110623948 0.33452576174354637 0.02145922746781116 0.03676470588235294
0 0.4525748499912517 0.3085054015611041 0.02145922746781116 0.03676470588235294
0 0.4565716525492053 0.27700707081393716 0.02145922746781116 0.03676470588235294
0 0.4621671761303405 0.2728985928903936 0.02145922746781116 0.03676470588235294
0 0.46856206022306623 0.28385453401984295 0.02145922746781116 0.03676470588235294
0 0.47895374687374576 0.2961799677904735 0.02145922746781116 0.03676470588235294
0 0.47735502585056433 0.34274271759063335 0.02145922746781116 0.03676470588235294
0 0.49094415454760654 0.3304172838200029 0.02145922746781116 0.03676470588235294
0 0.49813839915192315 0.2975494604316547 0.02145922746781116 0.03676470588235294
0 0.4989377596635139 0.2728985928903936 0.02145922746781116 0.03676470588235294
0 0.4845492704548808 0.2578341738374007 0.02145922746781116 0.03676470588235294
0 0.48295054943169935 0.24003076950204538 0.02145922746781116 0.03676470588235294
0 0.4765556653389735 0.24003076950204538 0.02145922746781116 0.03676470588235294
0 0.49733903864033246 0.220857872525509 0.02145922746781116 0.03676470588235294
0 0.5053326437562397 0.2099019313960596 0.02145922746781116 0.03676470588235294
0 0.5093294463141934 0.22222736516669017 0.02145922746781116 0.03676470588235294
0 0.5245172960344172 0.24140026214322652 0.02145922746781116 0.03676470588235294
0 0.5357083431966874 0.22907482837259607 0.02145922746781116 0.03676470588235294
0 0.5476987508705482 0.24003076950204538 0.02145922746781116 0.03676470588235294
0 0.5461000298473668 0.26057315911976303 0.02145922746781116 0.03676470588235294
0 0.536507703708278 0.26057315911976303 0.02145922746781116 0.03676470588235294
0 0.5269153775691893 0.26879011496685007 0.02145922746781116 0.03676470588235294
0 0.5189217724532821 0.2728985928903936 0.02145922746781116 0.03676470588235294
0 0.5293134591039614 0.2865935193022053 0.02145922746781116 0.03676470588235294
0 0.513326248872147 0.323569820614097 0.02145922746781116 0.03676470588235294
0 0.5285140985923709 0.32493931325527814 0.02145922746781116 0.03676470588235294
0 0.5500968324053205 0.35095967343772044 0.02145922746781116 0.03676470588235294
0 0.569281484683498 0.3222003279729158 0.02145922746781116 0.03676470588235294
0 0.548498111382139 0.28796301194338647 0.02145922746781116 0.03676470588235294
0 0.5540936349632741 0.2783765634551183 0.02145922746781116 0.03676470588235294
0 0.5548929954748648 0.2537256959138572 0.02145922746781116 0.03676470588235294
0 0.5644853216139535 0.2646816370433065 0.02145922746781116 0.03676470588235294
0 0.5588897980328185 0.23044432101377724 0.02145922746781116 0.03676470588235294
0 0.5764757292878145 0.23455279893732073 0.02145922746781116 0.03676470588235294
0 0.5820712528689496 0.2783765634551183 0.02145922746781116 0.03676470588235294
0 0.5796731713341774 0.2578341738374007 0.02145922746781116 0.03676470588235294
0 0.5940616605428104 0.2578341738374007 0.02145922746781116 0.03676470588235294
0 0.6084501497514436 0.24824772534913245 0.02145922746781116 0.03676470588235294
0 0.6372271281687099 0.5139292977382801 0.02145922746781116 0.03676470588235294
0 0.6835900378409719 0.5632310328208023 0.02145922746781116 0.03676470588235294
0 0.6540136989121149 0.6125327679033244 0.02145922746781116 0.03676470588235294
0 0.7171631793277824 0.6673124735505714 0.02145922746781116 0.03676470588235294
0 0.7755164966739055 0.4947564007617436 0.02145922746781116 0.03676470588235294
0 0.8138858012302607 0.5385801652795412 0.02145922746781116 0.03676470588235294
0 0.8642455134604763 0.6152717531856869 0.02145922746781116 0.03676470588235294
0 0.8258762089041215 0.830282097851131 0.02145922746781116 0.03676470588235294
0 0.9553726117818193 0.6960718190153761 0.02145922746781116 0.03676470588235294
0 0.9689617404788615 0.5810344371561575 0.02145922746781116 0.03676470588235294
0 0.9609681353629543 0.48927843019701894 0.02145922746781116 0.03676470588235294
0 0.9705604615020432 0.4358682171909532 0.02145922746781116 0.03676470588235294
0 0.9689617404788615 0.4071088717261486 0.02145922746781116 0.03676470588235294
0 0.9785540666179504 0.371502063055438 0.02145922746781116 0.03676470588235294
0 0.9729585430368154 0.3454817028729957 0.02145922746781116 0.03676470588235294
0 0.9313917964340974 0.34411221023181454 0.02145922746781116 0.03676470588235294
0 0.9154045862022829 0.36876307777307565 0.02145922746781116 0.03676470588235294
0 0.9194013887602366 0.40026140852024267 0.02145922746781116 0.03676470588235294
0 0.9537738907586378 0.2550951885550384 0.02145922746781116 0.03676470588235294
0 0.9785540666179504 0.2674206223256688 0.02145922746781116 0.03676470588235294
0 0.9465796461543213 0.26331214440212536 0.02145922746781116 0.03676470588235294
0 0.9681623799672708 0.23866127686086422 0.02145922746781116 0.03676470588235294
0 0.9601687748513636 0.16881715216062443 0.02145922746781116 0.03676470588235294
0 0.9497770882006843 0.16744765951944326 0.02145922746781116 0.03676470588235294
0 0.9337898779688696 0.17840360064889266 0.02145922746781116 0.03676470588235294
0 0.9313917964340974 0.16470867423708094 0.02145922746781116 0.03676470588235294
0 0.8618474319257042 0.13594932877227622 0.02145922746781116 0.03676470588235294
0 0.9106084231327387 0.24961721799031372 0.02145922746781116 0.03676470588235294
0 0.8818314447154725 0.2934409825081111 0.02145922746781116 0.03676470588235294
0 0.8762359211343375 0.3208308353317347 0.02145922746781116 0.03676470588235294
0 0.8538538268097969 0.24413924742558896 0.02145922746781116 0.03676470588235294
0 0.8474589427170712 0.27015960760803126 0.02145922746781116 0.03676470588235294
0 0.8426627796475269 0.29207148986692993 0.02145922746781116 0.03676470588235294
0 0.8306723719736658 0.355068151361264 0.02145922746781116 0.03676470588235294
0 0.8434621401591176 0.40026140852024267 0.02145922746781116 0.03676470588235294
0 0.8434621401591176 0.40026140852024267 0.02145922746781116 0.03676470588235294
0 0.8498570242518434 0.44271568039685905 0.02145922746781116 0.03676470588235294
0 0.8146851617418513 0.44134618775567785 0.02145922746781116 0.03676470588235294
0 0.8322710929968472 0.40026140852024267 0.02145922746781116 0.03676470588235294
0 0.7970992304868553 0.3454817028729957 0.02145922746781116 0.03676470588235294
0 0.81308644071867 0.30713590891992293 0.02145922746781116 0.03676470588235294
0 0.7939017884404924 0.31124438684346645 0.02145922746781116 0.03676470588235294
0 0.8026947540679903 0.2824850413786618 0.02145922746781116 0.03676470588235294
0 0.7763158571854962 0.41669532021441674 0.02145922746781116 0.03676470588235294
0 0.7547331233725468 0.3742410483378004 0.02145922746781116 0.03676470588235294
0 0.7499369603030025 0.3454817028729957 0.02145922746781116 0.03676470588235294
0 0.7235580634205084 0.37287155569661923 0.02145922746781116 0.03676470588235294
0 0.7307523080248249 0.4796919817087507 0.02145922746781116 0.03676470588235294
0 0.7027746901191494 0.42628176870268497 0.02145922746781116 0.03676470588235294
0 0.6867874798873348 0.355068151361264 0.02145922746781116 0.03676470588235294
0 0.6620073040280224 0.34959018079653925 0.02145922746781116 0.03676470588235294
0 0.6436220122614356 0.340003732308271 0.02145922746781116 0.03676470588235294
0 0.6316316045875747 0.4358682171909532 0.02145922746781116 0.03676470588235294
0 0.6492175358425707 0.4071088717261486 0.02145922746781116 0.03676470588235294
0 0.598857823612355 0.32493931325527814 0.02145922746781116 0.03676470588235294
0 0.6116475917978065 0.323569820614097 0.02145922746781116 0.03676470588235294
0 0.5844693344037217 0.34959018079653925 0.02145922746781116 0.03676470588235294
0 0.4989377596635139 0.3701325704142568 0.02145922746781116 0.03676470588235294
0 0.26392576925583994 0.42628176870268497 0.02145922746781116 0.03676470588235294
0 0.5197211329648727 0.22222736516669017 0.02145922746781116 0.03676470588235294
0 0.6412239307266634 0.27015960760803126 0.02145922746781116 0.03676470588235294
0 0.6500168963541614 0.2578341738374007 0.02145922746781116 0.03676470588235294
0 0.6260360810064395 0.24413924742558896 0.02145922746781116 0.03676470588235294
0 0.6548130594237057 0.22496635044905258 0.02145922746781116 0.03676470588235294
0 0.6676028276091575 0.23866127686086422 0.02145922746781116 0.03676470588235294
0 0.660408583004841 0.2057934534725161 0.02145922746781116 0.03676470588235294
0 0.6700009091439296 0.2099019313960596 0.02145922746781116 0.03676470588235294
0 0.7003766085843773 0.19620700498424787 0.02145922746781116 0.03676470588235294
0 0.6899849219336979 0.21948837988432784 0.02145922746781116 0.03676470588235294
0 0.706771492677103 0.22496635044905258 0.02145922746781116 0.03676470588235294
0 0.6875868403989255 0.24140026214322652 0.02145922746781116 0.03676470588235294
0 0.7163638188161917 0.27426808553157483 0.02145922746781116 0.03676470588235294
0 0.7251567844436899 0.2728985928903936 0.02145922746781116 0.03676470588235294
0 0.7507363208145932 0.2865935193022053 0.02145922746781116 0.03676470588235294
0 0.777115217697087 0.22907482837259607 0.02145922746781116 0.03676470588235294
0 0.7395452736523228 0.21537990196078435 0.02145922746781116 0.03676470588235294
0 0.7267555054668713 0.22222736516669017 0.02145922746781116 0.03676470588235294
0 0.7235580634205084 0.1441662846193633 0.02145922746781116 0.03676470588235294
0 0.7171631793277824 0.157861211031175 0.02145922746781116 0.03676470588235294
0 0.7131663767698289 0.15238324046645038 0.02145922746781116 0.03676470588235294
0 0.73634783160596 0.15238324046645038 0.02145922746781116 0.03676470588235294
0 0.7371471921175508 0.16744765951944326 0.02145922746781116 0.03676470588235294
0 0.7251567844436899 0.16881715216062443 0.02145922746781116 0.03676470588235294
0 0.7131663767698289 0.17429512272534917 0.02145922746781116 0.03676470588235294
0 0.7203606213741456 0.1879900491371608 0.02145922746781116 0.03676470588235294
0 0.6987778875611959 0.32493931325527814 0.02145922746781116 0.03676470588235294
0 0.6731983511902925 0.3222003279729158 0.02145922746781116 0.03676470588235294
0 0.6468194543077985 0.3153528647670099 0.02145922746781116 0.03676470588235294
0 0.73634783160596 0.33315626910236523 0.02145922746781116 0.03676470588235294
0 0.777115217697087 0.2674206223256688 0.02145922746781116 0.03676470588235294
0 0.7883062648593574 0.1619696889547185 0.02145922746781116 0.03676470588235294
0 0.7795132992318592 0.15238324046645038 0.02145922746781116 0.03676470588235294
0 0.8546531873213877 0.1838815712136173 0.02145922746781116 0.03676470588235294
0 0.8482583032286619 0.1619696889547185 0.02145922746781116 0.03676470588235294
0 0.8114877196954885 0.21127142403724075 0.02145922746781116 0.03676470588235294
0 0.3038937948353763 0.23455279893732073 0.02145922746781116 0.03676470588235294
0 0.28950530562674326 0.2359222915785019 0.02145922746781116 0.03676470588235294
0 0.2998969922774227 0.26331214440212536 0.02145922746781116 0.03676470588235294
0 0.2887059451151525 0.2674206223256688 0.02145922746781116 0.03676470588235294
0 0.2767155374412916 0.24550874006677012 0.02145922746781116 0.03676470588235294
0 0.2831104215340174 0.24550874006677012 0.02145922746781116 0.03676470588235294
0 0.2879065846035618 0.24824772534913245 0.02145922746781116 0.03676470588235294
0 0.7091695742118752 0.20031548290779147 0.02145922746781116 0.03676470588235294
0 0.6004565446355364 0.19346801970188554 0.02145922746781116 0.03676470588235294
0 0.5269153775691893 0.2030544681901538 0.02145922746781116 0.03676470588235294
0 0.5197211329648727 0.20168497554897263 0.02145922746781116 0.03676470588235294
