0 0.08216595735124033 0.5735775305694735 0.02447980416156671 0.030257186081694403
0 0.6258674609502208 0.531146337908923 0.02447980416156671 0.030257186081694403
0 0.6527741906505117 0.5265591819456202 0.02447980416156671 0.030257186081694403
0 0.5739096380806936 0.552935328734611 0.02447980416156671 0.030257186081694403
0 0.5739096380806936 0.5816050535052533 0.02447980416156671 0.030257186081694403
0 0.5488585449114572 0.6056876223125928 0.02447980416156671 0.030257186081694403
0 0.5553532727701482 0.5942197324043358 0.02447980416156671 0.030257186081694403
0 0.5405081805217119 0.5701371635969964 0.02447980416156671 0.030257186081694403
0 0.4820556297934939 0.5632564296520423 0.02447980416156671 0.030257186081694403
0 0.4672105375450575 0.5701371635969964 0.02447980416156671 0.030257186081694403
0 0.4876225393866575 0.6194490902025009 0.02447980416156671 0.030257186081694403
0 0.03299158927829499 0.9474307415786478 0.02447980416156671 0.030257186081694403
0 0.10257795919284027 0.9841279892850698 0.02447980416156671 0.030257186081694403
0 0.13412378022076746 0.9474307415786478 0.02447980416156671 0.030257186081694403
0 0.0858772304133494 0.8740362461658038 0.02447980416156671 0.030257186081694403
0 0.0932997765375676 0.8166967966245192 0.02447980416156671 0.030257186081694403
0 0.059898318978585864 0.8132564296520424 0.02447980416156671 0.030257186081694403
0 0.0274246796851314 0.8568344113034183 0.02447980416156671 0.030257186081694403
0 0.007940496109058667 0.8419261544226845 0.02447980416156671 0.030257186081694403
0 0.024641224888549532 0.799494961762134 0.02447980416156671 0.030257186081694403
0 0.0487644997922586 0.7627977140557121 0.02447980416156671 0.030257186081694403
0 0.0543314093854222 0.7398619342391982 0.02447980416156671 0.030257186081694403
0 0.026496861419604136 0.7352747782758955 0.02447980416156671 0.030257186081694403
0 0.006084859578004134 0.7650912920373634 0.02447980416156671 0.030257186081694403
0 0.0487644997922586 0.7146325764410331 0.02447980416156671 0.030257186081694403
0 0.07381559296149487 0.7146325764410331 0.02447980416156671 0.030257186081694403
0 0.04041413540251313 0.674494961762134 0.02447980416156671 0.030257186081694403
0 0.017218678764331398 0.656146337908923 0.02447980416156671 0.030257186081694403
0 0.011651769171167801 0.6802289067162625 0.02447980416156671 0.030257186081694403
0 0.008868314374585932 0.692843585615345 0.02447980416156671 0.030257186081694403
0 0.0988666861307312 0.6446784480006661 0.02447980416156671 0.030257186081694403
0 0.060826137244113135 0.6584399158905744 0.02447980416156671 0.030257186081694403
0 0.1174230514412766 0.6997243195602991 0.02447980416156671 0.030257186081694403
0 0.15082450900025832 0.704311475523602 0.02447980416156671 0.030257186081694403
0 0.15824705512447654 0.6183023012116753 0.02447980416156671 0.030257186081694403
0 0.18793723962134912 0.6240362461658038 0.02447980416156671 0.030257186081694403
0 0.053403591119894935 0.5701371635969964 0.02447980416156671 0.030257186081694403
0 0.06360959204069494 0.5644032186428679 0.02447980416156671 0.030257186081694403
0 0.7102989231132025 0.8132564296520424 0.02447980416156671 0.030257186081694403
0 0.677825283819748 0.9738068883676385 0.02447980416156671 0.030257186081694403
0 0.7529785633274567 0.9680729434135101 0.02447980416156671 0.030257186081694403
0 0.8513272994733475 0.97610046634929 0.02447980416156671 0.030257186081694403
0 0.8142145688522566 0.9566050535052533 0.02447980416156671 0.030257186081694403
0 0.7668958373103659 0.7926142278171799 0.02447980416156671 0.030257186081694403
0 0.7817409295588021 0.7765591819456201 0.02447980416156671 0.030257186081694403
0 0.8040085679314566 0.7673848700190148 0.02447980416156671 0.030257186081694403
0 0.13597941675182199 0.8075224846979138 0.02447980416156671 0.030257186081694403
0 0.1545357820623674 0.7639445030465377 0.02447980416156671 0.030257186081694403
0 0.18979287615240373 0.7949078057988312 0.02447980416156671 0.030257186081694403
0 0.17309214737291279 0.7582105580924092 0.02447980416156671 0.030257186081694403
0 0.22876124330454906 0.9531646865327762 0.02447980416156671 0.030257186081694403
0 0.2361837894287672 0.8969720259823174 0.02447980416156671 0.030257186081694403
0 0.13969068981393107 0.9290821177254367 0.02447980416156671 0.030257186081694403
0 0.21298833279058546 0.5655500076336937 0.02447980416156671 0.030257186081694403
0 0.23525597116323993 0.5563756957070881 0.02447980416156671 0.030257186081694403
0 0.21762742411822178 0.5288527599272717 0.02447980416156671 0.030257186081694403
0 0.13969068981393107 0.5701371635969964 0.02447980416156671 0.030257186081694403
0 0.042269771933567665 0.6102747782758955 0.02447980416156671 0.030257186081694403
0 0.1387628715484038 0.6676142278171799 0.02447980416156671 0.030257186081694403
0 0.1777312387005492 0.6687610168080056 0.02447980416156671 0.030257186081694403
0 0.19164851268345826 0.6848160626795652 0.02447980416156671 0.030257186081694403
0 0.22133869718033086 0.6435316590098404 0.02447980416156671 0.030257186081694403
0 0.23989506249087633 0.6435316590098404 0.02447980416156671 0.030257186081694403
0 0.25659579127036714 0.5999536773584643 0.02447980416156671 0.030257186081694403
0 0.25010106341167626 0.5758711085511248 0.02447980416156671 0.030257186081694403
0 0.2584514278014218 0.5483481727713083 0.02447980416156671 0.030257186081694403
0 0.28257470270513074 0.5838986314869047 0.02447980416156671 0.030257186081694403
0 0.31319270546753064 0.5953665213951616 0.02447980416156671 0.030257186081694403
0 0.32803779771596697 0.6481188149731432 0.02447980416156671 0.030257186081694403
0 0.2732965200498581 0.6435316590098404 0.02447980416156671 0.030257186081694403
0 0.28257470270513074 0.6584399158905744 0.02447980416156671 0.030257186081694403
0 0.2621627008635308 0.6687610168080056 0.02447980416156671 0.030257186081694403
0 0.23896724422534907 0.6607334938722257 0.02447980416156671 0.030257186081694403
0 0.24175069902193086 0.6767885397437854 0.02447980416156671 0.030257186081694403
0 0.21669960585269452 0.7008711085511248 0.02447980416156671 0.030257186081694403
0 0.21020487799400367 0.7398619342391982 0.02447980416156671 0.030257186081694403
0 0.19257633094898552 0.7329812002942441 0.02447980416156671 0.030257186081694403
0 0.21948306064927633 0.722660099376813 0.02447980416156671 0.030257186081694403
0 0.24453415381851265 0.7249536773584643 0.02447980416156671 0.030257186081694403
0 0.26587397392563983 0.7306876223125928 0.02447980416156671 0.030257186081694403
0 0.2770077931119671 0.7306876223125928 0.02447980416156671 0.030257186081694403
0 0.249173245146149 0.6985775305694735 0.02447980416156671 0.030257186081694403
0 0.2909250670948762 0.6939903746061707 0.02447980416156671 0.030257186081694403
0 0.2770077931119671 0.6905500076336937 0.02447980416156671 0.030257186081694403
0 0.32061525159174886 0.685962851670391 0.02447980416156671 0.030257186081694403
0 0.30948143240542164 0.722660099376813 0.02447980416156671 0.030257186081694403
0 0.3410272534333487 0.7180729434135101 0.02447980416156671 0.030257186081694403
0 0.3410272534333487 0.7490362461658038 0.02447980416156671 0.030257186081694403
0 0.29649197668803984 0.7582105580924092 0.02447980416156671 0.030257186081694403
0 0.26958524698774894 0.7719720259823175 0.02447980416156671 0.030257186081694403
0 0.2946363401569852 0.8247243195602992 0.02447980416156671 0.030257186081694403
0 0.24638979034956718 0.7708252369914919 0.02447980416156671 0.030257186081694403
0 0.34288288996440325 0.832751842496079 0.02447980416156671 0.030257186081694403
0 0.3326768890436033 0.8556876223125928 0.02447980416156671 0.030257186081694403
0 0.38649034844418506 0.8591279892850697 0.02447980416156671 0.030257186081694403
0 0.42545871559633036 0.8453665213951614 0.02447980416156671 0.030257186081694403
0 0.3447385264954578 0.9738068883676385 0.02447980416156671 0.030257186081694403
0 0.28071906617407616 0.9233481727713083 0.02447980416156671 0.030257186081694403
0 0.11371177837916753 0.7593573470832349 0.02447980416156671 0.030257186081694403
0 0.08680504867887666 0.6504123929547946 0.02447980416156671 0.030257186081694403
0 0.34659416302651247 0.6022472553401157 0.02447980416156671 0.030257186081694403
0 0.3326768890436033 0.5884857874502074 0.02447980416156671 0.030257186081694403
0 0.3530888908852033 0.5701371635969964 0.02447980416156671 0.030257186081694403
0 0.3252543429193852 0.5632564296520423 0.02447980416156671 0.030257186081694403
0 0.3725730744612759 0.5552289067162625 0.02447980416156671 0.030257186081694403
0 0.35494452741625787 0.5472013837804827 0.02447980416156671 0.030257186081694403
0 0.4041188954892031 0.5781646865327762 0.02447980416156671 0.030257186081694403
0 0.410613623347894 0.6056876223125928 0.02447980416156671 0.030257186081694403
0 0.3809234388510214 0.5896325764410331 0.02447980416156671 0.030257186081694403
0 0.40319107722367586 0.656146337908923 0.02447980416156671 0.030257186081694403
0 0.4477263539689849 0.6504123929547946 0.02447980416156671 0.030257186081694403
0 0.6240118244191662 0.8212839525878219 0.02447980416156671 0.030257186081694403
0 0.5804043659393846 0.8809169801107578 0.02447980416156671 0.030257186081694403
0 0.5739096380806936 0.9497243195602992 0.02447980416156671 0.030257186081694403
0 0.5841156390014937 0.9795408333217671 0.02447980416156671 0.030257186081694403
0 0.5293743613353845 0.9726600993768129 0.02447980416156671 0.030257186081694403
0 0.47370526540374835 0.8671555122208496 0.02447980416156671 0.030257186081694403
0 0.5395803622561844 0.8476600993768129 0.02447980416156671 0.030257186081694403
0 0.49133381244876656 0.7788527599272715 0.02447980416156671 0.030257186081694403
0 0.4634992644829484 0.7605041360740606 0.02447980416156671 0.030257186081694403
0 0.4291699886584394 0.744449090202501 0.02447980416156671 0.030257186081694403
0 0.4217474425342213 0.7066050535052533 0.02447980416156671 0.030257186081694403
0 0.3957685310994577 0.6905500076336937 0.02447980416156671 0.030257186081694403
0 0.3790678023199669 0.7306876223125928 0.02447980416156671 0.030257186081694403
0 0.3632948918060033 0.7123389984593818 0.02447980416156671 0.030257186081694403
0 0.35494452741625787 0.6905500076336937 0.02447980416156671 0.030257186081694403
0 0.3799956205854942 0.6263298241474551 0.02447980416156671 0.030257186081694403
0 0.4328812617205485 0.5884857874502074 0.02447980416156671 0.030257186081694403
0 0.4050467137547304 0.5357334938722257 0.02447980416156671 0.030257186081694403
0 0.44401508090687586 0.5517885397437854 0.02447980416156671 0.030257186081694403
0 0.4885503576521848 0.49674266818415236 0.02447980416156671 0.030257186081694403
0 0.6100945504362573 0.6194490902025009 0.02447980416156671 0.030257186081694403
0 0.6008163677809845 0.5953665213951616 0.02447980416156671 0.030257186081694403
0 0.6073110956396753 0.6584399158905744 0.02447980416156671 0.030257186081694403
0 0.58875473032913 0.6664674388263542 0.02447980416156671 0.030257186081694403
0 0.565559273690948 0.6504123929547946 0.02447980416156671 0.030257186081694403
0 0.5479307266459301 0.656146337908923 0.02447980416156671 0.030257186081694403
0 0.5284465430698574 0.6722013837804827 0.02447980416156671 0.030257186081694403
0 0.5052510864316756 0.6882564296520423 0.02447980416156671 0.030257186081694403
0 0.5265909065388029 0.7157793654318587 0.02447980416156671 0.030257186081694403
0 0.5470029083804029 0.696283952587822 0.02447980416156671 0.030257186081694403
0 0.49968417683851196 0.7157793654318587 0.02447980416156671 0.030257186081694403
0 0.39484071283393046 0.7811463379089228 0.02447980416156671 0.030257186081694403
0 0.39947980416156675 0.8212839525878219 0.02447980416156671 0.030257186081694403
0 0.455148900093203 0.7387151452483726 0.02447980416156671 0.030257186081694403
0 0.4532932635621485 0.7020178975419505 0.02447980416156671 0.030257186081694403
0 0.4774165384658576 0.6435316590098404 0.02447980416156671 0.030257186081694403
0 0.4959729037764029 0.586192209468556 0.02447980416156671 0.030257186081694403
0 0.677825283819748 0.5242656039639689 0.02447980416156671 0.030257186081694403
0 0.667619282898948 0.552935328734611 0.02447980416156671 0.030257186081694403
0 0.6889591030060752 0.5838986314869047 0.02447980416156671 0.030257186081694403
0 0.6648358281023661 0.5976600993768129 0.02447980416156671 0.030257186081694403
0 0.6462794627918207 0.5838986314869047 0.02447980416156671 0.030257186081694403
0 0.6360734618710207 0.5758711085511248 0.02447980416156671 0.030257186081694403
0 0.6073110956396753 0.5758711085511248 0.02447980416156671 0.030257186081694403
0 0.630506552277857 0.5919261544226845 0.02447980416156671 0.030257186081694403
0 0.6583411002436753 0.6423848700190148 0.02447980416156671 0.030257186081694403
0 0.637001280136548 0.6802289067162625 0.02447980416156671 0.030257186081694403
0 0.6147336417638934 0.7123389984593818 0.02447980416156671 0.030257186081694403
0 0.6147336417638934 0.6916967966245193 0.02447980416156671 0.030257186081694403
0 0.5952494581878207 0.707751842496079 0.02447980416156671 0.030257186081694403
0 0.602672004312039 0.7467426681841524 0.02447980416156671 0.030257186081694403
0 0.5646314554254209 0.7249536773584643 0.02447980416156671 0.030257186081694403
0 0.56834272848753 0.7639445030465377 0.02447980416156671 0.030257186081694403
0 0.5488585449114572 0.7719720259823175 0.02447980416156671 0.030257186081694403
0 0.5516419997080392 0.8132564296520424 0.02447980416156671 0.030257186081694403
0 0.6295787340123299 0.7926142278171799 0.02447980416156671 0.030257186081694403
0 0.6555576454470934 0.7593573470832349 0.02447980416156671 0.030257186081694403
0 0.6555576454470934 0.7972013837804827 0.02447980416156671 0.030257186081694403
0 0.6685471011644751 0.7123389984593818 0.02447980416156671 0.030257186081694403
0 0.6694749194300025 0.6802289067162625 0.02447980416156671 0.030257186081694403
0 0.6898869212716023 0.696283952587822 0.02447980416156671 0.030257186081694403
0 0.6963816491302933 0.6939903746061707 0.02447980416156671 0.030257186081694403
0 0.7000929221924024 0.6722013837804827 0.02447980416156671 0.030257186081694403
0 0.7000929221924024 0.6446784480006661 0.02447980416156671 0.030257186081694403
0 0.7325665614858569 0.7123389984593818 0.02447980416156671 0.030257186081694403
0 0.7631845642482569 0.6985775305694735 0.02447980416156671 0.030257186081694403
0 0.8197814784454203 0.8052289067162623 0.02447980416156671 0.030257186081694403
0 0.7891634756830203 0.7868802828630515 0.02447980416156671 0.030257186081694403
0 0.9413256712294928 0.8671555122208496 0.02447980416156671 0.030257186081694403
0 0.8865843935633837 0.8407793654318587 0.02447980416156671 0.030257186081694403
0 0.8865843935633837 0.7949078057988312 0.02447980416156671 0.030257186081694403
0 0.8568942090665111 0.7490362461658038 0.02447980416156671 0.030257186081694403
0 0.8374100254904384 0.7169261544226845 0.02447980416156671 0.030257186081694403
0 0.802152931400402 0.7123389984593818 0.02447980416156671 0.030257186081694403
0 0.802152931400402 0.6802289067162625 0.02447980416156671 0.030257186081694403
0 0.808647659259093 0.6722013837804827 0.02447980416156671 0.030257186081694403
0 0.7826687478243296 0.6664674388263542 0.02447980416156671 0.030257186081694403
0 0.7650402007793113 0.6481188149731432 0.02447980416156671 0.030257186081694403
0 0.7455560172032386 0.5919261544226845 0.02447980416156671 0.030257186081694403
0 0.7446281989377115 0.5632564296520423 0.02447980416156671 0.030257186081694403
0 0.7000929221924024 0.560962851670391 0.02447980416156671 0.030257186081694403
0 0.7594732911861478 0.5265591819456202 0.02447980416156671 0.030257186081694403
0 0.7780296564966931 0.5242656039639689 0.02447980416156671 0.030257186081694403
0 0.8067920227280385 0.5517885397437854 0.02447980416156671 0.030257186081694403
0 0.8142145688522566 0.5735775305694735 0.02447980416156671 0.030257186081694403
0 0.7863800208864387 0.5758711085511248 0.02447980416156671 0.030257186081694403
0 0.7817409295588021 0.5999536773584643 0.02447980416156671 0.030257186081694403
0 0.8169980236488386 0.6263298241474551 0.02447980416156671 0.030257186081694403
0 0.8336987524283294 0.6079812002942441 0.02447980416156671 0.030257186081694403
0 0.8522551177388746 0.5598160626795652 0.02447980416156671 0.030257186081694403
0 0.8708114830494202 0.5758711085511248 0.02447980416156671 0.030257186081694403
0 0.8383378437559659 0.5758711085511248 0.02447980416156671 0.030257186081694403
0 0.8708114830494202 0.5506417507529596 0.02447980416156671 0.030257186081694403
0 0.8503994812078202 0.5288527599272717 0.02447980416156671 0.030257186081694403
0 0.8819453022357475 0.5391738608447028 0.02447980416156671 0.030257186081694403
0 0.9348309433708019 0.5265591819456202 0.02447980416156671 0.030257186081694403
0 0.9413256712294928 0.5426142278171799 0.02447980416156671 0.030257186081694403
0 0.9895722210369107 0.5288527599272717 0.02447980416156671 0.030257186081694403
0 0.9673045826642562 0.5919261544226845 0.02447980416156671 0.030257186081694403
0 0.9830774931782197 0.704311475523602 0.02447980416156671 0.030257186081694403
0 0.9626654913366198 0.7318344113034184 0.02447980416156671 0.030257186081694403
0 0.9394700346984383 0.7788527599272715 0.02447980416156671 0.030257186081694403
0 0.9533873086813471 0.8086692736887396 0.02447980416156671 0.030257186081694403
0 0.9969947671611288 0.8189903746061706 0.02447980416156671 0.030257186081694403
0 0.9747271287884745 0.7891738608447029 0.02447980416156671 0.030257186081694403
0 0.9784384018505835 0.9164674388263542 0.02447980416156671 0.030257186081694403
0 0.8689558465183654 0.704311475523602 0.02447980416156671 0.030257186081694403
0 0.8420491168180749 0.6618802828630515 0.02447980416156671 0.030257186081694403
0 0.8717393013149474 0.656146337908923 0.02447980416156671 0.030257186081694403
0 0.9032851223428747 0.656146337908923 0.02447980416156671 0.030257186081694403
0 0.8967903944841837 0.6355041360740606 0.02447980416156671 0.030257186081694403
0 0.8643167551907293 0.6286234021291065 0.02447980416156671 0.030257186081694403
0 0.8708114830494202 0.6240362461658038 0.02447980416156671 0.030257186081694403
0 0.8967903944841837 0.6033940443309413 0.02447980416156671 0.030257186081694403
0 0.9385422164329109 0.6022472553401157 0.02447980416156671 0.030257186081694403
0 0.9255527607155292 0.560962851670391 0.02447980416156671 0.030257186081694403
0 0.9069963954049838 0.560962851670391 0.02447980416156671 0.030257186081694403
0 0.9905000393024381 0.5563756957070881 0.02447980416156671 0.030257186081694403
0 0.9858609479748016 0.5953665213951616 0.02447980416156671 0.030257186081694403
0 0.9608098548055652 0.6836692736887395 0.02447980416156671 0.030257186081694403
0 0.9339031251052744 0.6939903746061707 0.02447980416156671 0.030257186081694403
0 0.9339031251052744 0.6458252369914919 0.02447980416156671 0.030257186081694403
0 0.9023573040773474 0.7088986314869047 0.02447980416156671 0.030257186081694403
0 0.6945260125992389 0.6079812002942441 0.02447980416156671 0.030257186081694403
0 0.733494379751384 0.6435316590098404 0.02447980416156671 0.030257186081694403
0 0.7223605605650568 0.6114215672667211 0.02447980416156671 0.030257186081694403
0 0.7205049240340022 0.5781646865327762 0.02447980416156671 0.030257186081694403
0 0.5850434572670208 0.5391738608447028 0.02447980416156671 0.030257186081694403
0 0.5098901777593121 0.5884857874502074 0.02447980416156671 0.030257186081694403
0 0.4458707174379304 0.6033940443309413 0.02447980416156671 0.030257186081694403
0 0.45050980876556673 0.5919261544226845 0.02447980416156671 0.030257186081694403
0 0.4217474425342213 0.567843585615345 0.02447980416156671 0.030257186081694403
0 0.945964762557129 0.5758711085511248 0.02447980416156671 0.030257186081694403
0 0.914418941529202 0.5942197324043358 0.02447980416156671 0.030257186081694403
0 0.8912234848910201 0.5758711085511248 0.02447980416156671 0.030257186081694403
0 0.7409169258756024 0.5196784480006661 0.02447980416156671 0.030257186081694403
0 0.4792721749969121 0.7123389984593818 0.02447980416156671 0.030257186081694403
0 0.48391126632454845 0.7421555122208496 0.02447980416156671 0.030257186081694403
0 0.503395449900621 0.6504123929547946 0.02447980416156671 0.030257186081694403
0 0.42545871559633036 0.6297701911199322 0.02447980416156671 0.030257186081694403
0 0.3233987063883306 0.6607334938722257 0.02447980416156671 0.030257186081694403
0 0.33360470730913055 0.6836692736887395 0.02447980416156671 0.030257186081694403
0 0.37721216578891226 0.6458252369914919 0.02447980416156671 0.030257186081694403
0 0.1090726870515312 0.677935328734611 0.02447980416156671 0.030257186081694403
0 0.0803103208201858 0.6767885397437854 0.02447980416156671 0.030257186081694403
0 0.5553532727701482 0.6263298241474551 0.02447980416156671 0.030257186081694403
0 0.5228796334766938 0.6079812002942441 0.02447980416156671 0.030257186081694403
0 0.5813321842049118 0.6400912920373634 0.02447980416156671 0.030257186081694403
0 0.6416403714641845 0.6664674388263542 0.02447980416156671 0.030257186081694403
0 0.8531829360044021 0.604540833321767 0.02447980416156671 0.030257186081694403
0 0.9617376730710927 0.560962851670391 0.02447980416156671 0.030257186081694403
0 0.9125633049981474 0.5437610168080056 0.02447980416156671 0.030257186081694403
0 0.9979225854266562 0.6825224846979139 0.02447980416156671 0.030257186081694403
0 0.774318383434584 0.6802289067162625 0.02447980416156671 0.030257186081694403
0 0.7362778345479659 0.6722013837804827 0.02447980416156671 0.030257186081694403
0 0.6852478299439662 0.6297701911199322 0.02447980416156671 0.030257186081694403
0 0.6416403714641845 0.7387151452483726 0.02447980416156671 0.030257186081694403
0 0.31412052373305793 0.6527059709364459 0.02447980416156671 0.030257186081694403
0 0.38791804251636935 0.5362360617151172 0.02447980416156671 0.030257186081694403
0 0.4867910386546079 0.9659338278123576 0.02447980416156671 0.030257186081694403
0 0.7865994785576537 0.6150796885219503 0.02447980416156671 0.030257186081694403
0 0.3911074940046997 0.5533188475232643 0.02447980416156671 0.030257186081694403
0 0.2114350601620942 0.5901125400331197 0.02447980416156671 0.030257186081694403
