0 0.20116580658582583 0.8455852261380302 0.01953125 0.05167958656330749
0 0.27350207247047886 0.646424324801585 0.01953125 0.05167958656330749
0 0.28034469221632435 0.5584831475880896 0.01953125 0.05167958656330749
0 0.28034469221632435 0.5584831475880896 0.01953125 0.05167958656330749
0 0.31162523962590405 0.48606100164756405 0.01953125 0.05167958656330749
0 0.32726551333069387 0.5507236319516048 0.01953125 0.05167958656330749
0 0.3565910265271748 0.5248585798299885 0.01953125 0.05167958656330749
0 0.35854606074027356 0.5869347049218674 0.01953125 0.05167958656330749
0 0.3360631672896382 0.7188464707421105 0.01953125 0.05167958656330749
0 0.3565910265271748 0.8404122157137071 0.01953125 0.05167958656330749
0 0.2725245553639295 0.8481717313501919 0.01953125 0.05167958656330749
0 0.23928897374125105 0.597280725770514 0.01953125 0.05167958656330749
0 0.24222152506089914 0.5196855694056652 0.01953125 0.05167958656330749
0 0.2138735289709676 0.47312847558675597 0.01953125 0.05167958656330749
0 0.19334566973343087 0.6360783039529384 0.01953125 0.05167958656330749
0 0.19334566973343087 0.555896642375928 0.01953125 0.05167958656330749
0 0.14837988283216016 0.5274450850421502 0.01953125 0.05167958656330749
0 0.11416678410293236 0.6050402414069989 0.01953125 0.05167958656330749
0 0.08972885643919823 0.7188464707421105 0.01953125 0.05167958656330749
0 0.0652909287754641 0.5636561580124128 0.01953125 0.05167958656330749
0 0.08679630511955014 0.4498499286773014 0.01953125 0.05167958656330749
0 0.11123423278328427 0.4317443921921699 0.01953125 0.05167958656330749
0 0.11807685252912983 0.4601959495259477 0.01953125 0.05167958656330749
0 0.134694643340469 0.403292834858392 0.01953125 0.05167958656330749
0 0.13958222887321584 0.3722547723124525 0.01953125 0.05167958656330749
0 0.4035118476415443 0.42915788698000823 0.01953125 0.05167958656330749
0 0.41719708713323544 0.403292834858392 0.01953125 0.05167958656330749
0 0.41719708713323544 0.31535165764489664 0.01953125 0.05167958656330749
0 0.3976467450022481 0.34121670976651286 0.01953125 0.05167958656330749
0 0.3878715739367545 0.3670817618881292 0.01953125 0.05167958656330749
0 0.3565910265271748 0.34897622540299783 0.01953125 0.05167958656330749
0 0.35463599231407616 0.3050056367962501 0.01953125 0.05167958656330749
0 0.3370406843961875 0.34121670976651286 0.01953125 0.05167958656330749
0 0.2969624830276636 0.31276515243273506 0.01953125 0.05167958656330749
0 0.2813222093228738 0.34897622540299783 0.01953125 0.05167958656330749
0 0.28523227774907123 0.3696682671002908 0.01953125 0.05167958656330749
0 0.3018500685604104 0.38777380358542224 0.01953125 0.05167958656330749
0 0.2891423461752686 0.4420904130408164 0.01953125 0.05167958656330749
0 0.27056952115083077 0.49123401207188727 0.01953125 0.05167958656330749
0 0.24417655927399784 0.3696682671002908 0.01953125 0.05167958656330749
0 0.23049131978230677 0.34897622540299783 0.01953125 0.05167958656330749
0 0.23342387110195487 0.2765540794624723 0.01953125 0.05167958656330749
0 0.21191849475786884 0.28690010031111873 0.01953125 0.05167958656330749
0 0.21680608029061568 0.24551601691653266 0.01953125 0.05167958656330749
0 0.20116580658582583 0.2687945638259874 0.01953125 0.05167958656330749
0 0.17575036181554232 0.26103504818950246 0.01953125 0.05167958656330749
0 0.16304263943040062 0.28690010031111873 0.01953125 0.05167958656330749
0 0.12980705780772223 0.32569767849354314 0.01953125 0.05167958656330749
0 0.11318926699638297 0.29465961594760365 0.01953125 0.05167958656330749
0 0.10732416435708679 0.34121670976651286 0.01953125 0.05167958656330749
0 0.08386375379990205 0.32569767849354314 0.01953125 0.05167958656330749
0 0.09559395907849441 0.2532755325530175 0.01953125 0.05167958656330749
0 0.06626844588201349 0.27138106903814896 0.01953125 0.05167958656330749
0 0.058448309029618555 0.32311117328138156 0.01953125 0.05167958656330749
0 0.04769562085757557 0.4162253609192002 0.01953125 0.05167958656330749
0 0.036942932685532545 0.3670817618881292 0.01953125 0.05167958656330749
0 0.016415073447995896 0.35932224625164433 0.01953125 0.05167958656330749
0 0.048673137964124924 0.2532755325530175 0.01953125 0.05167958656330749
0 0.03205534715278571 0.26103504818950246 0.01953125 0.05167958656330749
0 0.051605689283773015 0.19895892309762345 0.01953125 0.05167958656330749
0 0.08093120248025394 0.18602639703681534 0.01953125 0.05167958656330749
0 0.5325441057060605 0.811960658379929 0.01953125 0.05167958656330749
0 0.5941276834186703 0.7498845332880502 0.01953125 0.05167958656330749
0 0.6127005084431083 0.6231457778921303 0.01953125 0.05167958656330749
0 0.5970602347383186 0.5998672309826756 0.01953125 0.05167958656330749
0 0.6175880939758553 0.5507236319516048 0.01953125 0.05167958656330749
0 0.654733744024731 0.5455506215272815 0.01953125 0.05167958656330749
0 0.6830817401146628 0.6309052935286152 0.01953125 0.05167958656330749
0 0.6928569111801564 0.5377911058907967 0.01953125 0.05167958656330749
0 0.727070009909384 0.8016146375312825 0.01953125 0.05167958656330749
0 0.6830817401146628 0.8636907626231617 0.01953125 0.05167958656330749
0 0.727070009909384 0.9361129085636872 0.01953125 0.05167958656330749
0 0.7583505573189638 0.8636907626231617 0.01953125 0.05167958656330749
0 0.8189566179250245 0.8533447417745151 0.01953125 0.05167958656330749
0 0.88738281538348 0.700740934256979 0.01953125 0.05167958656330749
0 0.8776076443179863 0.6412513143772618 0.01953125 0.05167958656330749
0 0.9186633627930595 0.5740021788610594 0.01953125 0.05167958656330749
0 0.8912928838096774 0.47830148601107914 0.01953125 0.05167958656330749
0 0.8766301272114368 0.4964070224962106 0.01953125 0.05167958656330749
0 0.8619673706131964 0.5688291684367363 0.01953125 0.05167958656330749
0 0.8297093060970673 0.48864750685972574 0.01953125 0.05167958656330749
0 0.7896311047285434 0.4834744964354024 0.01953125 0.05167958656330749
0 0.7954962073678397 0.3955333192219071 0.01953125 0.05167958656330749
0 0.8160240666053762 0.35932224625164433 0.01953125 0.05167958656330749
0 0.8521921995477028 0.333457194130028 0.01953125 0.05167958656330749
0 0.879562678531085 0.34380321497867455 0.01953125 0.05167958656330749
0 0.9079106746210166 0.41363885570703846 0.01953125 0.05167958656330749
0 0.9284385338585531 0.35414923582732105 0.01953125 0.05167958656330749
0 0.9528764615222873 0.3308706889178664 0.01953125 0.05167958656330749
0 0.9548314957353862 0.3774277827367757 0.01953125 0.05167958656330749
0 0.9646066668008797 0.38518729837326054 0.01953125 0.05167958656330749
0 0.9782919062925709 0.4834744964354024 0.01953125 0.05167958656330749
0 0.9880670773580644 0.5403776111029582 0.01953125 0.05167958656330749
0 0.8776076443179863 0.29465961594760365 0.01953125 0.05167958656330749
0 0.5735998241811339 0.4653689599502711 0.01953125 0.05167958656330749
0 0.5452518280912023 0.5455506215272815 0.01953125 0.05167958656330749
0 0.5139712806816226 0.5093395485570187 0.01953125 0.05167958656330749
0 0.496375972763734 0.4705419703745943 0.01953125 0.05167958656330749
0 0.48464576748514165 0.48606100164756405 0.01953125 0.05167958656330749
0 0.5110387293619744 0.41363885570703846 0.01953125 0.05167958656330749
0 0.5315665885995111 0.3903603087975839 0.01953125 0.05167958656330749
0 0.5149487977881719 0.34380321497867455 0.01953125 0.05167958656330749
0 0.5315665885995111 0.29465961594760365 0.01953125 0.05167958656330749
0 0.5432967938781035 0.3619087514638059 0.01953125 0.05167958656330749
0 0.5481843794108503 0.2998326263719269 0.01953125 0.05167958656330749
0 0.5638246531156402 0.2765540794624723 0.01953125 0.05167958656330749
0 0.6537562269181817 0.3050056367962501 0.01953125 0.05167958656330749
0 0.6224756795086022 0.3179381628570582 0.01953125 0.05167958656330749
0 0.6342058847871945 0.27914058467463393 0.01953125 0.05167958656330749
0 0.6371384361068425 0.2403430064922095 0.01953125 0.05167958656330749
0 0.6175880939758553 0.2403430064922095 0.01953125 0.05167958656330749
0 0.5765323755007818 0.2403430064922095 0.01953125 0.05167958656330749
0 0.5560045162632453 0.19895892309762345 0.01953125 0.05167958656330749
0 0.5266790030667643 0.24292951170437108 0.01953125 0.05167958656330749
0 0.5129937635750732 0.2687945638259874 0.01953125 0.05167958656330749
0 0.485623284591691 0.2636215534016641 0.01953125 0.05167958656330749
0 0.43967998058387076 0.08773919897467344 0.01953125 0.05167958656330749
0 0.43576991215767336 0.617972767467807 0.01953125 0.05167958656330749
0 0.4445675661166177 0.5196855694056652 0.01953125 0.05167958656330749
0 0.4475001174362657 0.45502293910162456 0.01953125 0.05167958656330749
0 0.4895333530178884 0.8999018355934244 0.01953125 0.05167958656330749
0 0.4406574976904202 0.8636907626231617 0.01953125 0.05167958656330749
0 0.39960177921534684 0.8481717313501919 0.01953125 0.05167958656330749
0 0.030100312939686975 0.19378591267330003 0.01953125 0.05167958656330749
0 0.013482522128347803 0.19637241788546173 0.01953125 0.05167958656330749
0 0.008594936595600969 0.22741048043140133 0.01953125 0.05167958656330749
0 0.05551575770997046 0.12653677715709782 0.01953125 0.05167958656330749
0 0.07408858273440838 0.12395027194493632 0.01953125 0.05167958656330749
0 0.08484127090645142 0.14205580843006763 0.01953125 0.05167958656330749
0 0.1014590617177906 0.12395027194493632 0.01953125 0.05167958656330749
0 0.13371712623391965 0.18602639703681534 0.01953125 0.05167958656330749
0 0.11612181831603106 0.18602639703681534 0.01953125 0.05167958656330749
0 0.6918793940736069 0.2765540794624723 0.01953125 0.05167958656330749
0 0.7133847704176929 0.27914058467463393 0.01953125 0.05167958656330749
0 0.7036095993521992 0.3619087514638059 0.01953125 0.05167958656330749
0 0.6840592572212121 0.34121670976651286 0.01953125 0.05167958656330749
0 0.7329351125486803 0.3515627306151594 0.01953125 0.05167958656330749
0 0.7485753862534702 0.3696682671002908 0.01953125 0.05167958656330749
0 0.7554180059993155 0.3360436993421897 0.01953125 0.05167958656330749
0 0.38493902261710644 0.22223747000707805 0.01953125 0.05167958656330749
0 0.3732088173385141 0.19637241788546173 0.01953125 0.05167958656330749
0 0.37418633444506333 0.14981532406655246 0.01953125 0.05167958656330749
0 0.36441116337956975 0.180853386612492 0.01953125 0.05167958656330749
0 0.35952357784682293 0.2170644595827549 0.01953125 0.05167958656330749
0 0.5921726492055718 0.18602639703681534 0.01953125 0.05167958656330749
0 0.5804424439269794 0.18861290224897706 0.01953125 0.05167958656330749
0 0.405466881854643 0.2299969856435629 0.01953125 0.05167958656330749
0 0.7221824243766372 0.4653689599502711 0.01953125 0.05167958656330749
0 0.7192498730569892 0.41363885570703846 0.01953125 0.05167958656330749
0 0.6713515348360701 0.42398487655568506 0.01953125 0.05167958656330749
0 0.6957894624998044 0.42915788698000823 0.01953125 0.05167958656330749
0 0.6371384361068425 0.4653689599502711 0.01953125 0.05167958656330749
0 0.6166105768693059 0.4162253609192002 0.01953125 0.05167958656330749
0 0.5980377518448678 0.39811982443406874 0.01953125 0.05167958656330749
0 0.5589370675828933 0.3515627306151594 0.01953125 0.05167958656330749
0 0.5638246531156402 0.4058793400705536 0.01953125 0.05167958656330749
0 0.9655841839074293 0.27138106903814896 0.01953125 0.05167958656330749
0 0.9655841839074293 0.22482397521923975 0.01953125 0.05167958656330749
0 0.9489663930960898 0.22482397521923975 0.01953125 0.05167958656330749
0 0.9391912220305962 0.26103504818950246 0.01953125 0.05167958656330749
0 0.9303935680716519 0.23258349085572463 0.01953125 0.05167958656330749
0 0.9108432259406647 0.29724612115976523 0.01953125 0.05167958656330749
0 0.8991130206620723 0.26103504818950246 0.01953125 0.05167958656330749
0 0.9108432259406647 0.23516999606788622 0.01953125 0.05167958656330749
0 0.9040006061948191 0.18602639703681534 0.01953125 0.05167958656330749
0 0.8844502640638319 0.180853386612492 0.01953125 0.05167958656330749
0 0.8922704009162267 0.22482397521923975 0.01953125 0.05167958656330749
0 0.8541472337608016 0.19895892309762345 0.01953125 0.05167958656330749
0 0.8443720626953077 0.2532755325530175 0.01953125 0.05167958656330749
0 0.8648999219328445 0.26103504818950246 0.01953125 0.05167958656330749
0 0.828731788990518 0.2403430064922095 0.01953125 0.05167958656330749
0 0.8072264126464321 0.22223747000707805 0.01953125 0.05167958656330749
0 0.7974512415809383 0.333457194130028 0.01953125 0.05167958656330749
0 0.8052713784333333 0.28948660552328037 0.01953125 0.05167958656330749
0 0.6566887782378298 0.22741048043140133 0.01953125 0.05167958656330749
0 0.6703740177295209 0.22741048043140133 0.01953125 0.05167958656330749
0 0.6107454742300098 0.19895892309762345 0.01953125 0.05167958656330749
0 0.6762391203688172 0.012730547821986193 0.01953125 0.05167958656330749
0 0.7202273901635384 0.03083608430711763 0.01953125 0.05167958656330749
0 0.7827884849826978 0.26103504818950246 0.01953125 0.05167958656330749
0 0.7593280744255131 0.28948660552328037 0.01953125 0.05167958656330749
0 0.7368451809748778 0.24810252212869435 0.01953125 0.05167958656330749
0 0.7505304204665687 0.21447795437059317 0.01953125 0.05167958656330749
0 0.40057929632189626 0.17826688140033026 0.01953125 0.05167958656330749
0 0.4035118476415443 0.12653677715709782 0.01953125 0.05167958656330749
0 0.5139712806816226 0.19895892309762345 0.01953125 0.05167958656330749
0 0.550139413623949 0.667116366498878 0.01953125 0.05167958656330749
0 0.28718731196216996 0.23516999606788622 0.01953125 0.05167958656330749
0 0.32824303043724323 0.16016134491519907 0.01953125 0.05167958656330749
0 0.3331306159699901 0.22223747000707805 0.01953125 0.05167958656330749
0 0.30576013698660787 0.19378591267330003 0.01953125 0.05167958656330749
0 0.26470441851153453 0.22223747000707805 0.01953125 0.05167958656330749
0 0.26177186719188644 0.1679208605516839 0.01953125 0.05167958656330749
0 0.23635642242160296 0.1679208605516839 0.01953125 0.05167958656330749
0 0.2158285631840663 0.17826688140033026 0.01953125 0.05167958656330749
0 0.18943560130723347 0.180853386612492 0.01953125 0.05167958656330749
0 0.16695270785659805 0.14981532406655246 0.01953125 0.05167958656330749
0 0.15033491704525886 0.1058447354598049 0.01953125 0.05167958656330749
0 0.16988525917624614 0.19637241788546173 0.01953125 0.05167958656330749
0 0.15717753679110444 0.2041319335219468 0.01953125 0.05167958656330749
0 0.8609898535066471 0.45243643388946286 0.01953125 0.05167958656330749
0 0.9861120431449657 0.3075921420084118 0.01953125 0.05167958656330749
0 0.28620979485562054 0.16016134491519907 0.01953125 0.05167958656330749
0 0.3214004106913977 0.12136376673277464 0.01953125 0.05167958656330749
0 0.3429057870354837 0.1136042510962896 0.01953125 0.05167958656330749
0 0.36929874891231657 0.1058447354598049 0.01953125 0.05167958656330749
0 0.3927591594695013 0.08256618855035008 0.01953125 0.05167958656330749
0 0.4015568134284456 0.09549871461115833 0.01953125 0.05167958656330749
0 0.4807356990589441 0.09549871461115833 0.01953125 0.05167958656330749
0 0.5511169307304985 0.1679208605516839 0.01953125 0.05167958656330749
0 0.557959550476344 0.12136376673277464 0.01953125 0.05167958656330749
0 0.5696897557549364 0.12136376673277464 0.01953125 0.05167958656330749
0 0.5853300294597262 0.13170978758142102 0.01953125 0.05167958656330749
0 0.6136780255496578 0.16016134491519907 0.01953125 0.05167958656330749
0 0.630295816360997 0.16016134491519907 0.01953125 0.05167958656330749
0 0.6430035387461386 0.11877726152061296 0.01953125 0.05167958656330749
0 0.6351834018937438 0.09808521982331984 0.01953125 0.05167958656330749
0 0.6420260216395893 0.025663073882794436 0.01953125 0.05167958656330749
0 0.7368451809748778 0.18602639703681534 0.01953125 0.05167958656330749
0 0.7163173217373411 0.2041319335219468 0.01953125 0.05167958656330749
0 0.7006770480325513 0.18602639703681534 0.01953125 0.05167958656330749
0 0.7065421506718476 0.12395027194493632 0.01953125 0.05167958656330749
0 0.7192498730569892 0.1058447354598049 0.01953125 0.05167958656330749
0 0.7378226980814271 0.14205580843006763 0.01953125 0.05167958656330749
0 0.7417327665076247 0.1136042510962896 0.01953125 0.05167958656330749
0 0.7818109678761486 0.13946930321790607 0.01953125 0.05167958656330749
0 0.7896311047285434 0.1679208605516839 0.01953125 0.05167958656330749
0 0.8316643403101661 0.14464231364222926 0.01953125 0.05167958656330749
0 0.8521921995477028 0.13946930321790607 0.01953125 0.05167958656330749
0 0.9773143891860216 0.15498833449087585 0.01953125 0.05167958656330749
0 0.48757831880478963 0.2067184387341083 0.01953125 0.05167958656330749
0 0.5110387293619744 0.14981532406655246 0.01953125 0.05167958656330749
0 0.5041961096161289 0.17309387097600726 0.01953125 0.05167958656330749
0 0.48757831880478963 0.16274785012736057 0.01953125 0.05167958656330749
0 0.28425476064252186 0.07739317812602706 0.01953125 0.05167958656330749
0 0.2725245553639295 0.12395027194493632 0.01953125 0.05167958656330749
0 0.19236815262688156 0.1058447354598049 0.01953125 0.05167958656330749
0 0.19530070394652965 0.05928764164089563 0.01953125 0.05167958656330749
0 0.1816154644548385 0.04635511558008739 0.01953125 0.05167958656330749
0 0.03205534715278571 0.06704715727738034 0.01953125 0.05167958656330749
0 0.012505005021798417 0.07739317812602706 0.01953125 0.05167958656330749
0 0.016415073447995896 0.11877726152061296 0.01953125 0.05167958656330749
0 0.23342387110195487 0.12395027194493632 0.01953125 0.05167958656330749
0 0.5051736267226782 0.1058447354598049 0.01953125 0.05167958656330749
0 0.5305890714929618 0.12136376673277464 0.01953125 0.05167958656330749
0 0.8688099903590419 0.12653677715709782 0.01953125 0.05167958656330749
0 0.9303935680716519 0.18602639703681534 0.01953125 0.05167958656330749
0 0.9460338417764418 0.14205580843006763 0.01953125 0.05167958656330749
0 0.9763368720794721 0.2041319335219468 0.01953125 0.05167958656330749
0 0.9880670773580644 0.24551601691653266 0.01953125 0.05167958656330749
0 0.7818109678761486 0.21447795437059317 0.01953125 0.05167958656330749
0 0.6605988466640272 0.16274785012736057 0.01953125 0.05167958656330749
0 0.681126705901564 0.18602639703681534 0.01953125 0.05167958656330749
0 0.6830817401146628 0.2170644595827549 0.01953125 0.05167958656330749
0 0.7036095993521992 0.2403430064922095 0.01953125 0.05167958656330749
0 0.3497484067813293 0.06704715727738034 0.01953125 0.05167958656330749
0 0.3135802738390028 0.06704715727738034 0.01953125 0.05167958656330749
0 0.3067376540931572 0.09549871461115833 0.01953125 0.05167958656330749
0 0.24906414480674471 0.07739317812602706 0.01953125 0.05167958656330749
0 0.22951380267575738 0.07222016770170371 0.01953125 0.05167958656330749
0 0.05356072349687176 0.061874146853057144 0.01953125 0.05167958656330749
0 0.13371712623391965 0.07739317812602706 0.01953125 0.05167958656330749
0 0.11709933542258046 0.07739317812602706 0.01953125 0.05167958656330749
0 0.10341409593088938 0.04376861036792587 0.01953125 0.05167958656330749
0 0.16011008811075253 0.41363885570703846 0.01953125 0.05167958656330749
0 0.1786829131351904 0.403292834858392 0.01953125 0.05167958656330749
0 0.1689077420696968 0.3670817618881292 0.01953125 0.05167958656330749
0 0.19139063552033217 0.3774277827367757 0.01953125 0.05167958656330749
0 0.7612831086386118 0.21189144915843147 0.01953125 0.05167958656330749
0 0.7681257283844575 0.15498833449087585 0.01953125 0.05167958656330749
0 0.16108760521730187 0.04894162079224907 0.01953125 0.05167958656330749
0 0.9655841839074293 0.12136376673277464 0.01953125 0.05167958656330749
0 0.9606965983746822 0.09549871461115833 0.01953125 0.05167958656330749
0 0.9343036364978494 0.6102132518313221 0.01953125 0.05167958656330749
0 0.8160240666053762 0.1136042510962896 0.01953125 0.05167958656330749
0 0.8033163442202346 0.09808521982331984 0.01953125 0.05167958656330749
0 0.4562977713952101 0.3955333192219071 0.01953125 0.05167958656330749
0 0.434792395051124 0.34380321497867455 0.01953125 0.05167958656330749
0 0.4641179082476049 0.333457194130028 0.01953125 0.05167958656330749
0 0.4641179082476049 0.28948660552328037 0.01953125 0.05167958656330749
0 0.7857210363023458 0.667116366498878 0.01953125 0.05167958656330749
0 0.4181746042397848 0.06446065206521882 0.01953125 0.05167958656330749
0 0.4181746042397848 0.06446065206521882 0.01953125 0.05167958656330749
0 0.3986242621087975 0.04376861036792587 0.01953125 0.05167958656330749
0 0.36636619759266853 0.04118210515576418 0.01953125 0.05167958656330749
0 0.14740236572561077 0.023076568670632753 0.01953125 0.05167958656330749
0 0.12100940384877794 0.24810252212869435 0.01953125 0.05167958656330749
0 0.5980377518448678 0.04635511558008739 0.01953125 0.05167958656330749
0 0.9939321799973608 0.13429629279358274 0.01953125 0.05167958656330749
0 0.9900221115711633 0.09032570418683512 0.01953125 0.05167958656330749
0 0.8345968916298141 0.18602639703681534 0.01953125 0.05167958656330749
0 0.8111364810726294 0.18602639703681534 0.01953125 0.05167958656330749
0 0.7495529033600195 0.14464231364222926 0.01953125 0.05167958656330749
0 0.7515079375731183 0.1136042510962896 0.01953125 0.05167958656330749
0 0.7593280744255131 0.10843124067196658 0.01953125 0.05167958656330749
0 0.6957894624998044 0.1136042510962896 0.01953125 0.05167958656330749
0 0.6654864321967741 0.12136376673277464 0.01953125 0.05167958656330749
0 0.43185984373147596 0.061874146853057144 0.01953125 0.05167958656330749
0 0.3859165397236557 0.4498499286773014 0.01953125 0.05167958656330749
0 0.07371261461650475 0.08131557064556895 0.01953125 0.05167958656330749
0 0.07371261461650475 0.049595352878839524 0.01953125 0.05167958656330749
0 0.035750576654466744 0.015231783631549353 0.01953125 0.05167958656330749
0 0.010775551679441765 0.020518486592670866 0.01953125 0.05167958656330749
0 0.5072790481829383 0.04430864991771784 0.01953125 0.05167958656330749
0 0.5372490781529683 0.08131557064556895 0.01953125 0.05167958656330749
0 0.5302560711599613 0.025805189553792376 0.01953125 0.05167958656330749
0 0.5712151121190023 0.052238704359400284 0.01953125 0.05167958656330749
0 0.6321541730580632 0.049595352878839524 0.01953125 0.05167958656330749
0 0.6131731540770442 0.08395892212612968 0.01953125 0.05167958656330749
0 0.6061801470840372 0.1288958972956631 0.01953125 0.05167958656330749
0 0.9108754517793419 0.13946930321790607 0.01953125 0.05167958656330749
0 0.9168694577733479 0.1288958972956631 0.01953125 0.05167958656330749
0 0.883902424806315 0.1103924369317376 0.01953125 0.05167958656330749
0 0.7820043229082131 0.10246238249005517 0.01953125 0.05167958656330749
0 0.5971891380930282 0.2584201198431414 0.01953125 0.05167958656330749
0 0.89888743979133 0.10510573397061591 0.01953125 0.05167958656330749
0 0.9298564707603608 0.10246238249005517 0.01953125 0.05167958656330749
0 0.8339523748562649 0.10378405823033528 0.01953125 0.05167958656330749
0 0.7380482789521691 0.06413378602192359 0.01953125 0.05167958656330749
0 0.7350512759551662 0.10114070674977453 0.01953125 0.05167958656330749
0 0.748038288942179 0.08528059786640982 0.01953125 0.05167958656330749
0 0.7540322949361851 0.06149043454136284 0.01953125 0.05167958656330749
0 0.4173689582728483 0.08792394934697058 0.01953125 0.05167958656330749
0 0.4143719552758454 0.12228751859426074 0.01953125 0.05167958656330749
0 0.41337295427684434 0.1725111967249156 0.01953125 0.05167958656330749
0 0.4243619652658554 0.15400773636099016 0.01953125 0.05167958656330749
0 0.3494368903407804 0.01919681085239023 0.01953125 0.05167958656330749
0 0.3424438833477734 0.04563032565799796 0.01953125 0.05167958656330749
0 0.33045587135976145 0.04563032565799796 0.01953125 0.05167958656330749
0 0.3324538733577634 0.06149043454136284 0.01953125 0.05167958656330749
0 0.2974888383927285 0.04827367713855889 0.01953125 0.05167958656330749
0 0.25952680043069054 0.037700271216315695 0.01953125 0.05167958656330749
0 0.2685178094216995 0.07470719194416679 0.01953125 0.05167958656330749
0 0.2535327944366846 0.10378405823033528 0.01953125 0.05167958656330749
0 0.2505357914396816 0.12757422155538226 0.01953125 0.05167958656330749
0 0.24953679044068053 0.17515454820547655 0.01953125 0.05167958656330749
0 0.09569063659452669 0.08263724638584906 0.01953125 0.05167958656330749
0 0.08869762960151971 0.1064274097108962 0.01953125 0.05167958656330749
0 0.05073559163948174 0.01919681085239023 0.01953125 0.05167958656330749
0 0.956829497733388 0.15929443932211168 0.01953125 0.05167958656330749
0 0.9538324947363849 0.18572795412771959 0.01953125 0.05167958656330749
0 0.9508354917393819 0.20423141449164503 0.01953125 0.05167958656330749
0 0.9698165107204009 0.18572795412771959 0.01953125 0.05167958656330749
0 0.9408454817493719 0.15929443932211168 0.01953125 0.05167958656330749
0 0.9887975297014199 0.20423141449164503 0.01953125 0.05167958656330749
0 0.2874988284027185 0.11964416711369999 0.01953125 0.05167958656330749
0 0.3004858413897315 0.13814762747762563 0.01953125 0.05167958656330749
0 0.3044818453857355 0.15400773636099016 0.01953125 0.05167958656330749
0 0.5232630641669543 0.09585400378865284 0.01953125 0.05167958656330749
0 0.6831032240071142 0.15665108784155107 0.01953125 0.05167958656330749
0 0.6920942329981231 0.15665108784155107 0.01953125 0.05167958656330749
0 0.7080782489821391 0.15400773636099016 0.01953125 0.05167958656330749
0 0.7200662609701511 0.16722449376379409 0.01953125 0.05167958656330749
0 0.6551311960350861 0.04827367713855889 0.01953125 0.05167958656330749
0 0.6561301970340871 0.09321065230809226 0.01953125 0.05167958656330749
0 0.42536096626485637 0.11435746415257847 0.01953125 0.05167958656330749
0 0.12965667056056063 0.1460776819193079 0.01953125 0.05167958656330749
0 0.1446416855455757 0.17779789968603732 0.01953125 0.05167958656330749
0 0.14763868854257864 0.13814762747762563 0.01953125 0.05167958656330749
0 0.10667964758353769 0.15929443932211168 0.01953125 0.05167958656330749
0 0.09569063659452669 0.18837130560828033 0.01953125 0.05167958656330749
0 0.10667964758353769 0.1989447115305235 0.01953125 0.05167958656330749
0 0.030755571659461738 0.15400773636099016 0.01953125 0.05167958656330749
0 0.03175457265846276 0.12757422155538226 0.01953125 0.05167958656330749
0 0.04074558164947176 0.1407909789581862 0.01953125 0.05167958656330749
0 0.04973659064048075 0.15929443932211168 0.01953125 0.05167958656330749
0 0.06771860862249875 0.15400773636099016 0.01953125 0.05167958656330749
0 0.05672959763348774 0.09321065230809226 0.01953125 0.05167958656330749
0 0.02576056666445676 0.04563032565799796 0.01953125 0.05167958656330749
0 0.04673958764347772 0.04298697417743737 0.01953125 0.05167958656330749
0 0.08669962760351772 0.07470719194416679 0.01953125 0.05167958656330749
0 0.13465167555556562 0.10907076119145678 0.01953125 0.05167958656330749
0 0.1616247025285926 0.09056730082753131 0.01953125 0.05167958656330749
0 0.14763868854257864 0.07735054342472737 0.01953125 0.05167958656330749
0 0.1736127145166046 0.07735054342472737 0.01953125 0.05167958656330749
0 0.16961671052060065 0.11435746415257847 0.01953125 0.05167958656330749
0 0.18160472250861265 0.14343433043874712 0.01953125 0.05167958656330749
0 0.21856775947164955 0.10907076119145678 0.01953125 0.05167958656330749
0 0.21457175547564558 0.07470719194416679 0.01953125 0.05167958656330749
0 0.24354278444667454 0.05620373158024132 0.01953125 0.05167958656330749
0 0.3204658613697515 0.3522590974030489 0.01953125 0.05167958656330749
0 0.3314548723587625 0.31260882519463723 0.01953125 0.05167958656330749
0 0.40637994728383736 0.27295855298622557 0.01953125 0.05167958656330749
0 0.3993869402908304 0.3178955281557587 0.01953125 0.05167958656330749
0 0.43435197525586533 0.29674871631127253 0.01953125 0.05167958656330749
0 0.44933699024088036 0.2888186618695902 0.01953125 0.05167958656330749
0 0.46432200522589534 0.22009152337500973 0.01953125 0.05167958656330749
0 0.4723140132179033 0.19101465708884124 0.01953125 0.05167958656330749
0 0.5742121151160052 0.376049260728096 0.01953125 0.05167958656330749
0 0.8379483788522689 0.22009152337500973 0.01953125 0.05167958656330749
0 0.820965361869252 0.20423141449164503 0.01953125 0.05167958656330749
0 0.861924402828293 0.17515454820547655 0.01953125 0.05167958656330749
0 0.864921405825296 0.20423141449164503 0.01953125 0.05167958656330749
0 0.845940386844277 0.10907076119145678 0.01953125 0.05167958656330749
0 0.800985341889232 0.14872103339986864 0.01953125 0.05167958656330749
0 0.6221641630680531 0.12757422155538226 0.01953125 0.05167958656330749
0 0.6161701570740472 0.024483513813511916 0.01953125 0.05167958656330749
0 0.5422440831479732 0.12757422155538226 0.01953125 0.05167958656330749
0 0.5322540731579632 0.15400773636099016 0.01953125 0.05167958656330749
0 0.5402460811499713 0.15665108784155107 0.01953125 0.05167958656330749
0 0.5342520751559653 0.17515454820547655 0.01953125 0.05167958656330749
0 0.5332530741569643 0.19630136004996276 0.01953125 0.05167958656330749
0 0.5202660611699512 0.13286092451650391 0.01953125 0.05167958656330749
0 0.942843483747374 0.10907076119145678 0.01953125 0.05167958656330749
0 0.961824502728393 0.06677713750248436 0.01953125 0.05167958656330749
0 0.9718145127184028 0.09321065230809226 0.01953125 0.05167958656330749
0 0.9258604667643568 0.07735054342472737 0.01953125 0.05167958656330749
