0 0.20206650210395605 0.9311687084089537 0.027700831024930747 0.041666666666666664
0 0.24670958368315477 0.9529472928009681 0.027700831024930747 0.041666666666666664
0 0.30462493275887204 0.954762174833636 0.027700831024930747 0.041666666666666664
0 0.25756871163485173 0.9093901240169392 0.027700831024930747 0.041666666666666664
0 0.2768738279934242 0.9039454779189354 0.027700831024930747 0.041666666666666664
0 0.20447964164877755 0.8767222474289174 0.027700831024930747 0.041666666666666664
0 0.22257818823493924 0.8349799606775562 0.027700831024930747 0.041666666666666664
0 0.19120737415225908 0.8186460223835453 0.027700831024930747 0.041666666666666664
0 0.1622496996144004 0.7968674379915307 0.027700831024930747 0.041666666666666664
0 0.26842783958654876 0.8476841349062313 0.027700831024930747 0.041666666666666664
0 0.32875632820708756 0.8186460223835453 0.027700831024930747 0.041666666666666664
0 0.37943225864834024 0.9039454779189354 0.027700831024930747 0.041666666666666664
0 0.3854651075103941 0.9656514670296433 0.027700831024930747 0.041666666666666664
0 0.4168359215930743 0.9819854053236542 0.027700831024930747 0.041666666666666664
0 0.4349344681792359 0.9166496521476106 0.027700831024930747 0.041666666666666664
0 0.4349344681792359 0.8603883091349065 0.027700831024930747 0.041666666666666664
0 0.47716441021361317 0.8948710677555962 0.027700831024930747 0.041666666666666664
0 0.5109483638411149 0.9275389443436179 0.027700831024930747 0.041666666666666664
0 0.4988826661170071 0.9620217029643076 0.027700831024930747 0.041666666666666664
0 0.537492898834152 0.9910598154869936 0.027700831024930747 0.041666666666666664
0 0.5640374338271891 0.9438728826376288 0.027700831024930747 0.041666666666666664
0 0.6484973178959433 0.9928746975196615 0.027700831024930747 0.041666666666666664
0 0.677454992433802 0.9493175287356324 0.027700831024930747 0.041666666666666664
0 0.7305440624198763 0.9910598154869936 0.027700831024930747 0.041666666666666664
0 0.7607083067301458 0.9166496521476106 0.027700831024930747 0.041666666666666664
0 0.807764527854166 0.9184645341802785 0.027700831024930747 0.041666666666666664
0 0.904290109647028 0.969281231094979 0.027700831024930747 0.041666666666666664
0 0.9030835398746174 0.9275389443436179 0.027700831024930747 0.041666666666666664
0 0.9091163887366712 0.8730924833635816 0.027700831024930747 0.041666666666666664
0 0.959792319177924 0.8785371294615852 0.027700831024930747 0.041666666666666664
0 0.9778908657640856 0.8440543708408956 0.027700831024930747 0.041666666666666664
0 0.997195982122658 0.9674663490623112 0.027700831024930747 0.041666666666666664
0 0.9187689469159576 0.822275786448881 0.027700831024930747 0.041666666666666664
0 0.9151492375987252 0.7551251512401697 0.027700831024930747 0.041666666666666664
0 0.9465200516814053 0.7569400332728374 0.027700831024930747 0.041666666666666664
0 0.9730645866744424 0.7587549153055054 0.027700831024930747 0.041666666666666664
0 0.9875434239433717 0.7696442075015126 0.027700831024930747 0.041666666666666664
0 0.8813652839712235 0.7696442075015126 0.027700831024930747 0.041666666666666664
0 0.8741258653367586 0.793237673926195 0.027700831024930747 0.041666666666666664
0 0.8343090628472031 0.8004972020568666 0.027700831024930747 0.041666666666666664
0 0.7751871439990751 0.8349799606775562 0.027700831024930747 0.041666666666666664
0 0.8258630744403276 0.8694627192982459 0.027700831024930747 0.041666666666666664
0 0.8499944698885432 0.8567585450695707 0.027700831024930747 0.041666666666666664
0 0.7522623183232703 0.7986823200241987 0.027700831024930747 0.041666666666666664
0 0.72089150424059 0.8386097247428919 0.027700831024930747 0.041666666666666664
0 0.7015863878820175 0.8839817755595888 0.027700831024930747 0.041666666666666664
0 0.6883141203854992 0.807756730187538 0.027700831024930747 0.041666666666666664
0 0.6352250503994249 0.807756730187538 0.027700831024930747 0.041666666666666664
0 0.5845491199581723 0.7968674379915307 0.027700831024930747 0.041666666666666664
0 0.48802353816531013 0.853128781004235 0.027700831024930747 0.041666666666666664
0 0.5061220847514718 0.8150162583182096 0.027700831024930747 0.041666666666666664
0 0.49405638702736393 0.7551251512401697 0.027700831024930747 0.041666666666666664
0 0.5193943522479904 0.7678293254688447 0.027700831024930747 0.041666666666666664
0 0.5399060383789736 0.7714590895341805 0.027700831024930747 0.041666666666666664
0 0.5386994686065629 0.7188275105868122 0.027700831024930747 0.041666666666666664
0 0.15259714143511416 0.7514953871748339 0.027700831024930747 0.041666666666666664
0 0.20809935096600993 0.7623846793708411 0.027700831024930747 0.041666666666666664
0 0.17914167642815126 0.7442358590441623 0.027700831024930747 0.041666666666666664
0 0.2358504557314578 0.7769037356321841 0.027700831024930747 0.041666666666666664
0 0.2648081302693164 0.735161448880823 0.027700831024930747 0.041666666666666664
0 0.2804935373106565 0.7006786902601333 0.027700831024930747 0.041666666666666664
0 0.3444417352484277 0.7224572746521478 0.027700831024930747 0.041666666666666664
0 0.2249913277797608 0.3304427555958865 0.027700831024930747 0.041666666666666664
0 0.407183363413788 0.7950525559588629 0.027700831024930747 0.041666666666666664
0 0.37943225864834024 0.8386097247428919 0.027700831024930747 0.041666666666666664
0 0.38787824705521573 0.8694627192982459 0.027700831024930747 0.041666666666666664
0 0.35168115388289234 0.7877930278281914 0.027700831024930747 0.041666666666666664
0 0.3239300491174445 0.764199561403509 0.027700831024930747 0.041666666666666664
0 0.39632423546209106 0.7569400332728374 0.027700831024930747 0.041666666666666664
0 0.4083899331861988 0.735161448880823 0.027700831024930747 0.041666666666666664
0 0.44217388681370057 0.7605697973381732 0.027700831024930747 0.041666666666666664
0 0.4711315613515592 0.7297168027828194 0.027700831024930747 0.041666666666666664
0 0.39270452614485873 0.706123336358137 0.027700831024930747 0.041666666666666664
0 0.3673665609242324 0.7206423926194799 0.027700831024930747 0.041666666666666664
0 0.23705702550386853 0.7333465668481551 0.027700831024930747 0.041666666666666664
0 0.19844679278672372 0.7115679824561405 0.027700831024930747 0.041666666666666664
0 0.1236394668972555 0.7224572746521478 0.027700831024930747 0.041666666666666664
0 0.1417380134834172 0.7188275105868122 0.027700831024930747 0.041666666666666664
0 0.11157376917314778 0.6879745160314582 0.027700831024930747 0.041666666666666664
0 0.2551555720900302 0.7133828644888085 0.027700831024930747 0.041666666666666664
0 0.5097417940687041 0.6879745160314582 0.027700831024930747 0.041666666666666664
0 0.5109483638411149 0.6534917574107685 0.027700831024930747 0.041666666666666664
0 0.5097417940687041 0.706123336358137 0.027700831024930747 0.041666666666666664
0 0.0053956292009993845 0.6498619933454327 0.027700831024930747 0.041666666666666664
0 0.018667896697517932 0.6371578191167576 0.027700831024930747 0.041666666666666664
0 0.03435330373885806 0.6298982909860861 0.027700831024930747 0.041666666666666664
0 0.009015338518231709 0.6153792347247431 0.027700831024930747 0.041666666666666664
0 0.009015338518231709 0.5790815940713856 0.027700831024930747 0.041666666666666664
0 0.016254757152696357 0.5482285995160316 0.027700831024930747 0.041666666666666664
0 0.04038615260091196 0.5391541893526922 0.027700831024930747 0.041666666666666664
0 0.07055039691118137 0.6280834089534183 0.027700831024930747 0.041666666666666664
0 0.0970949319042184 0.6571215214761044 0.027700831024930747 0.041666666666666664
0 0.10795405985591545 0.6498619933454327 0.027700831024930747 0.041666666666666664
0 0.09226865281457533 0.6280834089534183 0.027700831024930747 0.041666666666666664
0 0.10554092031109387 0.5863411222020571 0.027700831024930747 0.041666666666666664
0 0.1477708623454711 0.6407875831820934 0.027700831024930747 0.041666666666666664
0 0.12967231575930938 0.6335280550514218 0.027700831024930747 0.041666666666666664
0 0.12846574598689864 0.602675060496068 0.027700831024930747 0.041666666666666664
0 0.14897743211788184 0.5936006503327286 0.027700831024930747 0.041666666666666664
0 0.16345626938681115 0.6208238808227466 0.027700831024930747 0.041666666666666664
0 0.3013068658847424 0.8209146249243798 0.027700831024930747 0.041666666666666664
0 0.33810724394327113 0.6530380369026013 0.027700831024930747 0.041666666666666664
0 0.29829044145371547 0.6249073653962492 0.027700831024930747 0.041666666666666664
0 0.2663163424848299 0.643056185722928 0.027700831024930747 0.041666666666666664
0 0.2409783772642036 0.6466859497882638 0.027700831024930747 0.041666666666666664
0 0.2102108480677288 0.6530380369026013 0.027700831024930747 0.041666666666666664
0 0.2663163424848299 0.5976841349062312 0.027700831024930747 0.041666666666666664
0 0.2542506447607222 0.570460904416213 0.027700831024930747 0.041666666666666664
0 0.24218494703661436 0.5904246067755596 0.027700831024930747 0.041666666666666664
0 0.168584190919557 0.5686460223835451 0.027700831024930747 0.041666666666666664
0 0.1583283478540654 0.5523120840895342 0.027700831024930747 0.041666666666666664
0 0.14022980126790374 0.5659236993345433 0.027700831024930747 0.041666666666666664
0 0.13600680706446605 0.5359781457955233 0.027700831024930747 0.041666666666666664
0 0.1112721267300451 0.5495897610405325 0.027700831024930747 0.041666666666666664
0 0.12937067331620677 0.5169218844525106 0.027700831024930747 0.041666666666666664
0 0.1595349176264762 0.5132921203871749 0.027700831024930747 0.041666666666666664
0 0.1800466037574594 0.5414227918935269 0.027700831024930747 0.041666666666666664
0 0.35741236030184353 0.5795353145795523 0.027700831024930747 0.041666666666666664
0 0.46057407584296495 0.7682830459770115 0.027700831024930747 0.041666666666666664
0 0.4454919536878302 0.7111142619479733 0.027700831024930747 0.041666666666666664
0 0.46419378516019727 0.6348892165759226 0.027700831024930747 0.041666666666666664
0 0.39722916279139914 0.6739091802782818 0.027700831024930747 0.041666666666666664
0 0.37370105222938904 0.6475933908045978 0.027700831024930747 0.041666666666666664
0 0.3556025056432274 0.6385189806412583 0.027700831024930747 0.041666666666666664
0 0.34715651723635194 0.6112957501512403 0.027700831024930747 0.041666666666666664
0 0.3682714882535405 0.6185552782819117 0.027700831024930747 0.041666666666666664
0 0.3851634650672915 0.6058511040532366 0.027700831024930747 0.041666666666666664
0 0.4153277093775609 0.6031287810042348 0.027700831024930747 0.041666666666666664
0 0.3996423023362208 0.5931469298245614 0.027700831024930747 0.041666666666666664
0 0.4243769826706417 0.5768129915305505 0.027700831024930747 0.041666666666666664
0 0.4448886688016248 0.5994990169388988 0.027700831024930747 0.041666666666666664
0 0.48349890151876973 0.6448710677555958 0.027700831024930747 0.041666666666666664
0 0.49858102367390433 0.6185552782819117 0.027700831024930747 0.041666666666666664
0 0.4768627677705104 0.5985915759225651 0.027700831024930747 0.041666666666666664
0 0.5371912563910493 0.6367040986085903 0.027700831024930747 0.041666666666666664
0 0.5353814017324331 0.6684645341802783 0.027700831024930747 0.041666666666666664
0 0.5589095122944432 0.6720942982456141 0.027700831024930747 0.041666666666666664
0 0.570975210018551 0.6956877646702964 0.027700831024930747 0.041666666666666664
0 0.578817913539221 0.7120217029643073 0.027700831024930747 0.041666666666666664
0 0.5945033205805611 0.7446895795523292 0.027700831024930747 0.041666666666666664
0 0.5926934659219449 0.657575241984271 0.027700831024930747 0.041666666666666664
0 0.563132506497881 0.6303520114942529 0.027700831024930747 0.041666666666666664
0 0.581834337970248 0.6312594525105868 0.027700831024930747 0.041666666666666664
0 0.567958785587524 0.5994990169388988 0.027700831024930747 0.041666666666666664
0 0.578817913539221 0.6085734271022384 0.027700831024930747 0.041666666666666664
0 0.5902803263771235 0.5895171657592256 0.027700831024930747 0.041666666666666664
0 0.5498602390013624 0.5958692528735632 0.027700831024930747 0.041666666666666664
0 0.5263321284393523 0.5895171657592256 0.027700831024930747 0.041666666666666664
0 0.5046138725359584 0.5976841349062312 0.027700831024930747 0.041666666666666664
0 0.5202992795772985 0.6022213399879008 0.027700831024930747 0.041666666666666664
0 0.5003908783325205 0.583165078644888 0.027700831024930747 0.041666666666666664
0 0.5136631458290392 0.5686460223835451 0.027700831024930747 0.041666666666666664
0 0.4913416050394397 0.5459599969751966 0.027700831024930747 0.041666666666666664
0 0.46359050027399196 0.5795353145795523 0.027700831024930747 0.041666666666666664
0 0.4086915756293016 0.5641088173018753 0.027700831024930747 0.041666666666666664
0 0.43764925016716016 0.5132921203871749 0.027700831024930747 0.041666666666666664
0 0.3851634650672915 0.570460904416213 0.027700831024930747 0.041666666666666664
0 0.3712879126845675 0.5668311403508771 0.027700831024930747 0.041666666666666664
0 0.3568090754156382 0.5613864942528736 0.027700831024930747 0.041666666666666664
0 0.3296612555363957 0.539607909860859 0.027700831024930747 0.041666666666666664
0 0.29708387168130473 0.538700468844525 0.027700831024930747 0.041666666666666664
0 0.30191015077094785 0.5795353145795523 0.027700831024930747 0.041666666666666664
0 0.31216599383643945 0.6212776013309135 0.027700831024930747 0.041666666666666664
0 0.2940674472502778 0.5604790532365397 0.027700831024930747 0.041666666666666664
0 0.27536561577791074 0.5604790532365397 0.027700831024930747 0.041666666666666664
0 0.24218494703661436 0.5559418481548699 0.027700831024930747 0.041666666666666664
0 0.1800466037574594 0.5740906684815488 0.027700831024930747 0.041666666666666664
0 0.6303371859776483 0.7292630822746522 0.027700831024930747 0.041666666666666664
0 0.7081609362981435 0.7710053690260134 0.027700831024930747 0.041666666666666664
0 0.7147970700464026 0.7138365849969752 0.027700831024930747 0.041666666666666664
0 0.6906656745981872 0.7328928463399879 0.027700831024930747 0.041666666666666664
0 0.6930788141430086 0.6675570931639444 0.027700831024930747 0.041666666666666664
0 0.7733157040083253 0.6702794162129462 0.027700831024930747 0.041666666666666664
0 0.7877945412772546 0.7592086358136722 0.027700831024930747 0.041666666666666664
0 0.7437547445842614 0.7011324107683001 0.027700831024930747 0.041666666666666664
0 0.8384704717185073 0.7102068209316396 0.027700831024930747 0.041666666666666664
0 0.813132506497881 0.6956877646702964 0.027700831024930747 0.041666666666666664
0 0.8028766634323894 0.657575241984271 0.027700831024930747 0.041666666666666664
0 0.8493295996702043 0.6321668935269208 0.027700831024930747 0.041666666666666664
0 0.08985551326975375 0.5391541893526922 0.027700831024930747 0.041666666666666664
0 0.06089783873189516 0.5445988354506959 0.027700831024930747 0.041666666666666664
0 0.0946817923593969 0.5518583635813674 0.027700831024930747 0.041666666666666664
0 0.06331097827671664 0.5772667120387177 0.027700831024930747 0.041666666666666664
0 0.07537667600082446 0.5482285995160316 0.027700831024930747 0.041666666666666664
0 0.7727740044542534 0.6044899425287358 0.027700831024930747 0.041666666666666664
0 0.9344543539572975 0.7097531004234727 0.027700831024930747 0.041666666666666664
0 0.9670317378123886 0.7170126285541442 0.027700831024930747 0.041666666666666664
0 0.9646185982675669 0.6298982909860861 0.027700831024930747 0.041666666666666664
0 0.9634120284951563 0.5191904869933457 0.027700831024930747 0.041666666666666664
0 0.9332477841848869 0.5300797791893529 0.027700831024930747 0.041666666666666664
0 0.872919295564348 0.6916042800967939 0.027700831024930747 0.041666666666666664
0 0.7365153259497965 0.7560325922565034 0.027700831024930747 0.041666666666666664
0 0.8523460241012313 0.7415135359951606 0.027700831024930747 0.041666666666666664
0 0.8734609951184199 0.7242721566848156 0.027700831024930747 0.041666666666666664
0 0.8601887276219012 0.6534917574107685 0.027700831024930747 0.041666666666666664
0 0.8716511404598035 0.6661959316394436 0.027700831024930747 0.041666666666666664
0 0.9428387570320396 0.675270341802783 0.027700831024930747 0.041666666666666664
0 0.9277566348769047 0.6335280550514217 0.027700831024930747 0.041666666666666664
0 0.9868785537250327 0.6698256957047793 0.027700831024930747 0.041666666666666664
0 0.9923081177008812 0.6162866757410771 0.027700831024930747 0.041666666666666664
0 0.9277566348769047 0.6053973835450698 0.027700831024930747 0.041666666666666664
0 0.8981956754528406 0.6053973835450698 0.027700831024930747 0.041666666666666664
0 0.8016700936599785 0.5799890350877194 0.027700831024930747 0.041666666666666664
0 0.8077029425220326 0.6181015577737449 0.027700831024930747 0.041666666666666664
0 0.7865879715048439 0.6271759679370843 0.027700831024930747 0.041666666666666664
0 0.77271241912212 0.632620614035088 0.027700831024930747 0.041666666666666664
0 0.8619985822805174 0.5963229733817303 0.027700831024930747 0.041666666666666664
0 0.8360573321736856 0.5999527374470662 0.027700831024930747 0.041666666666666664
0 0.8251982042219886 0.5990452964307322 0.027700831024930747 0.041666666666666664
0 0.828817913539221 0.6280834089534182 0.027700831024930747 0.041666666666666664
0 0.7395317503808235 0.6335280550514217 0.027700831024930747 0.041666666666666664
0 0.7166069247050187 0.63080573200242 0.027700831024930747 0.041666666666666664
0 0.699714947891268 0.6289908499697521 0.027700831024930747 0.041666666666666664
0 0.6792032617602847 0.6534917574107685 0.027700831024930747 0.041666666666666664
0 0.6725671280120253 0.6444173472474292 0.027700831024930747 0.041666666666666664
0 0.685839395508544 0.6190089987900789 0.027700831024930747 0.041666666666666664
0 0.6460225930189883 0.6280834089534182 0.027700831024930747 0.041666666666666664
0 0.6309404708638536 0.6416950241984272 0.027700831024930747 0.041666666666666664
0 0.6261141917742105 0.5718220659407139 0.027700831024930747 0.041666666666666664
0 0.6411963139293453 0.5890634452510588 0.027700831024930747 0.041666666666666664
0 0.6653277093775608 0.5827113581367213 0.027700831024930747 0.041666666666666664
0 0.6882525350533655 0.5736369479733819 0.027700831024930747 0.041666666666666664
0 0.7021280874360895 0.5845262401693891 0.027700831024930747 0.041666666666666664
0 0.7111773607291703 0.6008601784634 0.027700831024930747 0.041666666666666664
0 0.7437547445842614 0.5990452964307322 0.027700831024930747 0.041666666666666664
0 0.7793485528703793 0.5754518300060497 0.027700831024930747 0.041666666666666664
0 0.6122386393914866 0.6262685269207503 0.027700831024930747 0.041666666666666664
0 0.5832809648536279 0.512838399879008 0.027700831024930747 0.041666666666666664
0 0.5531167205433586 0.49741190260133106 0.027700831024930747 0.041666666666666664
0 0.6068090754156381 0.5064863127646705 0.027700831024930747 0.041666666666666664
0 0.6182714882535405 0.5464137174833639 0.027700831024930747 0.041666666666666664
0 0.634560180181086 0.5073937537810044 0.027700831024930747 0.041666666666666664
0 0.6568817209706854 0.5064863127646705 0.027700831024930747 0.041666666666666664
0 0.6822196861913117 0.4910598154869935 0.027700831024930747 0.041666666666666664
0 0.7057477967533218 0.5001342256503329 0.027700831024930747 0.041666666666666664
0 0.7141937851601973 0.5228202510586814 0.027700831024930747 0.041666666666666664
0 0.7280693375429212 0.4955970205686632 0.027700831024930747 0.041666666666666664
0 0.7497875934463152 0.5164681639443438 0.027700831024930747 0.041666666666666664
0 0.7835715470738169 0.5064863127646705 0.027700831024930747 0.041666666666666664
0 0.8028766634323894 0.5355244252873564 0.027700831024930747 0.041666666666666664
0 0.8372639019460965 0.5191904869933456 0.027700831024930747 0.041666666666666664
0 0.8197686402461402 0.5110235178463401 0.027700831024930747 0.041666666666666664
0 0.8089095122944432 0.4883374924379917 0.027700831024930747 0.041666666666666664
0 0.7962405296841301 0.4828928463399881 0.027700831024930747 0.041666666666666664
0 0.883113553297706 0.5210053690260135 0.027700831024930747 0.041666666666666664
0 0.8957825359080192 0.5001342256503329 0.027700831024930747 0.041666666666666664
0 0.9072449487459217 0.4810779643073202 0.027700831024930747 0.041666666666666664
0 0.9259467802182886 0.4828928463399881 0.027700831024930747 0.041666666666666664
0 0.9368059081699855 0.5037639897156686 0.027700831024930747 0.041666666666666664
0 0.9030219545424838 0.586341122202057 0.027700831024930747 0.041666666666666664
0 0.9138810824941808 0.5963229733817303 0.027700831024930747 0.041666666666666664
0 0.9965311119043191 0.4847077283726559 0.027700831024930747 0.041666666666666664
0 0.9971343967905244 0.512838399879008 0.027700831024930747 0.041666666666666664
0 0.7395317503808235 0.4883374924379917 0.027700831024930747 0.041666666666666664
0 0.6496423023362207 0.48198540532365414 0.027700831024930747 0.041666666666666664
0 0.5965532323501466 0.49378213853599534 0.027700831024930747 0.041666666666666664
0 0.5344148890709916 0.5083011947973384 0.027700831024930747 0.041666666666666664
0 0.5362247437296077 0.47835564125831836 0.027700831024930747 0.041666666666666664
0 0.5217459064606784 0.513745840895342 0.027700831024930747 0.041666666666666664
0 0.6255109068880051 0.677085223835451 0.027700831024930747 0.041666666666666664
0 0.6327503255224698 0.6943266031457956 0.027700831024930747 0.041666666666666664
0 0.6611047151741231 0.7632921203871751 0.027700831024930747 0.041666666666666664
0 0.6037926509846112 0.7787186176648521 0.027700831024930747 0.041666666666666664
0 0.8203719251323457 0.7306242437991534 0.027700831024930747 0.041666666666666664
0 0.959127448959585 0.4629291439806415 0.027700831024930747 0.041666666666666664
0 0.9766227106595413 0.4792630822746524 0.027700831024930747 0.041666666666666664
0 0.9675734373664603 0.47654075922565053 0.027700831024930747 0.041666666666666664
0 0.9524913152113257 0.4965044615849972 0.027700831024930747 0.041666666666666664
0 0.9416321872596287 0.48289284633998814 0.027700831024930747 0.041666666666666664
0 0.9355993383975747 0.44568776467029664 0.027700831024930747 0.041666666666666664
0 0.769695994691093 0.4375207955232912 0.027700831024930747 0.041666666666666664
0 0.7292759073153319 0.44478032365396275 0.027700831024930747 0.041666666666666664
0 0.7407383201532344 0.4583919388989718 0.027700831024930747 0.041666666666666664
0 0.7534073027635475 0.43479847247428943 0.027700831024930747 0.041666666666666664
0 0.7202266340222511 0.4674663490623112 0.027700831024930747 0.041666666666666664
0 0.7003182327774733 0.4729109951603148 0.027700831024930747 0.041666666666666664
0 0.7286726224291266 0.47381843617664876 0.027700831024930747 0.041666666666666664
0 0.6954919536878301 0.4538547338173021 0.027700831024930747 0.041666666666666664
0 0.6731704128982309 0.47563331820931665 0.027700831024930747 0.041666666666666664
0 0.6598981454017122 0.4792630822746524 0.027700831024930747 0.041666666666666664
0 0.6502455872224261 0.46928123109497905 0.027700831024930747 0.041666666666666664
0 0.6369733197259075 0.46020682093163967 0.027700831024930747 0.041666666666666664
0 0.620684627798362 0.44387288263762875 0.027700831024930747 0.041666666666666664
0 0.6321470406362645 0.4792630822746524 0.027700831024930747 0.041666666666666664
0 0.6031893660984058 0.4629291439806415 0.027700831024930747 0.041666666666666664
0 0.5887105288294764 0.45203985178463424 0.027700831024930747 0.041666666666666664
0 0.5875039590570658 0.4792630822746524 0.027700831024930747 0.041666666666666664
0 0.5796612555363956 0.4919672565033275 0.027700831024930747 0.041666666666666664
0 0.5681988426984933 0.4629291439806415 0.027700831024930747 0.041666666666666664
0 0.5712152671295202 0.43298359044162155 0.027700831024930747 0.041666666666666664
0 0.5452740170226885 0.44387288263762875 0.027700831024930747 0.041666666666666664
0 0.5139032029400084 0.46020682093163967 0.027700831024930747 0.041666666666666664
0 0.5175229122572407 0.4901523744706597 0.027700831024930747 0.041666666666666664
0 0.5048539296469274 0.48652261040532385 0.027700831024930747 0.041666666666666664
0 0.5332083192985807 0.43479847247428943 0.027700831024930747 0.041666666666666664
0 0.5229524762330892 0.441150559588627 0.027700831024930747 0.041666666666666664
0 0.5464805867950993 0.4665589080459772 0.027700831024930747 0.041666666666666664
0 0.7607083067301458 0.4883374924379917 0.027700831024930747 0.041666666666666664
0 0.7679477253646104 0.4647440260133093 0.027700831024930747 0.041666666666666664
0 0.3227234793450337 0.49378213853599534 0.027700831024930747 0.041666666666666664
0 0.337202316613963 0.4665589080459772 0.027700831024930747 0.041666666666666664
0 0.354094293427714 0.48107796430732025 0.027700831024930747 0.041666666666666664
0 0.3746059795586971 0.4883374924379917 0.027700831024930747 0.041666666666666664
0 0.3939110959172695 0.5010416666666669 0.027700831024930747 0.041666666666666664
0 0.40597679364137734 0.49015237447065957 0.027700831024930747 0.041666666666666664
0 0.4216622006827175 0.4919672565033275 0.027700831024930747 0.041666666666666664
0 0.4457935961309329 0.4756333182093166 0.027700831024930747 0.041666666666666664
0 0.47354470089638084 0.4919672565033275 0.027700831024930747 0.041666666666666664
0 0.4687184218067377 0.4720035541439808 0.027700831024930747 0.041666666666666664
0 0.10192121099386155 0.5282648971566849 0.027700831024930747 0.041666666666666664
0 0.04346416236407235 0.5228202510586814 0.027700831024930747 0.041666666666666664
0 0.14662587790519377 0.46292914398064144 0.027700831024930747 0.041666666666666664
0 0.1550718663120692 0.45385473381730207 0.027700831024930747 0.041666666666666664
0 0.16291456983273925 0.4729109951603148 0.027700831024930747 0.041666666666666664
0 0.09655323235014654 0.470188672111313 0.027700831024930747 0.041666666666666664
0 0.07905797065019028 0.4710961131276469 0.027700831024930747 0.041666666666666664
0 0.08207439508121721 0.5046714307320026 0.027700831024930747 0.041666666666666664
0 0.03381160418478616 0.4602068209316396 0.027700831024930747 0.041666666666666664
0 0.03381160418478616 0.44387288263762875 0.027700831024930747 0.041666666666666664
0 0.012093348281392177 0.4248166212946161 0.027700831024930747 0.041666666666666664
0 0.013299918053802965 0.3930561857229282 0.027700831024930747 0.041666666666666664
0 0.01872948202965145 0.45385473381730207 0.027700831024930747 0.041666666666666664
0 0.023555761119294562 0.4275389443436179 0.027700831024930747 0.041666666666666664
0 0.04346416236407235 0.4184645341802785 0.027700831024930747 0.041666666666666664
0 0.05372000542956398 0.44387288263762875 0.027700831024930747 0.041666666666666664
0 0.055529860088180144 0.4710961131276469 0.027700831024930747 0.041666666666666664
0 0.1755835524430524 0.4729109951603148 0.027700831024930747 0.041666666666666664
0 0.13154375575005908 0.3994082728372658 0.027700831024930747 0.041666666666666664
0 0.11585834870871896 0.4248166212946161 0.027700831024930747 0.041666666666666664
0 0.10137951143978965 0.4347984724742894 0.027700831024930747 0.041666666666666664
0 0.1291306162052375 0.43389103145795543 0.027700831024930747 0.041666666666666664
0 0.15205544188104228 0.4211868572292803 0.027700831024930747 0.041666666666666664
0 0.1399897441569345 0.4311687084089536 0.027700831024930747 0.041666666666666664
0 0.10499922075702198 0.4157422111312767 0.027700831024930747 0.041666666666666664
0 0.08388424973983336 0.4039454779189355 0.027700831024930747 0.041666666666666664
0 0.06638898803987713 0.4148347701149427 0.027700831024930747 0.041666666666666664
0 0.06216599383643942 0.4357059134906233 0.027700831024930747 0.041666666666666664
0 0.0675955578122879 0.45748449788263784 0.027700831024930747 0.041666666666666664
0 0.05311672054335857 0.4039454779189355 0.027700831024930747 0.041666666666666664
0 0.050703580998537036 0.3839817755595888 0.027700831024930747 0.041666666666666664
0 0.03803459838822386 0.3785371294615852 0.027700831024930747 0.041666666666666664
0 0.028382040208937677 0.3739999243799155 0.027700831024930747 0.041666666666666664
0 0.038637883274429276 0.3622031911675743 0.027700831024930747 0.041666666666666664
0 0.024159046005499937 0.396685949788264 0.027700831024930747 0.041666666666666664
0 0.021142621574472987 0.3803520114942531 0.027700831024930747 0.041666666666666664
0 0.03139846463996459 0.4121124470659409 0.027700831024930747 0.041666666666666664
0 0.04105102281925081 0.3903338626739264 0.027700831024930747 0.041666666666666664
0 0.038637883274429276 0.4311687084089536 0.027700831024930747 0.041666666666666664
0 0.06156270895023401 0.39487106775559605 0.027700831024930747 0.041666666666666664
0 0.07362840667434176 0.4003157138535997 0.027700831024930747 0.041666666666666664
0 0.06518241826746632 0.37218504234724764 0.027700831024930747 0.041666666666666664
0 0.07664483110536872 0.4121124470659409 0.027700831024930747 0.041666666666666664
0 0.07724811599157412 0.4293538263762857 0.027700831024930747 0.041666666666666664
0 0.1574850058568908 0.3622031911675743 0.027700831024930747 0.041666666666666664
0 0.2721091342359145 0.4465952056866306 0.027700831024930747 0.041666666666666664
0 0.3010668087737732 0.470188672111313 0.027700831024930747 0.041666666666666664
0 0.30649637274962166 0.4465952056866306 0.027700831024930747 0.041666666666666664
0 0.2781419830979684 0.4955970205686633 0.027700831024930747 0.041666666666666664
0 0.26848942491868216 0.47654075922565053 0.027700831024930747 0.041666666666666664
0 0.24073832015323435 0.46292914398064144 0.027700831024930747 0.041666666666666664
0 0.27995183775658455 0.4184645341802785 0.027700831024930747 0.041666666666666664
0 0.2902076808220762 0.4211868572292803 0.027700831024930747 0.041666666666666664
0 0.28296826218761156 0.4357059134906233 0.027700831024930747 0.041666666666666664
0 0.3523460241012312 0.4520398517846342 0.027700831024930747 0.041666666666666664
0 0.3891464021597598 0.4602068209316396 0.027700831024930747 0.041666666666666664
0 0.40543509408730527 0.46292914398064144 0.027700831024930747 0.041666666666666664
0 0.4241369255596724 0.44205800060496087 0.027700831024930747 0.041666666666666664
0 0.44223547214583403 0.42844638535995183 0.027700831024930747 0.041666666666666664
0 0.43137634419413706 0.45385473381730207 0.027700831024930747 0.041666666666666664
0 0.4476650361216825 0.4475026467029645 0.027700831024930747 0.041666666666666664
0 0.4705898617974873 0.43842823653962515 0.027700831024930747 0.041666666666666664
0 0.4573175943009688 0.42572406231095 0.027700831024930747 0.041666666666666664
0 0.4573175943009688 0.40122315486993365 0.027700831024930747 0.041666666666666664
0 0.4705898617974873 0.40122315486993365 0.027700831024930747 0.041666666666666664
0 0.4886884083836489 0.3939636267392622 0.027700831024930747 0.041666666666666664
0 0.48627526883882743 0.37581480641258336 0.027700831024930747 0.041666666666666664
0 0.4941179723594974 0.5164681639443438 0.027700831024930747 0.041666666666666664
0 0.35355259387364196 0.43752079552329115 0.027700831024930747 0.041666666666666664
0 0.3463131752391773 0.42663150332728395 0.027700831024930747 0.041666666666666664
0 0.35777558807707976 0.42027941621294634 0.027700831024930747 0.041666666666666664
0 0.3740642800046252 0.441150559588627 0.027700831024930747 0.041666666666666664
0 0.36923800091498205 0.4511324107683003 0.027700831024930747 0.041666666666666664
0 0.3650150067115444 0.4347984724742894 0.027700831024930747 0.041666666666666664
0 0.383113553297706 0.4220942982456143 0.027700831024930747 0.041666666666666664
0 0.4000055301114568 0.4220942982456143 0.027700831024930747 0.041666666666666664
0 0.4150876522665916 0.4148347701149427 0.027700831024930747 0.041666666666666664
0 0.16412113960515004 0.3867040986085906 0.027700831024930747 0.041666666666666664
0 0.30589308786341624 0.3930561857229282 0.027700831024930747 0.041666666666666664
0 0.2896043959358708 0.45748449788263784 0.027700831024930747 0.041666666666666664
0 0.2871912563910492 0.46928123109497905 0.027700831024930747 0.041666666666666664
0 0.3402803263771234 0.4003157138535997 0.027700831024930747 0.041666666666666664
0 0.39216282659078683 0.3994082728372658 0.027700831024930747 0.041666666666666664
0 0.40483180920109996 0.3876115396249246 0.027700831024930747 0.041666666666666664
0 0.44223547214583403 0.40666780096793725 0.027700831024930747 0.041666666666666664
0 0.786046271950772 0.4084826830006051 0.027700831024930747 0.041666666666666664
0 0.8391353419368462 0.4647440260133093 0.027700831024930747 0.041666666666666664
0 0.9392806330469406 0.41937197519661235 0.027700831024930747 0.041666666666666664
0 0.9706514471296209 0.4211868572292803 0.027700831024930747 0.041666666666666664
0 0.9404872028193515 0.3631106321839082 0.027700831024930747 0.041666666666666664
0 0.6895206901579097 0.3848892165759227 0.027700831024930747 0.041666666666666664
0 0.6907272599303206 0.4157422111312767 0.027700831024930747 0.041666666666666664
0 0.6859009808406774 0.43207614942528755 0.027700831024930747 0.041666666666666664
0 0.6762484226613914 0.4520398517846342 0.027700831024930747 0.041666666666666664
0 0.6497038876683542 0.4211868572292803 0.027700831024930747 0.041666666666666664
0 0.6303987713097817 0.4084826830006051 0.027700831024930747 0.041666666666666664
0 0.6388447597166572 0.38307433454325496 0.027700831024930747 0.041666666666666664
0 0.4216622006827175 0.40122315486993365 0.027700831024930747 0.041666666666666664
0 0.6798681319786236 0.34496181185722935 0.027700831024930747 0.041666666666666664
0 0.39753080523450185 0.6280834089534183 0.027700831024930747 0.041666666666666664
0 0.322421836901931 0.603582501512402 0.027700831024930747 0.041666666666666664
0 0.33328096485362796 0.5936006503327287 0.027700831024930747 0.041666666666666664
0 0.34112366837429803 0.5745443889897159 0.027700831024930747 0.041666666666666664
0 0.7284325653181575 0.41301988808227486 0.027700831024930747 0.041666666666666664
0 0.8219417226799925 0.43842823653962515 0.027700831024930747 0.041666666666666664
0 0.830387711086868 0.4157422111312767 0.027700831024930747 0.041666666666666664
0 0.8539158216488781 0.41301988808227486 0.027700831024930747 0.041666666666666664
0 0.8490895425592351 0.4230017392619481 0.027700831024930747 0.041666666666666664
0 0.8261647168834303 0.4665589080459772 0.027700831024930747 0.041666666666666664
0 0.855122391421289 0.4638365849969754 0.027700831024930747 0.041666666666666664
0 0.8671880891453967 0.4892449334543257 0.027700831024930747 0.041666666666666664
0 0.8683946589178075 0.4565770568663039 0.027700831024930747 0.041666666666666664
0 0.8913194845936122 0.4774482002419845 0.027700831024930747 0.041666666666666664
0 0.9009720427728984 0.4565770568663039 0.027700831024930747 0.041666666666666664
0 0.9136410253832116 0.44387288263762875 0.027700831024930747 0.041666666666666664
0 0.889509629934996 0.44387288263762875 0.027700831024930747 0.041666666666666664
0 0.8798570717557098 0.4347984724742894 0.027700831024930747 0.041666666666666664
0 0.8732209380074506 0.43298359044162155 0.027700831024930747 0.041666666666666664
0 0.8593453856247266 0.3930561857229282 0.027700831024930747 0.041666666666666664
0 0.8478829727868243 0.3848892165759228 0.027700831024930747 0.041666666666666664
0 0.7941906179145447 0.37581480641258336 0.027700831024930747 0.041666666666666664
0 0.8056530307524471 0.3739999243799155 0.027700831024930747 0.041666666666666664
0 0.7833314899628477 0.3848892165759228 0.027700831024930747 0.041666666666666664
0 0.5866606170598911 0.41664965214761057 0.027700831024930747 0.041666666666666664
0 0.5504635238875679 0.4139273290986088 0.027700831024930747 0.041666666666666664
0 0.5751982042219889 0.4148347701149427 0.027700831024930747 0.041666666666666664
0 0.6638810824941809 0.4520398517846342 0.027700831024930747 0.041666666666666664
0 0.8014300365490095 0.3948710677555961 0.027700831024930747 0.041666666666666664
0 0.7966037574593663 0.4102975650332731 0.027700831024930747 0.041666666666666664
0 0.7483409665629353 0.3612957501512403 0.027700831024930747 0.041666666666666664
0 0.76342308871807 0.35131389897156706 0.027700831024930747 0.041666666666666664
0 0.8092727400696794 0.4565770568663039 0.027700831024930747 0.041666666666666664
0 0.9051950369763362 0.42027941621294634 0.027700831024930747 0.041666666666666664
0 0.9082114614073631 0.40576035995160337 0.027700831024930747 0.041666666666666664
0 0.9112278858383901 0.3876115396249246 0.027700831024930747 0.041666666666666664
0 0.898558903228077 0.40848268300060514 0.027700831024930747 0.041666666666666664
0 0.8889063450487907 0.3994082728372658 0.027700831024930747 0.041666666666666664
0 0.8979556183418715 0.3848892165759228 0.027700831024930747 0.041666666666666664
0 0.9793990779795989 0.44205800060496087 0.027700831024930747 0.041666666666666664
0 0.6198412858011876 0.40122315486993365 0.027700831024930747 0.041666666666666664
0 0.6156182915977497 0.3930561857229282 0.027700831024930747 0.041666666666666664
0 0.6113952973943121 0.3839817755595888 0.027700831024930747 0.041666666666666664
0 0.5993295996702043 0.38216689352692096 0.027700831024930747 0.041666666666666664
0 0.6059657334184636 0.3876115396249246 0.027700831024930747 0.041666666666666664
0 0.6089821578494906 0.4121124470659409 0.027700831024930747 0.041666666666666664
0 0.6065690183046689 0.42663150332728395 0.027700831024930747 0.041666666666666664
0 0.5420175354806924 0.3803520114942531 0.027700831024930747 0.041666666666666664
0 0.5299518377565846 0.39759339080459793 0.027700831024930747 0.041666666666666664
0 0.5299518377565846 0.3876115396249246 0.027700831024930747 0.041666666666666664
0 0.5335715470738169 0.3558511040532367 0.027700831024930747 0.041666666666666664
0 0.5269354133255577 0.3386097247428919 0.027700831024930747 0.041666666666666664
0 0.6741369255596724 0.3494990169388992 0.027700831024930747 0.041666666666666664
0 0.7079208791871742 0.36855527828191187 0.027700831024930747 0.041666666666666664
0 0.716970152480255 0.3712776013309137 0.027700831024930747 0.041666666666666664
0 0.7332588444078005 0.3930561857229282 0.027700831024930747 0.041666666666666664
0 0.6626745127217701 0.4003157138535997 0.027700831024930747 0.041666666666666664
0 0.6693106464700294 0.4248166212946161 0.027700831024930747 0.041666666666666664
0 0.6795664895355209 0.4121124470659409 0.027700831024930747 0.041666666666666664
0 0.15386529653965844 0.3867040986085906 0.027700831024930747 0.041666666666666664
0 0.07664483110536872 0.5890634452510589 0.027700831024930747 0.041666666666666664
0 0.08147111019501183 0.6081197065940717 0.027700831024930747 0.041666666666666664
0 0.46335044316302265 0.3830743345432549 0.027700831024930747 0.041666666666666664
0 0.43378948373895854 0.3994082728372658 0.027700831024930747 0.041666666666666664
0 0.3258014891081941 0.4293538263762857 0.027700831024930747 0.041666666666666664
0 0.30287666343238934 0.42844638535995183 0.027700831024930747 0.041666666666666664
0 0.9844654141802113 0.41755709316394446 0.027700831024930747 0.041666666666666664
0 0.9923081177008812 0.3975933908045979 0.027700831024930747 0.041666666666666664
0 0.9911015479284706 0.4338910314579554 0.027700831024930747 0.041666666666666664
0 0.9911015479284706 0.3640180732002421 0.027700831024930747 0.041666666666666664
0 0.9567143094147633 0.3794445704779191 0.027700831024930747 0.041666666666666664
0 0.883113553297706 0.3567585450695706 0.027700831024930747 0.041666666666666664
0 0.92835991976311 0.3567585450695706 0.027700831024930747 0.041666666666666664
0 0.910864658063154 0.3567585450695706 0.027700831024930747 0.041666666666666664
0 0.9187073615838239 0.34677669388989735 0.027700831024930747 0.041666666666666664
0 0.869238000914982 0.366740396249244 0.027700831024930747 0.041666666666666664
0 0.8004635238875677 0.34042460677555975 0.027700831024930747 0.041666666666666664
0 0.7781419830979684 0.36583295523291 0.027700831024930747 0.041666666666666664
0 0.7908109657082816 0.35312878100423484 0.027700831024930747 0.041666666666666664
0 0.6339568952948806 0.4338910314579554 0.027700831024930747 0.041666666666666664
0 0.710574075842965 0.4320761494252875 0.027700831024930747 0.041666666666666664
0 0.6991116630050624 0.4275389443436178 0.027700831024930747 0.041666666666666664
0 0.7093675060705541 0.409390124016939 0.027700831024930747 0.041666666666666664
0 0.6942853839154195 0.366740396249244 0.027700831024930747 0.041666666666666664
0 0.7045412269809109 0.3540362220205688 0.027700831024930747 0.041666666666666664
0 0.8481230298977934 0.34768413490623123 0.027700831024930747 0.041666666666666664
0 0.817958785587524 0.35040645795523306 0.027700831024930747 0.041666666666666664
0 0.807099657635827 0.3594808681185724 0.027700831024930747 0.041666666666666664
0 0.8185620704737295 0.38670409860859056 0.027700831024930747 0.041666666666666664
0 0.8143390762702917 0.4012231548699336 0.027700831024930747 0.041666666666666664
0 0.7908109657082816 0.4493175287356323 0.027700831024930747 0.041666666666666664
0 0.7775386982117631 0.4783556412583183 0.027700831024930747 0.041666666666666664
0 0.9681767222526658 0.3567585450695706 0.027700831024930747 0.041666666666666664
0 0.9826555595215951 0.3603883091349064 0.027700831024930747 0.041666666666666664
0 0.9748128560009252 0.3794445704779191 0.027700831024930747 0.041666666666666664
0 0.9904982630422651 0.3431469298245615 0.027700831024930747 0.041666666666666664
0 0.3133725636088502 0.41392732909860874 0.027700831024930747 0.041666666666666664
0 0.30311672054335853 0.41392732909860874 0.027700831024930747 0.041666666666666664
0 0.29346416236407236 0.40122315486993365 0.027700831024930747 0.041666666666666664
0 0.367668203367335 0.4039454779189355 0.027700831024930747 0.041666666666666664
0 0.3803371859776483 0.3975933908045979 0.027700831024930747 0.041666666666666664
0 0.44307881414300865 0.38761153962492456 0.027700831024930747 0.041666666666666664
0 0.44850837811885713 0.3785371294615852 0.027700831024930747 0.041666666666666664
0 0.4261868373292577 0.3649255142165761 0.027700831024930747 0.041666666666666664
0 0.44669852346024097 0.36220319116757427 0.027700831024930747 0.041666666666666664
0 0.30010029611233163 0.36946271929824576 0.027700831024930747 0.041666666666666664
0 0.2856214588434023 0.3975933908045979 0.027700831024930747 0.041666666666666664
0 0.27295247623308916 0.40122315486993365 0.027700831024930747 0.041666666666666664
0 0.2651097727124191 0.4230017392619481 0.027700831024930747 0.041666666666666664
0 0.25666378430554365 0.439335677555959 0.027700831024930747 0.041666666666666664
0 0.24701122612625742 0.43570591349062326 0.027700831024930747 0.041666666666666664
0 0.41955070358099855 0.38488921657592273 0.027700831024930747 0.041666666666666664
0 0.33991709860188724 0.36220319116757427 0.027700831024930747 0.041666666666666664
0 0.3417269532605034 0.3440543708408955 0.027700831024930747 0.041666666666666664
0 0.49858102367390433 0.3703701603145797 0.027700831024930747 0.041666666666666664
0 0.5148697156014498 0.3431469298245615 0.027700831024930747 0.041666666666666664
0 0.5130598609428336 0.3603883091349064 0.027700831024930747 0.041666666666666664
0 0.5202992795772983 0.3603883091349064 0.027700831024930747 0.041666666666666664
0 0.5046138725359581 0.4130198880822748 0.027700831024930747 0.041666666666666664
0 0.5202992795772983 0.39577850877193 0.027700831024930747 0.041666666666666664
0 0.5022007329911367 0.39850083182093177 0.027700831024930747 0.041666666666666664
0 0.5094401516256013 0.38851898064125845 0.027700831024930747 0.041666666666666664
0 0.5040105876497528 0.3821668935269209 0.027700831024930747 0.041666666666666664
0 0.5758014891081942 0.3912413036902603 0.027700831024930747 0.041666666666666664
0 0.5667522158151131 0.37672224742891725 0.027700831024930747 0.041666666666666664
0 0.5522733785461839 0.37127760133091364 0.027700831024930747 0.041666666666666664
0 0.5993295996702043 0.4338910314579554 0.027700831024930747 0.041666666666666664
0 0.5969164601253826 0.410297565033273 0.027700831024930747 0.041666666666666664
0 0.5408109657082816 0.39577850877193 0.027700831024930747 0.041666666666666664
0 0.6665342791499715 0.3758148064125834 0.027700831024930747 0.041666666666666664
0 0.6532620116534531 0.3794445704779192 0.027700831024930747 0.041666666666666664
0 0.6472291627913991 0.34496181185722957 0.027700831024930747 0.041666666666666664
0 0.823991634449578 0.3322576376285544 0.027700831024930747 0.041666666666666664
0 0.8921628265907868 0.34314692982456163 0.027700831024930747 0.041666666666666664
0 0.8613952973943121 0.34949901693889923 0.027700831024930747 0.041666666666666664
0 0.8547591636460528 0.33679484271022414 0.027700831024930747 0.041666666666666664
0 0.8330409077426588 0.3957785087719301 0.027700831024930747 0.041666666666666664
0 0.9307730593079317 0.38125945251058707 0.027700831024930747 0.041666666666666664
0 0.9168975069252078 0.36674039624924404 0.027700831024930747 0.041666666666666664
0 0.9211205011286454 0.396685949788264 0.027700831024930747 0.041666666666666664
0 0.9325829139665479 0.40757524198427125 0.027700831024930747 0.041666666666666664
0 0.9476650361216825 0.40757524198427125 0.027700831024930747 0.041666666666666664
0 0.9446486116906557 0.3894264216575925 0.027700831024930747 0.041666666666666664
0 0.7365153259497965 0.34768413490623135 0.027700831024930747 0.041666666666666664
0 0.7594401516256013 0.33770228372655803 0.027700831024930747 0.041666666666666664
0 0.5983630870087627 0.33679484271022414 0.027700831024930747 0.041666666666666664
0 0.5736284066743418 0.35222133998790106 0.027700831024930747 0.041666666666666664
0 0.5603561391778232 0.34496181185722957 0.027700831024930747 0.041666666666666664
0 0.8300244833116318 0.48107796430732025 0.027700831024930747 0.041666666666666664
0 0.8933693963631977 0.42390918027828217 0.027700831024930747 0.041666666666666664
0 0.8945759661356083 0.37127760133091375 0.027700831024930747 0.041666666666666664
0 0.9470617512354772 0.34768413490623135 0.027700831024930747 0.041666666666666664
0 0.9319796290803424 0.32681299153055077 0.027700831024930747 0.041666666666666664
0 0.761853291170423 0.37762968844525135 0.027700831024930747 0.041666666666666664
0 0.7540105876497528 0.38307433454325496 0.027700831024930747 0.041666666666666664
0 0.7540105876497528 0.3948710677555961 0.027700831024930747 0.041666666666666664
0 0.8469164601253828 0.6616587265577739 0.027700831024930747 0.041666666666666664
0 0.9012120998838676 0.6235462038717485 0.027700831024930747 0.041666666666666664
0 0.9030219545424838 0.6888819570477921 0.027700831024930747 0.041666666666666664
0 0.7485810236739043 0.6153792347247431 0.027700831024930747 0.041666666666666664
0 0.561562708950234 0.41937197519661235 0.027700831024930747 0.041666666666666664
0 0.5265721855503215 0.4130198880822748 0.027700831024930747 0.041666666666666664
0 0.9259467802182886 0.42572406231094995 0.027700831024930747 0.041666666666666664
0 0.9138810824941808 0.42027941621294634 0.027700831024930747 0.041666666666666664
0 0.6337168381839113 0.36401807320024215 0.027700831024930747 0.041666666666666664
0 0.584850762401275 0.3431469298245615 0.027700831024930747 0.041666666666666664
0 0.5046138725359582 0.4347984724742893 0.027700831024930747 0.041666666666666664
0 0.5715784949047563 0.3331650786448882 0.027700831024930747 0.041666666666666664
0 0.7459278270181136 0.32499810949788277 0.027700831024930747 0.041666666666666664
0 0.7193832920250764 0.3494990169388991 0.027700831024930747 0.041666666666666664
0 0.42859997687407936 0.4220942982456142 0.027700831024930747 0.041666666666666664
0 0.49737445390149354 0.5700071839080462 0.027700831024930747 0.041666666666666664
0 0.5564963727496216 0.3966859497882639 0.027700831024930747 0.041666666666666664
0 0.5426208203668977 0.3286278735632185 0.027700831024930747 0.041666666666666664
0 0.6807730593079315 0.37672224742891725 0.027700831024930747 0.041666666666666664
0 0.03743131350201848 0.5818039171203874 0.027700831024930747 0.041666666666666664
0 0.06699227292608251 0.5300797791893529 0.027700831024930747 0.041666666666666664
0 0.09414009280532501 0.39940827283726577 0.027700831024930747 0.041666666666666664
0 0.0923302381467088 0.4093901240169391 0.027700831024930747 0.041666666666666664
0 0.10680907541563814 0.39668594978826394 0.027700831024930747 0.041666666666666664
0 0.10077622655358424 0.37944457047791913 0.027700831024930747 0.041666666666666664
0 0.13094047086385366 0.3749073653962494 0.027700831024930747 0.041666666666666664
0 0.16834413380858773 0.4121124470659409 0.027700831024930747 0.041666666666666664
0 0.1653277093775608 0.4456877646702966 0.027700831024930747 0.041666666666666664
0 0.3227850646771671 0.45839193889897173 0.027700831024930747 0.041666666666666664
0 0.33243762285645334 0.3749073653962494 0.027700831024930747 0.041666666666666664
0 0.6614679429493593 0.33770228372655803 0.027700831024930747 0.041666666666666664
0 0.6379398323873492 0.39759339080459793 0.027700831024930747 0.041666666666666664
0 0.6940453268044502 0.3467766938898974 0.027700831024930747 0.041666666666666664
0 0.6994748907802987 0.34133204779189374 0.027700831024930747 0.041666666666666664
0 0.6101887276219012 0.3467766938898974 0.027700831024930747 0.041666666666666664
0 0.7815216353042316 0.34496181185722946 0.027700831024930747 0.041666666666666664
0 0.4895317503808235 0.3286278735632186 0.027700831024930747 0.041666666666666664
0 0.39240288370175613 0.441150559588627 0.027700831024930747 0.041666666666666664
0 0.4056751511982746 0.4447803236539627 0.027700831024930747 0.041666666666666664
0 0.47746605265671593 0.45113241076830024 0.027700831024930747 0.041666666666666664
0 0.4654003549326081 0.35857342710223855 0.027700831024930747 0.041666666666666664
0 0.4346328257361334 0.3458692528735634 0.027700831024930747 0.041666666666666664
0 0.4708299189084566 0.33497996067755614 0.027700831024930747 0.041666666666666664
0 0.5564963727496217 0.33135019661222037 0.027700831024930747 0.041666666666666664
0 0.20719442363670185 0.7623846793708411 0.027700831024930747 0.041666666666666664
0 0.3435368079191196 0.8032195251058684 0.027700831024930747 0.041666666666666664
0 0.4310131164189009 0.4738184361766487 0.027700831024930747 0.041666666666666664
0 0.4406656745981872 0.4602068209316396 0.027700831024930747 0.041666666666666664
0 0.49616788412908286 0.35222133998790095 0.027700831024930747 0.041666666666666664
0 0.5046138725359584 0.3295353145795525 0.027700831024930747 0.041666666666666664
0 0.5239189888945308 0.3304427555958865 0.027700831024930747 0.041666666666666664
0 0.6059657334184636 0.33316507864488826 0.027700831024930747 0.041666666666666664
0 0.633113553297706 0.3304427555958865 0.027700831024930747 0.041666666666666664
0 0.6379398323873492 0.34859157592256523 0.027700831024930747 0.041666666666666664
0 0.6198412858011876 0.33951716575922586 0.027700831024930747 0.041666666666666664
0 0.9494748907802987 0.33951716575922586 0.027700831024930747 0.041666666666666664
0 0.8752708497770361 0.3422394888082277 0.027700831024930747 0.041666666666666664
0 0.807099657635827 0.32953531457955254 0.027700831024930747 0.041666666666666664
0 0.7938273901393086 0.33316507864488826 0.027700831024930747 0.041666666666666664
0 0.7811584075289955 0.32953531457955254 0.027700831024930747 0.041666666666666664
0 0.9410289023734234 0.3413320477918937 0.027700831024930747 0.041666666666666664
0 0.9645570129354335 0.33679484271022403 0.027700831024930747 0.041666666666666664
0 0.9723997164561035 0.3422394888082277 0.027700831024930747 0.041666666666666664
0 0.959127448959585 0.3540362220205689 0.027700831024930747 0.041666666666666664
0 0.9657635827078441 0.40303803690260154 0.027700831024930747 0.041666666666666664
0 0.9536978849837365 0.424816621294616 0.027700831024930747 0.041666666666666664
0 0.8282146286530156 0.45385473381730207 0.027700831024930747 0.041666666666666664
0 0.7425481748118505 0.40757524198427125 0.027700831024930747 0.041666666666666664
0 0.046813021904268746 0.37037016031457975 0.027700831024930747 0.041666666666666664
0 0.11042878473287046 0.37581480641258336 0.027700831024930747 0.041666666666666664
0 0.07423169156054718 0.39124130369026033 0.027700831024930747 0.041666666666666664
0 0.10017294166737886 0.36583295523291004 0.027700831024930747 0.041666666666666664
0 0.12068462779836206 0.39668594978826394 0.027700831024930747 0.041666666666666664
0 0.1653277093775608 0.3785371294615852 0.027700831024930747 0.041666666666666664
0 0.021142621574472987 0.5155607229280099 0.027700831024930747 0.041666666666666664
0 0.027778755322732263 0.5110235178463401 0.027700831024930747 0.041666666666666664
0 0.25883686673939604 0.3603883091349064 0.027700831024930747 0.041666666666666664
0 0.28055512264279 0.3603883091349064 0.027700831024930747 0.041666666666666664
0 0.2690927098048876 0.3721850423472476 0.027700831024930747 0.041666666666666664
0 0.2956372447979247 0.38216689352692096 0.027700831024930747 0.041666666666666664
0 0.23832518060841276 0.36401807320024215 0.027700831024930747 0.041666666666666664
0 0.16955070358099855 0.39668594978826394 0.027700831024930747 0.041666666666666664
0 0.17377369778443627 0.38216689352692096 0.027700831024930747 0.041666666666666664
0 0.3145791333812609 0.3649255142165761 0.027700831024930747 0.041666666666666664
0 0.32845468576398484 0.410297565033273 0.027700831024930747 0.041666666666666664
0 0.40688172097068526 0.3612957501512403 0.027700831024930747 0.041666666666666664
0 0.39240288370175597 0.3485915759225652 0.027700831024930747 0.041666666666666664
0 0.4105014302879176 0.3767222474289173 0.027700831024930747 0.041666666666666664
0 0.4219638431258201 0.351313898971567 0.027700831024930747 0.041666666666666664
0 0.6554350940873053 0.35403622202056884 0.027700831024930747 0.041666666666666664
0 0.4847054712911804 0.4112050060496069 0.027700831024930747 0.041666666666666664
0 0.35137951143978957 0.3921487447065942 0.027700831024930747 0.041666666666666664
0 0.17859997687407933 0.42300173926194823 0.027700831024930747 0.041666666666666664
0 0.17859997687407933 0.4393356775559591 0.027700831024930747 0.041666666666666664
0 0.64698910568043 0.4121124470659409 0.027700831024930747 0.041666666666666664
0 0.6898223326010126 0.33951716575922586 0.027700831024930747 0.041666666666666664
0 0.7519606758801676 0.3358874016938901 0.027700831024930747 0.041666666666666664
0 0.8406435541523596 0.3431469298245616 0.027700831024930747 0.041666666666666664
0 0.5866606170598911 0.3867040986085906 0.027700831024930747 0.041666666666666664
0 0.7616132340594537 0.40757524198427125 0.027700831024930747 0.041666666666666664
0 0.8056530307524471 0.4102975650332731 0.027700831024930747 0.041666666666666664
0 0.7751255586669414 0.4048529189352693 0.027700831024930747 0.041666666666666664
0 0.8644117218253389 0.33951716575922575 0.027700831024930747 0.041666666666666664
0 0.6864426803947493 0.3676478372655778 0.027700831024930747 0.041666666666666664
0 0.6665342791499715 0.34677669388989724 0.027700831024930747 0.041666666666666664
0 0.9036252394286891 0.3349799606775561 0.027700831024930747 0.041666666666666664
0 0.8951792510218138 0.3349799606775561 0.027700831024930747 0.041666666666666664
0 0.8794938439804737 0.33316507864488815 0.027700831024930747 0.041666666666666664
0 0.8342474775150694 0.32772043254688454 0.027700831024930747 0.041666666666666664
0 0.823991634449578 0.3540362220205688 0.027700831024930747 0.041666666666666664
0 0.8408836112633288 0.3857966575922566 0.027700831024930747 0.041666666666666664
0 0.7896043959358707 0.3903338626739263 0.027700831024930747 0.041666666666666664
0 0.7853814017324331 0.3966859497882639 0.027700831024930747 0.041666666666666664
0 0.6804098315326955 0.38851898064125845 0.027700831024930747 0.041666666666666664
0 0.758836866739396 0.3286278735632185 0.027700831024930747 0.041666666666666664
0 0.8674281462563659 0.3313501966122203 0.027700831024930747 0.041666666666666664
0 0.9247402104458777 0.3313501966122203 0.027700831024930747 0.041666666666666664
0 0.7399842140454775 0.4220942982456142 0.027700831024930747 0.041666666666666664
0 0.6693998823594471 0.3907875831820933 0.027700831024930747 0.041666666666666664
0 0.8708970343520468 0.38443549606775573 0.027700831024930747 0.041666666666666664
0 0.8612444761727607 0.37037016031457964 0.027700831024930747 0.041666666666666664
0 0.8383196504969559 0.4434191621294617 0.027700831024930747 0.041666666666666664
0 0.845980740130008 0.4048529189352693 0.027700831024930747 0.041666666666666664
0 0.9575884440780048 0.33407251966122214 0.027700831024930747 0.041666666666666664
0 0.9829264092986311 0.33588740169389003 0.027700831024930747 0.041666666666666664
0 0.9811165546400149 0.37672224742891725 0.027700831024930747 0.041666666666666664
0 0.9762902755503718 0.39305618572292816 0.027700831024930747 0.041666666666666664
0 0.8616661471713479 0.4220942982456142 0.027700831024930747 0.041666666666666664
0 0.8559349407523968 0.3603883091349064 0.027700831024930747 0.041666666666666664
0 0.888210682164385 0.3912413036902603 0.027700831024930747 0.041666666666666664
0 0.9044993740919306 0.43525219298245627 0.027700831024930747 0.041666666666666664
0 0.7744914811146694 0.5087549153055053 0.027700831024930747 0.041666666666666664
0 0.8483938796748295 0.3277204325468846 0.027700831024930747 0.041666666666666664
0 0.9551753045331832 0.38942642165759245 0.027700831024930747 0.041666666666666664
0 0.9660344324848802 0.379898290986086 0.027700831024930747 0.041666666666666664
0 0.9584933714073127 0.36583295523291 0.027700831024930747 0.041666666666666664
0 0.6699139313562348 0.3322576376285544 0.027700831024930747 0.041666666666666664
0 0.6771533499906994 0.32772043254688465 0.027700831024930747 0.041666666666666664
0 0.6934420419182449 0.32953531457955254 0.027700831024930747 0.041666666666666664
0 0.5202992795772985 0.38307433454325496 0.027700831024930747 0.041666666666666664
0 0.5142664307152447 0.3794445704779192 0.027700831024930747 0.041666666666666664
0 0.7910233722619664 0.34586925287356346 0.027700831024930747 0.041666666666666664
0 0.8184728345843115 0.34087832728372675 0.027700831024930747 0.041666666666666664
0 0.8519551457687106 0.3318039171203874 0.027700831024930747 0.041666666666666664
0 0.8727684743427966 0.33543368118572314 0.027700831024930747 0.041666666666666664
0 0.8284270352067005 0.38125945251058707 0.027700831024930747 0.041666666666666664
0 0.706563488193212 0.3349799606775562 0.027700831024930747 0.041666666666666664
0 0.7144061917138821 0.3485915759225653 0.027700831024930747 0.041666666666666664
0 0.7189308283604225 0.33679484271022403 0.027700831024930747 0.041666666666666664
0 0.648346496674392 0.35766598608590466 0.027700831024930747 0.041666666666666664
0 0.41698674281462567 0.368101557773745 0.027700831024930747 0.041666666666666664
0 0.402809547988799 0.34677669388989746 0.027700831024930747 0.041666666666666664
0 0.3982849113422586 0.38398177555958896 0.027700831024930747 0.041666666666666664
0 0.36419931527165417 0.38398177555958896 0.027700831024930747 0.041666666666666664
0 0.3569598966371895 0.40122315486993376 0.027700831024930747 0.041666666666666664
0 0.3503237628889302 0.40848268300060525 0.027700831024930747 0.041666666666666664
0 0.3403695622665413 0.4148347701149428 0.027700831024930747 0.041666666666666664
0 0.3388613500510278 0.42617778281911706 0.027700831024930747 0.041666666666666664
0 0.3391629924941305 0.45839193889897184 0.027700831024930747 0.041666666666666664
0 0.3204611610217635 0.4443266031457958 0.027700831024930747 0.041666666666666664
0 0.4408164958197385 0.41801081367211157 0.027700831024930747 0.041666666666666664
0 0.25048011422193844 0.36084202964307355 0.027700831024930747 0.041666666666666664
0 0.2480669746771169 0.4461414851784637 0.027700831024930747 0.041666666666666664
0 0.25621132064088964 0.46292914398064156 0.027700831024930747 0.041666666666666664
0 0.2915034864839049 0.3717313218390808 0.027700831024930747 0.041666666666666664
0 0.2734049398977432 0.43026126739261983 0.027700831024930747 0.041666666666666664
0 0.2646573090477651 0.4388819570477922 0.027700831024930747 0.041666666666666664
0 0.27853286143048905 0.4656514670296434 0.027700831024930747 0.041666666666666664
0 0.8558149121969122 0.4456877646702966 0.027700831024930747 0.041666666666666664
0 0.822332601012513 0.41075128554143997 0.027700831024930747 0.041666666666666664
0 0.09060961937751046 0.4878837719298248 0.027700831024930747 0.041666666666666664
0 0.1560660295307951 0.37490736539624947 0.027700831024930747 0.041666666666666664
0 0.29361498358562366 0.41075128554143997 0.027700831024930747 0.041666666666666664
0 0.25711624797019766 0.3798982909860861 0.027700831024930747 0.041666666666666664
0 0.24324069558747372 0.3980471113127649 0.027700831024930747 0.041666666666666664
0 0.9044993740919306 0.36129575015124027 0.027700831024930747 0.041666666666666664
0 0.9563818743055941 0.34405437084089546 0.027700831024930747 0.041666666666666664
0 0.43267214985596564 0.37309248336358153 0.027700831024930747 0.041666666666666664
0 0.4552953330886677 0.36583295523291 0.027700831024930747 0.041666666666666664
0 0.4148752457129066 0.395324788263763 0.027700831024930747 0.041666666666666664
0 0.3569598966371894 0.3526750604960679 0.027700831024930747 0.041666666666666664
0 0.3693272368043998 0.35131389897156695 0.027700831024930747 0.041666666666666664
0 0.4399115684904303 0.34087832728372663 0.027700831024930747 0.041666666666666664
0 0.14294458325582796 0.38307433454325496 0.027700831024930747 0.041666666666666664
0 0.13932487393859563 0.40122315486993365 0.027700831024930747 0.041666666666666664
0 0.6195396433580848 0.3594808681185725 0.027700831024930747 0.041666666666666664
0 0.6279856317649604 0.34314692982456163 0.027700831024930747 0.041666666666666664
0 0.618333073585674 0.37581480641258336 0.027700831024930747 0.041666666666666664
0 0.655736736530408 0.3358874016938901 0.027700831024930747 0.041666666666666664
0 0.6569433063028188 0.4393356775559591 0.027700831024930747 0.041666666666666664
