0 0.04170366048552797 0.881263664088479 0.02004008016032064 0.02902757619738752
0 0.09195289312802818 0.6565801197846814 0.02004008016032064 0.02902757619738752
0 0.1684191167144415 0.6898079678859473 0.02004008016032064 0.02902757619738752
0 0.2547167119048223 0.6280991071264537 0.02004008016032064 0.02902757619738752
0 0.23723871794221352 0.612276322316327 0.02004008016032064 0.02902757619738752
0 0.1269088810532457 0.890757334974555 0.02004008016032064 0.02902757619738752
0 0.1738809898277567 0.9034155628226561 0.02004008016032064 0.02902757619738752
0 0.2405158418102026 0.7894915121897448 0.02004008016032064 0.02902757619738752
0 0.7364539204992263 0.7594282210505043 0.02004008016032064 0.02902757619738752
0 0.6315859567235738 0.7847446767467068 0.02004008016032064 0.02902757619738752
0 0.5977223434210192 0.7182889805441752 0.02004008016032064 0.02902757619738752
0 0.6588953222901499 0.6375927780125296 0.02004008016032064 0.02902757619738752
0 0.7583014129524872 0.5980358159872131 0.02004008016032064 0.02902757619738752
0 0.8347676365389006 0.5917067020631626 0.02004008016032064 0.02902757619738752
0 0.8161972679536287 0.6597446767467068 0.02004008016032064 0.02902757619738752
0 0.8566151289921615 0.7404408792783524 0.02004008016032064 0.02902757619738752
0 0.8380447604068897 0.8037320185188587 0.02004008016032064 0.02902757619738752
0 0.7910726516323787 0.8148079678859472 0.02004008016032064 0.02902757619738752
0 0.868631249841455 0.9445548033289853 0.02004008016032064 0.02902757619738752
0 0.9308966033332488 0.9714535375062004 0.02004008016032064 0.02902757619738752
0 0.9123262347479769 0.867023157759365 0.02004008016032064 0.02902757619738752
0 0.936358476446564 0.8037320185188587 0.02004008016032064 0.02902757619738752
0 0.9647602166358034 0.7230358159872131 0.02004008016032064 0.02902757619738752
0 0.9483745972958576 0.6597446767467068 0.02004008016032064 0.02902757619738752
0 0.9243423555972705 0.5980358159872131 0.02004008016032064 0.02902757619738752
0 0.6206622104969431 0.5648079678859473 0.02004008016032064 0.02902757619738752
0 0.687297062479389 0.506263664088479 0.02004008016032064 0.02902757619738752
0 0.6905741863473783 0.46195986662012456 0.02004008016032064 0.02902757619738752
0 0.6501563253088455 0.4730358159872131 0.02004008016032064 0.02902757619738752
0 0.6141079627609649 0.43347885396189667 0.02004008016032064 0.02902757619738752
0 0.5988147180436824 0.48727632231632706 0.02004008016032064 0.02902757619738752
0 0.5747824763450953 0.5046813856074663 0.02004008016032064 0.02902757619738752
0 0.5387341137972146 0.4540484742150613 0.02004008016032064 0.02902757619738752
0 0.5420112376652039 0.42082062611379545 0.02004008016032064 0.02902757619738752
0 0.5081476243626494 0.4587953096580992 0.02004008016032064 0.02902757619738752
0 0.47865350955074704 0.4904408792783524 0.02004008016032064 0.02902757619738752
0 0.47865350955074704 0.42082062611379545 0.02004008016032064 0.02902757619738752
0 0.47646876030542096 0.3591117653543018 0.02004008016032064 0.02902757619738752
0 0.46772976332411653 0.30056746155683334 0.02004008016032064 0.02902757619738752
0 0.5310874914385733 0.3337953096580992 0.02004008016032064 0.02902757619738752
0 0.5496578600238452 0.3543649299112638 0.02004008016032064 0.02902757619738752
0 0.615200337383628 0.25309910712645367 0.02004008016032064 0.02902757619738752
0 0.6283088328555846 0.28316239826569417 0.02004008016032064 0.02902757619738752
0 0.6414173283275412 0.2230358159872132 0.02004008016032064 0.02902757619738752
0 0.6752809416300957 0.22145353750620045 0.02004008016032064 0.02902757619738752
0 0.6938513102153674 0.21037758813911187 0.02004008016032064 0.02902757619738752
0 0.7386386697445523 0.21987125902518787 0.02004008016032064 0.02902757619738752
0 0.7135140534233023 0.2641750564935422 0.02004008016032064 0.02902757619738752
0 0.7397310443672155 0.25942822105050434 0.02004008016032064 0.02902757619738752
0 0.7604861621978134 0.311643410923922 0.02004008016032064 0.02902757619738752
0 0.6971284340833565 0.33063075269607395 0.02004008016032064 0.02902757619738752
0 0.6785580654980847 0.30056746155683334 0.02004008016032064 0.02902757619738752
0 0.6414173283275412 0.37493455016442834 0.02004008016032064 0.02902757619738752
0 0.6490639506861825 0.3638586007973398 0.02004008016032064 0.02902757619738752
0 0.30715069379264853 0.11385860079733973 0.02004008016032064 0.02902757619738752
0 0.4218500291722686 0.12018771472139039 0.02004008016032064 0.02902757619738752
0 0.4950391288906927 0.10436492991126371 0.02004008016032064 0.02902757619738752
0 0.5157942467212907 0.06955480332898537 0.02004008016032064 0.02902757619738752
0 0.4950391288906927 0.06480796788594727 0.02004008016032064 0.02902757619738752
0 0.5988147180436824 0.11385860079733973 0.02004008016032064 0.02902757619738752
0 0.3694160472844422 0.23094720839227648 0.02004008016032064 0.02902757619738752
0 0.342106681717866 0.21987125902518787 0.02004008016032064 0.02902757619738752
0 0.3235363131325943 0.24202315775936506 0.02004008016032064 0.02902757619738752
0 0.3027811953019963 0.21987125902518787 0.02004008016032064 0.02902757619738752
0 0.2678252073767788 0.23252948687328906 0.02004008016032064 0.02902757619738752
0 0.25908621039547447 0.2641750564935422 0.02004008016032064 0.02902757619738752
0 0.295134572943355 0.28158011978468156 0.02004008016032064 0.02902757619738752
0 0.24597771492351783 0.2894915121897448 0.02004008016032064 0.02902757619738752
0 0.21866834935694165 0.256263664088479 0.02004008016032064 0.02902757619738752
0 0.22303784784759387 0.22145353750620045 0.02004008016032064 0.02902757619738752
0 0.19135898379036548 0.20879530965809912 0.02004008016032064 0.02902757619738752
0 0.1826199868090611 0.23094720839227648 0.02004008016032064 0.02902757619738752
0 0.1498487481291697 0.20563075269607395 0.02004008016032064 0.02902757619738752
0 0.1367402526572131 0.20246619573404862 0.02004008016032064 0.02902757619738752
0 0.1290936302985718 0.13759277801252964 0.02004008016032064 0.02902757619738752
0 0.10833851246797387 0.1470864488986055 0.02004008016032064 0.02902757619738752
0 0.10833851246797387 0.1265168286454411 0.02004008016032064 0.02902757619738752
0 0.1181698840719413 0.10436492991126371 0.02004008016032064 0.02902757619738752
0 0.1290936302985718 0.04898518307582076 0.02004008016032064 0.02902757619738752
0 0.157495370487811 0.061643410923921935 0.02004008016032064 0.02902757619738752
0 0.1389250019025392 0.3021497400378461 0.02004008016032064 0.02902757619738752
0 0.17497336445041978 0.31955480332898534 0.02004008016032064 0.02902757619738752
0 0.15968011973313712 0.28632695522771945 0.02004008016032064 0.02902757619738752
0 0.1476639988838436 0.24676999320240298 0.02004008016032064 0.02902757619738752
0 0.09741476624134339 0.23252948687328906 0.02004008016032064 0.02902757619738752
0 0.08102914690139769 0.2341117653543018 0.02004008016032064 0.02902757619738752
0 0.08102914690139769 0.256263664088479 0.02004008016032064 0.02902757619738752
0 0.10287663935465866 0.20563075269607395 0.02004008016032064 0.02902757619738752
0 0.07119777529743027 0.11702315775936506 0.02004008016032064 0.02902757619738752
0 0.06136640369346283 0.07271936029101055 0.02004008016032064 0.02902757619738752
0 0.0515350320894954 0.07746619573404862 0.02004008016032064 0.02902757619738752
0 0.08212152152406074 0.08695986662012445 0.02004008016032064 0.02902757619738752
0 0.8566151289921615 0.3654408792783524 0.02004008016032064 0.02902757619738752
0 0.845691382765531 0.38759277801252956 0.02004008016032064 0.02902757619738752
0 0.8336752619162375 0.3591117653543018 0.02004008016032064 0.02902757619738752
0 0.8314905126709116 0.376516828645441 0.02004008016032064 0.02902757619738752
0 0.9014024885213465 0.2784155628226562 0.02004008016032064 0.02902757619738752
0 0.8861092438040639 0.2451877147213904 0.02004008016032064 0.02902757619738752
0 0.38143216813373576 0.7262003729492384 0.02004008016032064 0.02902757619738752
0 0.4371432738895512 0.7530991071264537 0.02004008016032064 0.02902757619738752
0 0.44588227087085563 0.7008839172530359 0.02004008016032064 0.02902757619738752
0 0.4983162527586819 0.6502510058606309 0.02004008016032064 0.02902757619738752
0 0.5496578600238452 0.6249345501644284 0.02004008016032064 0.02902757619738752
0 0.523440869079932 0.5869598666201246 0.02004008016032064 0.02902757619738752
0 0.4655450140787904 0.556896575480884 0.02004008016032064 0.02902757619738752
0 0.4294966515309099 0.49835227168341567 0.02004008016032064 0.02902757619738752
0 0.38252454275639886 0.5157573349745549 0.02004008016032064 0.02902757619738752
0 0.47756113492808394 0.8195548033289853 0.02004008016032064 0.02902757619738752
0 0.3967254128510185 0.8243016387720232 0.02004008016032064 0.02902757619738752
0 0.3759702950204205 0.867023157759365 0.02004008016032064 0.02902757619738752
0 0.4043720352096598 0.890757334974555 0.02004008016032064 0.02902757619738752
0 0.2984116968113442 0.9081623982656942 0.02004008016032064 0.02902757619738752
0 0.2896726998300398 0.8037320185188587 0.02004008016032064 0.02902757619738752
0 0.28202607747139846 0.4682889805441752 0.02004008016032064 0.02902757619738752
0 0.3082430684153116 0.501516828645441 0.02004008016032064 0.02902757619738752
0 0.28748795058471366 0.4144915121897448 0.02004008016032064 0.02902757619738752
0 0.24379296567819173 0.39233961345556756 0.02004008016032064 0.02902757619738752
0 0.1389250019025392 0.431896575480884 0.02004008016032064 0.02902757619738752
0 0.07665964841074548 0.4477193602910106 0.02004008016032064 0.02902757619738752
0 0.07884439765607158 0.40341556282265617 0.02004008016032064 0.02902757619738752
0 0.0864910200147129 0.30373201851885867 0.02004008016032064 0.02902757619738752
0 0.11161563633596304 0.28632695522771945 0.02004008016032064 0.02902757619738752
0 0.42075765454960545 0.23094720839227648 0.02004008016032064 0.02902757619738752
0 0.4032796605869967 0.21670670206316253 0.02004008016032064 0.02902757619738752
0 0.3606770503031379 0.10278265143025113 0.02004008016032064 0.02902757619738752
0 0.37269317115243145 0.10278265143025113 0.02004008016032064 0.02902757619738752
0 0.3268134370005834 0.0996180944682258 0.02004008016032064 0.02902757619738752
0 0.32025918926460517 0.06006113244290935 0.02004008016032064 0.02902757619738752
0 0.30605831916998555 0.06480796788594727 0.02004008016032064 0.02902757619738752
0 0.29185744907536587 0.08695986662012445 0.02004008016032064 0.02902757619738752
0 0.29185744907536587 0.07588391725303587 0.02004008016032064 0.02902757619738752
0 0.27874895360340934 0.04423834763278268 0.02004008016032064 0.02902757619738752
0 0.2525319626594962 0.039491512189744754 0.02004008016032064 0.02902757619738752
0 0.22631497171558299 0.03316239826569409 0.02004008016032064 0.02902757619738752
0 0.17497336445041978 0.028415562822656164 0.02004008016032064 0.02902757619738752
0 0.1520334973744958 0.12018771472139039 0.02004008016032064 0.02902757619738752
0 0.1389250019025392 0.11069404383531439 0.02004008016032064 0.02902757619738752
0 0.10287663935465866 0.06639024636696002 0.02004008016032064 0.02902757619738752
0 0.11052326171329999 0.061643410923921935 0.02004008016032064 0.02902757619738752
0 0.7703175338017807 0.5315801197846814 0.02004008016032064 0.02902757619738752
0 0.7812412800284112 0.4651244235821499 0.02004008016032064 0.02902757619738752
0 0.8260286395575962 0.4793649299112638 0.02004008016032064 0.02902757619738752
0 0.8839244945587377 0.4793649299112638 0.02004008016032064 0.02902757619738752
0 0.891571116917379 0.5537320185188587 0.02004008016032064 0.02902757619738752
0 0.8271210141802593 0.5648079678859473 0.02004008016032064 0.02902757619738752
0 0.8129201440856395 0.5600611324429093 0.02004008016032064 0.02902757619738752
0 0.9287118540879227 0.4445548033289853 0.02004008016032064 0.02902757619738752
0 0.9221576063519443 0.3860104995315169 0.02004008016032064 0.02902757619738752
0 0.9942543314477055 0.321137081809998 0.02004008016032064 0.02902757619738752
0 0.9472822226731945 0.2641750564935422 0.02004008016032064 0.02902757619738752
0 0.9166957332386292 0.24360543624037764 0.02004008016032064 0.02902757619738752
0 0.8609846274828137 0.20879530965809912 0.02004008016032064 0.02902757619738752
0 0.8402295096522158 0.25309910712645367 0.02004008016032064 0.02902757619738752
0 0.8063658963496614 0.20088391725303587 0.02004008016032064 0.02902757619738752
0 0.8074582709723245 0.23252948687328906 0.02004008016032064 0.02902757619738752
0 0.7921650262550418 0.2341117653543018 0.02004008016032064 0.02902757619738752
0 0.7823336546510743 0.21512442358214978 0.02004008016032064 0.02902757619738752
0 0.7670404099337916 0.21987125902518787 0.02004008016032064 0.02902757619738752
0 0.7670404099337916 0.2610104995315169 0.02004008016032064 0.02902757619738752
0 0.5889833464397148 0.2341117653543018 0.02004008016032064 0.02902757619738752
0 0.5682282286091169 0.24360543624037764 0.02004008016032064 0.02902757619738752
0 0.5605816062504756 0.2246180944682258 0.02004008016032064 0.02902757619738752
0 0.5387341137972146 0.23252948687328906 0.02004008016032064 0.02902757619738752
0 0.5420112376652039 0.256263664088479 0.02004008016032064 0.02902757619738752
0 0.5223484944572689 0.2641750564935422 0.02004008016032064 0.02902757619738752
0 0.5081476243626494 0.2135421451011372 0.02004008016032064 0.02902757619738752
0 0.47865350955074704 0.20879530965809912 0.02004008016032064 0.02902757619738752
0 0.4655450140787904 0.21195986662012462 0.02004008016032064 0.02902757619738752
0 0.4666373887014535 0.23252948687328906 0.02004008016032064 0.02902757619738752
0 0.44588227087085563 0.2230358159872132 0.02004008016032064 0.02902757619738752
0 0.4426051470028664 0.2689218919365802 0.02004008016032064 0.02902757619738752
0 0.3978177874736815 0.3986687273796182 0.02004008016032064 0.02902757619738752
0 0.3617694249258009 0.3654408792783524 0.02004008016032064 0.02902757619738752
0 0.35084567869917044 0.3337953096580992 0.02004008016032064 0.02902757619738752
0 0.31479731615128986 0.34170670206316256 0.02004008016032064 0.02902757619738752
0 0.5463807361558559 0.1091117653543018 0.02004008016032064 0.02902757619738752
0 0.5780596002130843 0.09170670206316255 0.02004008016032064 0.02902757619738752
0 0.570412977854443 0.13126366408847898 0.02004008016032064 0.02902757619738752
0 0.5791519748357474 0.10278265143025113 0.02004008016032064 0.02902757619738752
0 0.6141079627609649 0.0885421451011372 0.02004008016032064 0.02902757619738752
0 0.6261240836102585 0.10436492991126371 0.02004008016032064 0.02902757619738752
0 0.6294012074782476 0.11385860079733973 0.02004008016032064 0.02902757619738752
0 0.7910726516323787 0.12493455016442831 0.02004008016032064 0.02902757619738752
0 0.8183820171989549 0.12176999320240298 0.02004008016032064 0.02902757619738752
0 0.8074582709723245 0.0885421451011372 0.02004008016032064 0.02902757619738752
0 0.8937558661627052 0.0996180944682258 0.02004008016032064 0.02902757619738752
0 0.9352661018239009 0.11544087927835231 0.02004008016032064 0.02902757619738752
0 0.9188804824839552 0.12493455016442831 0.02004008016032064 0.02902757619738752
0 0.9057719870119988 0.12176999320240298 0.02004008016032064 0.02902757619738752
0 0.9035872377666725 0.1423396134555676 0.02004008016032064 0.02902757619738752
0 0.9210652317292813 0.13759277801252964 0.02004008016032064 0.02902757619738752
0 0.936358476446564 0.13759277801252964 0.02004008016032064 0.02902757619738752
0 0.9680373405037924 0.15025100586063084 0.02004008016032064 0.02902757619738752
0 0.9407279749372163 0.15974467674670684 0.02004008016032064 0.02902757619738752
0 0.9134186093706401 0.15341556282265617 0.02004008016032064 0.02902757619738752
0 0.9188804824839552 0.17082062611379545 0.02004008016032064 0.02902757619738752
0 0.9603907181451511 0.16765606915177012 0.02004008016032064 0.02902757619738752
0 0.957113594277162 0.19771936029101053 0.02004008016032064 0.02902757619738752
0 0.9385432256918901 0.19771936029101053 0.02004008016032064 0.02902757619738752
0 0.9680373405037924 0.22145353750620045 0.02004008016032064 0.02902757619738752
0 0.985515334466401 0.22145353750620045 0.02004008016032064 0.02902757619738752
0 0.9877000837117274 0.20879530965809912 0.02004008016032064 0.02902757619738752
0 0.9811458359757489 0.19139024636696003 0.02004008016032064 0.02902757619738752
0 0.9844229598437382 0.4904408792783524 0.02004008016032064 0.02902757619738752
0 0.9756839628624338 0.5268332843416434 0.02004008016032064 0.02902757619738752
0 0.27328708049009404 0.11544087927835231 0.02004008016032064 0.02902757619738752
0 0.2809337028487355 0.13126366408847898 0.02004008016032064 0.02902757619738752
0 0.25580908652748524 0.2135421451011372 0.02004008016032064 0.02902757619738752
0 0.224130222470257 0.33695986662012456 0.02004008016032064 0.02902757619738752
0 0.3792474188884096 0.21195986662012462 0.02004008016032064 0.02902757619738752
0 0.7528395398391721 0.7309472083922764 0.02004008016032064 0.02902757619738752
0 0.21178971329271928 0.20119068159706763 0.02004008016032064 0.02902757619738752
0 0.10189960340260938 0.5774182276359343 0.02004008016032064 0.02902757619738752
0 0.47352797503098104 0.3950925707094066 0.02004008016032064 0.02902757619738752
0 0.44955195105495704 0.2431545232706335 0.02004008016032064 0.02902757619738752
0 0.42557592707893305 0.20408473964352045 0.02004008016032064 0.02902757619738752
0 0.4006009021039081 0.1982966235506148 0.02004008016032064 0.02902757619738752
0 0.2737277752307813 0.21131988475965238 0.02004008016032064 0.02902757619738752
0 0.23576573726874325 0.19684959452738832 0.02004008016032064 0.02902757619738752
0 0.23576573726874325 0.23013126206159576 0.02004008016032064 0.02902757619738752
0 0.24275874426175023 0.220002058899011 0.02004008016032064 0.02902757619738752
0 0.2717297732327792 0.03044125685635116 0.02004008016032064 0.02902757619738752
0 0.32068082218382815 0.039123430995709606 0.02004008016032064 0.02902757619738752
0 0.5474540489570549 0.21710800085255802 0.02004008016032064 0.02902757619738752
0 0.5334680349710409 0.21710800085255802 0.02004008016032064 0.02902757619738752
0 0.6243771258801318 0.18961444941125621 0.02004008016032064 0.02902757619738752
0 0.6253761268791328 0.21131988475965238 0.02004008016032064 0.02902757619738752
0 0.627374128877135 0.24026046522418068 0.02004008016032064 0.02902757619738752
0 0.6293721308751369 0.23013126206159576 0.02004008016032064 0.02902757619738752
0 0.6763251778281838 0.2663069876422561 0.02004008016032064 0.02902757619738752
0 0.7182832197862258 0.22723720401514294 0.02004008016032064 0.02902757619738752
0 0.7342672357702418 0.20553176866674677 0.02004008016032064 0.02902757619738752
0 0.7942072957103018 0.29814162615323714 0.02004008016032064 0.02902757619738752
0 0.7102912117942177 0.4240331511739348 0.02004008016032064 0.02902757619738752
0 0.7382632397662457 0.40811583191844436 0.02004008016032064 0.02902757619738752
0 0.7712302727332787 0.5571598213107646 0.02004008016032064 0.02902757619738752
0 0.6743271758301818 0.9232581641870465 0.02004008016032064 0.02902757619738752
0 0.576425077928084 0.956539831721254 0.02004008016032064 0.02902757619738752
0 0.9490524505554565 0.6222761273559531 0.02004008016032064 0.02902757619738752
0 0.8681333696363756 0.30682380029259554 0.02004008016032064 0.02902757619738752
0 0.9880134895164956 0.25907184252612403 0.02004008016032064 0.02902757619738752
0 0.9320694335724395 0.22868423303836943 0.02004008016032064 0.02902757619738752
0 0.8991024006054066 0.23013126206159576 0.02004008016032064 0.02902757619738752
0 0.8771243786273845 0.22434314596869012 0.02004008016032064 0.02902757619738752
0 0.8241773256803318 0.22289611694546363 0.02004008016032064 0.02902757619738752
0 0.8081933096963156 0.2185550298757845 0.02004008016032064 0.02902757619738752
0 0.7952062967093028 0.10568676606412447 0.02004008016032064 0.02902757619738752
0 0.8002013017043076 0.1143689402034829 0.02004008016032064 0.02902757619738752
0 0.7562452577482637 0.22868423303836943 0.02004008016032064 0.02902757619738752
0 0.9700314715344776 0.41824503508102917 0.02004008016032064 0.02902757619738752
0 0.9960054975085035 0.39653959973263303 0.02004008016032064 0.02902757619738752
0 0.3596418611448672 0.046358576111841555 0.02004008016032064 0.02902757619738752
0 0.30969181119481715 0.0868753887621811 0.02004008016032064 0.02902757619738752
0 0.11288861439162039 0.23157829108482225 0.02004008016032064 0.02902757619738752
0 0.11788361938662537 0.2156609718293317 0.02004008016032064 0.02902757619738752
0 0.31268881419182015 0.19974365257384114 0.02004008016032064 0.02902757619738752
