0 0.029982443820224726 0.12812334946280635 0.01953125 0.029197080291970802
0 0.061583567415730345 0.11132682686787483 0.01953125 0.029197080291970802
0 0.06895716292134833 0.10345345690150068 0.01953125 0.029197080291970802
0 0.05245435393258428 0.06986041171163763 0.01953125 0.029197080291970802
0 0.030684691011235957 0.06303682440744672 0.01953125 0.029197080291970802
0 0.04543188202247191 0.09925432625276782 0.01953125 0.029197080291970802
0 0.06123244382022473 0.04781497580579003 0.01953125 0.029197080291970802
0 0.04999648876404495 0.059887476420897055 0.01953125 0.029197080291970802
0 0.04543188202247191 0.05411367177888933 0.01953125 0.029197080291970802
0 0.03981390449438202 0.06933552038054604 0.01953125 0.029197080291970802
0 0.08440660112359552 0.03731714918395779 0.01953125 0.029197080291970802
0 0.07422401685393258 0.04676519314360682 0.01953125 0.029197080291970802
0 0.10266502808988764 0.05831280242762224 0.01953125 0.029197080291970802
0 0.10582514044943821 0.047290084474698416 0.01953125 0.029197080291970802
0 0.09634480337078653 0.04046649717050748 0.01953125 0.029197080291970802
0 0.12443469101123597 0.0929556302796685 0.01953125 0.029197080291970802
0 0.10547401685393261 0.08928139096202722 0.01953125 0.029197080291970802
0 0.08265098314606743 0.1344220454359057 0.01953125 0.029197080291970802
0 0.0840554775280899 0.047290084474698416 0.01953125 0.029197080291970802
0 0.12338132022471911 0.06513638973181315 0.01953125 0.029197080291970802
0 0.1423419943820225 0.06146215041417188 0.01953125 0.029197080291970802
0 0.13391502808988764 0.09505519560403491 0.01953125 0.029197080291970802
0 0.0973981741573034 0.11815041417206576 0.01953125 0.029197080291970802
0 0.024715589887640454 0.16644041663249387 0.01953125 0.029197080291970802
0 0.016639747191011234 0.16644041663249387 0.01953125 0.029197080291970802
0 0.02436446629213484 0.18901074386943317 0.01953125 0.029197080291970802
0 0.04824087078651686 0.18061248257196738 0.01953125 0.029197080291970802
0 0.06544592696629213 0.17378889526777644 0.01953125 0.029197080291970802
0 0.07738412921348316 0.1816622652341506 0.01953125 0.029197080291970802
0 0.08545997191011238 0.1554176986795701 0.01953125 0.029197080291970802
0 0.06965941011235956 0.14754432871319592 0.01953125 0.029197080291970802
0 0.03454705056179775 0.21000639711309754 0.01953125 0.029197080291970802
0 0.03946278089887641 0.18953563520052474 0.01953125 0.029197080291970802
0 0.014533005617977521 0.21997933240383813 0.01953125 0.029197080291970802
0 0.026822331460674167 0.2451741162962354 0.01953125 0.029197080291970802
0 0.06017907303370786 0.2126308537685556 0.01953125 0.029197080291970802
0 0.05701896067415731 0.25567194291806755 0.01953125 0.029197080291970802
0 0.04016502808988763 0.2514728122693347 0.01953125 0.029197080291970802
0 0.02155547752808989 0.2714186828508159 0.01953125 0.029197080291970802
0 0.07633075842696631 0.26302042155335015 0.01953125 0.029197080291970802
0 0.08897120786516854 0.2420247683096857 0.01953125 0.029197080291970802
0 0.09072682584269665 0.22522824571475422 0.01953125 0.029197080291970802
0 0.09318469101123597 0.20528237513327302 0.01953125 0.029197080291970802
0 0.11214536516853933 0.1879609612072499 0.01953125 0.029197080291970802
0 0.10582514044943821 0.21735487574838008 0.01953125 0.029197080291970802
0 0.11811446629213485 0.24359944230296057 0.01953125 0.029197080291970802
0 0.12338132022471911 0.214730419092922 0.01953125 0.029197080291970802
0 0.13602176966292137 0.1879609612072499 0.01953125 0.029197080291970802
0 0.1131987359550562 0.1575172640039365 0.01953125 0.029197080291970802
0 0.10090941011235956 0.1659155253014023 0.01953125 0.029197080291970802
0 0.05034761235955057 0.15646748134175328 0.01953125 0.029197080291970802
0 0.037356039325842694 0.15646748134175328 0.01953125 0.029197080291970802
0 0.005403792134831457 0.1554176986795701 0.01953125 0.029197080291970802
0 0.10266502808988764 0.1464945460510127 0.01953125 0.029197080291970802
0 0.10512289325842698 0.1338971541048141 0.01953125 0.029197080291970802
0 0.12127457865168541 0.14439498072664628 0.01953125 0.029197080291970802
0 0.12935042134831462 0.13337226277372244 0.01953125 0.029197080291970802
0 0.13145716292134832 0.11815041417206576 0.01953125 0.029197080291970802
0 0.13883075842696632 0.15016878536865397 0.01953125 0.029197080291970802
0 0.13847963483146072 0.13547182809808891 0.01953125 0.029197080291970802
0 0.15849367977528092 0.12287443615189025 0.01953125 0.029197080291970802
0 0.15322682584269667 0.14806922004428755 0.01953125 0.029197080291970802
0 0.15954705056179774 0.1365216107602721 0.01953125 0.029197080291970802
0 0.17429424157303378 0.12602378413843993 0.01953125 0.029197080291970802
0 0.18166783707865175 0.10870237021241681 0.01953125 0.029197080291970802
0 0.18482794943820227 0.14754432871319592 0.01953125 0.029197080291970802
0 0.19290379213483153 0.13022291478717282 0.01953125 0.029197080291970802
0 0.18272120786516863 0.13284737144263084 0.01953125 0.029197080291970802
0 0.17534761235955063 0.15594259001066169 0.01953125 0.029197080291970802
0 0.18833918539325847 0.17221422127450162 0.01953125 0.029197080291970802
0 0.17078300561797757 0.17378889526777644 0.01953125 0.029197080291970802
0 0.16060042134831468 0.20160813581563175 0.01953125 0.029197080291970802
0 0.1637605337078652 0.23835052899204448 0.01953125 0.029197080291970802
0 0.13847963483146072 0.22732781103912067 0.01953125 0.029197080291970802
0 0.1444487359550562 0.25304748626260953 0.01953125 0.029197080291970802
0 0.17815660112359555 0.22575313704584585 0.01953125 0.029197080291970802
0 0.17956109550561802 0.2619706388911669 0.01953125 0.029197080291970802
0 0.2041397471910113 0.21105617977528074 0.01953125 0.029197080291970802
0 0.21081109550561802 0.17798802591650933 0.01953125 0.029197080291970802
0 0.22099367977528095 0.1953094398425324 0.01953125 0.029197080291970802
0 0.22380266853932587 0.1706395472812268 0.01953125 0.029197080291970802
0 0.19711727528089892 0.1144761748544245 0.01953125 0.029197080291970802
0 0.21607794943820227 0.12444911014516508 0.01953125 0.029197080291970802
0 0.22977176966292137 0.1144761748544245 0.01953125 0.029197080291970802
0 0.23890098314606742 0.13547182809808891 0.01953125 0.029197080291970802
0 0.2262605337078652 0.1370465020913637 0.01953125 0.029197080291970802
0 0.21607794943820227 0.10765258755023359 0.01953125 0.029197080291970802
0 0.24522120786516854 0.10712769621914196 0.01953125 0.029197080291970802
0 0.23363412921348317 0.2136806364307388 0.01953125 0.029197080291970802
0 0.19887289325842697 0.2582963995735256 0.01953125 0.029197080291970802
0 0.019097612359550563 0.023222504715820543 0.01953125 0.029197080291970802
0 0.029982443820224726 0.027946526695645027 0.01953125 0.029197080291970802
0 0.1261903089887641 0.046842614614943004 0.01953125 0.029197080291970802
0 0.1346172752808989 0.046842614614943004 0.01953125 0.029197080291970802
0 0.10863412921348317 0.02532207004018699 0.01953125 0.029197080291970802
0 0.10090941011235956 0.016923808742721237 0.01953125 0.029197080291970802
0 0.10090941011235956 0.010100221438530267 0.01953125 0.029197080291970802
0 0.09072682584269665 0.011674895431805141 0.01953125 0.029197080291970802
0 0.08721558988764049 0.022172722053637326 0.01953125 0.029197080291970802
0 0.07317064606741573 0.012199786762896748 0.01953125 0.029197080291970802
0 0.05596558988764046 0.021122939391454116 0.01953125 0.029197080291970802
0 0.05737008426966292 0.014299352087263174 0.01953125 0.029197080291970802
0 0.04929424157303372 0.034245222668744364 0.01953125 0.029197080291970802
0 0.06825491573033707 0.028996309357828265 0.01953125 0.029197080291970802
0 0.11530547752808992 0.037919461986385634 0.01953125 0.029197080291970802
0 0.12022120786516854 0.02847141802673666 0.01953125 0.029197080291970802
0 0.14374648876404494 0.03372033133765276 0.01953125 0.029197080291970802
0 0.1504178370786517 0.05471598458131715 0.01953125 0.029197080291970802
0 0.15849367977528092 0.06101468055441649 0.01953125 0.029197080291970802
0 0.15568469101123597 0.027946526695645027 0.01953125 0.029197080291970802
0 0.14128862359550565 0.02637185270237021 0.01953125 0.029197080291970802
0 0.17148525280898885 0.05629065857459198 0.01953125 0.029197080291970802
0 0.1739431179775281 0.036344787993110785 0.01953125 0.029197080291970802
0 0.16762289325842697 0.010625112769621902 0.01953125 0.029197080291970802
0 0.16762289325842697 0.024797178709095386 0.01953125 0.029197080291970802
0 0.17850772471910115 0.013249569425079962 0.01953125 0.029197080291970802
0 0.19536165730337085 0.052091527925859096 0.01953125 0.029197080291970802
0 0.1876369382022472 0.003801525465430935 0.01953125 0.029197080291970802
0 0.18869030898876407 0.0631142458787829 0.01953125 0.029197080291970802
0 0.20589536516853937 0.04526794062166818 0.01953125 0.029197080291970802
0 0.21045997191011243 0.06678848519642419 0.01953125 0.029197080291970802
0 0.20238412921348317 0.08463479045353892 0.01953125 0.029197080291970802
0 0.20659761235955063 0.09618239973755434 0.01953125 0.029197080291970802
0 0.1504178370786517 0.09355794308209629 0.01953125 0.029197080291970802
0 0.14901334269662925 0.10668022635938654 0.01953125 0.029197080291970802
0 0.11179424157303373 0.11927761830558517 0.01953125 0.029197080291970802
0 0.15533356741573037 0.09460772574427949 0.01953125 0.029197080291970802
0 0.22064255617977535 0.017973591404904447 0.01953125 0.029197080291970802
0 0.20905547752808995 0.016923808742721237 0.01953125 0.029197080291970802
0 0.19887289325842697 0.017973591404904447 0.01953125 0.029197080291970802
0 0.23293188202247198 0.054191093250225524 0.01953125 0.029197080291970802
0 0.22274929775280908 0.04841728860821782 0.01953125 0.029197080291970802
0 0.21923806179775288 0.07991076847371444 0.01953125 0.029197080291970802
0 0.21572682584269667 0.07413696383170673 0.01953125 0.029197080291970802
0 0.2431144662921349 0.06363913720987452 0.01953125 0.029197080291970802
0 0.18974367977528095 0.08620946444681377 0.01953125 0.029197080291970802
0 0.18904143258426975 0.026896744033461817 0.01953125 0.029197080291970802
0 0.1907970505617978 0.051041745263675886 0.01953125 0.029197080291970802
0 0.07773525280898876 0.034245222668744364 0.01953125 0.029197080291970802
0 0.03665379213483146 0.010625112769621902 0.01953125 0.029197080291970802
0 0.022959971910112356 0.00852554744525542 0.01953125 0.029197080291970802
0 0.027173455056179782 0.011674895431805141 0.01953125 0.029197080291970802
0 0.0032970505617977435 0.014299352087263174 0.01953125 0.029197080291970802
0 0.23679424157303378 0.024272287378003753 0.01953125 0.029197080291970802
0 0.24100772471910117 0.23685327647010584 0.01953125 0.029197080291970802
0 0.14866221910112365 0.12872566226523416 0.01953125 0.029197080291970802
0 0.07159058988764037 0.29672106946608706 0.01953125 0.029197080291970802
0 0.08984901685393253 0.2820241121955219 0.01953125 0.029197080291970802
0 0.04490519662921341 0.29882063479045345 0.01953125 0.029197080291970802
0 0.014006320224719036 0.30406954810136955 0.01953125 0.029197080291970802
0 0.008388342696629147 0.25997867628967436 0.01953125 0.029197080291970802
0 0.026646769662921278 0.3849028130894775 0.01953125 0.029197080291970802
0 0.21344452247191012 0.2694267202493233 0.01953125 0.029197080291970802
0 0.2239782303370787 0.2851734601820716 0.01953125 0.029197080291970802
0 0.22187148876404497 0.30406954810136955 0.01953125 0.029197080291970802
0 0.207124297752809 0.31666694004756823 0.01953125 0.029197080291970802
0 0.18605688202247192 0.3240154186828508 0.01953125 0.029197080291970802
0 0.13409058988764044 0.28412367751988843 0.01953125 0.029197080291970802
0 0.14602879213483147 0.3124678093988353 0.01953125 0.029197080291970802
0 0.13128160112359546 0.34291150660214864 0.01953125 0.029197080291970802
0 0.15234901685393254 0.3387123759534159 0.01953125 0.029197080291970802
0 0.26400632022471915 0.30616911342573605 0.01953125 0.029197080291970802
0 0.27243328651685406 0.2652275896005904 0.01953125 0.029197080291970802
0 0.25698384831460674 0.23583367505946026 0.01953125 0.029197080291970802
0 0.257686095505618 0.20748954318051333 0.01953125 0.029197080291970802
0 0.2661130617977528 0.17704584597719994 0.01953125 0.029197080291970802
0 0.2794557584269663 0.17074715000410062 0.01953125 0.029197080291970802
0 0.25277036516853935 0.13715410481423757 0.01953125 0.029197080291970802
0 0.25066362359550565 0.1654982366931845 0.01953125 0.029197080291970802
0 0.28015800561797755 0.12665627819240535 0.01953125 0.029197080291970802
0 0.29420294943820224 0.1434528007873369 0.01953125 0.029197080291970802
0 0.2759445224719101 0.20224062986959723 0.01953125 0.029197080291970802
0 0.2850737359550562 0.23163454441072737 0.01953125 0.029197080291970802
0 0.23380969101123594 0.3828032477651111 0.01953125 0.029197080291970802
0 0.20501755617977527 0.3607578118592635 0.01953125 0.029197080291970802
0 0.17692766853932587 0.3933010743869434 0.01953125 0.029197080291970802
0 0.14743328651685392 0.37020585581891247 0.01953125 0.029197080291970802
0 0.1347928370786517 0.41009759698187487 0.01953125 0.029197080291970802
0 0.10880969101123592 0.39645042237349304 0.01953125 0.029197080291970802
0 0.08774227528089883 0.4111473796440581 0.01953125 0.029197080291970802
0 0.129877106741573 0.4825326006725171 0.01953125 0.029197080291970802
0 0.011899578651685306 0.4930304272943493 0.01953125 0.029197080291970802
0 0.05403441011235949 0.5696645616337244 0.01953125 0.029197080291970802
0 0.07580407303370781 0.5591667350118922 0.01953125 0.029197080291970802
0 0.19939957865168542 0.4216452062658903 0.01953125 0.029197080291970802
0 0.2281917134831461 0.4289936849011728 0.01953125 0.029197080291970802
0 0.22257373595505617 0.4037989010087756 0.01953125 0.029197080291970802
0 0.27032654494382025 0.3975002050356762 0.01953125 0.029197080291970802
0 0.25698384831460674 0.3649569425079964 0.01953125 0.029197080291970802
0 0.24012991573033712 0.2946215041417206 0.01953125 0.029197080291970802
0 0.30895014044943825 0.3198162880341179 0.01953125 0.029197080291970802
0 0.31597261235955054 0.29252193881735417 0.01953125 0.029197080291970802
0 0.33001755617977535 0.3261149840072172 0.01953125 0.029197080291970802
0 0.35108497191011245 0.31666694004756823 0.01953125 0.029197080291970802
0 0.33423103932584275 0.2872730255064381 0.01953125 0.029197080291970802
0 0.32720856741573046 0.21798736980234554 0.01953125 0.029197080291970802
0 0.3131636235955057 0.21798736980234554 0.01953125 0.029197080291970802
0 0.3026299157303371 0.21483802181579587 0.01953125 0.029197080291970802
0 0.28788272471910115 0.263128024276224 0.01953125 0.029197080291970802
0 0.3005231741573034 0.27047650291150654 0.01953125 0.029197080291970802
0 0.2794557584269663 0.45838759944230295 0.01953125 0.029197080291970802
0 0.3033321629213483 0.41219716230624126 0.01953125 0.029197080291970802
0 0.3138658707865169 0.44788977282047077 0.01953125 0.029197080291970802
0 0.3103546348314607 0.4856819486590668 0.01953125 0.029197080291970802
0 0.3166748595505618 0.5381710817682277 0.01953125 0.029197080291970802
0 0.2583883426966292 0.5864610842286558 0.01953125 0.029197080291970802
0 0.3440625000000001 0.4079980316575085 0.01953125 0.029197080291970802
0 0.32018609550561805 0.3891019437382105 0.01953125 0.029197080291970802
0 0.32439957865168545 0.35760846387271383 0.01953125 0.029197080291970802
0 0.34195575842696635 0.368106290494546 0.01953125 0.029197080291970802
0 0.3637254213483147 0.3891019437382105 0.01953125 0.029197080291970802
0 0.37215238764044956 0.35655868121053064 0.01953125 0.029197080291970802
0 0.3749613764044945 0.31666694004756823 0.01953125 0.029197080291970802
0 0.3953265449438203 0.3187665053719346 0.01953125 0.029197080291970802
0 0.3531917134831461 0.2673271549249569 0.01953125 0.029197080291970802
0 0.33563553370786525 0.23478389239727707 0.01953125 0.029197080291970802
0 0.3602141853932585 0.20014106454523073 0.01953125 0.029197080291970802
0 0.37215238764044956 0.253679980316575 0.01953125 0.029197080291970802
0 0.3560007022471911 0.2389830230460099 0.01953125 0.029197080291970802
0 0.388304073033708 0.24633150168129245 0.01953125 0.029197080291970802
0 0.40024227528089895 0.35340933322398094 0.01953125 0.029197080291970802
0 0.3890063202247192 0.46258673009103585 0.01953125 0.029197080291970802
0 0.38338834269662936 0.49722955794308216 0.01953125 0.029197080291970802
0 0.41007373595505625 0.5245239071598458 0.01953125 0.029197080291970802
0 0.4402703651685394 0.48883129664561636 0.01953125 0.029197080291970802
0 0.45993328651685406 0.49722955794308216 0.01953125 0.029197080291970802
0 0.4922366573033709 0.5234741244976626 0.01953125 0.029197080291970802
0 0.46555126404494396 0.43634216353645533 0.01953125 0.029197080291970802
0 0.43886587078651695 0.4016993356844091 0.01953125 0.029197080291970802
0 0.42833216292134846 0.38595259575166074 0.01953125 0.029197080291970802
0 0.42903441011235965 0.3271647666694004 0.01953125 0.029197080291970802
0 0.44448384831460686 0.30196998277700315 0.01953125 0.029197080291970802
0 0.450804073033708 0.34606085458869845 0.01953125 0.029197080291970802
0 0.4704669943820226 0.3628573771836299 0.01953125 0.029197080291970802
0 0.4817029494382024 0.3145673747232018 0.01953125 0.029197080291970802
0 0.4711692415730338 0.30196998277700315 0.01953125 0.029197080291970802
0 0.41779845505617985 0.24318215369474283 0.01953125 0.029197080291970802
0 0.3981355337078653 0.18754367259903215 0.01953125 0.029197080291970802
0 0.38268609550561805 0.1759960633150167 0.01953125 0.029197080291970802
0 0.3911130617977529 0.15919954072008516 0.01953125 0.029197080291970802
0 0.38198384831460686 0.1959419338964979 0.01953125 0.029197080291970802
0 0.3700456460674158 0.16654801935536773 0.01953125 0.029197080291970802
0 0.3700456460674158 0.13190519150332147 0.01953125 0.029197080291970802
0 0.34757373595505625 0.1539506274091691 0.01953125 0.029197080291970802
0 0.3251018258426967 0.16339867136881808 0.01953125 0.029197080291970802
0 0.44518609550561805 0.24318215369474283 0.01953125 0.029197080291970802
0 0.46906250000000016 0.2484310670056589 0.01953125 0.029197080291970802
0 0.47748946629213496 0.2673271549249569 0.01953125 0.029197080291970802
0 0.47187148876404506 0.22533584843762808 0.01953125 0.029197080291970802
0 0.45923103932584286 0.2673271549249569 0.01953125 0.029197080291970802
0 0.4332478932584271 0.210638891167063 0.01953125 0.029197080291970802
0 0.45220856741573046 0.20748954318051333 0.01953125 0.029197080291970802
0 0.38619733146067425 0.21693758714016229 0.01953125 0.029197080291970802
0 0.4058602528089889 0.16234888870663486 0.01953125 0.029197080291970802
0 0.4058602528089889 0.139253670138604 0.01953125 0.029197080291970802
0 0.3890063202247192 0.1277060608545886 0.01953125 0.029197080291970802
0 0.33071980337078655 0.12245714754367239 0.01953125 0.029197080291970802
0 0.3440625000000001 0.12245714754367239 0.01953125 0.029197080291970802
0 0.3066678370786518 0.09828196506192079 0.01953125 0.029197080291970802
0 0.2919206460674158 0.11297892233248587 0.01953125 0.029197080291970802
0 0.26523525280898885 0.10458066103502012 0.01953125 0.029197080291970802
0 0.25154143258426975 0.11035446567702781 0.01953125 0.029197080291970802
0 0.34669592696629226 0.09933174772410398 0.01953125 0.029197080291970802
0 0.34985603932584286 0.08620946444681377 0.01953125 0.029197080291970802
0 0.31825491573033715 0.10195620437956204 0.01953125 0.029197080291970802
0 0.3586341292134833 0.1250514229475929 0.01953125 0.029197080291970802
0 0.3410779494382024 0.20640957926679246 0.01953125 0.029197080291970802
0 0.2547015449438203 0.05996489789223324 0.01953125 0.029197080291970802
0 0.2606706460674158 0.05471598458131715 0.01953125 0.029197080291970802
0 0.25189255617977535 0.026896744033461817 0.01953125 0.029197080291970802
0 0.25505266853932596 0.0736120725006151 0.01953125 0.029197080291970802
0 0.2775245786516855 0.08201033379808087 0.01953125 0.029197080291970802
0 0.2743644662921349 0.059440006561141644 0.01953125 0.029197080291970802
0 0.28068469101123605 0.05366620191913394 0.01953125 0.029197080291970802
0 0.2873560393258428 0.07466185516279832 0.01953125 0.029197080291970802
0 0.31755266853932596 0.06521381120314934 0.01953125 0.029197080291970802
0 0.31158356741573046 0.07413696383170673 0.01953125 0.029197080291970802
0 0.30175210674157316 0.07518674649388996 0.01953125 0.029197080291970802
0 0.2936762640449439 0.09355794308209629 0.01953125 0.029197080291970802
0 0.32984199438202255 0.08148544246698926 0.01953125 0.029197080291970802
0 0.3287886235955057 0.09198326908882147 0.01953125 0.029197080291970802
0 0.3379178370786518 0.07046272451406546 0.01953125 0.029197080291970802
0 0.34985603932584286 0.0631142458787829 0.01953125 0.029197080291970802
0 0.36951896067415746 0.07728631181825638 0.01953125 0.029197080291970802
0 0.37408356741573046 0.06941294185188225 0.01953125 0.029197080291970802
0 0.3586341292134833 0.04841728860821782 0.01953125 0.029197080291970802
0 0.36284761235955076 0.0835850077913557 0.01953125 0.029197080291970802
0 0.3684655898876406 0.027946526695645027 0.01953125 0.029197080291970802
0 0.27506671348314615 0.024272287378003753 0.01953125 0.029197080291970802
0 0.28665379213483155 0.03372033133765276 0.01953125 0.029197080291970802
0 0.26558637640449445 0.03581989666201921 0.01953125 0.029197080291970802
0 0.3056144662921349 0.035295005330927574 0.01953125 0.029197080291970802
0 0.31790379213483155 0.04106880997293527 0.01953125 0.029197080291970802
0 0.3301931179775282 0.009575330107438688 0.01953125 0.029197080291970802
0 0.3235217696629215 0.028996309357828265 0.01953125 0.029197080291970802
0 0.30385884831460686 0.005901090789797414 0.01953125 0.029197080291970802
0 0.3853195224719103 0.02847141802673666 0.01953125 0.029197080291970802
0 0.3821594101123597 0.020598048060362507 0.01953125 0.029197080291970802
0 0.39690660112359566 0.020598048060362507 0.01953125 0.029197080291970802
0 0.4018223314606743 0.008000656114163842 0.01953125 0.029197080291970802
0 0.39479985955056196 0.00852554744525542 0.01953125 0.029197080291970802
0 0.37724367977528106 0.006950873451980628 0.01953125 0.029197080291970802
0 0.3691678370786518 0.004326416796522568 0.01953125 0.029197080291970802
0 0.3856706460674158 0.00852554744525542 0.01953125 0.029197080291970802
0 0.3898841292134833 0.017973591404904447 0.01953125 0.029197080291970802
0 0.34494030898876415 0.022172722053637326 0.01953125 0.029197080291970802
0 0.4148139044943821 0.01482424341835478 0.01953125 0.029197080291970802
0 0.4186762640449439 0.026896744033461817 0.01953125 0.029197080291970802
0 0.44009480337078655 0.02532207004018699 0.01953125 0.029197080291970802
0 0.4369346910112361 0.04316837529730173 0.01953125 0.029197080291970802
0 0.41446278089887656 0.06888805052079061 0.01953125 0.029197080291970802
0 0.40779143258426986 0.068363159189699 0.01953125 0.029197080291970802
0 0.3958532303370788 0.08463479045353892 0.01953125 0.029197080291970802
0 0.3867240168539327 0.09093348642663826 0.01953125 0.029197080291970802
0 0.36530547752809 0.111404248339211 0.01953125 0.029197080291970802
0 0.41235603932584286 0.11035446567702781 0.01953125 0.029197080291970802
0 0.43342345505617985 0.07886098581153121 0.01953125 0.029197080291970802
0 0.42885884831460686 0.06888805052079061 0.01953125 0.029197080291970802
0 0.43658356741573046 0.1156033789879439 0.01953125 0.029197080291970802
0 0.42534761235955076 0.139748380218158 0.01953125 0.029197080291970802
0 0.4148139044943821 0.1365990322316083 0.01953125 0.029197080291970802
0 0.42956109550561805 0.16441827277946364 0.01953125 0.029197080291970802
0 0.4218363764044945 0.20903403592225053 0.01953125 0.029197080291970802
0 0.40814255617977535 0.21218338390880018 0.01953125 0.029197080291970802
0 0.4042801966292136 0.22688034117936526 0.01953125 0.029197080291970802
0 0.4422015449438203 0.058390223898958434 0.01953125 0.029197080291970802
0 0.42604985955056196 0.04894217993930945 0.01953125 0.029197080291970802
0 0.1639360955056181 0.6982629377511689 0.01953125 0.029197080291970802
0 0.11196980337078659 0.7969425079963915 0.01953125 0.029197080291970802
0 0.03753160112359553 0.7528516361846962 0.01953125 0.029197080291970802
0 0.009441713483146118 0.7087607643730011 0.01953125 0.029197080291970802
0 0.03893609550561806 0.8494316411055526 0.01953125 0.029197080291970802
0 0.07826193820224725 0.9061199048634464 0.01953125 0.029197080291970802
0 0.2271383426966293 0.7591503321577956 0.01953125 0.029197080291970802
0 0.24820575842696638 0.7087607643730011 0.01953125 0.029197080291970802
0 0.2777001404494383 0.7927433773476585 0.01953125 0.029197080291970802
0 0.2748911516853934 0.7486525055359634 0.01953125 0.029197080291970802
0 0.34371137640449456 0.8347346838349875 0.01953125 0.029197080291970802
0 0.3774192415730338 0.7486525055359634 0.01953125 0.029197080291970802
0 0.4111271067415732 0.689864676453703 0.01953125 0.029197080291970802
0 0.46168890449438216 0.6247781513983435 0.01953125 0.029197080291970802
0 0.47713834269662936 0.7780464200770937 0.01953125 0.029197080291970802
0 0.5192731741573036 0.742353809562864 0.01953125 0.029197080291970802
0 0.5305091292134834 0.7801459854014602 0.01953125 0.029197080291970802
0 0.5810709269662924 0.8053407692938573 0.01953125 0.029197080291970802
0 0.5642169943820227 0.8746264249979498 0.01953125 0.029197080291970802
0 0.6765765449438205 0.7801459854014602 0.01953125 0.029197080291970802
0 0.6948349719101126 0.8620290330517513 0.01953125 0.029197080291970802
0 0.7903405898876408 0.7885442466989258 0.01953125 0.029197080291970802
0 0.8816327247191014 0.8074403346182238 0.01953125 0.029197080291970802
0 0.9321945224719105 0.8179381612400559 0.01953125 0.029197080291970802
0 0.8071945224719103 0.670968588534405 0.01953125 0.029197080291970802
0 0.7678686797752812 0.6310768473714429 0.01953125 0.029197080291970802
0 0.6555091292134835 0.6940638071024361 0.01953125 0.029197080291970802
0 0.6175877808988767 0.48830640531452485 0.01953125 0.029197080291970802
0 0.589497893258427 0.4274190109078981 0.01953125 0.029197080291970802
0 0.571239466292135 0.4148216189616995 0.01953125 0.029197080291970802
0 0.5698349719101125 0.35393422455507273 0.01953125 0.029197080291970802
0 0.5220821629213485 0.36653161650127136 0.01953125 0.029197080291970802
0 0.5052282303370788 0.32244074468957623 0.01953125 0.029197080291970802
0 0.5150596910112359 0.2804494382022473 0.01953125 0.029197080291970802
0 0.44781952247191037 0.025846961371278603 0.01953125 0.029197080291970802
0 0.445361657303371 0.04474304929057654 0.01953125 0.029197080291970802
0 0.45589536516853957 0.02847141802673666 0.01953125 0.029197080291970802
0 0.4643223314606744 0.050516853932584274 0.01953125 0.029197080291970802
0 0.45484199438202266 0.077811203149348 0.01953125 0.029197080291970802
0 0.445361657303371 0.1108793570081194 0.01953125 0.029197080291970802
0 0.46221558988764067 0.1150784876568523 0.01953125 0.029197080291970802
0 0.46010884831460697 0.08935881243336341 0.01953125 0.029197080291970802
0 0.46818469101123616 0.09828196506192079 0.01953125 0.029197080291970802
0 0.46818469101123616 0.07046272451406546 0.01953125 0.029197080291970802
0 0.47555828651685417 0.07413696383170673 0.01953125 0.029197080291970802
0 0.4822296348314609 0.08620946444681377 0.01953125 0.029197080291970802
0 0.4745049157303373 0.05786533256786679 0.01953125 0.029197080291970802
0 0.48854985955056207 0.06731337652751579 0.01953125 0.029197080291970802
0 0.491358848314607 0.03214565734437793 0.01953125 0.029197080291970802
0 0.48644311797752837 0.025846961371278603 0.01953125 0.029197080291970802
0 0.4822296348314609 0.022172722053637326 0.01953125 0.029197080291970802
0 0.4815273876404497 0.04264348396621012 0.01953125 0.029197080291970802
0 0.4878476123595508 0.04526794062166818 0.01953125 0.029197080291970802
0 0.4706425561797755 0.04001902731075206 0.01953125 0.029197080291970802
0 0.46256671348314626 0.03319544000656115 0.01953125 0.029197080291970802
0 0.4565976123595508 0.050516853932584274 0.01953125 0.029197080291970802
0 0.49697682584269687 0.11035446567702781 0.01953125 0.029197080291970802
0 0.5082127808988767 0.11927761830558517 0.01953125 0.029197080291970802
0 0.5015414325842699 0.13239990158287543 0.01953125 0.029197080291970802
0 0.4952212078651688 0.1554951201509063 0.01953125 0.029197080291970802
0 0.4611622191011238 0.16704272943492168 0.01953125 0.029197080291970802
0 0.45975772471910137 0.19696153530714347 0.01953125 0.029197080291970802
0 0.47485603932584297 0.19171262199622735 0.01953125 0.029197080291970802
0 0.491358848314607 0.17649077339457067 0.01953125 0.029197080291970802
0 0.4990835674157306 0.192237513327319 0.01953125 0.029197080291970802
0 0.5096172752808991 0.16914229475928813 0.01953125 0.029197080291970802
0 0.5250667134831463 0.1523457721643566 0.01953125 0.029197080291970802
0 0.5331425561797756 0.15339555482653983 0.01953125 0.029197080291970802
0 0.5229599719101126 0.09198326908882147 0.01953125 0.029197080291970802
0 0.529982443820225 0.11192913967030263 0.01953125 0.029197080291970802
0 0.5503476123595509 0.10353087837283687 0.01953125 0.029197080291970802
0 0.55842345505618 0.017448700073812842 0.01953125 0.029197080291970802
0 0.5679037921348318 0.023222504715820536 0.01953125 0.029197080291970802
0 0.5819487359550565 0.012199786762896748 0.01953125 0.029197080291970802
0 0.5278757022471913 0.010625112769621902 0.01953125 0.029197080291970802
0 0.5208532303370789 0.0316207660132863 0.01953125 0.029197080291970802
0 0.52717345505618 0.037394570655294 0.01953125 0.029197080291970802
0 0.4997858146067418 0.035295005330927574 0.01953125 0.029197080291970802
0 0.5482408707865172 0.14184794554252442 0.01953125 0.029197080291970802
0 0.546485252808989 0.12400164028540966 0.01953125 0.029197080291970802
0 0.5742240168539329 0.11875272697449357 0.01953125 0.029197080291970802
0 0.5984515449438205 0.1407981628803412 0.01953125 0.029197080291970802
0 0.5633391853932587 0.1523457721643566 0.01953125 0.029197080291970802
0 0.561232443820225 0.17019207742147135 0.01953125 0.029197080291970802
0 0.5475386235955059 0.1749160994012958 0.01953125 0.029197080291970802
0 0.5398139044943823 0.16546805544164686 0.01953125 0.029197080291970802
0 0.5092661516853935 0.21060870991552536 0.01953125 0.029197080291970802
0 0.5110217696629217 0.23055458049700653 0.01953125 0.029197080291970802
0 0.5257689606741576 0.07728631181825638 0.01953125 0.029197080291970802
0 0.5331425561797756 0.036869679324202424 0.01953125 0.029197080291970802
0 0.5440273876404497 0.05786533256786679 0.01953125 0.029197080291970802
0 0.5380582865168542 0.0736120725006151 0.01953125 0.029197080291970802
0 0.5384094101123599 0.08568457311572213 0.01953125 0.029197080291970802
0 0.6103897471910115 0.11927761830558517 0.01953125 0.029197080291970802
0 0.44149929775280927 0.13397457557615028 0.01953125 0.029197080291970802
0 0.43869030898876427 0.16441827277946364 0.01953125 0.029197080291970802
0 0.45413974719101147 0.223206101861724 0.01953125 0.029197080291970802
0 0.537356039325843 0.204310013942426 0.01953125 0.029197080291970802
0 0.5650948033707868 0.19381218732059383 0.01953125 0.029197080291970802
0 0.5808953651685396 0.18593881735421963 0.01953125 0.029197080291970802
0 0.5808953651685396 0.20588468793570083 0.01953125 0.029197080291970802
0 0.5626369382022475 0.21165849257770855 0.01953125 0.029197080291970802
0 0.5717661516853936 0.23212925449028135 0.01953125 0.029197080291970802
0 0.5882689606741576 0.22110653653735748 0.01953125 0.029197080291970802
0 0.6212745786516857 0.18121479537439517 0.01953125 0.029197080291970802
0 0.6149543539325845 0.17071696875256295 0.01953125 0.029197080291970802
0 0.6114431179775284 0.030046092020011482 0.01953125 0.029197080291970802
0 0.59529143258427 0.016923808742721237 0.01953125 0.029197080291970802
0 0.6240835674157306 0.027946526695645027 0.01953125 0.029197080291970802
0 0.6005582865168541 0.09565750840646274 0.01953125 0.029197080291970802
0 0.640235252808989 0.10458066103502012 0.01953125 0.029197080291970802
0 0.6314571629213485 0.11402870499466908 0.01953125 0.029197080291970802
0 0.6381285112359553 0.14919642417780696 0.01953125 0.029197080291970802
0 0.6332127808988766 0.18016501271221194 0.01953125 0.029197080291970802
0 0.6455021067415732 0.19591175264496025 0.01953125 0.029197080291970802
0 0.6419908707865171 0.2190069712129911 0.01953125 0.029197080291970802
0 0.6606004213483148 0.21585762322644145 0.01953125 0.029197080291970802
0 0.6514712078651687 0.10930468301484458 0.01953125 0.029197080291970802
0 0.6630582865168541 0.12295185762322644 0.01953125 0.029197080291970802
0 0.6620049157303373 0.10825490035266139 0.01953125 0.029197080291970802
0 0.6823700842696632 0.1350243582383335 0.01953125 0.029197080291970802
0 0.6690273876404496 0.14604707619125734 0.01953125 0.029197080291970802
0 0.6739431179775284 0.20798425326006728 0.01953125 0.029197080291970802
0 0.6795610955056182 0.223206101861724 0.01953125 0.029197080291970802
0 0.6960639044943823 0.09985663905519562 0.01953125 0.029197080291970802
0 0.7065976123595508 0.11035446567702781 0.01953125 0.029197080291970802
0 0.7115133426966294 0.139748380218158 0.01953125 0.029197080291970802
0 0.707299859550562 0.1570697941441811 0.01953125 0.029197080291970802
0 0.6992240168539329 0.1980113179693267 0.01953125 0.029197080291970802
0 0.6971172752808991 0.22005675387517434 0.01953125 0.029197080291970802
0 0.707299859550562 0.21953186254408275 0.01953125 0.029197080291970802
0 0.7076509831460677 0.235278602476831 0.01953125 0.029197080291970802
0 0.5984515449438204 0.23107947182809813 0.01953125 0.029197080291970802
0 0.594238061797753 0.24262708111211348 0.01953125 0.029197080291970802
0 0.676049859550562 0.012199786762896748 0.01953125 0.029197080291970802
0 0.6911481741573036 0.006425982120888994 0.01953125 0.029197080291970802
0 0.7055442415730339 0.010625112769621902 0.01953125 0.029197080291970802
0 0.7297717696629215 0.010100221438530267 0.01953125 0.029197080291970802
0 0.7406566011235957 0.010100221438530267 0.01953125 0.029197080291970802
0 0.737496488764045 0.11402870499466908 0.01953125 0.029197080291970802
0 0.748732443820225 0.15444533748872308 0.01953125 0.029197080291970802
0 0.7578616573033711 0.16546805544164686 0.01953125 0.029197080291970802
0 0.7638307584269665 0.192237513327319 0.01953125 0.029197080291970802
0 0.7399543539325845 0.1838392520298532 0.01953125 0.029197080291970802
0 0.7252071629213485 0.1738663167391126 0.01953125 0.029197080291970802
0 0.7216959269662924 0.22110653653735748 0.01953125 0.029197080291970802
0 0.7266116573033711 0.20483490527351764 0.01953125 0.029197080291970802
0 0.7424122191011238 0.21218338390880018 0.01953125 0.029197080291970802
0 0.7445189606741575 0.20063577462478474 0.01953125 0.029197080291970802
0 0.7525948033707868 0.2247807758549988 0.01953125 0.029197080291970802
0 0.753297050561798 0.235278602476831 0.01953125 0.029197080291970802
0 0.7599683988764047 0.10405576970392849 0.01953125 0.029197080291970802
0 0.7613728932584272 0.12767587960305093 0.01953125 0.029197080291970802
0 0.7318785112359553 0.14919642417780696 0.01953125 0.029197080291970802
0 0.5280512640449441 0.22428606577544488 0.01953125 0.029197080291970802
0 0.5470119382022475 0.2568293283031247 0.01953125 0.029197080291970802
0 0.5659726123595509 0.2557795456409415 0.01953125 0.029197080291970802
0 0.5631636235955059 0.2851734601820716 0.01953125 0.029197080291970802
0 0.5687816011235958 0.3124678093988354 0.01953125 0.029197080291970802
0 0.5413939606741576 0.34186172393996556 0.01953125 0.029197080291970802
0 0.5315625000000003 0.3177167227097515 0.01953125 0.029197080291970802
0 0.5420962078651688 0.21798736980234554 0.01953125 0.029197080291970802
0 0.54841643258427 0.19804149922086436 0.01953125 0.029197080291970802
0 0.5912535112359554 0.27257606823587305 0.01953125 0.029197080291970802
0 0.5933602528089891 0.2946215041417206 0.01953125 0.029197080291970802
0 0.5961692415730341 0.33241367998031657 0.01953125 0.029197080291970802
0 0.640410814606742 0.41534651029279096 0.01953125 0.029197080291970802
0 0.6621804775280902 0.42794390223898965 0.01953125 0.029197080291970802
0 0.6565625000000003 0.38175346510292796 0.01953125 0.029197080291970802
0 0.6340905898876408 0.3219158533584843 0.01953125 0.029197080291970802
0 0.6326860955056182 0.2883228081686213 0.01953125 0.029197080291970802
0 0.6088096910112363 0.26417780693840726 0.01953125 0.029197080291970802
0 0.6214501404494385 0.24843106700565892 0.01953125 0.029197080291970802
0 0.6460287921348318 0.253679980316575 0.01953125 0.029197080291970802
0 0.6249613764044947 0.20224062986959732 0.01953125 0.029197080291970802
0 0.6123209269662924 0.20224062986959732 0.01953125 0.029197080291970802
0 0.6727141853932588 0.2715262855736898 0.01953125 0.029197080291970802
0 0.6790344101123599 0.30092020011481996 0.01953125 0.029197080291970802
0 0.6635849719101127 0.31036824407446895 0.01953125 0.029197080291970802
0 0.6804389044943824 0.33241367998031657 0.01953125 0.029197080291970802
0 0.6193433988764048 0.30721889608791925 0.01953125 0.029197080291970802
0 0.6179389044943824 0.28307389485770523 0.01953125 0.029197080291970802
0 0.7366186797752812 0.3786041171163782 0.01953125 0.029197080291970802
0 0.7204669943820229 0.2998704174526367 0.01953125 0.029197080291970802
0 0.7345119382022475 0.3030197654391864 0.01953125 0.029197080291970802
0 0.7429389044943824 0.2704765029115066 0.01953125 0.029197080291970802
0 0.7338096910112363 0.253679980316575 0.01953125 0.029197080291970802
0 0.7647085674157308 0.26102845895185756 0.01953125 0.029197080291970802
0 0.7548771067415734 0.3019699827770032 0.01953125 0.029197080291970802
0 0.7745400280898881 0.3292643319937669 0.01953125 0.029197080291970802
0 0.7731355337078655 0.4048486836709587 0.01953125 0.029197080291970802
0 0.7443433988764048 0.448939555482654 0.01953125 0.029197080291970802
0 0.7260849719101127 0.5003789059296319 0.01953125 0.029197080291970802
0 0.7548771067415734 0.5360715164438613 0.01953125 0.029197080291970802
0 0.6839501404494385 0.5329221684573117 0.01953125 0.029197080291970802
0 0.723978230337079 0.35655868121053064 0.01953125 0.029197080291970802
0 0.8145681179775285 0.4510391208070204 0.01953125 0.029197080291970802
0 0.8026299157303375 0.41744607561715746 0.01953125 0.029197080291970802
0 0.8503827247191015 0.46363651275321915 0.01953125 0.029197080291970802
0 0.8145681179775285 0.3639071598458131 0.01953125 0.029197080291970802
0 0.8075456460674161 0.29252193881735417 0.01953125 0.029197080291970802
0 0.7970119382022476 0.2904223734929877 0.01953125 0.029197080291970802
0 0.8019276685393263 0.2557795456409415 0.01953125 0.029197080291970802
0 0.7935007022471914 0.23163454441072742 0.01953125 0.029197080291970802
0 0.7885849719101128 0.21693758714016234 0.01953125 0.029197080291970802
0 0.7752422752808993 0.20853932584269655 0.01953125 0.029197080291970802
0 0.7829669943820229 0.19069302058558185 0.01953125 0.029197080291970802
0 0.7822647471910117 0.16129910604445166 0.01953125 0.029197080291970802
0 0.7836692415730341 0.13925367013860407 0.01953125 0.029197080291970802
0 0.7801580056179779 0.12245714754367248 0.01953125 0.029197080291970802
0 0.8124613764044948 0.18754367259903218 0.01953125 0.029197080291970802
0 0.7991186797752812 0.1990912818830476 0.01953125 0.029197080291970802
0 0.7464501404494385 0.34186172393996556 0.01953125 0.029197080291970802
0 0.8321242977528094 0.3219158533584843 0.01953125 0.029197080291970802
0 0.8805793539325848 0.3849028130894776 0.01953125 0.029197080291970802
0 0.851787219101124 0.3019699827770032 0.01953125 0.029197080291970802
0 0.834231039325843 0.28307389485770523 0.01953125 0.029197080291970802
0 0.8180793539325846 0.16024932338226844 0.01953125 0.029197080291970802
0 0.8300175561797757 0.14555236611170333 0.01953125 0.029197080291970802
0 0.834231039325843 0.18859345526121535 0.01953125 0.029197080291970802
0 0.8538939606741576 0.19804149922086436 0.01953125 0.029197080291970802
0 0.8672366573033712 0.14975149676043625 0.01953125 0.029197080291970802
0 0.7575105337078653 0.007475764783072208 0.01953125 0.029197080291970802
0 0.7722577247191013 0.010625112769621902 0.01953125 0.029197080291970802
0 0.7796313202247191 0.008000656114163842 0.01953125 0.029197080291970802
0 0.8056144662921348 0.00852554744525542 0.01953125 0.029197080291970802
0 0.7957830056179774 0.07728631181825638 0.01953125 0.029197080291970802
0 0.8108813202247191 0.08096055113589765 0.01953125 0.029197080291970802
0 0.7940273876404494 0.10195620437956204 0.01953125 0.029197080291970802
0 0.801752106741573 0.10668022635938654 0.01953125 0.029197080291970802
0 0.836864466292135 0.12295185762322644 0.01953125 0.029197080291970802
0 0.8400245786516853 0.013249569425079962 0.01953125 0.029197080291970802
0 0.8456425561797752 0.09828196506192079 0.01953125 0.029197080291970802
0 0.8646032303370786 0.09618239973755434 0.01953125 0.029197080291970802
0 0.8554740168539325 0.15811957680636432 0.01953125 0.029197080291970802
0 0.856878511235955 0.17649077339457067 0.01953125 0.029197080291970802
0 0.8445891853932586 0.1896130566718609 0.01953125 0.029197080291970802
0 0.8421313202247191 0.204310013942426 0.01953125 0.029197080291970802
0 0.8744346910112359 0.20588468793570083 0.01953125 0.029197080291970802
0 0.8621453651685395 0.2095589272533421 0.01953125 0.029197080291970802
0 0.8705723314606741 0.004851308127614149 0.01953125 0.029197080291970802
0 0.8505582865168541 0.006425982120888994 0.01953125 0.029197080291970802
0 0.9499262640449438 0.0620644632165997 0.01953125 0.029197080291970802
0 0.9211341292134831 0.11402870499466908 0.01953125 0.029197080291970802
0 0.9088448033707865 0.1554951201509063 0.01953125 0.029197080291970802
0 0.9021734550561799 0.1738663167391126 0.01953125 0.029197080291970802
0 0.9355301966292136 0.1523457721643566 0.01953125 0.029197080291970802
0 0.9249964887640449 0.18278946936767002 0.01953125 0.029197080291970802
0 0.9288588483146067 0.20903403592225053 0.01953125 0.029197080291970802
0 0.9530863764044945 0.21218338390880018 0.01953125 0.029197080291970802
0 0.9643223314606743 0.19958599196260152 0.01953125 0.029197080291970802
0 0.9681846910112359 0.2179571885508079 0.01953125 0.029197080291970802
0 0.970993679775281 0.20588468793570083 0.01953125 0.029197080291970802
0 0.9952212078651685 0.2027353399491512 0.01953125 0.029197080291970802
0 0.9962745786516854 0.17754055605675387 0.01953125 0.029197080291970802
0 0.9790695224719101 0.10825490035266139 0.01953125 0.029197080291970802
0 0.9759094101123595 0.07728631181825638 0.01953125 0.029197080291970802
0 0.8728546348314608 0.5528680390387929 0.01953125 0.029197080291970802
0 0.8988377808988764 0.45838759944230295 0.01953125 0.029197080291970802
0 0.918500702247191 0.5234741244976626 0.01953125 0.029197080291970802
0 0.9529108146067418 0.5234741244976626 0.01953125 0.029197080291970802
0 0.8883040730337081 0.6127056507832364 0.01953125 0.029197080291970802
0 0.822995084269663 0.591709997539572 0.01953125 0.029197080291970802
0 0.945186095505618 0.6893397851226114 0.01953125 0.029197080291970802
0 0.5547366573033707 0.6043073894857707 0.01953125 0.029197080291970802
0 0.869870084269663 0.2397703600426474 0.01953125 0.029197080291970802
0 0.8646032303370786 0.25656688263757893 0.01953125 0.029197080291970802
0 0.8277352528089889 0.23399655540063968 0.01953125 0.029197080291970802
0 0.8407268258426968 0.2287476420897236 0.01953125 0.029197080291970802
0 0.8217661516853934 0.25656688263757893 0.01953125 0.029197080291970802
0 0.8572296348314608 0.2749380792257853 0.01953125 0.029197080291970802
0 0.8825105337078653 0.27703764455015173 0.01953125 0.029197080291970802
0 0.8621453651685395 0.3153547117198393 0.01953125 0.029197080291970802
0 0.8933953651685395 0.314304929057656 0.01953125 0.029197080291970802
0 0.9021734550561799 0.3164044943820225 0.01953125 0.029197080291970802
0 0.9179740168539327 0.3164044943820225 0.01953125 0.029197080291970802
0 0.9056846910112359 0.3578709095382596 0.01953125 0.029197080291970802
0 0.9313167134831462 0.35052243090297713 0.01953125 0.029197080291970802
0 0.9474683988764045 0.3447486262609694 0.01953125 0.029197080291970802
0 0.9667801966292136 0.34684819158533586 0.01953125 0.029197080291970802
0 0.9660779494382022 0.30590666776019027 0.01953125 0.029197080291970802
0 0.9393925561797754 0.29068481915853356 0.01953125 0.029197080291970802
0 0.9562464887640449 0.2759878618879685 0.01953125 0.029197080291970802
0 0.9660779494382022 0.2476437300090215 0.01953125 0.029197080291970802
0 0.981878511235955 0.2654900352661363 0.01953125 0.029197080291970802
0 0.9246453651685395 0.2576166652997622 0.01953125 0.029197080291970802
0 0.9088448033707865 0.25656688263757893 0.01953125 0.029197080291970802
0 0.9945189606741573 0.24816862134011322 0.01953125 0.029197080291970802
0 0.997679073033708 0.376242106126466 0.01953125 0.029197080291970802
0 0.9692380617977528 0.1260237841384399 0.01953125 0.029197080291970802
0 0.9938167134831462 0.1517434593619288 0.01953125 0.029197080291970802
0 0.9788939606741575 0.39854998769785943 0.01953125 0.029197080291970802
