0 0.08380551469781126 0.91608471206725 0.01953125 0.029282576866764276
0 0.09356270992952949 0.9811009340765523 0.01953125 0.029282576866764276
0 0.18462986542556697 0.9892279618277151 0.01953125 0.029282576866764276
0 0.20089185747843072 0.9599706619235291 0.01953125 0.029282576866764276
0 0.2583508960652163 0.84619227340725 0.01953125 0.029282576866764276
0 0.22365864635244015 0.8396906512063197 0.01953125 0.029282576866764276
0 0.26485569288636185 0.7893030791491105 0.01953125 0.029282576866764276
0 0.3233988642766716 0.8331890290053895 0.01953125 0.029282576866764276
0 0.346165653150681 0.9599706619235291 0.01953125 0.029282576866764276
0 0.397119894916321 0.9177101176174826 0.01953125 0.029282576866764276
0 0.44265347266433963 0.9745993118756222 0.01953125 0.029282576866764276
0 0.49252358162645543 0.91608471206725 0.01953125 0.029282576866764276
0 0.45132653509253373 0.8331890290053895 0.01953125 0.029282576866764276
0 0.41338188696918476 0.779550645847715 0.01953125 0.029282576866764276
0 0.44048520705729105 0.7584203736946917 0.01953125 0.029282576866764276
0 0.3949516293092724 0.7372901015416686 0.01953125 0.029282576866764276
0 0.42530734780795154 0.6982803683360873 0.01953125 0.029282576866764276
0 0.32881952829429295 0.6576452295802733 0.01953125 0.029282576866764276
0 0.2626874272793134 0.70640739608725 0.01953125 0.029282576866764276
0 0.29087488017094393 0.6901533405849244 0.01953125 0.029282576866764276
0 0.28870661456389546 0.6462673907286453 0.01953125 0.029282576866764276
0 0.2171538495312946 0.6088830630732965 0.01953125 0.029282576866764276
0 0.18462986542556697 0.63651495742725 0.01953125 0.029282576866764276
0 0.15427414692688782 0.6348895518770175 0.01953125 0.029282576866764276
0 0.15861067814098487 0.6934041516853896 0.01953125 0.029282576866764276
0 0.14668521730221806 0.7730490236467848 0.01953125 0.029282576866764276
0 0.11199296758944184 0.7941792957998082 0.01953125 0.029282576866764276
0 0.05778632741322913 0.8136841624025988 0.01953125 0.029282576866764276
0 0.05822100502733205 0.7332265876660873 0.01953125 0.029282576866764276
0 0.11784830922116607 0.732413884890971 0.01953125 0.029282576866764276
0 0.12868963725640864 0.7372901015416684 0.01953125 0.029282576866764276
0 0.17368114860266523 0.773861726421901 0.01953125 0.029282576866764276
0 0.1633818869691848 0.5365525160879476 0.01953125 0.029282576866764276
0 0.09345532114187032 0.5316762994372499 0.01953125 0.029282576866764276
0 0.0652678682502397 0.5649971132170174 0.01953125 0.029282576866764276
0 0.02027635690398311 0.5714987354179476 0.01953125 0.029282576866764276
0 0.06309960264319116 0.5007935939828314 0.01953125 0.029282576866764276
0 0.13139996926521927 0.49673008010724995 0.01953125 0.029282576866764276
0 0.2013265350925337 0.5194857578105058 0.01953125 0.029282576866764276
0 0.23656085120707201 0.5048571078584128 0.01953125 0.029282576866764276
0 0.36394645562117195 0.5536192743653895 0.01953125 0.029282576866764276
0 0.33955346754187626 0.5471176521644593 0.01953125 0.029282576866764276
0 0.39863870533394813 0.6226990102502732 0.01953125 0.029282576866764276
0 0.42248962701148174 0.6170100908244592 0.01953125 0.029282576866764276
0 0.39755457253042387 0.5235492716860871 0.01953125 0.029282576866764276
0 0.4707335367683112 0.5479303549395755 0.01953125 0.029282576866764276
0 0.4322468222432001 0.5007935939828314 0.01953125 0.029282576866764276
0 0.3178708114713912 0.4821014301551569 0.01953125 0.029282576866764276
0 0.26637450330398904 0.48372683570538955 0.01953125 0.029282576866764276
0 0.2782999641427558 0.4829141329302732 0.01953125 0.029282576866764276
0 0.4550136111172094 0.48453953848050574 0.01953125 0.029282576866764276
0 0.549982620213241 0.9534690397225989 0.01953125 0.029282576866764276
0 0.5272158313392316 0.904706873215622 0.01953125 0.029282576866764276
0 0.5835907371224929 0.9827263396267848 0.01953125 0.029282576866764276
0 0.597684463568308 0.8738241677612033 0.01953125 0.029282576866764276
0 0.609609924407075 0.7990555124505059 0.01953125 0.029282576866764276
0 0.5760018074978231 0.779550645847715 0.01953125 0.029282576866764276
0 0.5261316985357073 0.735664695991436 0.01953125 0.029282576866764276
0 0.46433612873482477 0.6852771239342267 0.01953125 0.029282576866764276
0 0.5066173080722708 0.6722738795323662 0.01953125 0.029282576866764276
0 0.5488984874097166 0.6462673907286453 0.01953125 0.029282576866764276
0 0.6627324317797634 0.6576452295802733 0.01953125 0.029282576866764276
0 0.6475545725304239 0.7616711847951569 0.01953125 0.029282576866764276
0 0.6518911037445209 0.8218111901537617 0.01953125 0.029282576866764276
0 0.686583353457297 0.8039317291012036 0.01953125 0.029282576866764276
0 0.7050136111172093 0.84619227340725 0.01953125 0.029282576866764276
0 0.6952564158854911 0.9209609287179477 0.01953125 0.029282576866764276
0 0.6659848301903363 0.9632214730239942 0.01953125 0.029282576866764276
0 0.7299486655982672 0.9745993118756222 0.01953125 0.029282576866764276
0 0.7722298449357132 0.9892279618277151 0.01953125 0.029282576866764276
0 0.8025855634343924 0.9323387675695756 0.01953125 0.029282576866764276
0 0.8719700628599446 0.9664722841244593 0.01953125 0.029282576866764276
0 0.843782609968314 0.98597715072725 0.01953125 0.029282576866764276
0 0.9424386950890213 0.9664722841244593 0.01953125 0.029282576866764276
0 0.9825516088194189 0.9664722841244593 0.01953125 0.029282576866764276
0 0.9858040072299914 0.8640717344598082 0.01953125 0.029282576866764276
0 0.8958209845374782 0.8917036288137616 0.01953125 0.029282576866764276
0 0.9673737495700793 0.7600457792449246 0.01953125 0.029282576866764276
0 0.9511117575172152 0.7145344238384128 0.01953125 0.029282576866764276
0 0.984719874426467 0.6999057738863198 0.01953125 0.029282576866764276
0 0.9023257813586237 0.7486679403932964 0.01953125 0.029282576866764276
0 0.8340254147365957 0.6999057738863198 0.01953125 0.029282576866764276
0 0.7852394385780043 0.7567949681444593 0.01953125 0.029282576866764276
0 0.7429582592405584 0.8023063235509708 0.01953125 0.029282576866764276
0 0.746210657651131 0.7340392904412035 0.01953125 0.029282576866764276
0 0.7733139777392375 0.6901533405849244 0.01953125 0.029282576866764276
0 0.8632970004317506 0.6608960406807385 0.01953125 0.029282576866764276
0 0.8936527189304299 0.6543944184798081 0.01953125 0.029282576866764276
0 0.935933898267876 0.5682479243174824 0.01953125 0.029282576866764276
0 0.9901405384440886 0.537365218863064 0.01953125 0.029282576866764276
0 0.9424386950890213 0.5064825134086455 0.01953125 0.029282576866764276
0 0.8936527189304299 0.555244679915622 0.01953125 0.029282576866764276
0 0.8210158210943047 0.6105084686235289 0.01953125 0.029282576866764276
0 0.7581361184898978 0.625137118575622 0.01953125 0.029282576866764276
0 0.7386217280264614 0.5731241409681803 0.01953125 0.029282576866764276
0 0.644302174119851 0.6397657685277152 0.01953125 0.029282576866764276
0 0.6746578926185302 0.6105084686235289 0.01953125 0.029282576866764276
0 0.7809029073639073 0.5666225187672499 0.01953125 0.029282576866764276
0 0.7993331650238195 0.5081079189588779 0.01953125 0.029282576866764276
0 0.8166792898802078 0.49673008010724995 0.01953125 0.029282576866764276
0 0.7548837200793251 0.522736568910971 0.01953125 0.029282576866764276
0 0.7277803999912187 0.5357398133128313 0.01953125 0.029282576866764276
0 0.652975236548045 0.551993868815157 0.01953125 0.029282576866764276
0 0.6388815101022298 0.5487430577146918 0.01953125 0.029282576866764276
0 0.8448667427718383 0.47397440240399413 0.01953125 0.029282576866764276
0 0.7689774465251406 0.46259656355236634 0.01953125 0.029282576866764276
0 0.7136866735454035 0.4934792690067849 0.01953125 0.029282576866764276
0 0.9387516190643456 0.3341895250839942 0.01953125 0.029282576866764276
0 0.9696494039647868 0.3723865555144593 0.01953125 0.029282576866764276
0 0.9924161928387962 0.3504435805863198 0.01953125 0.029282576866764276
0 0.9463405486890154 0.2935543863281802 0.01953125 0.029282576866764276
0 0.9604342751348306 0.29599249465352906 0.01953125 0.029282576866764276
0 0.9734438687771216 0.2976179002037616 0.01953125 0.029282576866764276
0 0.9062276349586178 0.3138719557060872 0.01953125 0.029282576866764276
0 0.8888815101022297 0.3089957390553895 0.01953125 0.029282576866764276
0 0.8699091860405552 0.33906574173469184 0.01953125 0.029282576866764276
0 0.8541892603894536 0.301681414079343 0.01953125 0.029282576866764276
0 0.8536471939876915 0.28298925025166854 0.01953125 0.029282576866764276
0 0.8330486707207307 0.2789257363760872 0.01953125 0.029282576866764276
0 0.8411796667471625 0.32850060565818023 0.01953125 0.029282576866764276
0 0.8552733931929779 0.37970088049050577 0.01953125 0.029282576866764276
0 0.8124501474537699 0.30330681962957556 0.01953125 0.029282576866764276
0 0.7902254249815227 0.28298925025166854 0.01953125 0.029282576866764276
0 0.7902254249815227 0.2423541114958546 0.01953125 0.029282576866764276
0 0.9588080759295443 0.41627250537073834 0.01953125 0.029282576866764276
0 0.9940423920440826 0.45446953580120353 0.01953125 0.029282576866764276
0 0.8970125061286618 0.4252122358970174 0.01953125 0.029282576866764276
0 0.8796663812722737 0.4934792690067849 0.01953125 0.029282576866764276
0 0.8742457172546524 0.4195233164712034 0.01953125 0.029282576866764276
0 0.8742457172546524 0.3959549359928315 0.01953125 0.029282576866764276
0 0.8352169363277792 0.3853897999163198 0.01953125 0.029282576866764276
0 0.7951040225973818 0.3707611499642267 0.01953125 0.029282576866764276
0 0.7820944289550906 0.40489466651911055 0.01953125 0.029282576866764276
0 0.7593276400810813 0.37970088049050577 0.01953125 0.029282576866764276
0 0.7826364953568529 0.33906574173469184 0.01953125 0.029282576866764276
0 0.7734213665268967 0.3415038500600407 0.01953125 0.029282576866764276
0 0.7484863120458388 0.33581493063422674 0.01953125 0.029282576866764276
0 0.7381870504123583 0.3415038500600407 0.01953125 0.029282576866764276
0 0.7213829919577324 0.35613250001213376 0.01953125 0.029282576866764276
0 0.7284298551806401 0.3910787193421338 0.01953125 0.029282576866764276
0 0.715962327940111 0.4016438554186453 0.01953125 0.029282576866764276
0 0.7072892655119171 0.45040602192562207 0.01953125 0.029282576866764276
0 0.6845224766379078 0.4471552108251569 0.01953125 0.029282576866764276
0 0.6937376054678639 0.39839304431818023 0.01953125 0.029282576866764276
0 0.6980741366819609 0.3610087166628314 0.01953125 0.029282576866764276
0 0.6411571644969375 0.48616494403073834 0.01953125 0.029282576866764276
0 0.6070069811859234 0.49510467455701745 0.01953125 0.029282576866764276
0 0.6211007076317389 0.4495933191505058 0.01953125 0.029282576866764276
0 0.634652367675792 0.43333926364818015 0.01953125 0.029282576866764276
0 0.6362785668810784 0.40570736929422674 0.01953125 0.029282576866764276
0 0.613511778007069 0.39432953044259883 0.01953125 0.029282576866764276
0 0.630315836461695 0.37807547494027327 0.01953125 0.029282576866764276
0 0.6530826253357043 0.3463800667107384 0.01953125 0.029282576866764276
0 0.6373626996846026 0.3447546611605058 0.01953125 0.029282576866764276
0 0.6720549493973789 0.3268752001079476 0.01953125 0.029282576866764276
0 0.6926534726643396 0.3154973612563197 0.01953125 0.029282576866764276
0 0.7208409255559702 0.3195608751319012 0.01953125 0.029282576866764276
0 0.7419815152246932 0.3065576307300407 0.01953125 0.029282576866764276
0 0.7284298551806401 0.2846146558019012 0.01953125 0.029282576866764276
0 0.7045789335031064 0.29599249465352906 0.01953125 0.029282576866764276
0 0.7506545776528872 0.2756749252756221 0.01953125 0.029282576866764276
0 0.7354767184035478 0.24072870594562207 0.01953125 0.029282576866764276
0 0.762037972089892 0.2756749252756221 0.01953125 0.029282576866764276
0 0.7116257967260141 0.26510978919911043 0.01953125 0.029282576866764276
0 0.7062051327083929 0.24804303092166857 0.01953125 0.029282576866764276
0 0.706747199110155 0.22610005599352906 0.01953125 0.029282576866764276
0 0.6861486758431941 0.2862400613521337 0.01953125 0.029282576866764276
0 0.6780176798167622 0.2943670891032965 0.01953125 0.029282576866764276
0 0.6704287501920925 0.2740495197253895 0.01953125 0.029282576866764276
0 0.6547088245409907 0.2740495197253895 0.01953125 0.029282576866764276
0 0.6590453557550878 0.24479221982120353 0.01953125 0.029282576866764276
0 0.6438674965057481 0.25942086977329654 0.01953125 0.029282576866764276
0 0.6482040277198452 0.28298925025166854 0.01953125 0.029282576866764276
0 0.6536246917374665 0.3049322251798081 0.01953125 0.029282576866764276
0 0.6102593795964963 0.2699860058498081 0.01953125 0.029282576866764276
0 0.6254372388458358 0.2569827614479477 0.01953125 0.029282576866764276
0 0.5988759851594917 0.2504811392470174 0.01953125 0.029282576866764276
0 0.5934553211418703 0.23341438096957554 0.01953125 0.029282576866764276
0 0.5609313370361426 0.28867816967748255 0.01953125 0.029282576866764276
0 0.5961656531506809 0.36344682498818026 0.01953125 0.029282576866764276
0 0.5180007025092755 0.586940088145157 0.01953125 0.029282576866764276
0 0.5581136162396729 0.5780003576188779 0.01953125 0.029282576866764276
0 0.5304682297498045 0.5072952161837616 0.01953125 0.029282576866764276
0 0.541309557785047 0.4463425080500406 0.01953125 0.029282576866764276
0 0.5619080810520078 0.45528223857631966 0.01953125 0.029282576866764276
0 0.5640763466590563 0.3967676387679476 0.01953125 0.029282576866764276
0 0.520168968116324 0.41058358594492433 0.01953125 0.029282576866764276
0 0.4632519959313006 0.44309169694957556 0.01953125 0.029282576866764276
0 0.49035531601940696 0.40001844986841273 0.01953125 0.029282576866764276
0 0.4529527342978201 0.4032692609688778 0.01953125 0.029282576866764276
0 0.42205494939737886 0.4341519664232965 0.01953125 0.029282576866764276
0 0.39332543010398613 0.38538979991631966 0.01953125 0.029282576866764276
0 0.3336981259101521 0.4755998079542267 0.01953125 0.029282576866764276
0 0.3336981259101521 0.4243995331219011 0.01953125 0.029282576866764276
0 0.3326139931066278 0.3935168276674825 0.01953125 0.029282576866764276
0 0.3212305986696231 0.40083115264352903 0.01953125 0.029282576866764276
0 0.3738110396405495 0.36182141943794766 0.01953125 0.029282576866764276
0 0.3857365004793163 0.3593833111125988 0.01953125 0.029282576866764276
0 0.4090453557550878 0.3496308778112034 0.01953125 0.029282576866764276
0 0.4263914806114759 0.37157385273934296 0.01953125 0.029282576866764276
0 0.45999959752072783 0.3666976360886453 0.01953125 0.029282576866764276
0 0.48276638639473723 0.34475466116050574 0.01953125 0.029282576866764276
0 0.5174586361075133 0.3488181750360871 0.01953125 0.029282576866764276
0 0.5423936905885712 0.37157385273934296 0.01953125 0.029282576866764276
0 0.5776280067031095 0.3740119610646918 0.01953125 0.029282576866764276
0 0.4621678631277763 0.32931330843329637 0.01953125 0.029282576866764276
0 0.44482173827138827 0.35125628336143594 0.01953125 0.029282576866764276
0 0.4497003358872474 0.28949087245259875 0.01953125 0.029282576866764276
0 0.4740933239665431 0.30330681962957545 0.01953125 0.029282576866764276
0 0.48764498401059636 0.25617005867283127 0.01953125 0.029282576866764276
0 0.5077014408757952 0.2764876280507383 0.01953125 0.029282576866764276
0 0.5261316985357074 0.26348438364887783 0.01953125 0.029282576866764276
0 0.5196269017145619 0.28380195302678474 0.01953125 0.029282576866764276
0 0.51149590568813 0.31143384738073826 0.01953125 0.029282576866764276
0 0.5320944289550908 0.3244370917825988 0.01953125 0.029282576866764276
0 0.5456460889991439 0.3317514167586452 0.01953125 0.029282576866764276
0 0.5722073426854882 0.3374403361844592 0.01953125 0.029282576866764276
0 0.5949741315594976 0.2049697838405057 0.01953125 0.029282576866764276
0 0.5987685963718324 0.19196653943864528 0.01953125 0.029282576866764276
0 0.600936861978881 0.1814014033621336 0.01953125 0.029282576866764276
0 0.600936861978881 0.16352194230957542 0.01953125 0.029282576866764276
0 0.5803383387119202 0.16352194230957542 0.01953125 0.029282576866764276
0 0.5873852019348278 0.1814014033621336 0.01953125 0.029282576866764276
0 0.5792542059083959 0.19196653943864528 0.01953125 0.029282576866764276
0 0.5792542059083959 0.20903329771608709 0.01953125 0.029282576866764276
0 0.5689549442749154 0.21553491991701731 0.01953125 0.029282576866764276
0 0.6329187796828466 0.13426464240538938 0.01953125 0.029282576866764276
0 0.6394235765039922 0.14320437293166846 0.01953125 0.029282576866764276
0 0.6508069709409968 0.14482977848190107 0.01953125 0.029282576866764276
0 0.6459283733251376 0.14076626460631964 0.01953125 0.029282576866764276
0 0.630750514075798 0.14889329235748244 0.01953125 0.029282576866764276
0 0.6226195180493662 0.13914085905608709 0.01953125 0.029282576866764276
0 0.6074416588000265 0.14808058958236617 0.01953125 0.029282576866764276
0 0.5841328035242551 0.13182653408004055 0.01953125 0.029282576866764276
0 0.5456460889991439 0.20822059494097084 0.01953125 0.029282576866764276
0 0.5423936905885712 0.21959843379259875 0.01953125 0.029282576866764276
0 0.533178561758615 0.23260167819445918 0.01953125 0.029282576866764276
0 0.5418516241868091 0.23422708374469173 0.01953125 0.029282576866764276
0 0.5434778233920955 0.25942086977329637 0.01953125 0.029282576866764276
0 0.5537770850255759 0.2545446531225987 0.01953125 0.029282576866764276
0 0.49740217924231467 0.2252873532184127 0.01953125 0.029282576866764276
0 0.5131221048934164 0.22122383934283127 0.01953125 0.029282576866764276
0 0.520168968116324 0.23016356986911035 0.01953125 0.029282576866764276
0 0.5093276400810814 0.20171897274004055 0.01953125 0.029282576866764276
0 0.5234213665268967 0.20334437829027313 0.01953125 0.029282576866764276
0 0.5304682297498045 0.18465221446259872 0.01953125 0.029282576866764276
0 0.5418516241868091 0.19196653943864528 0.01953125 0.029282576866764276
0 0.5315523625533287 0.15945842843399408 0.01953125 0.029282576866764276
0 0.5223372337233725 0.1773378894865522 0.01953125 0.029282576866764276
0 0.5017387104564117 0.17246167283585453 0.01953125 0.029282576866764276
0 0.4881870504123585 0.17571248393631966 0.01953125 0.029282576866764276
0 0.5066173080722708 0.15214410345794752 0.01953125 0.029282576866764276
0 0.5022807768581737 0.15783302288376153 0.01953125 0.029282576866764276
0 0.5131221048934164 0.15783302288376153 0.01953125 0.029282576866764276
0 0.5207110345180861 0.14808058958236617 0.01953125 0.029282576866764276
0 0.5315523625533287 0.130201128529808 0.01953125 0.029282576866764276
0 0.5147483040987028 0.13182653408004055 0.01953125 0.029282576866764276
0 0.5055331752687465 0.135890047955622 0.01953125 0.029282576866764276
0 0.4849346520017857 0.14482977848190107 0.01953125 0.029282576866764276
0 0.49631804643879035 0.14320437293166846 0.01953125 0.029282576866764276
0 0.4952339136352662 0.15214410345794752 0.01953125 0.029282576866764276
0 0.48656085120707204 0.15783302288376153 0.01953125 0.029282576866764276
0 0.47951398798416434 0.16677275341004058 0.01953125 0.029282576866764276
0 0.4751774567700674 0.15945842843399408 0.01953125 0.029282576866764276
0 0.46379406233306275 0.14320437293166846 0.01953125 0.029282576866764276
0 0.45620513270839297 0.13426464240538938 0.01953125 0.029282576866764276
0 0.4513265350925338 0.14320437293166846 0.01953125 0.029282576866764276
0 0.4513265350925338 0.16677275341004058 0.01953125 0.029282576866764276
0 0.4545789335031066 0.1610838339842266 0.01953125 0.029282576866764276
0 0.4529527342978201 0.2049697838405057 0.01953125 0.029282576866764276
0 0.4643361287348249 0.2074078921658545 0.01953125 0.029282576866764276
0 0.4843925856000236 0.19603005331422665 0.01953125 0.029282576866764276
0 0.4778877887788781 0.185464917237715 0.01953125 0.029282576866764276
0 0.43018594542381083 0.2797384391512034 0.01953125 0.029282576866764276
0 0.40308262533570444 0.3244370917825988 0.01953125 0.029282576866764276
0 0.40254055893394236 0.29517979187841265 0.01953125 0.029282576866764276
0 0.4074191565498015 0.2651097891991103 0.01953125 0.029282576866764276
0 0.4122977541656606 0.24723032814655221 0.01953125 0.029282576866764276
0 0.3938674965057483 0.28380195302678474 0.01953125 0.029282576866764276
0 0.37868963725640875 0.3016814140793429 0.01953125 0.029282576866764276
0 0.3597173131947342 0.30899573905538946 0.01953125 0.029282576866764276
0 0.37706343805112236 0.2707987086249243 0.01953125 0.029282576866764276
0 0.39061509809517553 0.2545446531225987 0.01953125 0.029282576866764276
0 0.4122977541656606 0.2122841088165522 0.01953125 0.029282576866764276
0 0.4204287501920925 0.19603005331422665 0.01953125 0.029282576866764276
0 0.3759793052475981 0.22122383934283127 0.01953125 0.029282576866764276
0 0.3667641764176419 0.24479221982120336 0.01953125 0.029282576866764276
0 0.3472497859542053 0.2691733030746918 0.01953125 0.029282576866764276
0 0.34779185235596743 0.3130592529309708 0.01953125 0.029282576866764276
0 0.3060527394202836 0.35044358058631964 0.01953125 0.029282576866764276
0 0.2881645481621334 0.3788881777153894 0.01953125 0.029282576866764276
0 0.29141694657270617 0.44065358862422666 0.01953125 0.029282576866764276
0 0.2876224817603713 0.4146470998205058 0.01953125 0.029282576866764276
0 0.2708184233057453 0.4349646691984127 0.01953125 0.029282576866764276
0 0.29141694657270617 0.3203735779070173 0.01953125 0.029282576866764276
0 0.29629554418856535 0.2886781696774824 0.01953125 0.029282576866764276
0 0.3141837354467156 0.2691733030746918 0.01953125 0.029282576866764276
0 0.3055106730185215 0.2821765474765522 0.01953125 0.029282576866764276
0 0.3049686066167594 0.2504811392470173 0.01953125 0.029282576866764276
0 0.32610919628548235 0.2252873532184127 0.01953125 0.029282576866764276
0 0.35592284838239935 0.22122383934283127 0.01953125 0.029282576866764276
0 0.35267044997182656 0.2074078921658545 0.01953125 0.029282576866764276
0 0.37489517244407383 0.1830268089123661 0.01953125 0.029282576866764276
0 0.38411030127403 0.1814014033621336 0.01953125 0.029282576866764276
0 0.38139996926521935 0.15214410345794752 0.01953125 0.029282576866764276
0 0.37706343805112236 0.16352194230957542 0.01953125 0.029282576866764276
0 0.35754904758768574 0.150518697907715 0.01953125 0.029282576866764276
0 0.36351177800706913 0.1610838339842266 0.01953125 0.029282576866764276
0 0.3570069811859236 0.16839815896027313 0.01953125 0.029282576866764276
0 0.3564649147841615 0.18465221446259872 0.01953125 0.029282576866764276
0 0.3423711883383462 0.15620761733352892 0.01953125 0.029282576866764276
0 0.337492590722487 0.1773378894865522 0.01953125 0.029282576866764276
0 0.3168940674555262 0.17815059226166852 0.01953125 0.029282576866764276
0 0.31472580184847765 0.2074078921658545 0.01953125 0.029282576866764276
0 0.2897907473674198 0.2163476226921336 0.01953125 0.029282576866764276
0 0.29737967699208956 0.21797302824236617 0.01953125 0.029282576866764276
0 0.2854542161533228 0.15945842843399408 0.01953125 0.029282576866764276
0 0.27840735293041513 0.24316681427097084 0.01953125 0.029282576866764276
0 0.19156933986081542 0.4609711580021337 0.01953125 0.029282576866764276
0 0.21813059354715966 0.4634092663274824 0.01953125 0.029282576866764276
0 0.22897192158240223 0.3935168276674825 0.01953125 0.029282576866764276
0 0.17042875019209244 0.3935168276674825 0.01953125 0.029282576866764276
0 0.16067155496037416 0.4081454776195756 0.01953125 0.029282576866764276
0 0.17205494939737884 0.4406535886242267 0.01953125 0.029282576866764276
0 0.12814757085464648 0.4609711580021337 0.01953125 0.029282576866764276
0 0.08640845791896268 0.4284630469974825 0.01953125 0.029282576866764276
0 0.06797820025905033 0.43740277752376155 0.01953125 0.029282576866764276
0 0.008350896065216306 0.46178386077725003 0.01953125 0.029282576866764276
0 0.02081842330574523 0.4138343970453895 0.01953125 0.029282576866764276
0 0.030575618537463527 0.3821389888158546 0.01953125 0.029282576866764276
0 0.004014364851119291 0.28217654747655224 0.01953125 0.029282576866764276
0 0.06852026666081247 0.30980844183050577 0.01953125 0.029282576866764276
0 0.07556712988372011 0.3390657417346918 0.01953125 0.029282576866764276
0 0.05117414180442436 0.3317514167586453 0.01953125 0.029282576866764276
0 0.07339886427667162 0.3935168276674825 0.01953125 0.029282576866764276
0 0.1086331803912099 0.3406911472849244 0.01953125 0.029282576866764276
0 0.08586639151720053 0.29355438632818015 0.01953125 0.029282576866764276
0 0.0945394539453946 0.27811303360097084 0.01953125 0.029282576866764276
0 0.10538078198063712 0.28705276412724995 0.01953125 0.029282576866764276
0 0.12001657482821461 0.2968051974286453 0.01953125 0.029282576866764276
0 0.12923170365817072 0.3772627721651569 0.01953125 0.029282576866764276
0 0.1503722933268937 0.3593833111125988 0.01953125 0.029282576866764276
0 0.10375458277535074 0.4243995331219011 0.01953125 0.029282576866764276
0 0.16663428537975752 0.365884933313529 0.01953125 0.029282576866764276
0 0.1444095629075103 0.3317514167586453 0.01953125 0.029282576866764276
0 0.1503722933268937 0.3008687113042267 0.01953125 0.029282576866764276
0 0.1872328086467184 0.30411952240469187 0.01953125 0.029282576866764276
0 0.1818121446290971 0.2886781696774825 0.01953125 0.029282576866764276
0 0.21542026153834903 0.3293133084332964 0.01953125 0.029282576866764276
0 0.2381870504123584 0.3276879028830639 0.01953125 0.029282576866764276
0 0.23005605438592647 0.28786546690236625 0.01953125 0.029282576866764276
0 0.23981324961764477 0.28786546690236625 0.01953125 0.029282576866764276
0 0.2539069760634601 0.31143384738073826 0.01953125 0.029282576866764276
0 0.25553317526874647 0.28298925025166854 0.01953125 0.029282576866764276
0 0.25715937447403286 0.2577954642230639 0.01953125 0.029282576866764276
0 0.15091435972865586 0.2805511419263197 0.01953125 0.029282576866764276
0 0.1384468324881269 0.26917330307469184 0.01953125 0.029282576866764276
0 0.12760550445288435 0.25454465312259883 0.01953125 0.029282576866764276
0 0.08640845791896268 0.25210654479725 0.01953125 0.029282576866764276
0 0.1758494142097137 0.2537319503474825 0.01953125 0.029282576866764276
0 0.1579612229515635 0.22447465044329645 0.01953125 0.029282576866764276
0 0.14278336370222391 0.2374778948451569 0.01953125 0.029282576866764276
0 0.12164277403350095 0.2269127587686453 0.01953125 0.029282576866764276
0 0.10050218436477801 0.2269127587686453 0.01953125 0.029282576866764276
0 0.20999959752072778 0.24966843647190115 0.01953125 0.029282576866764276
0 0.1953638046731503 0.25048113924701737 0.01953125 0.029282576866764276
0 0.20295273429782007 0.2301635698691104 0.01953125 0.029282576866764276
0 0.2186726599489218 0.2269127587686453 0.01953125 0.029282576866764276
0 0.22842985518064007 0.2358524892949244 0.01953125 0.029282576866764276
0 0.22897192158240223 0.2594208697732964 0.01953125 0.029282576866764276
0 0.26637450330398904 0.23341438096957554 0.01953125 0.029282576866764276
0 0.253364909661698 0.2423541114958546 0.01953125 0.029282576866764276
0 0.25715937447403286 0.2301635698691104 0.01953125 0.029282576866764276
0 0.2528228432599358 0.22447465044329645 0.01953125 0.029282576866764276
0 0.24686011284055243 0.21878573101748253 0.01953125 0.029282576866764276
0 0.23981324961764477 0.22284924489306393 0.01953125 0.029282576866764276
0 0.25715937447403286 0.21147140604143602 0.01953125 0.029282576866764276
0 0.23493465200178562 0.20659518939073832 0.01953125 0.029282576866764276
0 0.27396343292865877 0.20822059494097087 0.01953125 0.029282576866764276
0 0.26474830409870265 0.19196653943864528 0.01953125 0.029282576866764276
0 0.2528228432599358 0.1984681616395755 0.01953125 0.029282576866764276
0 0.22300919116301882 0.19196653943864528 0.01953125 0.029282576866764276
0 0.21162579672601411 0.19034113388841273 0.01953125 0.029282576866764276
0 0.20024240228900944 0.18790302556306387 0.01953125 0.029282576866764276
0 0.12218484043526309 0.17936964642434314 0.01953125 0.029282576866764276
0 0.11784830922116607 0.19481099915155242 0.01953125 0.029282576866764276
0 0.13465236767579203 0.20049991857736638 0.01953125 0.029282576866764276
0 0.14928816052336946 0.19887451302713383 0.01953125 0.029282576866764276
0 0.13898889888988905 0.17693153809899428 0.01953125 0.029282576866764276
0 0.12489517244407372 0.1606774825966687 0.01953125 0.029282576866764276
0 0.14115716449693752 0.15336315762062214 0.01953125 0.029282576866764276
0 0.13465236767579203 0.14035991321876168 0.01953125 0.029282576866764276
0 0.15470882454099072 0.17530613254876173 0.01953125 0.029282576866764276
0 0.21704646074363543 0.1663664020224827 0.01953125 0.029282576866764276
0 0.211083730324252 0.1566139687210873 0.01953125 0.029282576866764276
0 0.22897192158240223 0.15905207704643615 0.01953125 0.029282576866764276
0 0.2463180464387903 0.1639282936971338 0.01953125 0.029282576866764276
0 0.23710291760883412 0.1826204575248082 0.01953125 0.029282576866764276
0 0.2381870504123584 0.17124261867318033 0.01953125 0.029282576866764276
0 0.24143944882293117 0.15336315762062214 0.01953125 0.029282576866764276
0 0.22897192158240223 0.1419853187689943 0.01953125 0.029282576866764276
0 0.257701440875795 0.1419853187689943 0.01953125 0.029282576866764276
0 0.24523391363526603 0.14035991321876168 0.01953125 0.029282576866764276
0 0.25878557367931926 0.15742667149620362 0.01953125 0.029282576866764276
0 0.2604117728846056 0.17530613254876173 0.01953125 0.029282576866764276
0 0.1991582694854852 0.15173775207038964 0.01953125 0.029282576866764276
0 0.3151604794625805 0.14442342709434308 0.01953125 0.029282576866764276
0 0.3222073426854881 0.1647409964722501 0.01953125 0.029282576866764276
0 0.2717951673216103 0.14035991321876168 0.01953125 0.029282576866764276
0 0.03857404971266347 0.5374251453430382 0.01953125 0.029282576866764276
0 0.15445816559677938 0.15399598299733133 0.01953125 0.029282576866764276
0 0.15445816559677938 0.1375205111777892 0.01953125 0.029282576866764276
0 0.2183942295328433 0.14051605150861501 0.01953125 0.029282576866764276
0 0.3352773464159602 0.14051605150861501 0.01953125 0.029282576866764276
0 0.3612513723899862 0.1390182813432021 0.01953125 0.029282576866764276
0 0.3782343893730032 0.1360227410123763 0.01953125 0.029282576866764276
0 0.3872253983640121 0.1390182813432021 0.01953125 0.029282576866764276
