0 0.025387515710096373 0.5201905382550545 0.01953125 0.037037037037037035
0 0.04787040916073174 0.43492208309412633 0.01953125 0.037037037037037035
0 0.006814690685658465 0.43492208309412633 0.01953125 0.037037037037037035
0 0.014634827538053395 0.18653136588620475 0.01953125 0.037037037037037035
0 0.06253316575897225 0.2495558762225429 0.01953125 0.037037037037037035
0 0.0889261276358051 0.25697052449740626 0.01953125 0.037037037037037035
0 0.118251640832286 0.22916559346666884 0.01953125 0.037037037037037035
0 0.11043150397989109 0.27550714518456465 0.01953125 0.037037037037037035
0 0.10163385002094684 0.3070194003527338 0.01953125 0.037037037037037035
0 0.05471302890657731 0.3014584141465863 0.01953125 0.037037037037037035
0 0.03711772098868877 0.34038531758961876 0.01953125 0.037037037037037035
0 0.053735511800027946 0.3663365865516404 0.01953125 0.037037037037037035
0 0.15050970534841507 0.305165738284018 0.01953125 0.037037037037037035
0 0.16614997905320492 0.3477999658644821 0.01953125 0.037037037037037035
0 0.1436670856025695 0.41823912447568373 0.01953125 0.037037037037037035
0 0.1641949448401062 0.4794099727433062 0.01953125 0.037037037037037035
0 0.12607177768468095 0.5109222279114753 0.01953125 0.037037037037037035
0 0.21991341991341995 0.49423926929303286 0.01953125 0.037037037037037035
0 0.2453288646837035 0.41267813826953625 0.01953125 0.037037037037037035
0 0.2795419634129312 0.4886782830868854 0.01953125 0.037037037037037035
0 0.190587906716939 0.38301954517008285 0.01953125 0.037037037037037035
0 0.21795838570032122 0.3348243313834714 0.01953125 0.037037037037037035
0 0.2863845831587768 0.3181413727650287 0.01953125 0.037037037037037035
0 0.303002373970116 0.28848277966557545 0.01953125 0.037037037037037035
0 0.346013126658288 0.327409683108608 0.01953125 0.037037037037037035
0 0.3313503700600475 0.3811658831013671 0.01953125 0.037037037037037035
0 0.3284178187403995 0.5795077244539611 0.01953125 0.037037037037037035
0 0.37533863985476895 0.7129713934015011 0.01953125 0.037037037037037035
0 0.44376483731322447 0.6536542072025945 0.01953125 0.037037037037037035
0 0.39293394777265755 0.4849709589494537 0.01953125 0.037037037037037035
0 0.4193269096494904 0.38858053137623033 0.01953125 0.037037037037037035
0 0.4770004189359029 0.38301954517008285 0.01953125 0.037037037037037035
0 0.5053484150258344 0.5201905382550545 0.01953125 0.037037037037037035
0 0.5747521295908394 0.6091663175534144 0.01953125 0.037037037037037035
0 0.7057394218684543 0.3366779934521871 0.01953125 0.037037037037037035
0 0.6725038402457758 0.8130691451121562 0.01953125 0.037037037037037035
0 0.8494344365312108 0.4886782830868854 0.01953125 0.037037037037037035
0 0.8406367825722665 0.8872156278607893 0.01953125 0.037037037037037035
0 0.42519201228878656 0.19209235209235212 0.01953125 0.037037037037037035
0 0.41150677279709547 0.2161899589856581 0.01953125 0.037037037037037035
0 0.3792487082809664 0.22360460726052134 0.01953125 0.037037037037037035
0 0.324507750314202 0.21433629691694212 0.01953125 0.037037037037037035
0 0.3010473397570172 0.2310192555353847 0.01953125 0.037037037037037035
0 0.7741656193269097 0.13833615209959302 0.01953125 0.037037037037037035
0 0.8083787180561375 0.06233600728224377 0.01953125 0.037037037037037035
0 0.7986035469906438 0.1012629107252764 0.01953125 0.037037037037037035
0 0.8298840944002236 0.11979953141243477 0.01953125 0.037037037037037035
0 0.8161988549085324 0.16614108313033055 0.01953125 0.037037037037037035
0 0.8523669878508588 0.17726305554262553 0.01953125 0.037037037037037035
0 0.7898058930316997 0.2532632003599746 0.01953125 0.037037037037037035
0 0.7575478285155706 0.3070194003527338 0.01953125 0.037037037037037035
0 0.7428850719173301 0.3366779934521871 0.01953125 0.037037037037037035
0 0.8650747102360006 0.3811658831013671 0.01953125 0.037037037037037035
0 0.9022203602848766 0.2810681313907121 0.01953125 0.037037037037037035
0 0.9608713866778384 0.2365802417415322 0.01953125 0.037037037037037035
0 0.9833542801284739 0.10867755900013976 0.01953125 0.037037037037037035
0 0.9950844854070663 0.06048234521352804 0.01953125 0.037037037037037035
0 0.935455941907555 0.06418966935095971 0.01953125 0.037037037037037035
0 0.9080854629241727 0.1012629107252764 0.01953125 0.037037037037037035
0 0.9247032537355119 0.14204347623702468 0.01953125 0.037037037037037035
0 0.9051529116045244 0.06048234521352804 0.01953125 0.037037037037037035
0 0.9344784248010056 0.015994455564347993 0.01953125 0.037037037037037035
0 0.8562770562770563 0.04750671073251729 0.01953125 0.037037037037037035
0 0.8777824326211423 0.010433469358200588 0.01953125 0.037037037037037035
0 0.7868733417120515 0.05492135900738043 0.01953125 0.037037037037037035
0 0.7731881022203605 0.034531076251506344 0.01953125 0.037037037037037035
0 0.7595028627286692 0.034531076251506344 0.01953125 0.037037037037037035
0 0.7585253456221199 0.08272629003811806 0.01953125 0.037037037037037035
0 0.7409300377042314 0.10682389693142391 0.01953125 0.037037037037037035
0 0.7438625890238794 0.16243375899289886 0.01953125 0.037037037037037035
0 0.7204021784666946 0.2050679865733631 0.01953125 0.037037037037037035
0 0.6822790113112694 0.16614108313033055 0.01953125 0.037037037037037035
0 0.6900991481636644 0.1216531934811506 0.01953125 0.037037037037037035
0 0.6685937718195784 0.11979953141243477 0.01953125 0.037037037037037035
0 0.6441558441558443 0.14575080037445637 0.01953125 0.037037037037037035
0 0.6607736349671834 0.21989728312308968 0.01953125 0.037037037037037035
0 0.6431783270492949 0.2365802417415322 0.01953125 0.037037037037037035
0 0.624605502024857 0.18467770381748888 0.01953125 0.037037037037037035
0 0.6001675743611228 0.21804362105437383 0.01953125 0.037037037037037035
0 0.6109202625331659 0.3811658831013671 0.01953125 0.037037037037037035
0 0.6392682586230974 0.34038531758961876 0.01953125 0.037037037037037035
0 0.5532467532467533 0.3477999658644821 0.01953125 0.037037037037037035
0 0.5424940650747103 0.28477545552814376 0.01953125 0.037037037037037035
0 0.5024158637061864 0.32370235897117633 0.01953125 0.037037037037037035
0 0.4711353162966066 0.3014584141465863 0.01953125 0.037037037037037035
0 0.49361820974724213 0.2365802417415322 0.01953125 0.037037037037037035
0 0.5356514453288648 0.2310192555353847 0.01953125 0.037037037037037035
0 0.190587906716939 0.27736080725328055 0.01953125 0.037037037037037035
0 0.1739701159055998 0.26253151070355385 0.01953125 0.037037037037037035
0 0.14171205138947077 0.22731193139795303 0.01953125 0.037037037037037035
0 0.16028487641390873 0.1976533382984998 0.01953125 0.037037037037037035
0 0.17983521854489598 0.1976533382984998 0.01953125 0.037037037037037035
0 0.17006004747940237 0.18097037968005722 0.01953125 0.037037037037037035
0 0.16712749615975428 0.22731193139795303 0.01953125 0.037037037037037035
0 0.19352045803658713 0.21248263484822644 0.01953125 0.037037037037037035
0 0.2072056975282782 0.2421412279476797 0.01953125 0.037037037037037035
0 0.22675603965926552 0.24399489001639552 0.01953125 0.037037037037037035
0 0.2453288646837035 0.26623883484098554 0.01953125 0.037037037037037035
0 0.2766094120932831 0.26253151070355385 0.01953125 0.037037037037037035
0 0.24337383047060476 0.21989728312308968 0.01953125 0.037037037037037035
0 0.22382348833961743 0.18097037968005722 0.01953125 0.037037037037037035
0 0.21111576595447565 0.1976533382984998 0.01953125 0.037037037037037035
0 0.20818321463482753 0.17355573140519387 0.01953125 0.037037037037037035
0 0.24923893310990097 0.17726305554262553 0.01953125 0.037037037037037035
0 0.2619466554950427 0.18097037968005722 0.01953125 0.037037037037037035
0 0.2707443094539869 0.18097037968005722 0.01953125 0.037037037037037035
0 0.2883396173718755 0.16614108313033055 0.01953125 0.037037037037037035
0 0.30691244239631343 0.1976533382984998 0.01953125 0.037037037037037035
0 0.2678117581343389 0.22360460726052134 0.01953125 0.037037037037037035
0 0.367862019522222 0.2210663767367117 0.01953125 0.037037037037037035
0 0.3903372686553086 0.1834024278018854 0.01953125 0.037037037037037035
0 0.3939960301420901 0.15862351402897334 0.01953125 0.037037037037037035
0 0.3798836644073614 0.15465888782530743 0.01953125 0.037037037037037035
0 0.3647259382478378 0.16258814023263926 0.01953125 0.037037037037037035
0 0.3673393393098246 0.1903405236583008 0.01953125 0.037037037037037035
0 0.31716203891967776 0.17249970574180412 0.01953125 0.037037037037037035
0 0.3229115212560487 0.13681806990881076 0.01953125 0.037037037037037035
0 0.367862019522222 0.13087113060331187 0.01953125 0.037037037037037035
0 0.38563314674373234 0.1269065043996459 0.01953125 0.037037037037037035
0 0.39242798950489804 0.13483575680697782 0.01953125 0.037037037037037035
0 0.39922283226606375 0.10609221683039984 0.01953125 0.037037037037037035
0 0.38563314674373234 0.10410990372856688 0.01953125 0.037037037037037035
0 0.42901560437271347 0.12195072164506356 0.01953125 0.037037037037037035
0 0.4201300407619583 0.1011364340758174 0.01953125 0.037037037037037035
0 0.4368558075586739 0.1011364340758174 0.01953125 0.037037037037037035
0 0.44730941180662115 0.096180651321235 0.01953125 0.037037037037037035
0 0.45933105669176055 0.08726024236298666 0.01953125 0.037037037037037035
0 0.4608990973289526 0.1269065043996459 0.01953125 0.037037037037037035
0 0.4467867315942238 0.13681806990881076 0.01953125 0.037037037037037035
0 0.4640351786033368 0.0991541209739845 0.01953125 0.037037037037037035
0 0.4849423870992313 0.15763235747805684 0.01953125 0.037037037037037035
0 0.4546269347801843 0.1705173926399711 0.01953125 0.037037037037037035
0 0.49957743304635754 0.12888881750147893 0.01953125 0.037037037037037035
0 0.5319836062149941 0.14375616576522612 0.01953125 0.037037037037037035
0 0.5455732917373255 0.16457045333447226 0.01953125 0.037037037037037035
0 0.5372104083389677 0.1834024278018854 0.01953125 0.037037037037037035
0 0.5466186521621201 0.1269065043996459 0.01953125 0.037037037037037035
0 0.5811155461803461 0.12294187819598 0.01953125 0.037037037037037035
0 0.5905237900034986 0.1209595650941471 0.01953125 0.037037037037037035
0 0.5957505921274723 0.09518949477031854 0.01953125 0.037037037037037035
0 0.5612536981092464 0.09221602511756907 0.01953125 0.037037037037037035
0 0.5534134949232858 0.09717180787215149 0.01953125 0.037037037037037035
0 0.5241434030290336 0.08230445960840424 0.01953125 0.037037037037037035
0 0.5079403164447153 0.09717180787215149 0.01953125 0.037037037037037035
0 0.5011454736835496 0.08527792926115375 0.01953125 0.037037037037037035
0 0.4901691892232049 0.096180651321235 0.01953125 0.037037037037037035
0 0.47239806200169465 0.10410990372856688 0.01953125 0.037037037037037035
0 0.4734434224264893 0.07833983340473841 0.01953125 0.037037037037037035
0 0.4922599100727944 0.06644595479374057 0.01953125 0.037037037037037035
0 0.48389702667443657 0.07833983340473841 0.01953125 0.037037037037037035
0 0.5722299825695909 0.05256976308090981 0.01953125 0.037037037037037035
0 0.55654957619767 0.05256976308090981 0.01953125 0.037037037037037035
0 0.6161351204109694 0.07140173754832299 0.01953125 0.037037037037037035
0 0.6422691310308376 0.07140173754832299 0.01953125 0.037037037037037035
0 0.6469732529424138 0.043649354122661466 0.01953125 0.037037037037037035
0 0.67153922292509 0.046622823775410986 0.01953125 0.037037037037037035
0 0.7102175586424949 0.048605136877243896 0.01953125 0.037037037037037035
0 0.7070814773681106 0.01589697069700006 0.01953125 0.037037037037037035
0 0.6955825126953686 0.023826223104331894 0.01953125 0.037037037037037035
0 0.7316474473507867 0.020852753451582384 0.01953125 0.037037037037037035
0 0.38092902483215607 0.1011364340758174 0.01953125 0.037037037037037035
0 0.3804063446197587 0.1269065043996459 0.01953125 0.037037037037037035
0 0.37204346122140086 0.11104799958498225 0.01953125 0.037037037037037035
0 0.37779294355777193 0.08230445960840424 0.01953125 0.037037037037037035
0 0.39190530929250067 0.07536636375198891 0.01953125 0.037037037037037035
0 0.4546269347801843 0.04067588446991206 0.01953125 0.037037037037037035
0 0.39922283226606375 0.3172085621756104 0.01953125 0.037037037037037035
0 0.4149032386379847 0.2874738656481159 0.01953125 0.037037037037037035
0 0.6623459755329968 0.01933555136847155 0.01953125 0.037037037037037035
0 0.6820826479042355 0.025206387245929315 0.01953125 0.037037037037037035
0 0.635256425219532 0.03474649554679822 0.01953125 0.037037037037037035
0 0.621324656486893 0.025206387245929315 0.01953125 0.037037037037037035
0 0.6445442710412913 0.11033350746906695 0.01953125 0.037037037037037035
0 0.6863395772392086 0.09418870880605813 0.01953125 0.037037037037037035
0 0.8326231489319185 0.005392316159509343 0.01953125 0.037037037037037035
0 0.2796816087138668 0.21088359669004828 0.01953125 0.037037037037037035
0 0.2926686217008798 0.19004517585162745 0.01953125 0.037037037037037035
0 0.3016596306918889 0.1673123531188047 0.01953125 0.037037037037037035
0 0.29966162869388685 0.14836833417478573 0.01953125 0.037037037037037035
0 0.31164964068189877 0.13700192280837442 0.01953125 0.037037037037037035
0 0.23772356675582487 0.1559459417523933 0.01953125 0.037037037037037035
0 0.125835454867713 0.17867876448521602 0.01953125 0.037037037037037035
0 0.09786342689568502 0.2317220175284691 0.01953125 0.037037037037037035
0 0.4654957945280527 0.21846120426765583 0.01953125 0.037037037037037035
0 0.5014598304920886 0.19951718532363696 0.01953125 0.037037037037037035
0 0.40455673358899163 0.07448666029311181 0.01953125 0.037037037037037035
0 0.4140472430795013 0.07746270455947875 0.01953125 0.037037037037037035
0 0.41204924108149926 0.0983011253978996 0.01953125 0.037037037037037035
0 0.4035577325899908 0.0897763168730911 0.01953125 0.037037037037037035
0 0.3655956946279528 0.07177949887627309 0.01953125 0.037037037037037035
0 0.36309819213045036 0.06609629319306737 0.01953125 0.037037037037037035
0 0.3710902001224583 0.05378268087945509 0.01953125 0.037037037037037035
0 0.3640971931294513 0.04999387709065126 0.01953125 0.037037037037037035
0 0.39906222809448627 0.06514909224586646 0.01953125 0.037037037037037035
0 0.4135477425800008 0.06514909224586646 0.01953125 0.037037037037037035
0 0.4140472430795013 0.05283547993225412 0.01953125 0.037037037037037035
0 0.4190422480745063 0.06893789603467024 0.01953125 0.037037037037037035
0 0.42803325706551526 0.06041308750986171 0.01953125 0.037037037037037035
0 0.42853275756501574 0.06799069508746931 0.01953125 0.037037037037037035
0 0.4355257645580228 0.07935710645388068 0.01953125 0.037037037037037035
0 0.44052076955302777 0.07746270455947875 0.01953125 0.037037037037037035
0 0.4430182720505303 0.05378268087945509 0.01953125 0.037037037037037035
0 0.4340272630595212 0.055677082773856974 0.01953125 0.037037037037037035
0 0.4325287615610197 0.04620507330184749 0.01953125 0.037037037037037035
0 0.4530082820405402 0.06136028845706268 0.01953125 0.037037037037037035
0 0.4689922980245562 0.05472988182665606 0.01953125 0.037037037037037035
0 0.4659952950275532 0.07367390077067497 0.01953125 0.037037037037037035
0 0.4585027875350457 0.07746270455947875 0.01953125 0.037037037037037035
0 0.45250878154103974 0.07935710645388068 0.01953125 0.037037037037037035
0 0.4859753150075731 0.04241626951304371 0.01953125 0.037037037037037035
0 0.4779833070155652 0.04904667614345034 0.01953125 0.037037037037037035
0 0.49996132899358714 0.03389146098823525 0.01953125 0.037037037037037035
0 0.5074538364860947 0.03199705909383331 0.01953125 0.037037037037037035
0 0.4994618284940867 0.04999387709065126 0.01953125 0.037037037037037035
0 0.5069543359865942 0.07556830266507687 0.01953125 0.037037037037037035
0 0.5134478424801007 0.07556830266507687 0.01953125 0.037037037037037035
0 0.7482130772453354 0.017654603461055293 0.01953125 0.037037037037037035
0 0.8111501401823983 0.030915416721868552 0.01953125 0.037037037037037035
0 0.7931681222003804 0.019549005355457134 0.01953125 0.037037037037037035
0 0.8131481421804003 0.00818259398904571 0.01953125 0.037037037037037035
0 0.9619992910315492 0.023337809144261003 0.01953125 0.037037037037037035
0 0.970990300022558 0.042281828088279974 0.01953125 0.037037037037037035
0 0.9779833070155651 0.023337809144261003 0.01953125 0.037037037037037035
0 0.7112500402822984 0.15784034364679553 0.01953125 0.037037037037037035
0 0.12084044987270798 0.3738021596086115 0.01953125 0.037037037037037035
