0 0.39314329427869704 0.9729132759823296 0.04106776180698152 0.039525691699604744
0 0.2792406490316866 0.9720220103851815 0.04106776180698152 0.039525691699604744
0 0.20145347666787458 0.9640006200108501 0.04106776180698152 0.039525691699604744
0 0.08569875588839235 0.9800434007595131 0.04106776180698152 0.039525691699604744
0 0.8811651970849941 0.9256761993334882 0.04106776180698152 0.039525691699604744
0 0.33572895277207393 0.8392234364101372 0.04106776180698152 0.039525691699604744
0 0.2588678181744977 0.7955514221498875 0.04106776180698152 0.039525691699604744
0 0.12366630430406253 0.8356583740215453 0.04106776180698152 0.039525691699604744
0 0.18385875910939328 0.7153375184065721 0.04106776180698152 0.039525691699604744
0 0.4042557474735274 0.7581182670696737 0.04106776180698152 0.039525691699604744
0 0.4672263155775658 0.7634658606525613 0.04106776180698152 0.039525691699604744
0 0.38295687885010266 0.8213981244671781 0.04106776180698152 0.039525691699604744
0 0.562608205499859 0.7313802991552352 0.04106776180698152 0.039525691699604744
0 0.6218746225389539 0.7295977679609392 0.04106776180698152 0.039525691699604744
0 0.6385433023311994 0.6574052545919553 0.04106776180698152 0.039525691699604744
0 0.5681644320972742 0.6119507091374099 0.04106776180698152 0.039525691699604744
0 0.3912912187462254 0.6689917073548787 0.04106776180698152 0.039525691699604744
0 0.3273946128759512 0.7117724560179802 0.04106776180698152 0.039525691699604744
0 0.38851310544751777 0.591451600403007 0.04106776180698152 0.039525691699604744
0 0.3320248017071305 0.5620398356971247 0.04106776180698152 0.039525691699604744
0 0.4709304666425091 0.5941253971944509 0.04106776180698152 0.039525691699604744
0 0.5014897129282924 0.5611485700999768 0.04106776180698152 0.039525691699604744
0 0.6190965092402463 0.5344106021855382 0.04106776180698152 0.039525691699604744
0 0.6774368885131052 0.5923428660001551 0.04106776180698152 0.039525691699604744
0 0.693179530539115 0.5504533829342013 0.04106776180698152 0.039525691699604744
0 0.41999838949953705 0.539758195768426 0.04106776180698152 0.039525691699604744
0 0.36258404799291377 0.49608618150817635 0.04106776180698152 0.039525691699604744
0 0.4551878246164996 0.502325040688212 0.04106776180698152 0.039525691699604744
0 0.5181583927205379 0.5041075718825079 0.04106776180698152 0.039525691699604744
0 0.56909046986351 0.4720220103851818 0.04106776180698152 0.039525691699604744
0 0.6755848129806336 0.48984732232814077 0.04106776180698152 0.039525691699604744
0 0.7478157587470307 0.4443927768735953 0.04106776180698152 0.039525691699604744
0 0.809860289084833 0.45776176083081455 0.04106776180698152 0.039525691699604744
0 0.9107984056045414 0.5442145237541657 0.04106776180698152 0.039525691699604744
0 0.9765470870072872 0.5174765558397273 0.04106776180698152 0.039525691699604744
0 0.9756210492410515 0.40428582500193755 0.04106776180698152 0.039525691699604744
0 0.9043161412408904 0.38735177865612647 0.04106776180698152 0.039525691699604744
0 0.693179530539115 0.42032860575060066 0.04106776180698152 0.039525691699604744
0 0.69873575713653 0.35972254514454 0.04106776180698152 0.039525691699604744
0 0.69873575713653 0.3312020460358057 0.04106776180698152 0.039525691699604744
0 0.6515078310585013 0.3534836859645044 0.04106776180698152 0.039525691699604744
0 0.6033538672142368 0.3918081066418662 0.04106776180698152 0.039525691699604744
0 0.48389499536981123 0.4123072153762691 0.04106776180698152 0.039525691699604744
0 0.5070459395257076 0.3998294970161978 0.04106776180698152 0.039525691699604744
0 0.5283448081491323 0.38022165387894286 0.04106776180698152 0.039525691699604744
0 0.5727946209284535 0.35972254514454 0.04106776180698152 0.039525691699604744
0 0.6052059427467085 0.3525924203673565 0.04106776180698152 0.039525691699604744
0 0.6052059427467085 0.32407192125862205 0.04106776180698152 0.039525691699604744
0 0.5487176390063211 0.29911648453847944 0.04106776180698152 0.039525691699604744
0 0.5774248097596327 0.28396496938696425 0.04106776180698152 0.039525691699604744
0 0.6024278294480009 0.2803999069983725 0.04106776180698152 0.039525691699604744
0 0.6450255666948503 0.3196155932728823 0.04106776180698152 0.039525691699604744
0 0.6635463220195674 0.272378516624041 0.04106776180698152 0.039525691699604744
0 0.6329870757337841 0.2652483918468574 0.04106776180698152 0.039525691699604744
0 0.6542859443572089 0.2438580175153066 0.04106776180698152 0.039525691699604744
0 0.6542859443572089 0.21622878400372011 0.04106776180698152 0.039525691699604744
0 0.6376172645649634 0.21712004960086803 0.04106776180698152 0.039525691699604744
0 0.6190965092402463 0.22335890878090375 0.04106776180698152 0.039525691699604744
0 0.6792889640455771 0.22068511198945986 0.04106776180698152 0.039525691699604744
0 0.6959576438378227 0.24831434550104634 0.04106776180698152 0.039525691699604744
0 0.7487417965132663 0.25187940788963814 0.04106776180698152 0.039525691699604744
0 0.7839312316302289 0.2563357358753779 0.04106776180698152 0.039525691699604744
0 0.7959697225912951 0.24474928311245453 0.04106776180698152 0.039525691699604744
0 0.8172685912147198 0.2376191583352709 0.04106776180698152 0.039525691699604744
0 0.7626323630068041 0.2848562349841122 0.04106776180698152 0.039525691699604744
0 0.8080082135523613 0.29555142214988767 0.04106776180698152 0.039525691699604744
0 0.8459757619680315 0.30089901573277533 0.04106776180698152 0.039525691699604744
0 0.8765350082538148 0.3053553437185151 0.04106776180698152 0.039525691699604744
0 0.9228368965656075 0.2875300317755561 0.04106776180698152 0.039525691699604744
0 0.966360671578693 0.2599007982639696 0.04106776180698152 0.039525691699604744
0 0.9802512380722308 0.1841432225063939 0.04106776180698152 0.039525691699604744
0 0.9358014252929097 0.17701309772921037 0.04106776180698152 0.039525691699604744
0 0.88209123485123 0.22870650236379142 0.04106776180698152 0.039525691699604744
0 0.8709787816563995 0.2251414399751996 0.04106776180698152 0.039525691699604744
0 0.7755968917341063 0.2126637216151283 0.04106776180698152 0.039525691699604744
0 0.7107742480975962 0.20553359683794467 0.04106776180698152 0.039525691699604744
0 0.7376293433184361 0.17968689452065414 0.04106776180698152 0.039525691699604744
0 0.7589282119418609 0.1761218321320623 0.04106776180698152 0.039525691699604744
0 0.6941055683053508 0.1627528481748431 0.04106776180698152 0.039525691699604744
0 0.659842170954624 0.16364411377199103 0.04106776180698152 0.039525691699604744
0 0.30794781978499813 0.68146942571495 0.04106776180698152 0.039525691699604744
0 0.523714619317953 0.34011470200728516 0.04106776180698152 0.039525691699604744
0 0.9932157667995327 0.3160505308842905 0.04106776180698152 0.039525691699604744
0 0.7558883923179128 0.11930365031388039 0.04106776180698152 0.039525691699604744
0 0.7452389580062003 0.13089010307680377 0.04106776180698152 0.039525691699604744
0 0.8058944316946491 0.14648725102689286 0.04106776180698152 0.039525691699604744
0 0.7933929218504651 0.12064054870960234 0.04106776180698152 0.039525691699604744
0 0.83923179127914 0.1286619390839339 0.04106776180698152 0.039525691699604744
0 0.8633087732012724 0.09033751840657202 0.04106776180698152 0.039525691699604744
0 0.9387808511494948 0.11217352553669677 0.04106776180698152 0.039525691699604744
0 0.9003502838507067 0.1603018677826861 0.04106776180698152 0.039525691699604744
0 0.9739702862664574 0.12064054870960234 0.04106776180698152 0.039525691699604744
0 0.9684140596690421 0.07652290165077877 0.04106776180698152 0.039525691699604744
0 0.7711680154608044 0.3742056110981943 0.04106776180698152 0.039525691699604744
0 0.7785763175906912 0.10058707277377345 0.04106776180698152 0.039525691699604744
0 0.5836755646817249 0.5805335968379447 0.04106776180698152 0.039525691699604744
0 0.4947759391230826 0.37108618150817635 0.04106776180698152 0.039525691699604744
0 0.5023920217373119 0.7138659346709396 0.04106776180698152 0.039525691699604744
0 0.7577083001670231 0.40506172967750986 0.04106776180698152 0.039525691699604744
0 0.7590736278591605 0.07260443664203027 0.04106776180698152 0.039525691699604744
0 0.774092232472673 0.06997631574846921 0.04106776180698152 0.039525691699604744
0 0.785014854009773 0.05157946949354141 0.04106776180698152 0.039525691699604744
0 0.8150520632367979 0.060777892621005365 0.04106776180698152 0.039525691699604744
0 0.8341666509267227 0.0660341344081275 0.04106776180698152 0.039525691699604744
0 0.8232440293896227 0.0923153433437386 0.04106776180698152 0.039525691699604744
0 0.8177827186210728 0.11334031049222736 0.04106776180698152 0.039525691699604744
0 0.6785192940230484 0.18561363506515777 0.04106776180698152 0.039525691699604744
0 0.7290364186321356 0.12122467317291066 0.04106776180698152 0.039525691699604744
0 0.7454203509377856 0.10019970602442191 0.04106776180698152 0.039525691699604744
0 0.892875741688635 0.056835711280663656 0.04106776180698152 0.039525691699604744
0 0.8546465663087851 0.0620919530677859 0.04106776180698152 0.039525691699604744
0 0.8423586170795475 0.04106698591929704 0.04106776180698152 0.039525691699604744
0 0.8601078770773352 0.04106698591929704 0.04106776180698152 0.039525691699604744
0 0.8587425493851975 0.022670139664369357 0.04106776180698152 0.039525691699604744
0 0.8409932893874101 0.025298260557930424 0.04106776180698152 0.039525691699604744
0 0.8136867355446604 0.010843595643344339 0.04106776180698152 0.039525691699604744
0 0.798668130931148 0.025298260557930424 0.04106776180698152 0.039525691699604744
0 0.8164173909289353 0.03975292547251651 0.04106776180698152 0.039525691699604744
0 0.8191480463132103 0.029240441898272133 0.04106776180698152 0.039525691699604744
0 0.9078943463021473 0.04106698591929704 0.04106776180698152 0.039525691699604744
0 0.9051636909178723 0.023984200111149892 0.04106776180698152 0.039525691699604744
0 0.8764918093829851 0.008215474749783274 0.04106776180698152 0.039525691699604744
0 0.8505505832323726 0.005587353856222096 0.04106776180698152 0.039525691699604744
