0 0.08449882163676 0.9741529184501733 0.01953125 0.03007518796992481
0 0.1293510132779425 0.9663045513550654 0.01953125 0.03007518796992481
0 0.1640095250006744 0.9772922652882163 0.01953125 0.03007518796992481
0 0.1976486687315612 0.9663045513550654 0.01953125 0.03007518796992481
0 0.1313897492616326 0.9066569614322462 0.01953125 0.03007518796992481
0 0.16502889299251947 0.8689847993757287 0.01953125 0.03007518796992481
0 0.18337751684573042 0.8203249233860603 0.01953125 0.03007518796992481
0 0.14464153315561828 0.7983494955197584 0.01953125 0.03007518796992481
0 0.3648250193941504 0.8972389209181167 0.01953125 0.03007518796992481
0 0.39846416312503724 0.9270627158795265 0.01953125 0.03007518796992481
0 0.3811349072636713 0.9647348779360438 0.01953125 0.03007518796992481
0 0.30875977984267233 0.8234642702241036 0.01953125 0.03007518796992481
0 0.3311858756632636 0.8438700246713838 0.01953125 0.03007518796992481
0 0.6665579449802869 0.9788619387072379 0.01953125 0.03007518796992481
0 0.6818484648579629 0.9647348779360438 0.01953125 0.03007518796992481
0 0.669616048955822 0.8956692474990952 0.01953125 0.03007518796992481
0 0.7124295046133144 0.7952101486817155 0.01953125 0.03007518796992481
0 0.6828678328498079 0.8030585157768232 0.01953125 0.03007518796992481
0 0.6298606972738648 0.8297429639001898 0.01953125 0.03007518796992481
0 0.6441318491596957 0.8109068828719311 0.01953125 0.03007518796992481
0 0.5839891376408375 0.8925299006610523 0.01953125 0.03007518796992481
0 0.5483112579262605 0.864275779118664 0.01953125 0.03007518796992481
0 0.49020728239109224 0.9788619387072379 0.01953125 0.03007518796992481
0 0.4575875066520505 0.9490381437458283 0.01953125 0.03007518796992481
0 0.41885152296193845 0.8784028398898581 0.01953125 0.03007518796992481
0 0.26696569217702504 0.9270627158795265 0.01953125 0.03007518796992481
0 0.22924907647875795 0.864275779118664 0.01953125 0.03007518796992481
0 0.2557526442667294 0.8846815335659443 0.01953125 0.03007518796992481
0 0.3138566198018976 0.9568865108409362 0.01953125 0.03007518796992481
0 0.28633368402208115 0.9035176145942031 0.01953125 0.03007518796992481
0 0.13852532520454797 0.8470093715094268 0.01953125 0.03007518796992481
0 0.09265376557152047 0.8705544727947503 0.01953125 0.03007518796992481
0 0.07124703774277429 0.9207840222034404 0.01953125 0.03007518796992481
0 0.046782205938492936 0.9333414095556126 0.01953125 0.03007518796992481
0 0.02027863815052147 0.8171855765480173 0.01953125 0.03007518796992481
0 0.040665997987422625 0.7905011284246508 0.01953125 0.03007518796992481
0 0.013143062207606072 0.7638166803012842 0.01953125 0.03007518796992481
0 0.040665997987422625 0.7371322321779177 0.01953125 0.03007518796992481
0 0.02639484610159183 0.6963207232833571 0.01953125 0.03007518796992481
0 0.03353042204450723 0.642951827036624 0.01953125 0.03007518796992481
0 0.07430514171830944 0.657078887807818 0.01953125 0.03007518796992481
0 0.11609922938395674 0.7010297435404218 0.01953125 0.03007518796992481
0 0.17420320491912494 0.7339928853398746 0.01953125 0.03007518796992481
0 0.2751206361117855 0.7873617815866075 0.01953125 0.03007518796992481
0 0.3617669154186152 0.6476608472936888 0.01953125 0.03007518796992481
0 0.4229289949293186 0.7653863537203057 0.01953125 0.03007518796992481
0 0.44229698677437473 0.8124765562909525 0.01953125 0.03007518796992481
0 0.4769554984971066 0.8705544727947503 0.01953125 0.03007518796992481
0 0.5044784342769231 0.8281732904811683 0.01953125 0.03007518796992481
0 0.5513693619017955 0.7920708018436723 0.01953125 0.03007518796992481
0 0.5809310336653023 0.7920708018436723 0.01953125 0.03007518796992481
0 0.5962215535429781 0.7528289663681333 0.01953125 0.03007518796992481
0 0.631899433257555 0.7528289663681333 0.01953125 0.03007518796992481
0 0.6828678328498079 0.7418412524349824 0.01953125 0.03007518796992481
0 0.7001970887111738 0.7543986397871547 0.01953125 0.03007518796992481
0 0.7236425525236101 0.7591076600442196 0.01953125 0.03007518796992481
0 0.7562623282626518 0.7418412524349824 0.01953125 0.03007518796992481
0 0.7919402079772289 0.7748043942344353 0.01953125 0.03007518796992481
0 0.7684947441647927 0.8093372094529094 0.01953125 0.03007518796992481
0 0.7888821040016938 0.8485790449284484 0.01953125 0.03007518796992481
0 0.7379137044094409 0.8658454525376856 0.01953125 0.03007518796992481
0 0.7654366401892575 0.9035176145942031 0.01953125 0.03007518796992481
0 0.8011145199038344 0.8972389209181167 0.01953125 0.03007518796992481
0 0.8245599837162706 0.8752634930518151 0.01953125 0.03007518796992481
0 0.8551410234716224 0.8532880651855131 0.01953125 0.03007518796992481
0 0.8704315433492982 0.8297429639001898 0.01953125 0.03007518796992481
0 0.8531022874879323 0.7810830879105214 0.01953125 0.03007518796992481
0 0.8184437757652003 0.7795134144914999 0.01953125 0.03007518796992481
0 0.830676191667341 0.7418412524349824 0.01953125 0.03007518796992481
0 0.23944275639720852 0.8187552499670389 0.01953125 0.03007518796992481
0 0.20784234865001178 0.8360216575762759 0.01953125 0.03007518796992481
0 0.08857629360414024 0.8297429639001898 0.01953125 0.03007518796992481
0 0.1303703812697876 0.6963207232833571 0.01953125 0.03007518796992481
0 0.11915733335949194 0.6586485612268397 0.01953125 0.03007518796992481
0 0.14566090114746336 0.6649272549029259 0.01953125 0.03007518796992481
0 0.1629901570088293 0.6303944396844515 0.01953125 0.03007518796992481
0 0.20274550869078653 0.6476608472936888 0.01953125 0.03007518796992481
0 0.19968740471525137 0.6963207232833571 0.01953125 0.03007518796992481
0 0.24352022836458875 0.704169090378465 0.01953125 0.03007518796992481
0 0.2537139082830393 0.7339928853398746 0.01953125 0.03007518796992481
0 0.24250086037274368 0.6460911738746672 0.01953125 0.03007518796992481
0 0.2904111559894614 0.6523698675507534 0.01953125 0.03007518796992481
0 0.27002379615256017 0.6303944396844515 0.01953125 0.03007518796992481
0 0.1701257329517447 0.547201748476309 0.01953125 0.03007518796992481
0 0.11915733335949194 0.6068493383991281 0.01953125 0.03007518796992481
0 0.013143062207606072 0.6366731333605378 0.01953125 0.03007518796992481
0 0.027414214093436865 0.6052796649801067 0.01953125 0.03007518796992481
0 0.04168536597926766 0.5330746877051149 0.01953125 0.03007518796992481
0 0.06513082979170397 0.5409230548002227 0.01953125 0.03007518796992481
0 0.09265376557152047 0.536214034543158 0.01953125 0.03007518796992481
0 0.07226640573461932 0.5048205661627267 0.01953125 0.03007518796992481
0 0.049840309914028096 0.49697219906761897 0.01953125 0.03007518796992481
0 0.5044784342769231 0.7010297435404218 0.01953125 0.03007518796992481
0 0.520788322146444 0.6931813764453141 0.01953125 0.03007518796992481
0 0.5727760897305418 0.668066601740969 0.01953125 0.03007518796992481
0 0.5544274658773307 0.6523698675507534 0.01953125 0.03007518796992481
0 0.5238464261219792 0.6178370523322791 0.01953125 0.03007518796992481
0 0.5452531539507253 0.6178370523322791 0.01953125 0.03007518796992481
0 0.49836222632585275 0.6256854194273869 0.01953125 0.03007518796992481
0 0.4810329704644868 0.6460911738746672 0.01953125 0.03007518796992481
0 0.4586068746438955 0.6351034599415164 0.01953125 0.03007518796992481
0 0.4861298104237121 0.6021403181420635 0.01953125 0.03007518796992481
0 0.49734285833400776 0.511099259838813 0.01953125 0.03007518796992481
0 0.5411756819833451 0.5393533813812013 0.01953125 0.03007518796992481
0 0.6533061610863012 0.7339928853398746 0.01953125 0.03007518796992481
0 0.6665579449802869 0.707308437216508 0.01953125 0.03007518796992481
0 0.6808290968661177 0.704169090378465 0.01953125 0.03007518796992481
0 0.7277200244909903 0.7120174574735727 0.01953125 0.03007518796992481
0 0.7450492803523562 0.7120174574735727 0.01953125 0.03007518796992481
0 0.796017679944609 0.6931813764453141 0.01953125 0.03007518796992481
0 0.8000951519119894 0.7261445182447669 0.01953125 0.03007518796992481
0 0.8581991274471575 0.6853330093502061 0.01953125 0.03007518796992481
0 0.8775671192922134 0.6806239890931415 0.01953125 0.03007518796992481
0 0.8877607992106641 0.7732347208154136 0.01953125 0.03007518796992481
0 0.8816445912595938 0.7418412524349824 0.01953125 0.03007518796992481
0 0.9203805749497058 0.7638166803012842 0.01953125 0.03007518796992481
0 0.9448454067539873 0.7638166803012842 0.01953125 0.03007518796992481
0 0.9101868950312554 0.7418412524349824 0.01953125 0.03007518796992481
0 0.9315936228600015 0.6931813764453141 0.01953125 0.03007518796992481
0 0.9163031029823258 0.6476608472936888 0.01953125 0.03007518796992481
0 0.8979544791291146 0.6351034599415164 0.01953125 0.03007518796992481
0 0.8826639592514388 0.6617879080648829 0.01953125 0.03007518796992481
0 0.9479035107295225 0.6790543156741199 0.01953125 0.03007518796992481
0 0.9366904628192269 0.6272550928464085 0.01953125 0.03007518796992481
0 0.9356710948273819 0.5597591358284814 0.01953125 0.03007518796992481
0 0.9703296065501137 0.6790543156741199 0.01953125 0.03007518796992481
0 0.99581380634624 0.6853330093502061 0.01953125 0.03007518796992481
0 0.957077822656128 0.9097963082702893 0.01953125 0.03007518796992481
0 0.9254774149089312 0.9647348779360438 0.01953125 0.03007518796992481
0 0.922419310933396 0.9207840222034404 0.01953125 0.03007518796992481
0 0.868392807365608 0.8988085943371384 0.01953125 0.03007518796992481
0 0.7695141121566377 0.9710135716121302 0.01953125 0.03007518796992481
0 0.9978525423299301 0.9333414095556126 0.01953125 0.03007518796992481
0 0.9366904628192269 0.8423003512523622 0.01953125 0.03007518796992481
0 0.9132449990067906 0.8344519841572545 0.01953125 0.03007518796992481
0 0.9295548868763114 0.7920708018436723 0.01953125 0.03007518796992481
0 0.883683327243284 0.561328809247503 0.01953125 0.03007518796992481
0 0.7909208399853838 0.5330746877051149 0.01953125 0.03007518796992481
0 0.7868433680180036 0.5628984826665245 0.01953125 0.03007518796992481
0 0.7603398002300321 0.5691771763426108 0.01953125 0.03007518796992481
0 0.4575875066520505 0.6790543156741199 0.01953125 0.03007518796992481
0 0.45554877066836036 0.7088781106355296 0.01953125 0.03007518796992481
0 0.4535100346846704 0.7465502726920471 0.01953125 0.03007518796992481
0 0.46880055456234615 0.7983494955197584 0.01953125 0.03007518796992481
0 0.4942847543584726 0.7983494955197584 0.01953125 0.03007518796992481
0 0.3852123792310515 0.7151568043116159 0.01953125 0.03007518796992481
0 0.40254163509241747 0.6931813764453141 0.01953125 0.03007518796992481
0 0.3301665076714185 0.6523698675507534 0.01953125 0.03007518796992481
0 0.411715947019023 0.6288247662654302 0.01953125 0.03007518796992481
0 0.4382195148069944 0.6303944396844515 0.01953125 0.03007518796992481
0 0.4433163547662197 0.5032508927437053 0.01953125 0.03007518796992481
0 0.5034590662850781 0.48441481171544654 0.01953125 0.03007518796992481
0 0.25677201225857443 0.5377837079621796 0.01953125 0.03007518796992481
0 0.21599729258477224 0.5252263206100071 0.01953125 0.03007518796992481
0 0.23740402041351844 0.5393533813812013 0.01953125 0.03007518796992481
0 0.18949372479680082 0.5330746877051149 0.01953125 0.03007518796992481
0 0.6614611050210616 0.5550501155714167 0.01953125 0.03007518796992481
0 0.6257832253064847 0.547201748476309 0.01953125 0.03007518796992481
0 0.6553448970699913 0.6460911738746672 0.01953125 0.03007518796992481
0 0.6206863853472594 0.6963207232833571 0.01953125 0.03007518796992481
0 0.5952021855511329 0.6460911738746672 0.01953125 0.03007518796992481
0 0.6023377614940484 0.5958616244659772 0.01953125 0.03007518796992481
0 0.5819504016571473 0.6099886852371713 0.01953125 0.03007518796992481
0 0.6288413292820199 0.6084190118181497 0.01953125 0.03007518796992481
0 0.6716547849395123 0.6256854194273869 0.01953125 0.03007518796992481
0 0.7134488726051594 0.6931813764453141 0.01953125 0.03007518796992481
0 0.7052939286703992 0.653939540969775 0.01953125 0.03007518796992481
0 0.6940808807601035 0.6303944396844515 0.01953125 0.03007518796992481
0 0.7267006564991453 0.6021403181420635 0.01953125 0.03007518796992481
0 0.7470880163360464 0.6021403181420635 0.01953125 0.03007518796992481
0 0.7888821040016938 0.6492305207127103 0.01953125 0.03007518796992481
0 0.8092694638385949 0.6492305207127103 0.01953125 0.03007518796992481
0 0.7511654883034267 0.6712059485790123 0.01953125 0.03007518796992481
0 0.8408698715857916 0.536214034543158 0.01953125 0.03007518796992481
0 0.8286374556836508 0.5173779535148993 0.01953125 0.03007518796992481
0 0.866354071381918 0.5299353408670717 0.01953125 0.03007518796992481
0 0.9122256310149454 0.5440624016382659 0.01953125 0.03007518796992481
0 0.9662521345827334 0.5267959940290285 0.01953125 0.03007518796992481
0 0.9387291988029169 0.4954025256485974 0.01953125 0.03007518796992481
0 0.9173224709741707 0.47185742436327405 0.01953125 0.03007518796992481
0 0.8948963751535794 0.48598448513446807 0.01953125 0.03007518796992481
0 0.8286374556836508 0.4231975483736057 0.01953125 0.03007518796992481
0 0.8561603914634673 0.47185742436327405 0.01953125 0.03007518796992481
0 0.8378117676102564 0.46714840410620934 0.01953125 0.03007518796992481
0 0.8347536636347213 0.49383285222957585 0.01953125 0.03007518796992481
0 0.8153856717896651 0.49383285222957585 0.01953125 0.03007518796992481
0 0.7888821040016938 0.5048205661627267 0.01953125 0.03007518796992481
0 0.7705334801484827 0.49383285222957585 0.01953125 0.03007518796992481
0 0.8439279755613267 0.6241157460083654 0.01953125 0.03007518796992481
0 0.8694121753574532 0.6256854194273869 0.01953125 0.03007518796992481
0 0.994794438354395 0.561328809247503 0.01953125 0.03007518796992481
0 0.9815426544604092 0.5409230548002227 0.01953125 0.03007518796992481
0 0.9876588624114797 0.5001115459056621 0.01953125 0.03007518796992481
0 0.9968331743380852 0.5330746877051149 0.01953125 0.03007518796992481
0 0.978484550484874 0.4749967712013171 0.01953125 0.03007518796992481
0 0.9631940306071982 0.46714840410620934 0.01953125 0.03007518796992481
0 0.9519809826969026 0.4514516699159937 0.01953125 0.03007518796992481
0 0.9479035107295225 0.4231975483736057 0.01953125 0.03007518796992481
0 0.9315936228600015 0.4279065686306704 0.01953125 0.03007518796992481
0 0.9030513190883399 0.4231975483736057 0.01953125 0.03007518796992481
0 0.9193612069578608 0.368258978707851 0.01953125 0.03007518796992481
0 0.9438260387621421 0.404361467345347 0.01953125 0.03007518796992481
0 0.959116558639818 0.3808163660600235 0.01953125 0.03007518796992481
0 0.99377507036255 0.42005820153556256 0.01953125 0.03007518796992481
0 0.99377507036255 0.36198028503176477 0.01953125 0.03007518796992481
0 0.9917363343788598 0.2960540014328592 0.01953125 0.03007518796992481
0 0.15177710909853367 0.5173779535148993 0.01953125 0.03007518796992481
0 0.11406049340026662 0.5519107687333735 0.01953125 0.03007518796992481
0 0.13648658922085788 0.511099259838813 0.01953125 0.03007518796992481
0 0.13240911725347765 0.47185742436327405 0.01953125 0.03007518796992481
0 0.09673123753890067 0.48598448513446807 0.01953125 0.03007518796992481
0 0.05697588585694349 0.4593000370111015 0.01953125 0.03007518796992481
0 0.01925927015867643 0.46714840410620934 0.01953125 0.03007518796992481
0 0.010084958232070916 0.48127546487740336 0.01953125 0.03007518796992481
0 0.027414214093436865 0.47185742436327405 0.01953125 0.03007518796992481
0 0.03760789401188742 0.41534918127849785 0.01953125 0.03007518796992481
0 0.02129800614236655 0.43418526230675664 0.01953125 0.03007518796992481
0 0.014162430199451155 0.4231975483736057 0.01953125 0.03007518796992481
0 0.006007486264690721 0.4373246091447997 0.01953125 0.03007518796992481
0 0.015181798191296192 0.3839557128980666 0.01953125 0.03007518796992481
0 0.0386272620037325 0.4012221205073038 0.01953125 0.03007518796992481
0 0.08857629360414024 0.39337375341219605 0.01953125 0.03007518796992481
0 0.06716956577539404 0.4122098344404548 0.01953125 0.03007518796992481
0 0.07838261368568968 0.43418526230675664 0.01953125 0.03007518796992481
0 0.12425417331871717 0.41534918127849785 0.01953125 0.03007518796992481
0 0.15789331704960408 0.7198658245686805 0.01953125 0.03007518796992481
0 0.28531431603023605 0.9772922652882163 0.01953125 0.03007518796992481
0 0.09902481552055203 0.4553758534635477 0.01953125 0.03007518796992481
0 0.12297996332891084 0.4404639559828429 0.01953125 0.03007518796992481
0 0.16120626302310048 0.41456434456898716 0.01953125 0.03007518796992481
0 0.16171594701902298 0.3878798964456206 0.01953125 0.03007518796992481
0 0.13776079921066417 0.3918040799931745 0.01953125 0.03007518796992481
0 0.12705743529629107 0.39101924328366366 0.01953125 0.03007518796992481
0 0.12043154334929823 0.37061348883638345 0.01953125 0.03007518796992481
0 0.10157323550016469 0.3768921825124697 0.01953125 0.03007518796992481
0 0.08781176761025644 0.35805610148421096 0.01953125 0.03007518796992481
0 0.07506966771219323 0.37453767238393737 0.01953125 0.03007518796992481
0 0.07506966771219323 0.34392904071301683 0.01953125 0.03007518796992481
0 0.14285763916988944 0.32587779639426895 0.01953125 0.03007518796992481
0 0.15865784304348782 0.3054720419469887 0.01953125 0.03007518796992481
0 0.14489637515357956 0.27407857356655746 0.01953125 0.03007518796992481
0 0.12450901531667846 0.29056014446628387 0.01953125 0.03007518796992481
0 0.09902481552055203 0.2960540014328593 0.01953125 0.03007518796992481
0 0.08577303162656631 0.29762367485188085 0.01953125 0.03007518796992481
0 0.0913795555817141 0.2583818393763419 0.01953125 0.03007518796992481
0 0.046017679944609126 0.2489637988622125 0.01953125 0.03007518796992481
0 0.043978943960919004 0.22384902415786753 0.01953125 0.03007518796992481
0 0.03633368402208109 0.2850662874997084 0.01953125 0.03007518796992481
0 0.016965692177025017 0.29840851156139164 0.01953125 0.03007518796992481
0 0.018494744164792597 0.34314420400350615 0.01953125 0.03007518796992481
0 0.03633368402208109 0.3768921825124697 0.01953125 0.03007518796992481
0 0.03327558004654591 0.197164576034501 0.01953125 0.03007518796992481
0 0.01798506016887008 0.18853137222988242 0.01953125 0.03007518796992481
0 0.009320432238187104 0.18382235197281777 0.01953125 0.03007518796992481
0 0.009320432238187104 0.1587075772684728 0.01953125 0.03007518796992481
0 0.005752644266729405 0.1265292721785308 0.01953125 0.03007518796992481
0 0.022062532136250295 0.12025057850244453 0.01953125 0.03007518796992481
0 0.042959575969073946 0.19951908616303335 0.01953125 0.03007518796992481
0 0.061308199822284956 0.2057977798391196 0.01953125 0.03007518796992481
0 0.057740411850827254 0.18225267855379618 0.01953125 0.03007518796992481
0 0.06436630379782013 0.16420143423504824 0.01953125 0.03007518796992481
0 0.07099219574481298 0.1767588215872207 0.01953125 0.03007518796992481
0 0.07710840369588334 0.13045345572608474 0.01953125 0.03007518796992481
0 0.08577303162656631 0.09199645696005648 0.01953125 0.03007518796992481
0 0.098005447528707 0.09199645696005648 0.01953125 0.03007518796992481
0 0.10157323550016469 0.16420143423504824 0.01953125 0.03007518796992481
0 0.08985050359394652 0.16420143423504824 0.01953125 0.03007518796992481
0 0.08577303162656631 0.1861768621013501 0.01953125 0.03007518796992481
0 0.08271492765103113 0.20265843300107647 0.01953125 0.03007518796992481
0 0.10972817943492513 0.19951908616303335 0.01953125 0.03007518796992481
0 0.10055386750831961 0.20422810642009803 0.01953125 0.03007518796992481
0 0.11635407138191799 0.1783284950062423 0.01953125 0.03007518796992481
0 0.11635407138191799 0.21521582035324893 0.01953125 0.03007518796992481
0 0.11737343937376307 0.14693502662581104 0.01953125 0.03007518796992481
0 0.11074754742677016 0.09749031392663195 0.01953125 0.03007518796992481
0 0.17751615089262135 0.27721792040460064 0.01953125 0.03007518796992481
0 0.15559973906795266 0.2050129431296088 0.01953125 0.03007518796992481
0 0.1764967829007763 0.19951908616303335 0.01953125 0.03007518796992481
0 0.19280667077029723 0.21286131022471663 0.01953125 0.03007518796992481
0 0.17139994294155103 0.1335928025641278 0.01953125 0.03007518796992481
0 0.16018689503125544 0.12025057850244453 0.01953125 0.03007518796992481
0 0.17241931093339607 0.11083253798831522 0.01953125 0.03007518796992481
0 0.14030921919027683 0.10533868102173974 0.01953125 0.03007518796992481
0 0.13979953519435429 0.16498627094455906 0.01953125 0.03007518796992481
0 0.19025825079068456 0.31018106220405334 0.01953125 0.03007518796992481
0 0.18210330685592413 0.32587779639426895 0.01953125 0.03007518796992481
0 0.1759870989048538 0.3478532242605708 0.01953125 0.03007518796992481
0 0.1877098308110719 0.3423593672939954 0.01953125 0.03007518796992481
0 0.19229698677437468 0.3690438154173619 0.01953125 0.03007518796992481
0 0.1912776187825296 0.40750081418339007 0.01953125 0.03007518796992481
0 0.18006457087223401 0.40279179392632547 0.01953125 0.03007518796992481
0 0.2055487706683604 0.37296799896491584 0.01953125 0.03007518796992481
0 0.16936120695786092 0.5142386066768563 0.01953125 0.03007518796992481
0 0.17904520288038892 0.48990866868202204 0.01953125 0.03007518796992481
0 0.1744580469170862 0.46793324081572024 0.01953125 0.03007518796992481
0 0.15559973906795266 0.48598448513446807 0.01953125 0.03007518796992481
0 0.20656813866020549 0.496972199067619 0.01953125 0.03007518796992481
0 0.23205233845633186 0.5048205661627269 0.01953125 0.03007518796992481
0 0.2743561101179017 0.44360330282088606 0.01953125 0.03007518796992481
0 0.2850594740322748 0.41534918127849785 0.01953125 0.03007518796992481
0 0.31360177780393633 0.4404639559828429 0.01953125 0.03007518796992481
0 0.3452021855511331 0.42241271166409494 0.01953125 0.03007518796992481
0 0.3232857737264644 0.4129946711499655 0.01953125 0.03007518796992481
0 0.3273632456938446 0.3776770192219804 0.01953125 0.03007518796992481
0 0.3212470377427743 0.3486380609700816 0.01953125 0.03007518796992481
0 0.3039177818814084 0.3619802850317649 0.01953125 0.03007518796992481
0 0.2840401060404298 0.36982865212687266 0.01953125 0.03007518796992481
0 0.29117568198334515 0.38866473315513134 0.01953125 0.03007518796992481
0 0.3064662018610209 0.3965131002502392 0.01953125 0.03007518796992481
0 0.2626333782116836 0.41064016102143325 0.01953125 0.03007518796992481
0 0.2549881182728456 0.4004372837977931 0.01953125 0.03007518796992481
0 0.24071696638701484 0.37296799896491584 0.01953125 0.03007518796992481
0 0.23816854640740223 0.36041061161274335 0.01953125 0.03007518796992481
0 0.21931023855826864 0.38081636606002356 0.01953125 0.03007518796992481
0 0.22695549849710658 0.40750081418339007 0.01953125 0.03007518796992481
0 0.21931023855826864 0.43261558888773505 0.01953125 0.03007518796992481
0 0.21880055456234615 0.33608067361790916 0.01953125 0.03007518796992481
0 0.2121746626153533 0.2850662874997084 0.01953125 0.03007518796992481
0 0.2126843466112758 0.25759700266683105 0.01953125 0.03007518796992481
0 0.25294938228915553 0.2850662874997084 0.01953125 0.03007518796992481
0 0.2626333782116836 0.29997818498041323 0.01953125 0.03007518796992481
0 0.25243969829323304 0.31018106220405334 0.01953125 0.03007518796992481
0 0.23511044243186702 0.31959910271818276 0.01953125 0.03007518796992481
0 0.1851614108314593 0.29762367485188085 0.01953125 0.03007518796992481
0 0.07201156373665807 0.3125355723325857 0.01953125 0.03007518796992481
0 0.011868852217799743 0.27093922672851434 0.01953125 0.03007518796992481
0 0.1326639592514389 0.211291636805695 0.01953125 0.03007518796992481
0 0.13827048320658672 0.19794941274401173 0.01953125 0.03007518796992481
0 0.29474346995480283 0.3454987141320385 0.01953125 0.03007518796992481
0 0.279452950077127 0.3486380609700816 0.01953125 0.03007518796992481
0 0.29831125792626056 0.3290171432323121 0.01953125 0.03007518796992481
0 0.3105436738284012 0.34706838755106006 0.01953125 0.03007518796992481
0 0.30034999390995065 0.31959910271818276 0.01953125 0.03007518796992481
0 0.31156304182024624 0.2960540014328593 0.01953125 0.03007518796992481
0 0.2952531539507254 0.28663596091872995 0.01953125 0.03007518796992481
0 0.29474346995480283 0.24346994189563706 0.01953125 0.03007518796992481
0 0.29372410196295773 0.22698837099591068 0.01953125 0.03007518796992481
0 0.2677302181709088 0.22227935073884592 0.01953125 0.03007518796992481
0 0.24530412235031762 0.22463386086737827 0.01953125 0.03007518796992481
0 0.25549780226876817 0.22541869757688912 0.01953125 0.03007518796992481
0 0.3778219612901749 0.42790656863067045 0.01953125 0.03007518796992481
0 0.40330616108630135 0.4553758534635477 0.01953125 0.03007518796992481
0 0.45529392867039914 0.4781361180393603 0.01953125 0.03007518796992481
0 0.4700747645521525 0.4624393838491447 0.01953125 0.03007518796992481
0 0.4843459164379833 0.46793324081572024 0.01953125 0.03007518796992481
0 0.4700747645521525 0.4310459154687135 0.01953125 0.03007518796992481
0 0.478229708486913 0.40357663063583626 0.01953125 0.03007518796992481
0 0.47619097250322284 0.38081636606002356 0.01953125 0.03007518796992481
0 0.45427456067855415 0.36041061161274335 0.01953125 0.03007518796992481
0 0.42930004487835033 0.3454987141320385 0.01953125 0.03007518796992481
0 0.41451920899659694 0.3486380609700816 0.01953125 0.03007518796992481
0 0.4063642650618365 0.3454987141320385 0.01953125 0.03007518796992481
0 0.3941318491596958 0.3619802850317649 0.01953125 0.03007518796992481
0 0.3783316452860974 0.37453767238393737 0.01953125 0.03007518796992481
0 0.3660992293839568 0.3564864280651894 0.01953125 0.03007518796992481
0 0.3732348053268722 0.33608067361790916 0.01953125 0.03007518796992481
0 0.35437649747773864 0.3321564900703552 0.01953125 0.03007518796992481
0 0.33347945364491494 0.3400048571654629 0.01953125 0.03007518796992481
0 0.3783316452860974 0.254457655828788 0.01953125 0.03007518796992481
0 0.38903500920047057 0.2411154317671047 0.01953125 0.03007518796992481
0 0.3717057533391046 0.2387609216385724 0.01953125 0.03007518796992481
0 0.37578322530648484 0.22463386086737827 0.01953125 0.03007518796992481
0 0.36049270542880896 0.23248222796248616 0.01953125 0.03007518796992481
0 0.3574346014532738 0.22149451402933518 0.01953125 0.03007518796992481
0 0.34112471358375285 0.2207096773198244 0.01953125 0.03007518796992481
0 0.3365375576204501 0.2089371266771627 0.01953125 0.03007518796992481
0 0.3222664057346193 0.21443098364373822 0.01953125 0.03007518796992481
0 0.3273632456938446 0.1948100659059687 0.01953125 0.03007518796992481
0 0.3324600856530699 0.17597398487770996 0.01953125 0.03007518796992481
0 0.31767924977131656 0.17283463803966684 0.01953125 0.03007518796992481
0 0.29882094192218306 0.20422810642009803 0.01953125 0.03007518796992481
0 0.2886272620037325 0.1869616988108608 0.01953125 0.03007518796992481
0 0.29780157393033796 0.1689104544921129 0.01953125 0.03007518796992481
0 0.2687495861627539 0.18225267855379618 0.01953125 0.03007518796992481
0 0.2565171702606132 0.1869616988108608 0.01953125 0.03007518796992481
0 0.23765886241147968 0.17126496462064522 0.01953125 0.03007518796992481
0 0.2305232864685643 0.18382235197281777 0.01953125 0.03007518796992481
0 0.18669046281922685 0.16341659752553744 0.01953125 0.03007518796992481
0 0.19382603876214227 0.1861768621013501 0.01953125 0.03007518796992481
0 0.21319403060719833 0.17989816842526385 0.01953125 0.03007518796992481
0 0.22032960655011374 0.15242888359238652 0.01953125 0.03007518796992481
0 0.21625213458273349 0.12574443546902 0.01953125 0.03007518796992481
0 0.2305232864685643 0.09984482405516427 0.01953125 0.03007518796992481
0 0.23918791439924728 0.13830182282119247 0.01953125 0.03007518796992481
0 0.2549881182728456 0.1280989455975523 0.01953125 0.03007518796992481
0 0.2575365382524583 0.15556823043042964 0.01953125 0.03007518796992481
0 0.3288922976816122 0.15085921017336498 0.01953125 0.03007518796992481
0 0.3268535616979221 0.13045345572608474 0.01953125 0.03007518796992481
0 0.3283826136856897 0.09984482405516427 0.01953125 0.03007518796992481
0 0.2860788420241198 0.14928953675434337 0.01953125 0.03007518796992481
0 0.3579442854491963 0.20030392287254417 0.01953125 0.03007518796992481
0 0.35896365344104136 0.1861768621013501 0.01953125 0.03007518796992481
0 0.35386681348181603 0.16341659752553744 0.01953125 0.03007518796992481
0 0.40330616108630135 0.2780027571141114 0.01953125 0.03007518796992481
0 0.40585458106591393 0.2528879824097664 0.01953125 0.03007518796992481
0 0.41910636495989967 0.30704171536601027 0.01953125 0.03007518796992481
0 0.43082909686611787 0.30311753181845635 0.01953125 0.03007518796992481
0 0.4496874047152514 0.31096589891356413 0.01953125 0.03007518796992481
0 0.453255192686709 0.29212981788530545 0.01953125 0.03007518796992481
0 0.43439688483757544 0.25759700266683105 0.01953125 0.03007518796992481
0 0.4247128889150476 0.21914000390080288 0.01953125 0.03007518796992481
0 0.4104417370292167 0.22934288112444298 0.01953125 0.03007518796992481
0 0.40942236903737167 0.20030392287254417 0.01953125 0.03007518796992481
0 0.40840300104552657 0.18382235197281777 0.01953125 0.03007518796992481
0 0.39617058514338593 0.1861768621013501 0.01953125 0.03007518796992481
0 0.38291880124940025 0.2057977798391196 0.01953125 0.03007518796992481
0 0.3717057533391046 0.19637973932499023 0.01953125 0.03007518796992481
0 0.37476385731463974 0.1853920253918393 0.01953125 0.03007518796992481
0 0.37731227729425243 0.17204980133015602 0.01953125 0.03007518796992481
0 0.37578322530648484 0.16106208739700512 0.01953125 0.03007518796992481
0 0.35437649747773864 0.293699491304327 0.01953125 0.03007518796992481
0 0.31971798575500676 0.28192694066166524 0.01953125 0.03007518796992481
0 0.3564152334614287 0.13123829243559545 0.01953125 0.03007518796992481
0 0.3569249174573512 0.11397188482635828 0.01953125 0.03007518796992481
0 0.36355080940434414 0.44438813953039674 0.01953125 0.03007518796992481
0 0.4073836330536816 0.3918040799931745 0.01953125 0.03007518796992481
0 0.424203204919125 0.3800315293505129 0.01953125 0.03007518796992481
0 0.42012573295174466 0.39886761037877155 0.01953125 0.03007518796992481
0 0.43388720084165305 0.41064016102143325 0.01953125 0.03007518796992481
0 0.478229708486913 0.2944843280138377 0.01953125 0.03007518796992481
0 0.4665069765806948 0.2489637988622125 0.01953125 0.03007518796992481
0 0.4456099327478711 0.2301277178339538 0.01953125 0.03007518796992481
0 0.40075774110668866 0.15085921017336498 0.01953125 0.03007518796992481
0 0.4063642650618365 0.11632639495489068 0.01953125 0.03007518796992481
0 0.39617058514338593 0.09984482405516427 0.01953125 0.03007518796992481
0 0.3931124811678508 0.11632639495489068 0.01953125 0.03007518796992481
0 0.371196069343182 0.09749031392663195 0.01953125 0.03007518796992481
0 0.3492796575185133 0.08493292657445943 0.01953125 0.03007518796992481
0 0.34061502958783035 0.08414808986494869 0.01953125 0.03007518796992481
0 0.09902481552055203 0.14144116965923564 0.01953125 0.03007518796992481
0 0.4960686483442014 0.43653977243528896 0.01953125 0.03007518796992481
0 0.4904621243890536 0.3478532242605708 0.01953125 0.03007518796992481
0 0.49555896434827895 0.3235232862657366 0.01953125 0.03007518796992481
0 0.45682298065816673 0.33686551032741985 0.01953125 0.03007518796992481
0 0.48332654844613815 0.23797608492906158 0.01953125 0.03007518796992481
0 0.49555896434827895 0.23248222796248616 0.01953125 0.03007518796992481
0 0.738933072401286 0.5158082800958776 0.01953125 0.03007518796992481
0 0.7588107482422646 0.5126689332578346 0.01953125 0.03007518796992481
0 0.7328168644502157 0.4867693218439788 0.01953125 0.03007518796992481
0 0.7144682405970046 0.5228718104814747 0.01953125 0.03007518796992481
0 0.7297587604746805 0.5424927282192442 0.01953125 0.03007518796992481
0 0.6925518287723359 0.4954025256485974 0.01953125 0.03007518796992481
0 0.6961196167437936 0.48049062816789256 0.01953125 0.03007518796992481
0 0.6767516248987375 0.47342709778229547 0.01953125 0.03007518796992481
0 0.6568739490577591 0.4169188546975194 0.01953125 0.03007518796992481
0 0.575834193706077 0.4114249977309439 0.01953125 0.03007518796992481
0 0.5870472416163727 0.36198028503176477 0.01953125 0.03007518796992481
0 0.6268025932983299 0.43575493572577806 0.01953125 0.03007518796992481
0 0.6069249174573512 0.41927336482605176 0.01953125 0.03007518796992481
0 0.7312878124624481 0.35648642806518926 0.01953125 0.03007518796992481
0 0.6991777207193288 0.3541319179366569 0.01953125 0.03007518796992481
0 0.757281696254497 0.4059311407643684 0.01953125 0.03007518796992481
0 0.7751206361117855 0.4129946711499655 0.01953125 0.03007518796992481
0 0.7822562120547009 0.4522365066255046 0.01953125 0.03007518796992481
0 0.8067210438589822 0.3478532242605707 0.01953125 0.03007518796992481
0 0.7741012681199404 0.33529583690839826 0.01953125 0.03007518796992481
0 0.85667007545939 0.3894495698646421 0.01953125 0.03007518796992481
0 0.8561603914634673 0.35962577490323244 0.01953125 0.03007518796992481
0 0.828637455683651 0.3737528356744264 0.01953125 0.03007518796992481
0 0.8954060591495022 0.4279065686306704 0.01953125 0.03007518796992481
0 0.9020319510964949 0.3784618559314911 0.01953125 0.03007518796992481
0 0.9061094230638752 0.33451100019888746 0.01953125 0.03007518796992481
0 0.8857220632269741 0.32352328626573656 0.01953125 0.03007518796992481
0 0.8059565178650985 0.3046872052374778 0.01953125 0.03007518796992481
0 0.7993306259181056 0.3031175318184562 0.01953125 0.03007518796992481
0 0.8166598817794716 0.2544576558287878 0.01953125 0.03007518796992481
0 0.8431634495674429 0.2905601444662837 0.01953125 0.03007518796992481
0 0.8574346014532738 0.292914654594816 0.01953125 0.03007518796992481
0 0.8533571294858936 0.25759700266683094 0.01953125 0.03007518796992481
0 0.8436731335633656 0.2615211862143848 0.01953125 0.03007518796992481
0 0.8390859776000628 0.24660928873368002 0.01953125 0.03007518796992481
0 0.8064662018610209 0.23797608492906142 0.01953125 0.03007518796992481
0 0.7840401060404298 0.24503961531465843 0.01953125 0.03007518796992481
0 0.7850594740322748 0.2277732077054213 0.01953125 0.03007518796992481
0 0.7641624301994511 0.23876092163857224 0.01953125 0.03007518796992481
0 0.7504009623095429 0.2615211862143848 0.01953125 0.03007518796992481
0 0.7305232864685642 0.27250890014753576 0.01953125 0.03007518796992481
0 0.7458138063462402 0.30861138878503164 0.01953125 0.03007518796992481
0 0.7259361305052615 0.3274474698132904 0.01953125 0.03007518796992481
0 0.7376588624114797 0.31410524575160703 0.01953125 0.03007518796992481
0 0.717781186570501 0.29997818498041307 0.01953125 0.03007518796992481
0 0.7223683425338039 0.2662302064714495 0.01953125 0.03007518796992481
0 0.7198199225541911 0.23797608492906142 0.01953125 0.03007518796992481
0 0.7325620224522543 0.22698837099591046 0.01953125 0.03007518796992481
0 0.7295039184767192 0.20344326971058713 0.01953125 0.03007518796992481
0 0.7009616147050576 0.2301277178339536 0.01953125 0.03007518796992481
0 0.6917873027784521 0.22698837099591046 0.01953125 0.03007518796992481
0 0.6790452028803889 0.23640641151003988 0.01953125 0.03007518796992481
0 0.6907679347866071 0.271724063438025 0.01953125 0.03007518796992481
0 0.6591675270394104 0.25916667608585253 0.01953125 0.03007518796992481
0 0.6581481590475652 0.19088588235841464 0.01953125 0.03007518796992481
0 0.634702695235129 0.19951908616303324 0.01953125 0.03007518796992481
0 0.6296058552759037 0.15792274055896183 0.01953125 0.03007518796992481
0 0.6438770071617346 0.15792274055896183 0.01953125 0.03007518796992481
0 0.6459157431454245 0.1210354152119552 0.01953125 0.03007518796992481
0 0.6673224709741707 0.15007437346385405 0.01953125 0.03007518796992481
0 0.6821033068559241 0.15792274055896183 0.01953125 0.03007518796992481
0 0.6979035107295225 0.15399855701140788 0.01953125 0.03007518796992481
0 0.6861807788233043 0.12652927217853066 0.01953125 0.03007518796992481
0 0.7075875066520505 0.12574443546901987 0.01953125 0.03007518796992481
0 0.7172715025745786 0.10690835444076113 0.01953125 0.03007518796992481
0 0.7315426544604093 0.08650259999348088 0.01953125 0.03007518796992481
0 0.7565171702606132 0.13437763927363847 0.01953125 0.03007518796992481
0 0.7595752742361483 0.11946574179293358 0.01953125 0.03007518796992481
0 0.7376588624114797 0.15007437346385405 0.01953125 0.03007518796992481
0 0.7687495861627538 0.1720498013301559 0.01953125 0.03007518796992481
0 0.762123694215761 0.19088588235841464 0.01953125 0.03007518796992481
0 0.7514203303013879 0.2160006570627596 0.01953125 0.03007518796992481
0 0.7667108501790637 0.20815228996765178 0.01953125 0.03007518796992481
0 0.8039177818814083 0.20265843300107628 0.01953125 0.03007518796992481
0 0.7972918899344155 0.182252678553796 0.01953125 0.03007518796992481
0 0.8018790458977182 0.15242888359238638 0.01953125 0.03007518796992481
0 0.7942337859588803 0.13987149624021392 0.01953125 0.03007518796992481
0 0.7779238980893594 0.13594731269265997 0.01953125 0.03007518796992481
0 0.7692592701586765 0.13437763927363847 0.01953125 0.03007518796992481
0 0.7743561101179017 0.11711123166440125 0.01953125 0.03007518796992481
0 0.8401053455919077 0.20815228996765178 0.01953125 0.03007518796992481
0 0.8370472416163727 0.17989816842526368 0.01953125 0.03007518796992481
0 0.8232857737264644 0.15792274055896183 0.01953125 0.03007518796992481
0 0.8151308297917039 0.17989816842526368 0.01953125 0.03007518796992481
0 0.852847445489971 0.17675882158722056 0.01953125 0.03007518796992481
0 0.863550809404344 0.17440431145868823 0.01953125 0.03007518796992481
0 0.860492705428809 0.11554155824537973 0.01953125 0.03007518796992481
0 0.8798606972738651 0.11397188482635813 0.01953125 0.03007518796992481
0 0.8987190051229985 0.2560273292478094 0.01953125 0.03007518796992481
0 0.897189953135231 0.19951908616303324 0.01953125 0.03007518796992481
0 0.8788413292820201 0.19716457603450088 0.01953125 0.03007518796992481
0 0.8854672212290128 0.1814678418442853 0.01953125 0.03007518796992481
0 0.8660992293839568 0.253672819119277 0.01953125 0.03007518796992481
0 0.8717057533391045 0.23797608492906142 0.01953125 0.03007518796992481
0 0.9226741529313575 0.19951908616303324 0.01953125 0.03007518796992481
0 0.9114611050210618 0.18617686210134995 0.01953125 0.03007518796992481
0 0.9170676289762095 0.16891045449211278 0.01953125 0.03007518796992481
0 0.8987190051229985 0.1783284950062421 0.01953125 0.03007518796992481
0 0.9185966809639771 0.11004770127880427 0.01953125 0.03007518796992481
0 0.9063642650618364 0.08179357973641616 0.01953125 0.03007518796992481
0 0.8798606972738651 0.08885711012201321 0.01953125 0.03007518796992481
0 0.862531441412499 0.09356613037907788 0.01953125 0.03007518796992481
0 0.8666089133798792 0.06217266199864663 0.01953125 0.03007518796992481
0 0.8375569256122952 0.12495959875950906 0.01953125 0.03007518796992481
0 0.8207373537468516 0.13280796585461693 0.01953125 0.03007518796992481
0 0.7519300142973104 0.07943906960788381 0.01953125 0.03007518796992481
0 0.705039086672438 0.08336325315543776 0.01953125 0.03007518796992481
0 0.7111552946235082 0.05589396832256043 0.01953125 0.03007518796992481
0 0.715742450586811 0.04883043793696337 0.01953125 0.03007518796992481
0 0.6601868950312554 0.09749031392663182 0.01953125 0.03007518796992481
0 0.7040197186805928 0.18853137222988228 0.01953125 0.03007518796992481
0 0.7086068746438956 0.17440431145868823 0.01953125 0.03007518796992481
0 0.8319504016571473 0.3266626331037797 0.01953125 0.03007518796992481
0 0.9267516248987375 0.3274474698132904 0.01953125 0.03007518796992481
0 0.9394937247968008 0.3345110001988874 0.01953125 0.03007518796992481
0 0.9501970887111738 0.2780027571141112 0.01953125 0.03007518796992481
0 0.9308290968661179 0.26073634950487407 0.01953125 0.03007518796992481
0 0.9272613088946602 0.24425477860514766 0.01953125 0.03007518796992481
0 0.979249076478758 0.2834966140806867 0.01953125 0.03007518796992481
0 0.9894427563972087 0.2654453697619387 0.01953125 0.03007518796992481
0 0.9716038165399201 0.14144116965923545 0.01953125 0.03007518796992481
0 0.9695650805562299 0.09749031392663182 0.01953125 0.03007518796992481
0 0.9578423486500119 0.09199645696005627 0.01953125 0.03007518796992481
0 0.9833265484461381 0.09513580379809941 0.01953125 0.03007518796992481
0 0.9894427563972087 0.08414808986494848 0.01953125 0.03007518796992481
0 0.9746619205154553 0.07316037593179756 0.01953125 0.03007518796992481
0 0.9507067727070964 0.07629972276984068 0.01953125 0.03007518796992481
0 0.9405130927886459 0.07786939618886228 0.01953125 0.03007518796992481
0 0.9221644689354348 0.07237553922228683 0.01953125 0.03007518796992481
0 0.9150288929925195 0.050400111355984975 0.01953125 0.03007518796992481
0 0.9017771090985337 0.05118494806549577 0.01953125 0.03007518796992481
0 0.8885253252045479 0.05196978477500651 0.01953125 0.03007518796992481
0 0.9405130927886459 0.10455384431222879 0.01953125 0.03007518796992481
0 0.6479544791291147 0.06688168225571137 0.01953125 0.03007518796992481
0 0.6423479551739668 0.07002102909375442 0.01953125 0.03007518796992481
0 0.6352123792310516 0.06688168225571137 0.01953125 0.03007518796992481
0 0.6199218593533756 0.06766651896522209 0.01953125 0.03007518796992481
0 0.6224702793329884 0.05432429490353883 0.01953125 0.03007518796992481
0 0.6092184954390025 0.06295749870815744 0.01953125 0.03007518796992481
0 0.6087088114430801 0.05118494806549577 0.01953125 0.03007518796992481
0 0.5908698715857916 0.06531200883668975 0.01953125 0.03007518796992481
0 0.5827149276510312 0.06452717212717902 0.01953125 0.03007518796992481
0 0.5689534597611229 0.08336325315543776 0.01953125 0.03007518796992481
0 0.5577404118508272 0.06845135567473289 0.01953125 0.03007518796992481
0 0.5475467319323767 0.0872874367029916 0.01953125 0.03007518796992481
0 0.5429595759690738 0.11397188482635813 0.01953125 0.03007518796992481
0 0.5342949480383911 0.11711123166440125 0.01953125 0.03007518796992481
0 0.526649688099553 0.10847802785978274 0.01953125 0.03007518796992481
0 0.5745599837162706 0.11397188482635813 0.01953125 0.03007518796992481
0 0.5562113598630597 0.13594731269265997 0.01953125 0.03007518796992481
0 0.5480564159282992 0.21914000390080274 0.01953125 0.03007518796992481
0 0.5562113598630597 0.21364614693422718 0.01953125 0.03007518796992481
0 0.5816955596591862 0.21443098364373808 0.01953125 0.03007518796992481
0 0.590360187589869 0.21364614693422718 0.01953125 0.03007518796992481
0 0.6005538675083196 0.21914000390080274 0.01953125 0.03007518796992481
0 0.6341930112392065 0.40357663063583615 0.01953125 0.03007518796992481
0 0.6459157431454245 0.3910192432836636 0.01953125 0.03007518796992481
0 0.6377607992106641 0.36590446857931874 0.01953125 0.03007518796992481
0 0.6505028991087274 0.310965898913564 0.01953125 0.03007518796992481
0 0.6749677309130088 0.3384351837464413 0.01953125 0.03007518796992481
0 0.6652837349904808 0.3619802850317647 0.01953125 0.03007518796992481
0 0.6770064668966989 0.3776770192219804 0.01953125 0.03007518796992481
0 0.6882195148069944 0.34706838755105995 0.01953125 0.03007518796992481
0 0.7137037146031209 0.343144204003506 0.01953125 0.03007518796992481
0 0.706058454664283 0.4302610787592026 0.01953125 0.03007518796992481
0 0.7116649786194308 0.45066683320648293 0.01953125 0.03007518796992481
0 0.6933163547662197 0.4498819964969722 0.01953125 0.03007518796992481
0 0.5480564159282992 0.46008487372061224 0.01953125 0.03007518796992481
0 0.5419402079772289 0.44752748636843986 0.01953125 0.03007518796992481
0 0.5322562120547009 0.4247672217926271 0.01953125 0.03007518796992481
0 0.5348046320343135 0.3870950597361097 0.01953125 0.03007518796992481
0 0.5302174760710108 0.36904381541736175 0.01953125 0.03007518796992481
0 0.5195141121566377 0.36747414199834016 0.01953125 0.03007518796992481
0 0.5032042242871168 0.3910192432836636 0.01953125 0.03007518796992481
0 0.5113591682218771 0.4169188546975194 0.01953125 0.03007518796992481
0 0.526649688099553 0.31410524575160703 0.01953125 0.03007518796992481
0 0.11278628341046029 0.07770040769126542 0.01953125 0.03007518796992481
0 0.10361197148385481 0.06671269375811449 0.01953125 0.03007518796992481
0 0.09036018758986906 0.022761838025510787 0.01953125 0.03007518796992481
0 0.08220524365510863 0.017267981058935324 0.01953125 0.03007518796992481
0 0.07965682367549595 0.04709177602034497 0.01953125 0.03007518796992481
0 0.0582500958467498 0.05494014311545276 0.01953125 0.03007518796992481
0 0.05570167586713716 0.04316759247279111 0.01953125 0.03007518796992481
0 0.06385661980189761 0.02982536841110785 0.01953125 0.03007518796992481
0 0.06028883183043989 0.007849940544806 0.01953125 0.03007518796992481
0 0.05162420389975692 0.030610205120618583 0.01953125 0.03007518796992481
0 0.04499831195276407 0.03374955195866171 0.01953125 0.03007518796992481
0 0.03837242000577121 0.053370469696431236 0.01953125 0.03007518796992481
0 0.049075783920144285 0.04709177602034497 0.01953125 0.03007518796992481
0 0.04652736394053164 0.06278851021056063 0.01953125 0.03007518796992481
0 0.040920839985383844 0.011774124092359861 0.01953125 0.03007518796992481
0 0.040920839985383844 0.005495430416273668 0.01953125 0.03007518796992481
0 0.029198108079165692 0.01020445067333833 0.01953125 0.03007518796992481
0 0.025120636111785475 0.01962249118746766 0.01953125 0.03007518796992481
0 0.01900442816071514 0.03374955195866171 0.01953125 0.03007518796992481
0 0.0113591682218772 0.022761838025510787 0.01953125 0.03007518796992481
0 0.2198199225541912 0.03767373550621565 0.01953125 0.03007518796992481
0 0.21472308259496592 0.030610205120618583 0.01953125 0.03007518796992481
0 0.21727150257457858 0.02511634815404312 0.01953125 0.03007518796992481
0 0.20758750665205053 0.03217987853964019 0.01953125 0.03007518796992481
0 0.2126843466112758 0.01020445067333833 0.01953125 0.03007518796992481
0 0.21676181857865603 0.007849940544806 0.01953125 0.03007518796992481
0 0.22542644650933902 0.00863477725431673 0.01953125 0.03007518796992481
0 0.23001360247264174 0.0062802671257843985 0.01953125 0.03007518796992481
0 0.23103297046448684 0.017267981058935324 0.01953125 0.03007518796992481
0 0.22848455048487418 0.03767373550621565 0.01953125 0.03007518796992481
0 0.23714917841555713 0.040813082344258775 0.01953125 0.03007518796992481
0 0.23918791439924728 0.027470858282575453 0.01953125 0.03007518796992481
0 0.35998302143288646 0.049446286148877305 0.01953125 0.03007518796992481
0 0.3655895453880342 0.03767373550621565 0.01953125 0.03007518796992481
0 0.35998302143288646 0.03610406208719405 0.01953125 0.03007518796992481
0 0.35437649747773864 0.032964715249150914 0.01953125 0.03007518796992481
0 0.36355080940434414 0.015698307639913794 0.01953125 0.03007518796992481
0 0.36151207342065406 0.02825569499208625 0.01953125 0.03007518796992481
0 0.35386681348181603 0.013343797511381462 0.01953125 0.03007518796992481
0 0.33959566159598525 0.024331511444532317 0.01953125 0.03007518796992481
0 0.39617058514338593 0.03610406208719405 0.01953125 0.03007518796992481
0 0.40279647709037875 0.03767373550621565 0.01953125 0.03007518796992481
0 0.3992286891189211 0.053370469696431236 0.01953125 0.03007518796992481
0 0.3926027971719282 0.0572946532439851 0.01953125 0.03007518796992481
0 0.387505957212703 0.07142171401517916 0.01953125 0.03007518796992481
0 0.36813796536764687 0.08476393807686242 0.01953125 0.03007518796992481
0 0.34061502958783035 0.06514302033909297 0.01953125 0.03007518796992481
0 0.41146110502106176 0.0572946532439851 0.01953125 0.03007518796992481
0 0.4089126850414492 0.04630693931083417 0.01953125 0.03007518796992481
0 0.42012573295174466 0.03531922537768324 0.01953125 0.03007518796992481
0 0.41146110502106176 0.024331511444532317 0.01953125 0.03007518796992481
0 0.4109514210251392 0.015698307639913794 0.01953125 0.03007518796992481
0 0.42522257291097 0.018837654477956926 0.01953125 0.03007518796992481
0 0.42063541694766726 0.004710593706762867 0.01953125 0.03007518796992481
0 0.39464153315561834 0.004710593706762867 0.01953125 0.03007518796992481
0 0.3941318491596958 0.021977001315999986 0.01953125 0.03007518796992481
0 0.38088006526571005 0.003140920287741266 0.01953125 0.03007518796992481
0 0.4369453048171882 0.061218836791539034 0.01953125 0.03007518796992481
0 0.44153246078049097 0.04630693931083417 0.01953125 0.03007518796992481
0 0.43541625282942065 0.03845857221572638 0.01953125 0.03007518796992481
0 0.4313387808620403 0.022761838025510787 0.01953125 0.03007518796992481
0 0.44102277678456836 0.021192164606489258 0.01953125 0.03007518796992481
0 0.453255192686709 0.030610205120618583 0.01953125 0.03007518796992481
0 0.45733266465408934 0.053370469696431236 0.01953125 0.03007518796992481
0 0.4639585566010822 0.06435818362958215 0.01953125 0.03007518796992481
0 0.4517261406989414 0.11380289632876134 0.01953125 0.03007518796992481
0 0.46039076862962447 0.10360001910512115 0.01953125 0.03007518796992481
0 0.46905539656030737 0.1020303456860996 0.01953125 0.03007518796992481
0 0.480268444470603 0.1020303456860996 0.01953125 0.03007518796992481
0 0.4451002487519487 0.1028151823956104 0.01953125 0.03007518796992481
0 0.43541625282942065 0.10124550897658882 0.01953125 0.03007518796992481
0 0.4287903608824277 0.11929675329533673 0.01953125 0.03007518796992481
0 0.42624194090281514 0.1028151823956104 0.01953125 0.03007518796992481
0 0.47568128850730024 0.22681938249831365 0.01953125 0.03007518796992481
0 0.19382603876214227 0.007849940544806 0.01953125 0.03007518796992481
0 0.19892287872136755 0.0062802671257843985 0.01953125 0.03007518796992481
0 0.1836323588436917 0.011774124092359861 0.01953125 0.03007518796992481
0 0.33398913764083743 0.015698307639913794 0.01953125 0.03007518796992481
0 0.38037038126978756 0.021192164606489258 0.01953125 0.03007518796992481
0 0.4705844485480749 0.016483144349424522 0.01953125 0.03007518796992481
0 0.4649779245929272 0.015698307639913794 0.01953125 0.03007518796992481
0 0.48332654844613815 0.030610205120618583 0.01953125 0.03007518796992481
0 0.4705844485480749 0.03924340892523717 0.01953125 0.03007518796992481
0 0.4716038165399201 0.027470858282575453 0.01953125 0.03007518796992481
0 0.4624295046133146 0.03845857221572638 0.01953125 0.03007518796992481
0 0.48332654844613815 0.007849940544806 0.01953125 0.03007518796992481
0 0.6813387808620402 0.027470858282575453 0.01953125 0.03007518796992481
0 0.6935711967641809 0.024331511444532317 0.01953125 0.03007518796992481
0 0.6517771090985337 0.04630693931083417 0.01953125 0.03007518796992481
0 0.6375059572127029 0.03924340892523717 0.01953125 0.03007518796992481
0 0.6232348053268721 0.03924340892523717 0.01953125 0.03007518796992481
0 0.6206863853472595 0.021977001315999986 0.01953125 0.03007518796992481
0 0.6140604934002667 0.040813082344258775 0.01953125 0.03007518796992481
0 0.6079442854491962 0.030610205120618583 0.01953125 0.03007518796992481
0 0.5997893415144359 0.03767373550621565 0.01953125 0.03007518796992481
0 0.5962215535429781 0.02825569499208625 0.01953125 0.03007518796992481
0 0.5911247135837528 0.021977001315999986 0.01953125 0.03007518796992481
0 0.5686986177631617 0.04630693931083417 0.01953125 0.03007518796992481
0 0.5697179857550067 0.032964715249150914 0.01953125 0.03007518796992481
0 0.5595243058365561 0.030610205120618583 0.01953125 0.03007518796992481
0 0.5534080978854857 0.04709177602034497 0.01953125 0.03007518796992481
0 0.5472918899344155 0.03217987853964019 0.01953125 0.03007518796992481
0 0.5432144179670352 0.0588643266630067 0.01953125 0.03007518796992481
0 0.5350594740322748 0.055724979824963564 0.01953125 0.03007518796992481
0 0.5330207380485846 0.04316759247279111 0.01953125 0.03007518796992481
0 0.5202786381505214 0.0580794899534959 0.01953125 0.03007518796992481
0 0.5039687502810005 0.05494014311545276 0.01953125 0.03007518796992481
0 0.5060074862646906 0.07927008111028695 0.01953125 0.03007518796992481
0 0.49275570237070493 0.06514302033909297 0.01953125 0.03007518796992481
0 0.4988719103217753 0.040813082344258775 0.01953125 0.03007518796992481
0 0.5049881182728456 0.02982536841110785 0.01953125 0.03007518796992481
0 0.4988719103217753 0.02668602157306472 0.01953125 0.03007518796992481
0 0.5049881182728456 0.015698307639913794 0.01953125 0.03007518796992481
0 0.5131430622076061 0.007849940544806 0.01953125 0.03007518796992481
0 0.5167108501790637 0.02982536841110785 0.01953125 0.03007518796992481
0 0.5182399021668314 0.03924340892523717 0.01953125 0.03007518796992481
0 0.5269045300975144 0.03217987853964019 0.01953125 0.03007518796992481
0 0.5365885260200424 0.02668602157306472 0.01953125 0.03007518796992481
0 0.5411756819833451 0.02511634815404312 0.01953125 0.03007518796992481
0 0.5625824098120912 0.021977001315999986 0.01953125 0.03007518796992481
0 0.5656405137876265 0.007849940544806 0.01953125 0.03007518796992481
0 0.7037648766826315 0.04630693931083417 0.01953125 0.03007518796992481
0 0.7338362324420608 0.04395242918230184 0.01953125 0.03007518796992481
0 0.7307781284665256 0.03531922537768324 0.01953125 0.03007518796992481
0 0.7384233884053635 0.02511634815404312 0.01953125 0.03007518796992481
0 0.7425008603727437 0.04159791905376951 0.01953125 0.03007518796992481
0 0.7511654883034267 0.0518007962774097 0.01953125 0.03007518796992481
0 0.7552429602708068 0.04709177602034497 0.01953125 0.03007518796992481
0 0.7695141121566377 0.03374955195866171 0.01953125 0.03007518796992481
0 0.7684947441647927 0.018837654477956926 0.01953125 0.03007518796992481
0 0.7807271600669332 0.02668602157306472 0.01953125 0.03007518796992481
0 0.7817465280587784 0.005495430416273668 0.01953125 0.03007518796992481
0 0.8046823078752922 0.030610205120618583 0.01953125 0.03007518796992481
0 0.8031532558875245 0.013343797511381462 0.01953125 0.03007518796992481
0 0.7858240000261586 0.11458773303827206 0.01953125 0.03007518796992481
0 0.6242541733187171 0.11929675329533673 0.01953125 0.03007518796992481
0 0.6313897492616326 0.11772707987631519 0.01953125 0.03007518796992481
0 0.611512073420654 0.015698307639913794 0.01953125 0.03007518796992481
0 0.7506558043075041 0.02668602157306472 0.01953125 0.03007518796992481
0 0.7496364363156591 0.013343797511381462 0.01953125 0.03007518796992481
0 0.7435202283645888 0.01020445067333833 0.01953125 0.03007518796992481
0 0.8793510132779424 0.05023112285838811 0.01953125 0.03007518796992481
0 0.8671185973758018 0.04316759247279111 0.01953125 0.03007518796992481
0 0.859473337436964 0.04159791905376951 0.01953125 0.03007518796992481
0 0.8482602895266683 0.04630693931083417 0.01953125 0.03007518796992481
0 0.9379646728090332 0.055724979824963564 0.01953125 0.03007518796992481
0 0.9308290968661179 0.0518007962774097 0.01953125 0.03007518796992481
0 0.9303194128701953 0.03531922537768324 0.01953125 0.03007518796992481
0 0.9211451009435898 0.03767373550621565 0.01953125 0.03007518796992481
0 0.9547842446744765 0.021192164606489258 0.01953125 0.03007518796992481
0 0.9716038165399201 0.02511634815404312 0.01953125 0.03007518796992481
0 0.9863846524216733 0.022761838025510787 0.01953125 0.03007518796992481
0 0.9634488726051597 0.06435818362958215 0.01953125 0.03007518796992481
0 0.9173224709741707 0.011943112589956869 0.01953125 0.03007518796992481
0 0.8816445912595938 0.004094745494849143 0.01953125 0.03007518796992481
0 0.8959157431454245 0.010373439170935268 0.01953125 0.03007518796992481
0 0.831695559659186 0.004094745494849143 0.01953125 0.03007518796992481
0 0.8225212477325805 0.03077919361821566 0.01953125 0.03007518796992481
0 0.8357730316265662 0.027639846780172457 0.01953125 0.03007518796992481
0 0.9703296065501137 0.005664418913870603 0.01953125 0.03007518796992481
0 0.9825620224522543 0.005664418913870603 0.01953125 0.03007518796992481
0 0.9621746626153532 0.005664418913870603 0.01953125 0.03007518796992481
0 0.956058454664283 0.004094745494849143 0.01953125 0.03007518796992481
0 0.9927557023707048 0.004094745494849143 0.01953125 0.03007518796992481
0 0.6614611050210616 0.027639846780172457 0.01953125 0.03007518796992481
0 0.6553448970699913 0.027639846780172457 0.01953125 0.03007518796992481
0 0.6716547849395123 0.021361153104086192 0.01953125 0.03007518796992481
0 0.6645192089965969 0.04804560122745271 0.01953125 0.03007518796992481
0 0.9405130927886459 0.011774124092359861 0.01953125 0.03007518796992481
0 0.9343968848375754 0.005495430416273668 0.01953125 0.03007518796992481
0 0.9262419409028152 0.00863477725431673 0.01953125 0.03007518796992481
0 0.9262419409028152 0.02825569499208625 0.01953125 0.03007518796992481
0 0.9063642650618364 0.017267981058935324 0.01953125 0.03007518796992481
0 0.8900543771923155 0.024331511444532317 0.01953125 0.03007518796992481
0 0.8849575372330903 0.018837654477956926 0.01953125 0.03007518796992481
0 0.8798606972738651 0.027470858282575453 0.01953125 0.03007518796992481
0 0.871196069343182 0.021977001315999986 0.01953125 0.03007518796992481
0 0.8671185973758018 0.02982536841110785 0.01953125 0.03007518796992481
0 0.8569249174573512 0.007849940544806 0.01953125 0.03007518796992481
0 0.88088006526571 0.011774124092359861 0.01953125 0.03007518796992481
0 0.7203296065501137 0.013343797511381462 0.01953125 0.03007518796992481
0 0.7075875066520505 0.013343797511381462 0.01953125 0.03007518796992481
0 0.6846517268355368 0.01020445067333833 0.01953125 0.03007518796992481
0 0.6428576391698895 0.02668602157306472 0.01953125 0.03007518796992481
0 0.6392898511984317 0.00863477725431673 0.01953125 0.03007518796992481
0 0.6010635515042422 0.003140920287741266 0.01953125 0.03007518796992481
0 0.734091074440022 0.004710593706762867 0.01953125 0.03007518796992481
0 0.6948454067539873 0.01098928738284906 0.01953125 0.03007518796992481
0 0.38088006526571005 0.13028446722848763 0.01953125 0.03007518796992481
0 0.4109514210251392 0.1271451203904446 0.01953125 0.03007518796992481
0 0.47568128850730024 0.07063687730566835 0.01953125 0.03007518796992481
0 0.9552939286703992 0.03767373550621565 0.01953125 0.03007518796992481
0 0.9945395963564337 0.02668602157306472 0.01953125 0.03007518796992481
0 0.8717057533391045 0.4757816079108279 0.01953125 0.03007518796992481
0 0.825834193706077 0.4655787306871878 0.01953125 0.03007518796992481
0 0.807485569852866 0.4749967712013171 0.01953125 0.03007518796992481
0 0.7916853659792676 0.4757816079108279 0.01953125 0.03007518796992481
0 0.8920931131760057 0.5315050142860933 0.01953125 0.03007518796992481
0 0.9109514210251392 0.5071750762912591 0.01953125 0.03007518796992481
0 0.5763250382336188 0.9662198736681256 0.01953125 0.03007518796992481
0 0.5643370262456069 0.9862179207338418 0.01953125 0.03007518796992481
0 0.6062950682036489 0.9877562320465891 0.01953125 0.03007518796992481
0 0.2196816815902622 0.4585771404614825 0.01953125 0.03007518796992481
0 0.18971165162023224 0.45550051783598766 0.01953125 0.03007518796992481
0 0.31758377949236016 0.3232057449397111 0.01953125 0.03007518796992481
0 0.39450685641543703 0.3293589901907006 0.01953125 0.03007518796992481
0 0.6582431201517008 0.4647303857124721 0.01953125 0.03007518796992481
0 0.9719294338380146 0.1216869629698012 0.01953125 0.03007518796992481
0 0.9799214418300226 0.6216381396127073 0.01953125 0.03007518796992481
