0 0.06008483947666152 0.8401424845525043 0.021299254526091587 0.072992700729927
0 0.09685542300983495 0.8675366276322007 0.021299254526091587 0.072992700729927
0 0.15600810086754874 0.7333053265416863 0.021299254526091587 0.072992700729927
0 0.09205925994029059 0.6675593831504141 0.021299254526091587 0.072992700729927
0 0.06088419998825222 0.6429046543786869 0.021299254526091587 0.072992700729927
0 0.0249129769666695 0.6566017259185352 0.021299254526091587 0.072992700729927
0 0.0249129769666695 0.7771359554692014 0.021299254526091587 0.072992700729927
0 0.11683943579960315 0.9798526142589578 0.021299254526091587 0.072992700729927
0 0.17839019519208912 0.8949307707118975 0.021299254526091587 0.072992700729927
0 0.19597612644708515 0.7743965411612316 0.021299254526091587 0.072992700729927
0 0.1887818818427686 0.659341140226505 0.021299254526091587 0.072992700729927
0 0.13762280910096206 0.6209893399149294 0.021299254526091587 0.072992700729927
0 0.1695972295645911 0.5360674963678692 0.021299254526091587 0.072992700729927
0 0.13202728551982693 0.4292303383570517 0.021299254526091587 0.072992700729927
0 0.1456164142168693 0.45388506712877885 0.021299254526091587 0.072992700729927
0 0.1919793238891315 0.3881391237375063 0.021299254526091587 0.072992700729927
0 0.24313839663093803 0.4812792102084756 0.021299254526091587 0.072992700729927
0 0.30548851653501474 0.5853769539113235 0.021299254526091587 0.072992700729927
0 0.24233903611934732 0.7963118556249891 0.021299254526091587 0.072992700729927
0 0.23114798895707714 0.7059111834619897 0.021299254526091587 0.072992700729927
0 0.2103646156557182 0.5716798823714753 0.021299254526091587 0.072992700729927
0 0.27751089862933936 0.5662010537555358 0.021299254526091587 0.072992700729927
0 0.2743134565829764 0.7990512699329588 0.021299254526091587 0.072992700729927
0 0.29269874834956316 0.8730154562481403 0.021299254526091587 0.072992700729927
0 0.25113200174684536 0.9524584711792611 0.021299254526091587 0.072992700729927
0 0.357446949788412 0.8538395560923524 0.021299254526091587 0.072992700729927
0 0.3238738083016015 0.9031490136358066 0.021299254526091587 0.072992700729927
0 0.3318674134175088 0.7935724413170194 0.021299254526091587 0.072992700729927
0 0.34705526313773255 0.6894746976141714 0.021299254526091587 0.072992700729927
0 0.4102047435534 0.936021985331443 0.021299254526091587 0.072992700729927
0 0.3758322415549987 0.9497190568712912 0.021299254526091587 0.072992700729927
0 0.3526507867188677 0.9853314428748972 0.021299254526091587 0.072992700729927
0 0.39261881229840395 0.78809361270108 0.021299254526091587 0.072992700729927
0 0.36384183388113783 0.5990740254511719 0.021299254526091587 0.072992700729927
0 0.3902207307636318 0.5031945246722331 0.021299254526091587 0.072992700729927
0 0.36703927592750074 0.5114127675961421 0.021299254526091587 0.072992700729927
0 0.33106805290591806 0.48949745313238463 0.021299254526091587 0.072992700729927
0 0.31907764523205717 0.5415463249838086 0.021299254526091587 0.072992700729927
0 0.33906165802182536 0.5798981252953842 0.021299254526091587 0.072992700729927
0 0.43898172197066615 0.6127710969910204 0.021299254526091587 0.072992700729927
0 0.4573670137372529 0.5497645679077177 0.021299254526091587 0.072992700729927
0 0.4997331208515615 0.5771587109874144 0.021299254526091587 0.072992700729927
0 0.48534463164292835 0.5114127675961421 0.021299254526091587 0.072992700729927
0 0.5229145756876926 0.6483834829946262 0.021299254526091587 0.072992700729927
0 0.5077267259674687 0.7333053265416863 0.021299254526091587 0.072992700729927
0 0.524513296710874 0.78809361270108 0.021299254526091587 0.072992700729927
0 0.5620832407556382 0.8017906842409285 0.021299254526091587 0.072992700729927
0 0.5980544637772209 0.8428818988604737 0.021299254526091587 0.072992700729927
0 0.6052487083815374 0.7031717691540198 0.021299254526091587 0.072992700729927
0 0.5716755668947269 0.9935496857988062 0.021299254526091587 0.072992700729927
0 0.5428985884774608 0.9113672565597156 0.021299254526091587 0.072992700729927
0 0.5141216100601946 0.908627842251746 0.021299254526091587 0.072992700729927
0 0.4781503870386118 0.8620577990162615 0.021299254526091587 0.072992700729927
0 0.5381024254079164 0.7497418123895044 0.021299254526091587 0.072992700729927
0 0.568478124848364 0.7223476693098076 0.021299254526091587 0.072992700729927
0 0.5940576612192673 0.6209893399149294 0.021299254526091587 0.072992700729927
0 0.5516915541049587 0.5662010537555358 0.021299254526091587 0.072992700729927
0 0.5756723694526805 0.5086733532881726 0.021299254526091587 0.072992700729927
0 0.621235918613352 0.5990740254511719 0.021299254526091587 0.072992700729927
0 0.6268314421944872 0.7031717691540198 0.021299254526091587 0.072992700729927
0 0.6548090601001626 0.6976929405380804 0.021299254526091587 0.072992700729927
0 0.6372231288451665 0.8346636559365647 0.021299254526091587 0.072992700729927
0 0.6995732487492433 0.8209665843967162 0.021299254526091587 0.072992700729927
0 0.6987738882376525 0.744262983773565 0.021299254526091587 0.072992700729927
0 0.7283502271665094 0.8154877557807768 0.021299254526091587 0.072992700729927
0 0.709165574888332 0.6812564546902623 0.021299254526091587 0.072992700729927
0 0.7395412743287796 0.651122897302596 0.021299254526091587 0.072992700729927
0 0.7051687723303783 0.5990740254511719 0.021299254526091587 0.072992700729927
0 0.7283502271665094 0.5333280820598997 0.021299254526091587 0.072992700729927
0 0.6979745277260618 0.5278492534439602 0.021299254526091587 0.072992700729927
0 0.7195572615390116 0.45388506712877885 0.021299254526091587 0.072992700729927
0 0.6891815620985638 0.4264909240490819 0.021299254526091587 0.072992700729927
0 0.6516116180537996 0.47306096728456654 0.021299254526091587 0.072992700729927
0 0.6316276052640315 0.49223686744035444 0.021299254526091587 0.072992700729927
0 0.6156403950322169 0.5333280820598997 0.021299254526091587 0.072992700729927
0 0.6604045836812977 0.623728754222899 0.021299254526091587 0.072992700729927
0 0.6500128970306182 0.5634616394475662 0.021299254526091587 0.072992700729927
0 0.6004525453119931 0.9387613996394125 0.021299254526091587 0.072992700729927
0 0.6532103390769811 0.916846085175655 0.021299254526091587 0.072992700729927
0 0.6540096995885718 0.9771131999509881 0.021299254526091587 0.072992700729927
0 0.7155604589810578 0.9579372997952003 0.021299254526091587 0.072992700729927
0 0.7819073814430882 0.9634161284111397 0.021299254526091587 0.072992700729927
0 0.7595252871185478 0.9141066708676855 0.021299254526091587 0.072992700729927
0 0.7938977891169491 0.8812336991720493 0.021299254526091587 0.072992700729927
0 0.779509299908316 0.7415235694655954 0.021299254526091587 0.072992700729927
0 0.80588819679081 0.8264454130126556 0.021299254526091587 0.072992700729927
0 0.8362638962312576 0.736044740849656 0.021299254526091587 0.072992700729927
0 0.7978945916749028 0.6429046543786869 0.021299254526091587 0.072992700729927
0 0.7731144158155903 0.5990740254511719 0.021299254526091587 0.072992700729927
0 0.7603246476301386 0.5442857392917783 0.021299254526091587 0.072992700729927
0 0.7891016260474047 0.5114127675961421 0.021299254526091587 0.072992700729927
0 0.8242734885573968 0.5415463249838086 0.021299254526091587 0.072992700729927
0 0.826671570092169 0.49223686744035444 0.021299254526091587 0.072992700729927
0 0.8610440720905702 0.5552433965236571 0.021299254526091587 0.072992700729927
0 0.8690376772064774 0.6702987974583837 0.021299254526091587 0.072992700729927
0 0.9002127371585158 0.6100316826830506 0.021299254526091587 0.072992700729927
0 0.8226747675342152 0.6264681685308686 0.021299254526091587 0.072992700729927
0 0.9313877971105542 0.5525039822156873 0.021299254526091587 0.072992700729927
0 0.9161999473903304 0.7004323548460503 0.021299254526091587 0.072992700729927
0 0.8922191320426086 0.7743965411612316 0.021299254526091587 0.072992700729927
0 0.8466555828819372 0.8647972133242312 0.021299254526091587 0.072992700729927
0 0.9034101792048789 0.8784942848640794 0.021299254526091587 0.072992700729927
0 0.9713558226900906 0.9278037424075339 0.021299254526091587 0.072992700729927
0 0.9809481488291794 0.8784942848640794 0.021299254526091587 0.072992700729927
0 0.870636398229659 0.45114565282080904 0.021299254526091587 0.072992700729927
0 0.9801487883175886 0.5442857392917783 0.021299254526091587 0.072992700729927
0 0.9561679729698668 0.4621033100526879 0.021299254526091587 0.072992700729927
0 0.934585239156917 0.39909678096938517 0.021299254526091587 0.072992700729927
0 0.9138018658555583 0.32239318034623404 0.021299254526091587 0.072992700729927
0 0.899413376646925 0.3525267377339006 0.021299254526091587 0.072992700729927
0 0.8946172135773807 0.46758213866862713 0.021299254526091587 0.072992700729927
0 0.996935359060994 0.2593866512629313 0.021299254526091587 0.072992700729927
0 0.9112039441928884 0.5244249855589982 0.021299254526091587 0.072992700729927
0 0.8852247275661899 0.5490797143307252 0.021299254526091587 0.072992700729927
0 0.9587658946325369 0.6819413082672549 0.021299254526091587 0.072992700729927
0 0.09745494339352799 0.3538680004901191 0.021299254526091587 0.072992700729927
0 0.0962559026261419 0.2566187925571953 0.021299254526091587 0.072992700729927
0 0.09106005930080216 0.301819128638695 0.021299254526091587 0.072992700729927
0 0.06588020318569428 0.3497588790281644 0.021299254526091587 0.072992700729927
0 0.04669555090751681 0.3251041502564373 0.021299254526091587 0.072992700729927
0 0.017518892234455255 0.22922464947749843 0.021299254526091587 0.072992700729927
0 0.005128804304798972 0.267576449789074 0.021299254526091587 0.072992700729927
0 0.04149970758217707 0.21141845647569543 0.021299254526091587 0.072992700729927
0 0.015120810699683074 0.19224255631990775 0.021299254526091587 0.072992700729927
0 0.04989299295387972 0.1456725130844231 0.021299254526091587 0.072992700729927
0 0.02671153811774862 0.1621089989322412 0.021299254526091587 0.072992700729927
0 0.055088836279219434 0.1826546062420138 0.021299254526091587 0.072992700729927
0 0.06188340062774062 0.20320021355178639 0.021299254526091587 0.072992700729927
0 0.06308244139512671 0.23333377093945293 0.021299254526091587 0.072992700729927
0 0.07347412804580616 0.25524908540321045 0.021299254526091587 0.072992700729927
0 0.09465718160296047 0.1881334348579531 0.021299254526091587 0.072992700729927
0 0.07587220958057835 0.14841192739239273 0.021299254526091587 0.072992700729927
0 0.07347412804580616 0.10458129846487782 0.021299254526091587 0.072992700729927
0 0.05548851653501482 0.09225393407901426 0.021299254526091587 0.072992700729927
0 0.04949331269808434 0.05253242661345388 0.021299254526091587 0.072992700729927
0 0.04070034707058636 0.07170832676924166 0.021299254526091587 0.072992700729927
0 0.0103246476301387 0.07170832676924166 0.021299254526091587 0.072992700729927
0 0.028310259140930077 0.05801125522939325 0.021299254526091587 0.072992700729927
0 0.018717933001841342 0.053902133767438735 0.021299254526091587 0.072992700729927
0 0.08186741341750879 0.05527184092142359 0.021299254526091587 0.072992700729927
0 0.06707924395308036 0.04431418368954484 0.021299254526091587 0.072992700729927
0 0.06907764523205716 0.08266598400112037 0.021299254526091587 0.072992700729927
0 0.08226709367330418 0.08814481261705974 0.021299254526091587 0.072992700729927
0 0.12223511925284056 0.2251155280155439 0.021299254526091587 0.072992700729927
0 0.09785462364932335 0.15799987747028668 0.021299254526091587 0.072992700729927
0 0.1402207307636319 0.27168557125102855 0.021299254526091587 0.072992700729927
0 0.1733941919946471 0.267576449789074 0.021299254526091587 0.072992700729927
0 0.1566076212512418 0.21826699224561966 0.021299254526091587 0.072992700729927
0 0.12543256129920344 0.16895753470216543 0.021299254526091587 0.072992700729927
0 0.13182744539192928 0.13060573439058984 0.021299254526091587 0.072992700729927
0 0.1490136963911299 0.1251269057746504 0.021299254526091587 0.072992700729927
0 0.1394213702520412 0.08814481261705974 0.021299254526091587 0.072992700729927
0 0.1250328810434081 0.08266598400112037 0.021299254526091587 0.072992700729927
0 0.11504087464852399 0.08677510546307489 0.021299254526091587 0.072992700729927
0 0.09865398416091409 0.1415633916224686 0.021299254526091587 0.072992700729927
0 0.16460122636714908 0.05116271945946902 0.021299254526091587 0.072992700729927
0 0.15940538304180937 0.07307803392322652 0.021299254526091587 0.072992700729927
0 0.16619994739033056 0.09773276269495364 0.021299254526091587 0.072992700729927
0 0.1821871576221451 0.09773276269495364 0.021299254526091587 0.072992700729927
0 0.19777468759816427 0.0991024698489385 0.021299254526091587 0.072992700729927
0 0.20776669399304837 0.2442914281713317 0.021299254526091587 0.072992700729927
0 0.23494495138713312 0.2456611353253165 0.021299254526091587 0.072992700729927
0 0.2393414342008821 0.28949176425283135 0.021299254526091587 0.072992700729927
0 0.2541296036653105 0.3388012217962857 0.021299254526091587 0.072992700729927
0 0.21096413603941128 0.34291034325824027 0.021299254526091587 0.072992700729927
0 0.23254686985236095 0.35797712195207354 0.021299254526091587 0.072992700729927
0 0.25932544699065035 0.27442498555899814 0.021299254526091587 0.072992700729927
0 0.28730306489632573 0.22100640655358939 0.021299254526091587 0.072992700729927
0 0.2649209705717853 0.19087284916592284 0.021299254526091587 0.072992700729927
0 0.3784301632176687 0.39358950795567943 0.021299254526091587 0.072992700729927
0 0.3660400752880124 0.310037371562604 0.021299254526091587 0.072992700729927
0 0.3364637363591555 0.3853712650317704 0.021299254526091587 0.072992700729927
0 0.3272710904758621 0.3264738574104222 0.021299254526091587 0.072992700729927
0 0.34125989942869983 0.2511399639412558 0.021299254526091587 0.072992700729927
0 0.31568036305779656 0.2922311785608011 0.021299254526091587 0.072992700729927
0 0.3036899553839357 0.21552757793764996 0.021299254526091587 0.072992700729927
0 0.2881024254079165 0.29360088571478593 0.021299254526091587 0.072992700729927
0 0.2661200113391714 0.4634445728089062 0.021299254526091587 0.072992700729927
0 0.24613599854940332 0.4264624796513156 0.021299254526091587 0.072992700729927
0 0.307287077686094 0.4689234014248457 0.021299254526091587 0.072992700729927
0 0.2485340800841755 0.1648484132402109 0.021299254526091587 0.072992700729927
0 0.2285500672944073 0.1621089989322412 0.021299254526091587 0.072992700729927
0 0.24613599854940332 0.10184188415690822 0.021299254526091587 0.072992700729927
0 0.2805085005478046 0.08814481261705974 0.021299254526091587 0.072992700729927
0 0.3272710904758621 0.16758782754818052 0.021299254526091587 0.072992700729927
0 0.31847812484836413 0.1990910920898319 0.021299254526091587 0.072992700729927
0 0.3056883566629125 0.16621812039419573 0.021299254526091587 0.072992700729927
0 0.3716355988691475 0.17032724185615022 0.021299254526091587 0.072992700729927
0 0.3860240880777806 0.16073929177825638 0.021299254526091587 0.072992700729927
0 0.24653567880519864 0.03472623361165094 0.021299254526091587 0.072992700729927
0 0.22495294499224902 0.05801125522939325 0.021299254526091587 0.072992700729927
0 0.20976509527202516 0.06075066953736292 0.021299254526091587 0.072992700729927
0 0.21096413603941128 0.0895145197710446 0.021299254526091587 0.072992700729927
0 0.22015678192270466 0.11142983423480206 0.021299254526091587 0.072992700729927
0 0.19018076273805234 0.1881334348579531 0.021299254526091587 0.072992700729927
0 0.17938939583157754 0.21689728509163486 0.021299254526091587 0.072992700729927
0 0.18578427992430338 0.2826432284829072 0.021299254526091587 0.072992700729927
0 0.216159979364751 0.16073929177825638 0.021299254526091587 0.072992700729927
0 0.29769475154700525 0.021029162071802526 0.021299254526091587 0.072992700729927
0 0.31687940382518265 0.029247404995711563 0.021299254526091587 0.072992700729927
0 0.30768675794188927 0.03472623361165094 0.021299254526091587 0.072992700729927
0 0.2932982687332562 0.09773276269495364 0.021299254526091587 0.072992700729927
0 0.3180784445925688 0.06896891246127197 0.021299254526091587 0.072992700729927
0 0.32767077073165746 0.03883535507360546 0.021299254526091587 0.072992700729927
0 0.34245894019608597 0.10869041992683234 0.021299254526091587 0.072992700729927
0 0.330468532522225 0.0799265696931507 0.021299254526091587 0.072992700729927
0 0.40321033907698123 0.016920040609848006 0.021299254526091587 0.072992700729927
0 0.4072071416349349 0.06075066953736292 0.021299254526091587 0.072992700729927
0 0.39721513524005075 0.09362364123299914 0.021299254526091587 0.072992700729927
0 0.4144013862392514 0.07444774107721133 0.021299254526091587 0.072992700729927
0 0.4187978690530004 0.10047217700292331 0.021299254526091587 0.072992700729927
0 0.42199531109936333 0.1251269057746504 0.021299254526091587 0.072992700729927
0 0.39921353651902763 0.1210177843126959 0.021299254526091587 0.072992700729927
0 0.4427786844007222 0.15526046316231698 0.021299254526091587 0.072992700729927
0 0.44837420798185734 0.10321159131089302 0.021299254526091587 0.072992700729927
0 0.4319873174942474 0.07307803392322652 0.021299254526091587 0.072992700729927
0 0.4423790041449269 0.07718715538518105 0.021299254526091587 0.072992700729927
0 0.46276269719049046 0.0799265696931507 0.021299254526091587 0.072992700729927
0 0.47435342460855595 0.06485979099931743 0.021299254526091587 0.072992700729927
0 0.4799489481896911 0.11416924854277177 0.021299254526091587 0.072992700729927
0 0.4879425533055984 0.1415633916224686 0.021299254526091587 0.072992700729927
0 0.46236301693469506 0.11690866285074138 0.021299254526091587 0.072992700729927
0 0.4771511863991235 0.18539402054998355 0.021299254526091587 0.072992700729927
0 0.4675588602600348 0.2018305063978016 0.021299254526091587 0.072992700729927
0 0.47874990742230494 0.3319526860263615 0.021299254526091587 0.072992700729927
0 0.42679147416890767 0.3442800504122251 0.021299254526091587 0.072992700729927
0 0.4535700513071971 0.44563837980710336 0.021299254526091587 0.072992700729927
0 0.48674351253821224 0.4470080869610882 0.021299254526091587 0.072992700729927
0 0.4247930728899309 0.4209836510353762 0.021299254526091587 0.072992700729927
0 0.390820251147325 0.3346921003343312 0.021299254526091587 0.072992700729927
0 0.38482504731039446 0.21278816362968034 0.021299254526091587 0.072992700729927
0 0.36963719759017066 0.25250967109524075 0.021299254526091587 0.072992700729927
0 0.40440937984436737 0.1990910920898319 0.021299254526091587 0.072992700729927
0 0.40400969958857197 0.15936958462427148 0.021299254526091587 0.072992700729927
0 0.4187978690530004 0.21689728509163486 0.021299254526091587 0.072992700729927
0 0.43958124235435936 0.2045699207057713 0.021299254526091587 0.072992700729927
0 0.4971351991888917 0.027877697841726758 0.021299254526091587 0.072992700729927
0 0.26172352852542247 0.12786632008262014 0.021299254526091587 0.072992700729927
0 0.2697171336413297 0.14841192739239273 0.021299254526091587 0.072992700729927
0 0.43598412005220105 0.29771000717674045 0.021299254526091587 0.072992700729927
0 0.47075630230639776 0.24155201386336198 0.021299254526091587 0.072992700729927
0 0.4931383966309381 0.35934682910605836 0.021299254526091587 0.072992700729927
0 0.49034063484037055 0.30318883579267986 0.021299254526091587 0.072992700729927
0 0.11224311285795646 0.03061711214969637 0.021299254526091587 0.072992700729927
0 0.10065238543989091 0.06759920530728715 0.021299254526091587 0.072992700729927
0 0.12183543899704517 0.05527184092142359 0.021299254526091587 0.072992700729927
0 0.14461721357738092 0.03746564791962061 0.021299254526091587 0.072992700729927
0 0.17459323276203317 0.06896891246127197 0.021299254526091587 0.072992700729927
0 0.18858204171487095 0.04431418368954484 0.021299254526091587 0.072992700729927
0 0.16619994739033056 0.01828974776383281 0.021299254526091587 0.072992700729927
0 0.005128804304798972 0.38811067933974 0.021299254526091587 0.072992700729927
0 0.023514096071385705 0.4442686726531184 0.021299254526091587 0.072992700729927
0 0.036703544512632705 0.414135115265452 0.021299254526091587 0.072992700729927
0 0.02431345658297644 0.3949592151096642 0.021299254526091587 0.072992700729927
0 0.03270674195467907 0.3442800504122251 0.021299254526091587 0.072992700729927
0 0.037103224768428075 0.27853410702095266 0.021299254526091587 0.072992700729927
0 0.3564477491489237 0.16758782754818052 0.021299254526091587 0.072992700729927
0 0.3460560624982442 0.20867904216772581 0.021299254526091587 0.072992700729927
0 0.3840256867988038 0.2703158640970436 0.021299254526091587 0.072992700729927
0 0.4839457507476447 0.015550333455863201 0.021299254526091587 0.072992700729927
0 0.26412161006019463 0.06212037669134777 0.021299254526091587 0.072992700729927
0 0.2729145756876927 0.02650799068774185 0.021299254526091587 0.072992700729927
0 0.14961321677482295 0.17994363633181054 0.021299254526091587 0.072992700729927
0 0.12643176193869188 0.35800556634984 0.021299254526091587 0.072992700729927
0 0.06248292101143367 0.4210120954331427 0.021299254526091587 0.072992700729927
0 0.10105206569568627 0.46004874932171075 0.021299254526091587 0.072992700729927
0 0.2173590201321371 0.49155201386336206 0.021299254526091587 0.072992700729927
0 0.2889017859195072 0.3655389556967567 0.021299254526091587 0.072992700729927
0 0.2912998674542794 0.4586790421677259 0.021299254526091587 0.072992700729927
0 0.022315055303999614 0.12375719862066561 0.021299254526091587 0.072992700729927
0 0.0035300832816175295 0.13197544154457466 0.021299254526091587 0.072992700729927
0 0.21935742141111395 0.24977025678727102 0.021299254526091587 0.072992700729927
0 0.3884221696125528 0.06896891246127197 0.021299254526091587 0.072992700729927
0 0.37603208168289654 0.05938096238337811 0.021299254526091587 0.072992700729927
0 0.3672391160553985 0.04157476938157517 0.021299254526091587 0.072992700729927
0 0.3584461504279005 0.03335652645766608 0.021299254526091587 0.072992700729927
0 0.3460560624982442 0.0456838908435297 0.021299254526091587 0.072992700729927
0 0.3364637363591555 0.03746564791962061 0.021299254526091587 0.072992700729927
0 0.35045254531199327 0.0799265696931507 0.021299254526091587 0.072992700729927
0 0.36164359247426336 0.10458129846487782 0.021299254526091587 0.072992700729927
0 0.29689539103541446 0.07718715538518105 0.021299254526091587 0.072992700729927
0 0.28610402412893965 0.03061711214969637 0.021299254526091587 0.072992700729927
0 0.2561280049442874 0.07307803392322652 0.021299254526091587 0.072992700729927
0 0.20217117041191332 0.04431418368954484 0.021299254526091587 0.072992700729927
0 0.10984503132318428 0.13197544154457466 0.021299254526091587 0.072992700729927
0 0.09425750134716508 0.1155389556967566 0.021299254526091587 0.072992700729927
0 0.08706325674284854 0.10184188415690822 0.021299254526091587 0.072992700729927
0 0.07747093060375983 0.03746564791962061 0.021299254526091587 0.072992700729927
0 0.08066837265012271 0.04431418368954484 0.021299254526091587 0.072992700729927
0 0.09026069878921146 0.02650799068774185 0.021299254526091587 0.072992700729927
0 0.021116014536613523 0.08677510546307489 0.021299254526091587 0.072992700729927
0 0.037902585280018795 0.10869041992683234 0.021299254526091587 0.072992700729927
0 0.4931383966309381 0.09636305554096879 0.021299254526091587 0.072992700729927
0 0.4921391959914496 0.18539402054998355 0.021299254526091587 0.072992700729927
0 0.5017315221305383 0.1429330987764534 0.021299254526091587 0.072992700729927
0 0.5001328011073568 0.10732071277284753 0.021299254526091587 0.072992700729927
0 0.5113238482696271 0.12649661292863534 0.021299254526091587 0.072992700729927
0 0.5041296036653105 0.08403569115510523 0.021299254526091587 0.072992700729927
0 0.5197171336413297 0.04294447653555998 0.021299254526091587 0.072992700729927
0 0.5041296036653105 0.06349008384533263 0.021299254526091587 0.072992700729927
0 0.5225148954318972 0.09088422692502945 0.021299254526091587 0.072992700729927
0 0.5153206508275807 0.08814481261705974 0.021299254526091587 0.072992700729927
0 0.5241136164550787 0.1415633916224686 0.021299254526091587 0.072992700729927
0 0.5185180928739436 0.16758782754818052 0.021299254526091587 0.072992700729927
0 0.5033302431537198 0.2045699207057713 0.021299254526091587 0.072992700729927
0 0.5233142559434879 0.2278549423235136 0.021299254526091587 0.072992700729927
0 0.5209161744087157 0.2689461569430588 0.021299254526091587 0.072992700729927
0 0.5125228890370132 0.2429217210173468 0.021299254526091587 0.072992700729927
0 0.4861439921545191 0.24977025678727102 0.021299254526091587 0.072992700729927
0 0.4989337603399708 0.2826432284829072 0.021299254526091587 0.072992700729927
0 0.5105244877580363 0.38126214356981575 0.021299254526091587 0.072992700729927
0 0.5325069018267813 0.3771530221078613 0.021299254526091587 0.072992700729927
0 0.5269113782456463 0.3237344431024525 0.021299254526091587 0.072992700729927
0 0.5504925133375727 0.3757833149538764 0.021299254526091587 0.072992700729927
0 0.5728746076621131 0.43605042972920943 0.021299254526091587 0.072992700729927
0 0.579269491754839 0.36208624341402806 0.021299254526091587 0.072992700729927
0 0.5572870776860939 0.27442498555899814 0.021299254526091587 0.072992700729927
0 0.5520912343607541 0.23607318524742266 0.021299254526091587 0.072992700729927
0 0.5472950712912097 0.181284899088029 0.021299254526091587 0.072992700729927
0 0.5365037043847349 0.24018230670937718 0.021299254526091587 0.072992700729927
0 0.5365037043847349 0.17854548478005927 0.021299254526091587 0.072992700729927
0 0.5448969897564375 0.10458129846487782 0.021299254526091587 0.072992700729927
0 0.5357043438731443 0.1155389556967566 0.021299254526091587 0.072992700729927
0 0.5600848394766614 0.10595100561886274 0.021299254526091587 0.072992700729927
0 0.5680784445925687 0.14704222023840793 0.021299254526091587 0.072992700729927
0 0.5832662943127925 0.14841192739239273 0.021299254526091587 0.072992700729927
0 0.5808682127780203 0.10869041992683234 0.021299254526091587 0.072992700729927
0 0.5852646955917693 0.2059396278597561 0.021299254526091587 0.072992700729927
0 0.5740736484294993 0.22374582086155909 0.021299254526091587 0.072992700729927
0 0.5768714102200666 0.27442498555899814 0.021299254526091587 0.072992700729927
0 0.5972551032656302 0.2566187925571953 0.021299254526091587 0.072992700729927
0 0.625632401427101 0.31962532164049795 0.021299254526091587 0.072992700729927
0 0.6064477491489236 0.31962532164049795 0.021299254526091587 0.072992700729927
0 0.627630802706078 0.40317745803357324 0.021299254526091587 0.072992700729927
0 0.6743933926341353 0.3524982933361341 0.021299254526091587 0.072992700729927
0 0.6476148154958461 0.37441360779989163 0.021299254526091587 0.072992700729927
0 0.6580065021465255 0.3086676644086192 0.021299254526091587 0.072992700729927
0 0.64641577472846 0.27990381417493754 0.021299254526091587 0.072992700729927
0 0.6584061824023208 0.24840054963328623 0.021299254526091587 0.072992700729927
0 0.6228346396365336 0.2456611353253165 0.021299254526091587 0.072992700729927
0 0.6400208906357341 0.21415787078366513 0.021299254526091587 0.072992700729927
0 0.6092455109394911 0.21963669939960448 0.021299254526091587 0.072992700729927
0 0.6152407147764215 0.17717577762607448 0.021299254526091587 0.072992700729927
0 0.6292295237292593 0.17580607047208957 0.021299254526091587 0.072992700729927
0 0.6516116180537997 0.181284899088029 0.021299254526091587 0.072992700729927
0 0.64641577472846 0.11964807715871109 0.021299254526091587 0.072992700729927
0 0.6216355988691474 0.13334514869855957 0.021299254526091587 0.072992700729927
0 0.6116435924742634 0.11142983423480206 0.021299254526091587 0.072992700729927
0 0.5988538242888117 0.10184188415690822 0.021299254526091587 0.072992700729927
0 0.6723949913551587 0.21415787078366513 0.021299254526091587 0.072992700729927
0 0.6951767659354944 0.12649661292863534 0.021299254526091587 0.072992700729927
0 0.6799889162152705 0.15115134170036246 0.021299254526091587 0.072992700729927
0 0.6628026652160699 0.12375719862066561 0.021299254526091587 0.072992700729927
0 0.6703965900761818 0.0991024698489385 0.021299254526091587 0.072992700729927
0 0.6548090601001626 0.0991024698489385 0.021299254526091587 0.072992700729927
0 0.7055684525861738 0.3346921003343312 0.021299254526091587 0.072992700729927
0 0.7139617379578764 0.26483703548110427 0.021299254526091587 0.072992700729927
0 0.6895812423543592 0.29771000717674045 0.021299254526091587 0.072992700729927
0 0.6847850792848149 0.2634673283271195 0.021299254526091587 0.072992700729927
0 0.7071671736093552 0.22237611370757418 0.021299254526091587 0.072992700729927
0 0.7335460704918492 0.40591687234154294 0.021299254526091587 0.072992700729927
0 0.7347451112592354 0.3155162001785434 0.021299254526091587 0.072992700729927
0 0.7679185724902505 0.3730439006459067 0.021299254526091587 0.072992700729927
0 0.7743134565829763 0.3182556144865131 0.021299254526091587 0.072992700729927
0 0.7907003470705862 0.40043804372560354 0.021299254526091587 0.072992700729927
0 0.8130824413951266 0.4018077508795884 0.021299254526091587 0.072992700729927
0 0.8334661344406903 0.3566074147980886 0.021299254526091587 0.072992700729927
0 0.8538498274862538 0.4470080869610882 0.021299254526091587 0.072992700729927
0 0.8578466300442075 0.36482565772199765 0.021299254526091587 0.072992700729927
0 0.8490536644167095 0.27579469271298307 0.021299254526091587 0.072992700729927
0 0.8806284046245431 0.29634030002275563 0.021299254526091587 0.072992700729927
0 0.8698370377180682 0.27442498555899814 0.021299254526091587 0.072992700729927
0 0.8602447115789795 0.29634030002275563 0.021299254526091587 0.072992700729927
0 0.8582463103000028 0.20867904216772581 0.021299254526091587 0.072992700729927
0 0.8594453510673887 0.17580607047208957 0.021299254526091587 0.072992700729927
0 0.8362638962312576 0.23881259955539227 0.021299254526091587 0.072992700729927
0 0.8186779649762618 0.22100640655358939 0.021299254526091587 0.072992700729927
0 0.8022910744886518 0.2429217210173468 0.021299254526091587 0.072992700729927
0 0.8050888362792193 0.1799151919340441 0.021299254526091587 0.072992700729927
0 0.7839057827220651 0.19224255631990775 0.021299254526091587 0.072992700729927
0 0.7875029050242234 0.259358206865165 0.021299254526091587 0.072992700729927
0 0.7679185724902505 0.24840054963328623 0.021299254526091587 0.072992700729927
0 0.7735140960713857 0.21415787078366513 0.021299254526091587 0.072992700729927
0 0.7719153750482041 0.19224255631990775 0.021299254526091587 0.072992700729927
0 0.7607243278859341 0.2004607992438168 0.021299254526091587 0.072992700729927
0 0.7571272055837757 0.24155201386336198 0.021299254526091587 0.072992700729927
0 0.7555284845605943 0.28401293563689206 0.021299254526091587 0.072992700729927
0 0.7195572615390116 0.17032724185615022 0.021299254526091587 0.072992700729927
0 0.7119633366788995 0.1251269057746504 0.021299254526091587 0.072992700729927
0 0.7331463902360539 0.1251269057746504 0.021299254526091587 0.072992700729927
0 0.7487339202120731 0.11006012708081725 0.021299254526091587 0.072992700729927
0 0.7419393558635519 0.16758782754818052 0.021299254526091587 0.072992700729927
0 0.8198770057436479 0.02650799068774185 0.021299254526091587 0.072992700729927
0 0.8214757267668292 0.14978163454637763 0.021299254526091587 0.072992700729927
0 0.8258722095805782 0.10732071277284753 0.021299254526091587 0.072992700729927
0 0.8474549433935279 0.15526046316231698 0.021299254526091587 0.072992700729927
0 0.8878226492288597 0.23059435663148323 0.021299254526091587 0.072992700729927
0 0.8746332007876125 0.19087284916592284 0.021299254526091587 0.072992700729927
0 0.7555284845605943 0.42235335818936104 0.021299254526091587 0.072992700729927
0 0.7627227291649108 0.08266598400112037 0.021299254526091587 0.072992700729927
0 0.7055684525861738 0.008701797685938966 0.021299254526091587 0.072992700729927
0 0.8606443918347748 0.11279954138878687 0.021299254526091587 0.072992700729927
0 0.8470552631377326 0.05801125522939325 0.021299254526091587 0.072992700729927
0 0.7707163342808181 0.11279954138878687 0.021299254526091587 0.072992700729927
0 0.7567275253279804 0.16621812039419573 0.021299254526091587 0.072992700729927
0 0.7191575812832162 0.015550333455863201 0.021299254526091587 0.072992700729927
0 0.7351447915150308 0.012810919147893486 0.021299254526091587 0.072992700729927
0 0.7171591800042394 0.0799265696931507 0.021299254526091587 0.072992700729927
0 0.7455364781657102 0.03335652645766608 0.021299254526091587 0.072992700729927
0 0.6939777251681082 0.007332090531954162 0.021299254526091587 0.072992700729927
0 0.677191154424703 0.012810919147893486 0.021299254526091587 0.072992700729927
0 0.7926987483495631 0.015550333455863201 0.021299254526091587 0.072992700729927
0 0.8726347995086359 0.15389075600833216 0.021299254526091587 0.072992700729927
0 0.861843432602161 0.1388239773144989 0.021299254526091587 0.072992700729927
0 0.8878226492288597 0.13608456300652919 0.021299254526091587 0.072992700729927
0 0.8754325612992033 0.10732071277284753 0.021299254526091587 0.072992700729927
0 0.781507701187293 0.13334514869855957 0.021299254526091587 0.072992700729927
0 0.8374629369986438 0.040205062227590314 0.021299254526091587 0.072992700729927
0 0.8478546236493233 0.02239886922578733 0.021299254526091587 0.072992700729927
0 0.8610440720905702 0.0360959407656358 0.021299254526091587 0.072992700729927
0 0.870636398229659 0.0470535979975145 0.021299254526091587 0.072992700729927
0 0.29409762924484695 0.1429330987764534 0.021299254526091587 0.072992700729927
0 0.44997292900503877 0.33332239318034634 0.021299254526091587 0.072992700729927
0 0.42079627033197725 0.27716439986696784 0.021299254526091587 0.072992700729927
0 0.29609603052382377 0.2730552784050133 0.021299254526091587 0.072992700729927
0 0.9403806028659499 0.029247404995711563 0.021299254526091587 0.072992700729927
0 0.979948948189691 0.056641548075408395 0.021299254526091587 0.072992700729927
0 0.9695572615390116 0.05801125522939325 0.021299254526091587 0.072992700729927
0 0.9659601392368533 0.03198681930368128 0.021299254526091587 0.072992700729927
0 0.9519713302840156 0.01828974776383281 0.021299254526091587 0.072992700729927
0 0.9215956308435679 0.1210177843126959 0.021299254526091587 0.072992700729927
0 0.9203965900761818 0.17443636331810475 0.021299254526091587 0.072992700729927
0 0.934785079284815 0.21552757793764996 0.021299254526091587 0.072992700729927
0 0.9567674933535599 0.19361226347389254 0.021299254526091587 0.072992700729927
0 0.9507722895166295 0.15389075600833216 0.021299254526091587 0.072992700729927
0 0.935984120052201 0.1648484132402109 0.021299254526091587 0.072992700729927
0 0.9052087403559581 0.14978163454637763 0.021299254526091587 0.072992700729927
0 0.900812257542209 0.2470308424793013 0.021299254526091587 0.072992700729927
0 0.9759521456317374 0.21826699224561966 0.021299254526091587 0.072992700729927
0 0.9735540640969653 0.18539402054998355 0.021299254526091587 0.072992700729927
0 0.9851447915150308 0.1648484132402109 0.021299254526091587 0.072992700729927
0 0.9931383966309382 0.1990910920898319 0.021299254526091587 0.072992700729927
0 0.9947371176541194 0.2251155280155439 0.021299254526091587 0.072992700729927
0 0.9807483087012818 0.27990381417493754 0.021299254526091587 0.072992700729927
0 0.9583662143767415 0.3114070787165889 0.021299254526091587 0.072992700729927
0 0.9651607787252625 0.27168557125102855 0.021299254526091587 0.072992700729927
0 0.9395812423543594 0.3470194647201948 0.021299254526091587 0.072992700729927
0 0.9771511863991236 0.37852272926184616 0.021299254526091587 0.072992700729927
0 0.9175988282856143 0.259358206865165 0.021299254526091587 0.072992700729927
0 0.9471751672144713 0.259358206865165 0.021299254526091587 0.072992700729927
0 0.8112838802440476 0.3127767858705737 0.021299254526091587 0.072992700729927
0 0.9727547035853746 0.12173108228745491 0.021299254526091587 0.072992700729927
0 0.9995332807236639 0.1861073185247424 0.021299254526091587 0.072992700729927
0 0.9339857187732242 0.2915747693815752 0.021299254526091587 0.072992700729927
0 0.5954565421145511 0.14775551821316693 0.021299254526091587 0.072992700729927
0 0.7441375972704264 0.2518532619160148 0.021299254526091587 0.072992700729927
0 0.7329465501081562 0.2080226329884999 0.021299254526091587 0.072992700729927
0 0.5906603790450068 0.44909109208983194 0.021299254526091587 0.072992700729927
0 0.46995694179480696 0.6463289222636492 0.021299254526091587 0.072992700729927
0 0.9167994677740235 0.04157476938157517 0.021299254526091587 0.072992700729927
0 0.030508500547804566 0.01831819216159937 0.021299254526091587 0.072992700729927
0 0.046986027816698715 0.5394842383893479 0.021299254526091587 0.072992700729927
0 0.873159853990525 0.9400435331092264 0.021299254526091587 0.072992700729927
0 0.5934395742702452 0.5463314058204568 0.021299254526091587 0.072992700729927
0 0.6004325812632523 0.37515222004273097 0.021299254526091587 0.072992700729927
0 0.5854475662782372 0.40254088976716706 0.021299254526091587 0.072992700729927
0 0.28674626757693844 0.7380520938915098 0.021299254526091587 0.072992700729927
0 0.27375925458992545 0.6113794964159927 0.021299254526091587 0.072992700729927
