0 0.052981234760489264 0.8131761978242231 0.01953125 0.02932551319648094
0 0.05438572914251176 0.7688913778960542 0.01953125 0.02932551319648094
0 0.0048773021762196535 0.733568962000967 0.01953125 0.02932551319648094
0 0.027349212288579207 0.6945561444451991 0.01953125 0.02932551319648094
0 0.04139415610880394 0.6882297415983177 0.01953125 0.02932551319648094
0 0.06737730217621965 0.6945561444451991 0.01953125 0.02932551319648094
0 0.09055145947959045 0.6998281468176001 0.01953125 0.02932551319648094
0 0.02032674037846684 0.6365641183487873 0.01953125 0.02932551319648094
0 0.04069190891779269 0.6428905211956686 0.01953125 0.02932551319648094
0 0.0034728077941971595 0.6355097178743071 0.01953125 0.02932551319648094
0 0.014006515659365724 0.6871753411238376 0.01953125 0.02932551319648094
0 0.0048773021762196535 0.689284142072798 0.01953125 0.02932551319648094
0 0.10600089768183764 0.709317751087922 0.01953125 0.02932551319648094
0 0.10600089768183764 0.6629241302107926 0.01953125 0.02932551319648094
0 0.14392224599644443 0.7166985544092835 0.01953125 0.02932551319648094
0 0.15305145947959048 0.6956105449196793 0.01953125 0.02932551319648094
0 0.13549527970430955 0.6797945378024761 0.01953125 0.02932551319648094
0 0.08212449318745563 0.6808489382769564 0.01953125 0.02932551319648094
0 0.06597280779419719 0.5996601017419799 0.01953125 0.02932551319648094
0 0.04911887520992751 0.6112585069612623 0.01953125 0.02932551319648094
0 0.03577617858071403 0.5775176917778954 0.01953125 0.02932551319648094
0 0.021731234760489302 0.5627560851351724 0.01953125 0.02932551319648094
0 0.009793032513298312 0.5891160969971777 0.01953125 0.02932551319648094
0 0.006281796558242112 0.512144862360122 0.01953125 0.02932551319648094
0 0.08493348195150058 0.960265064014213 0.01953125 0.02932551319648094
0 0.15305145947959048 0.9486666587949305 0.01953125 0.02932551319648094
0 0.2787537066706018 0.9254698483563658 0.01953125 0.02932551319648094
0 0.26681550442341073 0.8231930023317852 0.01953125 0.02932551319648094
0 0.25838853813127594 0.7905065876228985 0.01953125 0.02932551319648094
0 0.19307954936723093 0.6850665401748771 0.01953125 0.02932551319648094
0 0.18184359431105118 0.6829577392259167 0.01953125 0.02932551319648094
0 0.19448404374925343 0.6608153292618322 0.01953125 0.02932551319648094
0 0.22257393138970288 0.6724137344811145 0.01953125 0.02932551319648094
0 0.26330426846835453 0.6776857368535156 0.01953125 0.02932551319648094
0 0.2548773021762197 0.6819033387514365 0.01953125 0.02932551319648094
0 0.2485570774571186 0.6449993221446291 0.01953125 0.02932551319648094
0 0.23591662801891639 0.6365641183487873 0.01953125 0.02932551319648094
0 0.30263011116498373 0.7947241895208192 0.01953125 0.02932551319648094
0 0.3286132572323995 0.8643146208365134 0.01953125 0.02932551319648094
0 0.3110570774571186 0.8738042251068353 0.01953125 0.02932551319648094
0 0.37917505498520854 0.9349594526266878 0.01953125 0.02932551319648094
0 0.36723685273801754 0.8906746326985188 0.01953125 0.02932551319648094
0 0.190270560603186 0.6218025117060643 0.01953125 0.02932551319648094
0 0.20993348195150058 0.624965713129505 0.01953125 0.02932551319648094
0 0.2134447179065568 0.6038777036399007 0.01953125 0.02932551319648094
0 0.22608516734475906 0.610204106486782 0.01953125 0.02932551319648094
0 0.19307954936723093 0.584898495099257 0.01953125 0.02932551319648094
0 0.1748211224009388 0.6049321041143809 0.01953125 0.02932551319648094
0 0.13689977408633205 0.6534345259404708 0.01953125 0.02932551319648094
0 0.12777056060318598 0.6428905211956686 0.01953125 0.02932551319648094
0 0.12987730217621968 0.615476108859183 0.01953125 0.02932551319648094
0 0.10459640329981518 0.556429682288291 0.01953125 0.02932551319648094
0 0.09195595386161295 0.5743544903544547 0.01953125 0.02932551319648094
0 0.07580426846835452 0.584898495099257 0.01953125 0.02932551319648094
0 0.07650651565936573 0.5437768765945284 0.01953125 0.02932551319648094
0 0.07299527970430957 0.5701368884565339 0.01953125 0.02932551319648094
0 0.04911887520992751 0.5395592746966076 0.01953125 0.02932551319648094
0 0.03086044824363537 0.5553752818138109 0.01953125 0.02932551319648094
0 0.03507393138970282 0.5437768765945284 0.01953125 0.02932551319648094
0 0.05052336959195001 0.5089816609366815 0.01953125 0.02932551319648094
0 0.03086044824363537 0.516362464258043 0.01953125 0.02932551319648094
0 0.1165346055470062 0.5585384832372515 0.01953125 0.02932551319648094
0 0.139708762850377 0.5532664808648504 0.01953125 0.02932551319648094
0 0.139708762850377 0.536396073273167 0.01953125 0.02932551319648094
0 0.1144278639739725 0.5342872723242065 0.01953125 0.02932551319648094
0 0.14111325723239945 0.5226888671049242 0.01953125 0.02932551319648094
0 0.1614784257717253 0.5553752818138109 0.01953125 0.02932551319648094
0 0.15796718981666916 0.5733000898799745 0.01953125 0.02932551319648094
0 0.1549826392548714 0.6268109139598453 0.01953125 0.02932551319648094
0 0.13286185273801748 0.5788356923709956 0.01953125 0.02932551319648094
0 0.17324106622116356 0.5519484802717501 0.01953125 0.02932551319648094
0 0.17499668419869163 0.5334964719683464 0.01953125 0.02932551319648094
0 0.19887308869307369 0.5677644873889534 0.01953125 0.02932551319648094
0 0.19430848195150066 0.5424588760014282 0.01953125 0.02932551319648094
0 0.19887308869307369 0.526642868884225 0.01953125 0.02932551319648094
0 0.2487326392548714 0.6204845111129641 0.01953125 0.02932551319648094
0 0.23503881903015234 0.5688188878634336 0.01953125 0.02932551319648094
0 0.2304742122885793 0.5224252669863041 0.01953125 0.02932551319648094
0 0.2174826392548714 0.5329692717311063 0.01953125 0.02932551319648094
0 0.21291803251329838 0.5240068676980244 0.01953125 0.02932551319648094
0 0.23012308869307369 0.5445676769503887 0.01953125 0.02932551319648094
0 0.23819893138970288 0.5445676769503887 0.01953125 0.02932551319648094
0 0.24697702127734333 0.5819988937944364 0.01953125 0.02932551319648094
0 0.25926634712004 0.5761996911847951 0.01953125 0.02932551319648094
0 0.27752477408633214 0.5925428985392384 0.01953125 0.02932551319648094
0 0.23609218981666918 0.5029188582084202 0.01953125 0.02932551319648094
0 0.27225792015374783 0.5398228748152277 0.01953125 0.02932551319648094
0 0.2729601673447591 0.5556388819324309 0.01953125 0.02932551319648094
0 0.275769156108804 0.5203164660373437 0.01953125 0.02932551319648094
0 0.2848983695919501 0.5102996615297817 0.01953125 0.02932551319648094
0 0.1976441561088039 0.42093922131758377 0.01953125 0.02932551319648094
0 0.011197526895320772 0.3360599831219266 0.01953125 0.02932551319648094
0 0.05122561678296122 0.3508215897646496 0.01953125 0.02932551319648094
0 0.0484166280189163 0.476295246227795 0.01953125 0.02932551319648094
0 0.00838853813127582 0.4889480519215576 0.01953125 0.02932551319648094
0 0.06667505498520844 0.44255443104442815 0.01953125 0.02932551319648094
0 0.1574405044234107 0.5920156983019985 0.01953125 0.02932551319648094
0 0.21642926846835445 0.4749772456346946 0.01953125 0.02932551319648094
0 0.2831427516144219 0.47603164610917487 0.01953125 0.02932551319648094
0 0.29156971790655667 0.49237485346361826 0.01953125 0.02932551319648094
0 0.3035079201537477 0.4749772456346946 0.01953125 0.02932551319648094
0 0.3175528639739725 0.4886844518029374 0.01953125 0.02932551319648094
0 0.3126371336368938 0.4739228451602144 0.01953125 0.02932551319648094
0 0.3537185943110511 0.4612700394664518 0.01953125 0.02932551319648094
0 0.3452916280189163 0.4797220477698556 0.01953125 0.02932551319648094
0 0.35266522352453433 0.47339564492297426 0.01953125 0.02932551319648094
0 0.3291399426256579 0.49290205370085827 0.01953125 0.02932551319648094
0 0.2985921898166691 0.5166260643766631 0.01953125 0.02932551319648094
0 0.296836571839141 0.5514212800345102 0.01953125 0.02932551319648094
0 0.30280567296273647 0.5313876710193861 0.01953125 0.02932551319648094
0 0.304210167344759 0.5498396793227898 0.01953125 0.02932551319648094
0 0.3006989313897028 0.5814716935571963 0.01953125 0.02932551319648094
0 0.3038590437492534 0.5667100869144732 0.01953125 0.02932551319648094
0 0.337215785322287 0.5609108843048322 0.01953125 0.02932551319648094
0 0.33897140329981523 0.5472036781365893 0.01953125 0.02932551319648094
0 0.32773544824363543 0.5182076650883835 0.01953125 0.02932551319648094
0 0.3410781448728488 0.5250612681725049 0.01953125 0.02932551319648094
0 0.3077214032998151 0.5224252669863042 0.01953125 0.02932551319648094
0 0.36109218981666913 0.5482580786110695 0.01953125 0.02932551319648094
0 0.3456427516144219 0.540877275289708 0.01953125 0.02932551319648094
0 0.37267926846835453 0.5034460584456605 0.01953125 0.02932551319648094
0 0.3646034257717252 0.49764685583601925 0.01953125 0.02932551319648094
0 0.3744348864458826 0.4797220477698556 0.01953125 0.02932551319648094
0 0.33897140329981523 0.49342925393809833 0.01953125 0.02932551319648094
0 0.3818084819515006 0.49237485346361826 0.01953125 0.02932551319648094
0 0.390586571839141 0.47339564492297426 0.01953125 0.02932551319648094
0 0.3958534257717252 0.49237485346361826 0.01953125 0.02932551319648094
0 0.4018225268953208 0.4997556567849796 0.01953125 0.02932551319648094
0 0.402524774086332 0.5324420714938664 0.01953125 0.02932551319648094
0 0.3754882572323995 0.5429860762386683 0.01953125 0.02932551319648094
0 0.38251072914251183 0.5841076947433967 0.01953125 0.02932551319648094
0 0.3547719650975681 0.6104677066054022 0.01953125 0.02932551319648094
0 0.3249264594795905 0.6030869032840407 0.01953125 0.02932551319648094
0 0.31333938082790513 0.585162095217877 0.01953125 0.02932551319648094
0 0.2968365718391411 0.6652965312783732 0.01953125 0.02932551319648094
0 0.33897140329981523 0.6531709258218509 0.01953125 0.02932551319648094
0 0.35547421228857934 0.6473717232122096 0.01953125 0.02932551319648094
0 0.3150949988054332 0.6094133061309219 0.01953125 0.02932551319648094
0 0.33510904374925343 0.5983421011488798 0.01953125 0.02932551319648094
0 0.38637308869307363 0.5730364897613546 0.01953125 0.02932551319648094
0 0.39515117858071414 0.5588020833558717 0.01953125 0.02932551319648094
0 0.3905865718391411 0.5693460881006739 0.01953125 0.02932551319648094
0 0.4123562347604894 0.555111681695191 0.01953125 0.02932551319648094
0 0.4390416280189164 0.5182076650883835 0.01953125 0.02932551319648094
0 0.4267523021762197 0.5166260643766631 0.01953125 0.02932551319648094
0 0.46010904374925343 0.555638881932431 0.01953125 0.02932551319648094
0 0.44536185273801754 0.5419316757641883 0.01953125 0.02932551319648094
0 0.434828144872849 0.5519484802717503 0.01953125 0.02932551319648094
0 0.41902758307509613 0.5356052729173071 0.01953125 0.02932551319648094
0 0.43307252689532083 0.5740908902358347 0.01953125 0.02932551319648094
0 0.4221876954346467 0.5761996911847952 0.01953125 0.02932551319648094
0 0.40147140329981523 0.595178899725439 0.01953125 0.02932551319648094
0 0.40392926846835453 0.5777812918965156 0.01953125 0.02932551319648094
0 0.42780567296273664 0.6057229044702412 0.01953125 0.02932551319648094
0 0.4123562347604894 0.6173213096895236 0.01953125 0.02932551319648094
0 0.403578144872849 0.6363005182301674 0.01953125 0.02932551319648094
0 0.44395735835599504 0.6109949068426422 0.01953125 0.02932551319648094
0 0.4509798302661074 0.6415725206025685 0.01953125 0.02932551319648094
0 0.39023544824363543 0.678476537209376 0.01953125 0.02932551319648094
0 0.4797719650975681 0.6642421308038932 0.01953125 0.02932551319648094
0 0.4962747740863321 0.6252293132481251 0.01953125 0.02932551319648094
0 0.48609218981666913 0.5925428985392385 0.01953125 0.02932551319648094
0 0.4664292684683546 0.5366596733917872 0.01953125 0.02932551319648094
0 0.45905567296273664 0.5118812622415022 0.01953125 0.02932551319648094
0 0.44536185273801754 0.4791948475326156 0.01953125 0.02932551319648094
0 0.4390416280189164 0.46759644231333314 0.01953125 0.02932551319648094
0 0.4046315156593658 0.5160988641394231 0.01953125 0.02932551319648094
0 0.46853601004138823 0.4918476532263781 0.01953125 0.02932551319648094
0 0.4636202797043097 0.47655884634641493 0.01953125 0.02932551319648094
0 0.4829320774571186 0.4860484506167369 0.01953125 0.02932551319648094
0 0.48749668419869163 0.47655884634641493 0.01953125 0.02932551319648094
0 0.4783674707155456 0.5345508724428268 0.01953125 0.02932551319648094
0 0.47380286397397253 0.5192620655628637 0.01953125 0.02932551319648094
0 0.46748263925487143 0.5192620655628637 0.01953125 0.02932551319648094
0 0.4878478077941973 0.5176804648511433 0.01953125 0.02932551319648094
0 0.49978601004138823 0.5197892658001038 0.01953125 0.02932551319648094
0 0.5096174707155455 0.5282244695959455 0.01953125 0.02932551319648094
0 0.5011905044234107 0.5577476828813914 0.01953125 0.02932551319648094
0 0.4959236504908265 0.5429860762386683 0.01953125 0.02932551319648094
0 0.5120753358840848 0.6025597030468005 0.01953125 0.02932551319648094
0 0.5370051111649837 0.46706924207609307 0.01953125 0.02932551319648094
0 0.5324405044234107 0.48499405014225666 0.01953125 0.02932551319648094
0 0.5541223864458825 0.4880254515063874 0.01953125 0.02932551319648094
0 0.5179566561088039 0.5114858620635722 0.01953125 0.02932551319648094
0 0.5176055325132983 0.4959334550649889 0.01953125 0.02932551319648094
0 0.5379707010526241 0.521239066452514 0.01953125 0.02932551319648094
0 0.5497333415020623 0.4998874568442897 0.01953125 0.02932551319648094
0 0.5295437347604893 0.5083226606401314 0.01953125 0.02932551319648094
0 0.530772667344759 0.5570886825848412 0.01953125 0.02932551319648094
0 0.5812466841986916 0.4839396496677767 0.01953125 0.02932551319648094
0 0.595642751614422 0.47392284516021466 0.01953125 0.02932551319648094
0 0.5703618527380174 0.5023916579711803 0.01953125 0.02932551319648094
0 0.5700107291425118 0.5166260643766633 0.01953125 0.02932551319648094
0 0.5528056729627365 0.5419316757641884 0.01953125 0.02932551319648094
0 0.5622860100413882 0.5561660821696713 0.01953125 0.02932551319648094
0 0.5791399426256579 0.5598564838303521 0.01953125 0.02932551319648094
0 0.5949405044234107 0.5598564838303521 0.01953125 0.02932551319648094
0 0.600207358355995 0.5403500750524681 0.01953125 0.02932551319648094
0 0.6100388190301523 0.5076636603435815 0.01953125 0.02932551319648094
0 0.5995051111649837 0.4876300513284575 0.01953125 0.02932551319648094
0 0.56614836959195 0.59834210114888 0.01953125 0.02932551319648094
0 0.5552635381312759 0.5941244992509591 0.01953125 0.02932551319648094
0 0.5345472459964444 0.5883252966413179 0.01953125 0.02932551319648094
0 0.5984517403784669 0.5941244992509591 0.01953125 0.02932551319648094
0 0.5503478077941972 0.6146853085033233 0.01953125 0.02932551319648094
0 0.5485921898166691 0.5925428985392387 0.01953125 0.02932551319648094
0 0.6140767403784668 0.4889480519215576 0.01953125 0.02932551319648094
0 0.6302284257717252 0.4994920566663597 0.01953125 0.02932551319648094
0 0.6242593246481297 0.4947472545311988 0.01953125 0.02932551319648094
0 0.6632340437492533 0.4873664512098373 0.01953125 0.02932551319648094
0 0.6196947179065567 0.6102041064867821 0.01953125 0.02932551319648094
0 0.63865539206386 0.6117857071985026 0.01953125 0.02932551319648094
0 0.6400598864458825 0.5954424998440592 0.01953125 0.02932551319648094
0 0.6390065156593656 0.5796264927268561 0.01953125 0.02932551319648094
0 0.6477846055470061 0.5675008872703337 0.01953125 0.02932551319648094
0 0.6407621336368938 0.5537936811020908 0.01953125 0.02932551319648094
0 0.6105655044234106 0.5537936811020908 0.01953125 0.02932551319648094
0 0.6133744931874555 0.5379776739848876 0.01953125 0.02932551319648094
0 0.6484868527380174 0.4921112533449983 0.01953125 0.02932551319648094
0 0.6512958415020622 0.6355097178743073 0.01953125 0.02932551319648094
0 0.6685008976818376 0.6312921159763865 0.01953125 0.02932551319648094
0 0.6302284257717252 0.6434177214329089 0.01953125 0.02932551319648094
0 0.600031796558242 0.6455265223818694 0.01953125 0.02932551319648094
0 0.5919559538616128 0.6381457190605079 0.01953125 0.02932551319648094
0 0.5726441561088038 0.6360369181115475 0.01953125 0.02932551319648094
0 0.5729952797043094 0.6492169240425502 0.01953125 0.02932551319648094
0 0.5336694370076802 0.6260201136039854 0.01953125 0.02932551319648094
0 0.6305795493672308 0.5490488789669298 0.01953125 0.02932551319648094
0 0.6972930325132983 0.4910568528705181 0.01953125 0.02932551319648094
0 0.6744699988054331 0.5131992628346025 0.01953125 0.02932551319648094
0 0.6646385381312758 0.5833168943875368 0.01953125 0.02932551319648094
0 0.6716610100413881 0.6017689026909405 0.01953125 0.02932551319648094
0 0.6779812347604892 0.5822624939130566 0.01953125 0.02932551319648094
0 0.6969419089177926 0.5195256656814838 0.01953125 0.02932551319648094
0 0.7285430325132983 0.5817352936758164 0.01953125 0.02932551319648094
0 0.7032621336368938 0.6080953055378219 0.01953125 0.02932551319648094
0 0.7137958415020623 0.6149489086219432 0.01953125 0.02932551319648094
0 0.7288941561088038 0.619166510519864 0.01953125 0.02932551319648094
0 0.7211694370076802 0.6502713245170303 0.01953125 0.02932551319648094
0 0.7439924707155454 0.6028233031654208 0.01953125 0.02932551319648094
0 0.7587396617267813 0.6154761088591834 0.01953125 0.02932551319648094
0 0.7692733695919499 0.6370913185860277 0.01953125 0.02932551319648094
0 0.7580374145357702 0.574881690591695 0.01953125 0.02932551319648094
0 0.7671666280189161 0.5611744844234522 0.01953125 0.02932551319648094
0 0.7520683134121747 0.5284880697145656 0.01953125 0.02932551319648094
0 0.7611975268953207 0.5184712652070036 0.01953125 0.02932551319648094
0 0.7292452797043095 0.4947472545311988 0.01953125 0.02932551319648094
0 0.7348632572323993 0.481040048362956 0.01953125 0.02932551319648094
0 0.6990486504908263 0.5037096585642806 0.01953125 0.02932551319648094
0 0.6867593246481297 0.5021280578525603 0.01953125 0.02932551319648094
0 0.6864082010526241 0.5390320744593678 0.01953125 0.02932551319648094
0 0.7074756167829611 0.5258520685283651 0.01953125 0.02932551319648094
0 0.7643576392548713 0.5026552580898004 0.01953125 0.02932551319648094
0 0.7394278639739724 0.5205800661559641 0.01953125 0.02932551319648094
0 0.7852494931874556 0.4849940501422566 0.01953125 0.02932551319648094
0 0.7834938752099275 0.4960652551242989 0.01953125 0.02932551319648094
0 0.7827916280189163 0.5582748831186315 0.01953125 0.02932551319648094
0 0.7989433134121747 0.6073045051819614 0.01953125 0.02932551319648094
0 0.8063169089177927 0.5472036781365892 0.01953125 0.02932551319648094
0 0.8006989313897029 0.5303332705449059 0.01953125 0.02932551319648094
0 0.808774774086332 0.5129356627159825 0.01953125 0.02932551319648094
0 0.8066680325132984 0.4892116520401775 0.01953125 0.02932551319648094
0 0.8375669089177927 0.5034460584456605 0.01953125 0.02932551319648094
0 0.8287888190301523 0.4886844518029374 0.01953125 0.02932551319648094
0 0.8298421898166691 0.5783084921337556 0.01953125 0.02932551319648094
0 0.820712976333523 0.6062501047074813 0.01953125 0.02932551319648094
0 0.7834938752099275 0.6547525265335712 0.01953125 0.02932551319648094
0 0.787707358355995 0.6716229341252544 0.01953125 0.02932551319648094
0 0.8175528639739725 0.6584429281942518 0.01953125 0.02932551319648094
0 0.823521965097568 0.6357733179929272 0.01953125 0.02932551319648094
0 0.8361624145357702 0.634718917518447 0.01953125 0.02932551319648094
0 0.8463449988054331 0.6252293132481251 0.01953125 0.02932551319648094
0 0.8603899426256579 0.6384093191791278 0.01953125 0.02932551319648094
0 0.8600388190301523 0.6041413037585208 0.01953125 0.02932551319648094
0 0.8579320774571186 0.5698732883379138 0.01953125 0.02932551319648094
0 0.8452916280189163 0.5435132764759085 0.01953125 0.02932551319648094
0 0.8386202797043095 0.5250612681725046 0.01953125 0.02932551319648094
0 0.8495051111649837 0.5250612681725046 0.01953125 0.02932551319648094
0 0.8284376954346466 0.5424588760014283 0.01953125 0.02932551319648094
0 0.8944489313897029 0.5329692717311063 0.01953125 0.02932551319648094
0 0.875839380827905 0.5292788700704256 0.01953125 0.02932551319648094
0 0.8940978077941972 0.4981740560732594 0.01953125 0.02932551319648094
0 0.8751371336368938 0.4892116520401775 0.01953125 0.02932551319648094
0 0.8670612909402646 0.5229524672235444 0.01953125 0.02932551319648094
0 0.9197298302661073 0.5424588760014283 0.01953125 0.02932551319648094
0 0.9102494931874556 0.5377140738662674 0.01953125 0.02932551319648094
0 0.912707358355995 0.5176804648511433 0.01953125 0.02932551319648094
0 0.9095472459964445 0.4997556567849796 0.01953125 0.02932551319648094
0 0.9176230886930736 0.4892116520401775 0.01953125 0.02932551319648094
0 0.9256989313897029 0.467069242076093 0.01953125 0.02932551319648094
0 0.9302635381312759 0.5176804648511433 0.01953125 0.02932551319648094
0 0.9242944370076804 0.4997556567849796 0.01953125 0.02932551319648094
0 0.90989836959195 0.5593292835931116 0.01953125 0.02932551319648094
0 0.874083762850377 0.5841076947433967 0.01953125 0.02932551319648094
0 0.8751371336368938 0.6310285158577663 0.01953125 0.02932551319648094
0 0.8677635381312759 0.6183757101640037 0.01953125 0.02932551319648094
0 0.8842663471200399 0.6515893251101305 0.01953125 0.02932551319648094
0 0.9042803920638602 0.6420997208398086 0.01953125 0.02932551319648094
0 0.9123562347604893 0.6120493073171225 0.01953125 0.02932551319648094
0 0.9274545493672309 0.6109949068426422 0.01953125 0.02932551319648094
0 0.9211343246481298 0.5804172930827161 0.01953125 0.02932551319648094
0 0.9348281448728489 0.5767268914220353 0.01953125 0.02932551319648094
0 0.9583534257717252 0.6009781023350802 0.01953125 0.02932551319648094
0 0.9587045493672309 0.5698732883379138 0.01953125 0.02932551319648094
0 0.9516820774571186 0.5519484802717503 0.01953125 0.02932551319648094
0 0.9699405044234107 0.5329692717311063 0.01953125 0.02932551319648094
0 0.9734517403784669 0.5076636603435812 0.01953125 0.02932551319648094
0 0.991710167344759 0.5076636603435812 0.01953125 0.02932551319648094
0 0.9601090437492534 0.5071364601063412 0.01953125 0.02932551319648094
0 0.9881989313897029 0.6341917172812069 0.01953125 0.02932551319648094
0 0.9379882572323995 0.6199573108757241 0.01953125 0.02932551319648094
0 0.9295612909402646 0.659497328668732 0.01953125 0.02932551319648094
0 0.9685360100413882 0.6415725206025683 0.01953125 0.02932551319648094
0 0.9969770212773432 0.55089407979727 0.01953125 0.02932551319648094
0 0.9530865718391411 0.4939564541753385 0.01953125 0.02932551319648094
0 0.3623211224009387 0.7893341523235705 0.01953125 0.02932551319648094
0 0.3833885381312759 0.7787901475787683 0.01953125 0.02932551319648094
0 0.4381638190301522 0.7619197399870851 0.01953125 0.02932551319648094
0 0.4318435943110511 0.7271245243292379 0.01953125 0.02932551319648094
0 0.4767874145357702 0.747158133344362 0.01953125 0.02932551319648094
0 0.5336694370076804 0.7123629176865149 0.01953125 0.02932551319648094
0 0.49996157183914103 0.9095358064143149 0.01953125 0.02932551319648094
0 0.5076862909402646 0.8884477969247107 0.01953125 0.02932551319648094
0 0.4936413471200399 0.9559294272914444 0.01953125 0.02932551319648094
0 0.4423773021762197 0.9717454344086475 0.01953125 0.02932551319648094
0 0.3300177516144219 0.973854235357608 0.01953125 0.02932551319648094
0 0.6095121336368938 0.7935517542214914 0.01953125 0.02932551319648094
0 0.5800177516144219 0.776681346629808 0.01953125 0.02932551319648094
0 0.6551582010526241 0.7935517542214914 0.01953125 0.02932551319648094
0 0.5631638190301522 0.9833438396279298 0.01953125 0.02932551319648094
0 0.5294559538616129 0.8947741997715919 0.01953125 0.02932551319648094
0 0.6663941561088039 0.7619197399870851 0.01953125 0.02932551319648094
0 0.7304742122885793 0.8844937951454097 0.01953125 0.02932551319648094
0 0.7459236504908267 0.8085769609828345 0.01953125 0.02932551319648094
0 0.7655865718391411 0.7948697548145917 0.01953125 0.02932551319648094
0 0.7652354482436355 0.7041913140092932 0.01953125 0.02932551319648094
0 0.7023843246481298 0.7105177168561746 0.01953125 0.02932551319648094
0 0.6848281448728489 0.7685097429525863 0.01953125 0.02932551319648094
0 0.7871806729627366 0.8715773893330272 0.01953125 0.02932551319648094
0 0.8089503358840848 0.8114765622876551 0.01953125 0.02932551319648094
0 0.8517874145357702 0.8114765622876551 0.01953125 0.02932551319648094
0 0.8707480886930737 0.8873933964502303 0.01953125 0.02932551319648094
0 0.904455953861613 0.8431085765220614 0.01953125 0.02932551319648094
0 0.8840907853222871 0.8114765622876551 0.01953125 0.02932551319648094
0 0.8960289875694781 0.7840621499511694 0.01953125 0.02932551319648094
0 0.8574053920638602 0.6849485053500294 0.01953125 0.02932551319648094
0 0.8398492122885793 0.6786221025031481 0.01953125 0.02932551319648094
0 0.7527705606031859 0.6775677020286679 0.01953125 0.02932551319648094
0 0.7485570774571186 0.6480444887432218 0.01953125 0.02932551319648094
0 0.9950458415020625 0.8768493917054283 0.01953125 0.02932551319648094
0 0.9929390999290287 0.7619197399870851 0.01953125 0.02932551319648094
0 0.9592312347604894 0.7735181452063674 0.01953125 0.02932551319648094
0 0.9234166280189163 0.8620877850627053 0.01953125 0.02932551319648094
0 0.5196244931874555 0.663978530685273 0.01953125 0.02932551319648094
0 0.5175177516144218 0.6449993221446292 0.01953125 0.02932551319648094
0 0.4451862909402645 0.560647284186212 0.01953125 0.02932551319648094
0 0.44027056060318587 0.5785720922523757 0.01953125 0.02932551319648094
0 0.610214380827905 0.5490488789669297 0.01953125 0.02932551319648094
0 0.9880233695919501 0.4805128481257159 0.01953125 0.02932551319648094
0 0.6911218862438375 0.5772675218351492 0.01953125 0.02932551319648094
