0 0.5086780634216366 0.5340278436235082 0.01953125 0.03007518796992481
0 0.4748140414981078 0.4708211752257988 0.01953125 0.03007518796992481
0 0.5661442824433821 0.4265765073474022 0.01953125 0.03007518796992481
0 0.4235049173715492 0.5972345120212177 0.01953125 0.03007518796992481
0 0.349619778629305 0.43605750760705864 0.01953125 0.03007518796992481
0 0.3188343041533698 0.49136334245505436 0.01953125 0.03007518796992481
0 0.260341902649093 0.41393517366786037 0.01953125 0.03007518796992481
0 0.19158767631950455 0.46766084180591333 0.01953125 0.03007518796992481
0 0.20698041355747215 0.421836007217574 0.01953125 0.03007518796992481
0 0.16080220184356944 0.4249963406374595 0.01953125 0.03007518796992481
0 0.12488581495497841 0.41867567379768855 0.01953125 0.03007518796992481
0 0.09307415799651211 0.4866228423252262 0.01953125 0.03007518796992481
0 0.04279121635248473 0.559310510982592 0.01953125 0.03007518796992481
0 0.1187287200597914 0.6446395133194999 0.01953125 0.03007518796992481
0 0.1187287200597914 0.6446395133194999 0.01953125 0.03007518796992481
0 0.1833782164592552 0.7726330168248612 0.01953125 0.03007518796992481
0 0.21929460334784623 0.9338100212390203 0.01953125 0.03007518796992481
0 0.3208866691184321 0.9480315216285049 0.01953125 0.03007518796992481
0 0.39682417282573884 0.8200380181231434 0.01953125 0.03007518796992481
0 0.5394635378975716 0.8026561843137733 0.01953125 0.03007518796992481
0 0.6348985087729706 0.8058165177336588 0.01953125 0.03007518796992481
0 0.6564483409061252 0.9543521884682759 0.01953125 0.03007518796992481
0 0.8083233483207385 0.7726330168248612 0.01953125 0.03007518796992481
0 0.8257684505237685 0.9575125218881613 0.01953125 0.03007518796992481
0 0.9571198082877583 0.9290695211091922 0.01953125 0.03007518796992481
0 0.9622507207004141 0.7189073486868083 0.01953125 0.03007518796992481
0 0.8996535892660128 0.5245468433638519 0.01953125 0.03007518796992481
0 0.841161187761736 0.5782725115019048 0.01953125 0.03007518796992481
0 0.7590665891592422 0.5450890105931074 0.01953125 0.03007518796992481
0 0.7098098299977461 0.3807516727590629 0.01953125 0.03007518796992481
0 0.7436738519212748 0.2985830038420407 0.01953125 0.03007518796992481
0 0.7508571292989928 0.2464375024139303 0.01953125 0.03007518796992481
0 0.6995480051724343 0.24327716899404483 0.01953125 0.03007518796992481
0 0.7282811146833073 0.1974523344057055 0.01953125 0.03007518796992481
0 0.3044677493979334 0.12792499916822514 0.01953125 0.03007518796992481
0 0.3311484939437438 0.09790183167931313 0.01953125 0.03007518796992481
0 0.319860486635901 0.07261916432022941 0.01953125 0.03007518796992481
0 0.2870226471949035 0.09790183167931313 0.01953125 0.03007518796992481
0 0.2685513625093425 0.06471833077051582 0.01953125 0.03007518796992481
0 0.28497028222984117 0.04259599683131741 0.01953125 0.03007518796992481
0 0.3024153844328711 0.0283744964418329 0.01953125 0.03007518796992481
0 0.25315862527137484 0.10896299864891233 0.01953125 0.03007518796992481
0 0.2439229829285943 0.12634483245828249 0.01953125 0.03007518796992481
0 0.24084443548100073 0.08842083141965673 0.01953125 0.03007518796992481
0 0.218268420865315 0.10264233180914141 0.01953125 0.03007518796992481
0 0.20184950114481626 0.04733649696114569 0.01953125 0.03007518796992481
0 0.218268420865315 0.0283744964418329 0.01953125 0.03007518796992481
0 0.10436216530435498 0.18323083401622087 0.01953125 0.03007518796992481
0 0.13001672736763425 0.2100936680852474 0.01953125 0.03007518796992481
0 0.10436216530435498 0.23379616873438844 0.01953125 0.03007518796992481
0 0.07665523827601337 0.22431516847473207 0.01953125 0.03007518796992481
0 0.025346114149454802 0.24801766912387313 0.01953125 0.03007518796992481
0 0.030477026562110647 0.20377300124547648 0.01953125 0.03007518796992481
0 0.006874829463893707 0.15952833336707994 0.01953125 0.03007518796992481
0 0.045869763800078234 0.1310853325881106 0.01953125 0.03007518796992481
0 0.07665523827601337 0.10264233180914141 0.01953125 0.03007518796992481
0 0.10641453026941732 0.08051999786994316 0.01953125 0.03007518796992481
0 0.12180726750738491 0.12634483245828249 0.01953125 0.03007518796992481
0 0.14746182957066417 0.13582583271793888 0.01953125 0.03007518796992481
0 0.13309527481522776 0.14846716639748075 0.01953125 0.03007518796992481
0 0.14130473467547716 0.09790183167931313 0.01953125 0.03007518796992481
0 0.18850912887191104 0.17849033388639274 0.01953125 0.03007518796992481
0 0.20698041355747215 0.20061266782559095 0.01953125 0.03007518796992481
0 0.17003784418634996 0.24959783583381576 0.01953125 0.03007518796992481
0 0.24289680044606318 0.27488050319289964 0.01953125 0.03007518796992481
0 0.28291791726477883 0.2812011700326706 0.01953125 0.03007518796992481
0 0.3208866691184321 0.3270260046210099 0.01953125 0.03007518796992481
0 0.3793790706227089 0.2970028371320979 0.01953125 0.03007518796992481
0 0.463526034190265 0.3665301723695783 0.01953125 0.03007518796992481
0 0.38143143558777126 0.43763767431700135 0.01953125 0.03007518796992481
0 0.007901011946424875 0.7457701827558348 0.01953125 0.03007518796992481
0 0.06434104848563933 0.918008354139593 0.01953125 0.03007518796992481
0 0.5312540780373223 0.7457701827558348 0.01953125 0.03007518796992481
0 0.6420817861506887 0.5371881770433937 0.01953125 0.03007518796992481
0 0.6502912460109381 0.38707233959883386 0.01953125 0.03007518796992481
0 0.9386485236021974 0.153207666527309 0.01953125 0.03007518796992481
0 0.9622507207004141 0.21957466834490397 0.01953125 0.03007518796992481
0 0.9519888958751024 0.2685598363531287 0.01953125 0.03007518796992481
0 0.9181248739515738 0.27962100332272777 0.01953125 0.03007518796992481
0 0.8822084870629829 0.21957466834490397 0.01953125 0.03007518796992481
0 0.8842608520280452 0.18165066730627819 0.01953125 0.03007518796992481
0 0.9119677790563868 0.12476466574833966 0.01953125 0.03007518796992481
0 0.8924703118882945 0.1421464995577098 0.01953125 0.03007518796992481
0 0.9591721732528208 0.07103899761028676 0.01953125 0.03007518796992481
0 0.9858529177986312 0.031534829861718364 0.01953125 0.03007518796992481
0 0.9232557863642297 0.03627532999154648 0.01953125 0.03007518796992481
0 0.8698942972726089 0.05049683038103116 0.01953125 0.03007518796992481
0 0.841161187761736 0.08684066470971409 0.01953125 0.03007518796992481
0 0.8545015600346412 0.1326654992980534 0.01953125 0.03007518796992481
0 0.823716085558706 0.1421464995577098 0.01953125 0.03007518796992481
0 0.8042186183906138 0.09158116483954219 0.01953125 0.03007518796992481
0 0.7724069614321475 0.11686383219862607 0.01953125 0.03007518796992481
0 0.7231502022706513 0.0583976639307449 0.01953125 0.03007518796992481
0 0.7344382095784941 0.11054316535885515 0.01953125 0.03007518796992481
0 0.7354643920610253 0.14688699968753807 0.01953125 0.03007518796992481
0 0.7559880417116488 0.15952833336707994 0.01953125 0.03007518796992481
0 0.7795902388098659 0.15636799994719444 0.01953125 0.03007518796992481
0 0.7888258811526462 0.20219283453553377 0.01953125 0.03007518796992481
0 0.35885542097208545 0.21957466834490397 0.01953125 0.03007518796992481
0 0.326017581531088 0.254338335963644 0.01953125 0.03007518796992481
0 0.41426927502876876 0.18323083401622087 0.01953125 0.03007518796992481
0 0.475840223980639 0.12002416561851154 0.01953125 0.03007518796992481
0 0.4409500195745792 0.08368033128982862 0.01953125 0.03007518796992481
0 0.4645522166727961 0.04259599683131741 0.01953125 0.03007518796992481
0 0.4871282312884819 0.08051999786994316 0.01953125 0.03007518796992481
0 0.48404968384088837 0.048916663671088344 0.01953125 0.03007518796992481
0 0.5292017130722599 0.06945883090034395 0.01953125 0.03007518796992481
0 0.5507515452054145 0.0583976639307449 0.01953125 0.03007518796992481
0 0.5055995159740431 0.09790183167931313 0.01953125 0.03007518796992481
0 0.5168875232818859 0.1326654992980534 0.01953125 0.03007518796992481
0 0.5292017130722599 0.17533000046650724 0.01953125 0.03007518796992481
0 0.5630657349957886 0.16584900020685087 0.01953125 0.03007518796992481
0 0.5589610050656638 0.21325400150513302 0.01953125 0.03007518796992481
0 0.6082177642271601 0.20377300124547648 0.01953125 0.03007518796992481
0 0.6359246912555017 0.21325400150513302 0.01953125 0.03007518796992481
0 0.6338723262904393 0.15794816665713712 0.01953125 0.03007518796992481
0 0.6461865160808135 0.11054316535885515 0.01953125 0.03007518796992481
0 0.6882599978645916 0.11528366548868325 0.01953125 0.03007518796992481
0 0.6933909102772474 0.18007050059633553 0.01953125 0.03007518796992481
0 0.6369508737380329 0.04259599683131741 0.01953125 0.03007518796992481
0 0.6451603335982823 0.020473662892119153 0.01953125 0.03007518796992481
0 0.4009289027558635 0.07103899761028676 0.01953125 0.03007518796992481
0 0.41324309254623753 0.12002416561851154 0.01953125 0.03007518796992481
0 0.3721957932449907 0.10896299864891233 0.01953125 0.03007518796992481
0 0.34551504869918026 0.04733649696114569 0.01953125 0.03007518796992481
0 0.32396521656602567 0.014152996052348224 0.01953125 0.03007518796992481
0 0.24289680044606318 0.04733649696114569 0.01953125 0.03007518796992481
0 0.16695929673875648 0.04259599683131741 0.01953125 0.03007518796992481
0 0.11975490254232257 0.04417616354126022 0.01953125 0.03007518796992481
0 0.08691706310132505 0.05049683038103116 0.01953125 0.03007518796992481
0 0.0756290557934822 0.03943566341143194 0.01953125 0.03007518796992481
0 0.03766030393982883 0.03627532999154648 0.01953125 0.03007518796992481
0 0.02945084407957948 0.06945883090034395 0.01953125 0.03007518796992481
0 0.027398479114517142 0.10264233180914141 0.01953125 0.03007518796992481
0 0.060236318555514604 0.08684066470971409 0.01953125 0.03007518796992481
0 0.13617382226282132 0.31438467094146805 0.01953125 0.03007518796992481
0 0.12078108502485374 0.28910200358238425 0.01953125 0.03007518796992481
0 0.19877095369722275 0.35862933881986453 0.01953125 0.03007518796992481
0 0.45121184439989087 0.23853666886421673 0.01953125 0.03007518796992481
0 0.47789258894570136 0.26381933622330045 0.01953125 0.03007518796992481
0 0.4963638736312624 0.21957466834490397 0.01953125 0.03007518796992481
0 0.5138089758342923 0.2369565021542739 0.01953125 0.03007518796992481
0 0.5363849904499781 0.27646066990284235 0.01953125 0.03007518796992481
0 0.5774322897512251 0.2922623370022697 0.01953125 0.03007518796992481
0 0.5620395525132574 0.35230867198009364 0.01953125 0.03007518796992481
0 0.6656839832489057 0.3128045042315252 0.01953125 0.03007518796992481
0 0.6636316182838433 0.26381933622330045 0.01953125 0.03007518796992481
0 0.8278208154888307 0.2717201697730141 0.01953125 0.03007518796992481
0 0.8329517279014866 0.21167383479519022 0.01953125 0.03007518796992481
0 0.8175589906635191 0.18639116743610648 0.01953125 0.03007518796992481
0 0.8473182826569231 0.1911316675659346 0.01953125 0.03007518796992481
0 0.8719466622376711 0.4313170074772304 0.01953125 0.03007518796992481
0 0.9827743703510377 0.5308675102036229 0.01953125 0.03007518796992481
0 0.7908782461177086 0.6699221806785836 0.01953125 0.03007518796992481
0 0.8329517279014866 0.04259599683131741 0.01953125 0.03007518796992481
0 0.781642603774928 0.01573316276229104 0.01953125 0.03007518796992481
0 0.6000083043669108 0.025214163021947435 0.01953125 0.03007518796992481
0 0.5333064430023846 0.031534829861718364 0.01953125 0.03007518796992481
0 0.4984162385963247 0.048916663671088344 0.01953125 0.03007518796992481
0 0.4984162385963247 0.009412495922519946 0.01953125 0.03007518796992481
0 0.4522380268824221 0.0030918290827490155 0.01953125 0.03007518796992481
0 0.4235049173715492 0.009412495922519946 0.01953125 0.03007518796992481
0 0.37527434069258425 0.0046719957926918305 0.01953125 0.03007518796992481
0 0.2654728150617489 0.009412495922519946 0.01953125 0.03007518796992481
0 0.10949307771701082 0.014152996052348224 0.01953125 0.03007518796992481
0 0.0787076032410757 0.00625216250263448 0.01953125 0.03007518796992481
0 0.03766030393982883 0.01099266263246276 0.01953125 0.03007518796992481
0 0.05613158862538993 0.2574986693835295 0.01953125 0.03007518796992481
0 0.059210136072983435 0.31438467094146805 0.01953125 0.03007518796992481
0 0.044843581317547065 0.39655333985849023 0.01953125 0.03007518796992481
0 0.008927194428956045 0.5166460098141382 0.01953125 0.03007518796992481
0 0.3547506910419608 0.16584900020685087 0.01953125 0.03007518796992481
0 0.18235203397672398 0.014152996052348224 0.01953125 0.03007518796992481
0 0.8657895673424842 0.33334667146078084 0.01953125 0.03007518796992481
0 0.7026265526200279 0.06471833077051582 0.01953125 0.03007518796992481
0 0.6995480051724343 0.025214163021947435 0.01953125 0.03007518796992481
0 0.7405953044736813 0.05049683038103116 0.01953125 0.03007518796992481
0 0.6663027693955528 0.09932416238904117 0.01953125 0.03007518796992481
0 0.29966940276218623 0.6085052069084314 0.01953125 0.03007518796992481
0 0.31565341874620223 0.6746525933565697 0.01953125 0.03007518796992481
0 0.44252654561932914 0.9946213464080295 0.01953125 0.03007518796992481
0 0.49647259956538303 0.9561635635893445 0.01953125 0.03007518796992481
0 0.6013677044604879 0.980776544593303 0.01953125 0.03007518796992481
0 0.09487419796698153 0.5800464476226044 0.01953125 0.03007518796992481
0 0.029939133031916594 0.16008745924256337 0.01953125 0.03007518796992481
0 0.009959113051896592 0.046252422099255626 0.01953125 0.03007518796992481
0 0.0908781939709775 0.1754705723700375 0.01953125 0.03007518796992481
0 0.2097593128520964 0.24930951538191284 0.01953125 0.03007518796992481
0 0.14782125091403445 0.04471411078650813 0.01953125 0.03007518796992481
0 0.14182724492002846 0.01702450715705486 0.01953125 0.03007518796992481
0 0.16080826390104747 0.013947884531560036 0.01953125 0.03007518796992481
0 0.19477429786708142 0.08163358229244588 0.01953125 0.03007518796992481
0 0.20176730486008843 0.14624265742783674 0.01953125 0.03007518796992481
0 0.2637053667981503 0.2062367986249856 0.01953125 0.03007518796992481
0 0.26170736480014833 0.2277731570034492 0.01953125 0.03007518796992481
0 0.2746943777871613 0.1539342139915737 0.01953125 0.03007518796992481
0 0.2776913807841643 0.00933295059331788 0.01953125 0.03007518796992481
0 0.3306384337312173 0.13855110086409975 0.01953125 0.03007518796992481
0 0.37359547668826026 0.16777901580630036 0.01953125 0.03007518796992481
0 0.41655251964530315 0.5185139951127083 0.01953125 0.03007518796992481
0 0.38558348867627223 0.25546276063290246 0.01953125 0.03007518796992481
0 0.3955734986662822 0.15701083661706852 0.01953125 0.03007518796992481
0 0.41255651564929924 0.02779268634628667 0.01953125 0.03007518796992481
0 0.34662244971523326 0.020101129782549687 0.01953125 0.03007518796992481
0 0.44951955261233617 0.03856086553551864 0.01953125 0.03007518796992481
0 0.43853054162332517 0.02779268634628667 0.01953125 0.03007518796992481
0 0.4754935785863621 0.02779268634628667 0.01953125 0.03007518796992481
0 0.4864825895753731 0.024716063720792006 0.01953125 0.03007518796992481
0 0.46750157059435415 0.01702450715705486 0.01953125 0.03007518796992481
0 0.43553353862632216 0.16008745924256337 0.01953125 0.03007518796992481
0 0.43453453762732114 0.12932123298761541 0.01953125 0.03007518796992481
0 0.58338568647847 0.37237442040170504 0.01953125 0.03007518796992481
0 0.6373317404245239 0.6369639661942582 0.01953125 0.03007518796992481
0 0.689279792372576 0.6846516168894279 0.01953125 0.03007518796992481
0 0.7751938782866619 0.34929975071049396 0.01953125 0.03007518796992481
0 0.6233457264385099 0.1139381198601413 0.01953125 0.03007518796992481
0 0.6003687034614871 0.11855305379838345 0.01953125 0.03007518796992481
0 0.5813876844804681 0.10778487460915166 0.01953125 0.03007518796992481
0 0.604364707457491 0.0739420257287089 0.01953125 0.03007518796992481
0 0.5753936784864621 0.03856086553551864 0.01953125 0.03007518796992481
0 0.660308763401547 0.06778878047771925 0.01953125 0.03007518796992481
0 0.737231840324624 0.08163358229244588 0.01953125 0.03007518796992481
0 0.728240831333615 0.029330997659034165 0.01953125 0.03007518796992481
0 0.7981709012636848 0.04932904472475028 0.01953125 0.03007518796992481
0 0.8141549172477008 0.0724037144159614 0.01953125 0.03007518796992481
0 0.8391299422227257 0.1139381198601413 0.01953125 0.03007518796992481
0 0.8880809911737747 0.03548424291002381 0.01953125 0.03007518796992481
0 0.9090600121527959 0.03394593159727632 0.01953125 0.03007518796992481
0 0.9789900820828658 0.1370127895513524 0.01953125 0.03007518796992481
0 0.9450240481168316 0.2185432891269647 0.01953125 0.03007518796992481
0 0.9240450271378108 0.10009331804541467 0.01953125 0.03007518796992481
0 0.8930759961687798 0.10009331804541467 0.01953125 0.03007518796992481
0 0.9650040680968516 0.01702450715705486 0.01953125 0.03007518796992481
0 0.43952954262232624 0.06471215785222442 0.01953125 0.03007518796992481
0 0.2487203518131354 0.013947884531560036 0.01953125 0.03007518796992481
0 0.1977713008640844 0.02625437503353934 0.01953125 0.03007518796992481
0 0.2097593128520964 0.007794639280570548 0.01953125 0.03007518796992481
0 0.518450621543405 0.029330997659034165 0.01953125 0.03007518796992481
0 0.9769920800848634 0.4354451842243485 0.01953125 0.03007518796992481
0 0.9769920800848634 0.33084001495752513 0.01953125 0.03007518796992481
0 0.3176514207442043 0.40314064665665306 0.01953125 0.03007518796992481
0 0.4445245476173312 0.19700693074850112 0.01953125 0.03007518796992481
0 0.8571119602047438 0.023177752408044514 0.01953125 0.03007518796992481
