0 0.19614394283121592 0.8376444966371303 0.01953125 0.029411764705882353
0 0.15880047640653355 0.7632693498452011 0.01953125 0.029411764705882353
0 0.04677007713248628 0.5637262730863669 0.01953125 0.029411764705882353
0 0.050645417422867545 0.7882122344400557 0.01953125 0.029411764705882353
0 0.09702359346642472 0.6966038219280453 0.01953125 0.029411764705882353
0 0.15966424682395644 0.5678078360200705 0.01953125 0.029411764705882353
0 0.19941696914700552 0.5278992206683035 0.01953125 0.029411764705882353
0 0.09943284936479133 0.5378763745062453 0.01953125 0.029411764705882353
0 0.10123979128856628 0.6013673534749653 0.01953125 0.029411764705882353
0 0.2596483666061707 0.5886691576812212 0.01953125 0.029411764705882353
0 0.26386456442831224 0.6730214583110922 0.01953125 0.029411764705882353
0 0.328312159709619 0.706580975765987 0.01953125 0.029411764705882353
0 0.40420372050816716 0.6204146471655813 0.01953125 0.029411764705882353
0 0.37348570780399293 0.5596447101526636 0.01953125 0.029411764705882353
0 0.33192604355716887 0.5251781787125014 0.01953125 0.029411764705882353
0 0.38492967332123423 0.9342414860681115 0.01953125 0.029411764705882353
0 0.45540040834845746 0.8453541155119035 0.01953125 0.029411764705882353
0 0.08290891560798543 0.9718825664567098 0.01953125 0.029411764705882353
0 0.20698559437386566 0.980952706309384 0.01953125 0.029411764705882353
0 0.5623508393829403 0.8213182449023166 0.01953125 0.029411764705882353
0 0.6587210753176045 0.7324308743461087 0.01953125 0.029411764705882353
0 0.7587051950998188 0.779595601580015 0.01953125 0.029411764705882353
0 0.7249756125226863 0.917461727340664 0.01953125 0.029411764705882353
0 0.8659170825771326 0.8775531119888972 0.01953125 0.029411764705882353
0 0.8659170825771326 0.7288028184050389 0.01953125 0.029411764705882353
0 0.922534596188748 0.779595601580015 0.01953125 0.029411764705882353
0 0.9791521098003633 0.741501014198783 0.01953125 0.029411764705882353
0 0.9357855036297643 0.6780100352300629 0.01953125 0.029411764705882353
0 0.9803567377495465 0.6326593359666914 0.01953125 0.029411764705882353
0 0.8394152676951001 0.6054489164086686 0.01953125 0.029411764705882353
0 0.7755699863883849 0.6362873919077612 0.01953125 0.029411764705882353
0 0.7924347776769511 0.6943362869648766 0.01953125 0.029411764705882353
0 0.7996625453720511 0.6036348884381337 0.01953125 0.029411764705882353
0 0.8731448502722325 0.5673543290274365 0.01953125 0.029411764705882353
0 0.6310146324863886 0.6326593359666914 0.01953125 0.029411764705882353
0 0.5490999319419239 0.7034064268175507 0.01953125 0.029411764705882353
0 0.4768222549909257 0.7705254617273405 0.01953125 0.029411764705882353
0 0.5406675362976409 0.5782384968506458 0.01953125 0.029411764705882353
0 0.49489167422867525 0.5727964129390413 0.01953125 0.029411764705882353
0 0.0479747050816696 0.4929791822355074 0.01953125 0.029411764705882353
0 0.06122561252268596 0.48390904238283317 0.01953125 0.029411764705882353
0 0.011835866606170456 0.44581445500160116 0.01953125 0.029411764705882353
0 0.016654378402903732 0.3714393082096721 0.01953125 0.029411764705882353
0 0.062430240471869215 0.3442288886516492 0.01953125 0.029411764705882353
0 0.06965800816696906 0.39683569979716005 0.01953125 0.029411764705882353
0 0.07206726406533569 0.4331162592078572 0.01953125 0.029411764705882353
0 0.09736445099818504 0.44037237108999666 0.01953125 0.029411764705882353
0 0.12868477767695088 0.4440004270310663 0.01953125 0.029411764705882353
0 0.23589666515426494 0.47665293050069374 0.01953125 0.029411764705882353
0 0.19975782667876588 0.43493028717839205 0.01953125 0.029411764705882353
0 0.17566526769509977 0.4712108465890892 0.01953125 0.029411764705882353
0 0.2660123638838475 0.42586014732571775 0.01953125 0.029411764705882353
0 0.3638883847549911 0.45941966478061264 0.01953125 0.029411764705882353
0 0.3253402903811254 0.4440004270310664 0.01953125 0.029411764705882353
0 0.29161070780399284 0.4122549375467064 0.01953125 0.029411764705882353
0 0.28558756805807634 0.3832304900181487 0.01953125 0.029411764705882353
0 0.26269963702359356 0.39411465784135785 0.01953125 0.029411764705882353
0 0.32353334845735043 0.392300629870823 0.01953125 0.029411764705882353
0 0.3578652450090746 0.4122549375467064 0.01953125 0.029411764705882353
0 0.4066526769509984 0.44672146898686865 0.01953125 0.029411764705882353
0 0.4476100272232306 0.5093054339703212 0.01953125 0.029411764705882353
0 0.46206556261343024 0.48572307035336804 0.01953125 0.029411764705882353
0 0.4939882032667878 0.46667577666275206 0.01953125 0.029411764705882353
0 0.48194192377495476 0.42495313334045043 0.01953125 0.029411764705882353
0 0.5596404264972779 0.4630477207216823 0.01953125 0.029411764705882353
0 0.6018024047186935 0.5347018255578092 0.01953125 0.029411764705882353
0 0.6758870235934665 0.5165615458524607 0.01953125 0.029411764705882353
0 0.6891379310344828 0.4512565389132058 0.01953125 0.029411764705882353
0 0.7385276769509983 0.46395473470694976 0.01953125 0.029411764705882353
0 0.6439643829401093 0.45307056688374064 0.01953125 0.029411764705882353
0 0.6246903357531763 0.40862688160563665 0.01953125 0.029411764705882353
0 0.593972323049002 0.41316195153197377 0.01953125 0.029411764705882353
0 0.619871823956443 0.37597437813600926 0.01953125 0.029411764705882353
0 0.5933700090744103 0.48572307035336804 0.01953125 0.029411764705882353
0 0.7150374319419239 0.4095338955909041 0.01953125 0.029411764705882353
0 0.6903425589836664 0.4077198676203692 0.01953125 0.029411764705882353
0 0.6861263611615246 0.3614621543717304 0.01953125 0.029411764705882353
0 0.713230490018149 0.35874111241592804 0.01953125 0.029411764705882353
0 0.73551610707804 0.3387868047400447 0.01953125 0.029411764705882353
0 0.7264813974591653 0.32246055300523097 0.01953125 0.029411764705882353
0 0.7325045372050818 0.27620283975659216 0.01953125 0.029411764705882353
0 0.6782962794918334 0.3015992313440801 0.01953125 0.029411764705882353
0 0.6807055353901998 0.3324377068431727 0.01953125 0.029411764705882353
0 0.6451690108892925 0.33787979075477725 0.01953125 0.029411764705882353
0 0.6313157894736845 0.3297166648873704 0.01953125 0.029411764705882353
0 0.6439643829401093 0.3678112522686024 0.01953125 0.029411764705882353
0 0.6264972776769512 0.34967097256325386 0.01953125 0.029411764705882353
0 0.6012000907441019 0.35692708444539323 0.01953125 0.029411764705882353
0 0.597586206896552 0.33515874879897495 0.01953125 0.029411764705882353
0 0.6042116606170601 0.32246055300523097 0.01953125 0.029411764705882353
0 0.6162579401088931 0.31248339916728923 0.01953125 0.029411764705882353
0 0.6126440562613433 0.2825519376534641 0.01953125 0.029411764705882353
0 0.6325204174228677 0.2943431194619407 0.01953125 0.029411764705882353
0 0.5614473684210528 0.33787979075477725 0.01953125 0.029411764705882353
0 0.5704820780399276 0.31973951104942866 0.01953125 0.029411764705882353
0 0.5825283575317607 0.31248339916728923 0.01953125 0.029411764705882353
0 0.5909607531760438 0.29978520337354525 0.01953125 0.029411764705882353
0 0.5867445553539021 0.271667769830255 0.01953125 0.029411764705882353
0 0.580119101633394 0.2807379096829293 0.01953125 0.029411764705882353
0 0.5674705081669693 0.3070413152556847 0.01953125 0.029411764705882353
0 0.5494010889292198 0.3206465250346961 0.01953125 0.029411764705882353
0 0.540366379310345 0.32246055300523097 0.01953125 0.029411764705882353
0 0.5475941470054448 0.2852729796092664 0.01953125 0.029411764705882353
0 0.5554242286751364 0.26169061599231325 0.01953125 0.029411764705882353
0 0.5289224137931037 0.2807379096829293 0.01953125 0.029411764705882353
0 0.516273820326679 0.33334472082844013 0.01953125 0.029411764705882353
0 0.5036252268602541 0.32880965090210296 0.01953125 0.029411764705882353
0 0.49639745916515443 0.354206042489591 0.01953125 0.029411764705882353
0 0.5060344827586208 0.37597437813600926 0.01953125 0.029411764705882353
0 0.5235015880217787 0.38050944806234643 0.01953125 0.029411764705882353
0 0.5415710072595283 0.4566986228248104 0.01953125 0.029411764705882353
0 0.5228992740471872 0.4276741752962526 0.01953125 0.029411764705882353
0 0.5704820780399276 0.4059058396498344 0.01953125 0.029411764705882353
0 0.4452007713248641 0.4068128536351018 0.01953125 0.029411764705882353
0 0.460860934664247 0.3832304900181487 0.01953125 0.029411764705882353
0 0.4217105263157896 0.38050944806234643 0.01953125 0.029411764705882353
0 0.447007713248639 0.45941966478061264 0.01953125 0.029411764705882353
0 0.3687068965517243 0.36690423828333496 0.01953125 0.029411764705882353
0 0.3958110254083486 0.34967097256325386 0.01953125 0.029411764705882353
0 0.40123185117967347 0.3188324970641612 0.01953125 0.029411764705882353
0 0.41990358439201464 0.32880965090210296 0.01953125 0.029411764705882353
0 0.42472209618874784 0.309762357211487 0.01953125 0.029411764705882353
0 0.4596563067150637 0.34422888865164925 0.01953125 0.029411764705882353
0 0.4482123411978223 0.3324377068431727 0.01953125 0.029411764705882353
0 0.48194192377495476 0.31792548307889384 0.01953125 0.029411764705882353
0 0.04927036070780399 0.3351587487989749 0.01953125 0.029411764705882353
0 0.09655200771324862 0.35329902850432343 0.01953125 0.029411764705882353
0 0.13118506125226861 0.3632761823422652 0.01953125 0.029411764705882353
0 0.15467530626134302 0.374613857158108 0.01953125 0.029411764705882353
0 0.1471463815789474 0.3950216718266252 0.01953125 0.029411764705882353
0 0.20888356397459165 0.3854980249813172 0.01953125 0.029411764705882353
0 0.20045116833030854 0.35329902850432343 0.01953125 0.029411764705882353
0 0.1868991039019964 0.34558940962955037 0.01953125 0.029411764705882353
0 0.23448190789473689 0.34785694459271893 0.01953125 0.029411764705882353
0 0.2441189314882033 0.4186040354435783 0.01953125 0.029411764705882353
0 0.21309976179673323 0.3070413152556846 0.01953125 0.029411764705882353
0 0.19653612749546281 0.2993316963809115 0.01953125 0.029411764705882353
0 0.15437414927404722 0.3088553432262195 0.01953125 0.029411764705882353
0 0.1170306828493648 0.32336756699049835 0.01953125 0.029411764705882353
0 0.10980291515426496 0.3006922173588127 0.01953125 0.029411764705882353
0 0.09354043784029037 0.3174719760862601 0.01953125 0.029411764705882353
0 0.08601151315789475 0.3043202732998823 0.01953125 0.029411764705882353
0 0.04625879083484573 0.30613430127041724 0.01953125 0.029411764705882353
0 0.037224081215970935 0.2961571474324755 0.01953125 0.029411764705882353
0 0.03993449410163337 0.28209843066083035 0.01953125 0.029411764705882353
0 0.058606227313974586 0.2934361054766732 0.01953125 0.029411764705882353
0 0.07125482078039927 0.2798308956976618 0.01953125 0.029411764705882353
0 0.10167167649727768 0.2830054446460978 0.01953125 0.029411764705882353
0 0.09685316470054448 0.2798308956976618 0.01953125 0.029411764705882353
0 0.08089184437386569 0.29162207750613833 0.01953125 0.029411764705882353
0 0.13389547413793101 0.27756336073449317 0.01953125 0.029411764705882353
0 0.16310770190562615 0.2811914166755629 0.01953125 0.029411764705882353
0 0.182381749092559 0.28436596562399896 0.01953125 0.029411764705882353
0 0.05017383166969146 0.22903811252268577 0.01953125 0.029411764705882353
0 0.02216623185117966 0.2458178712501332 0.01953125 0.029411764705882353
0 0.0028921846642468024 0.2136188747731395 0.01953125 0.029411764705882353
0 0.016745406079854794 0.23357318244902292 0.01953125 0.029411764705882353
0 0.03300788339382939 0.2294916195153195 0.01953125 0.029411764705882353
0 0.016444249092558965 0.21180484680260467 0.01953125 0.029411764705882353
0 0.005903754537205065 0.2752958257713246 0.01953125 0.029411764705882353
0 0.03421251134301269 0.21497939575104064 0.01953125 0.029411764705882353
0 0.06161779718693283 0.21770043770684294 0.01953125 0.029411764705882353
0 0.07035134981851178 0.20137418597202922 0.01953125 0.029411764705882353
0 0.055594657441016326 0.17824532934770979 0.01953125 0.029411764705882353
0 0.07005019283121594 0.1750707803992738 0.01953125 0.029411764705882353
0 0.09083002495462796 0.14423230490018124 0.01953125 0.029411764705882353
0 0.08269878629764063 0.19230404611935492 0.01953125 0.029411764705882353
0 0.10468324637023595 0.20500224191309893 0.01953125 0.029411764705882353
0 0.089023083030853 0.20182769296466294 0.01953125 0.029411764705882353
0 0.08631267014519056 0.22404953560371493 0.01953125 0.029411764705882353
0 0.0796872164246824 0.21497939575104064 0.01953125 0.029411764705882353
0 0.11913878176043556 0.2199679726700115 0.01953125 0.029411764705882353
0 0.1125133280399274 0.22722408455215093 0.01953125 0.029411764705882353
0 0.10889944419237749 0.21679342372157548 0.01953125 0.029411764705882353
0 0.12094572368421054 0.20500224191309893 0.01953125 0.029411764705882353
0 0.1290769623411978 0.2195144656773778 0.01953125 0.029411764705882353
0 0.14323134074410168 0.2127118607878721 0.01953125 0.029411764705882353
0 0.1625053879310345 0.2040952279278315 0.01953125 0.029411764705882353
0 0.18750141787658806 0.19502508807515723 0.01953125 0.029411764705882353
0 0.182381749092559 0.1845944272445818 0.01953125 0.029411764705882353
0 0.20526968012704178 0.1746172734066401 0.01953125 0.029411764705882353
0 0.2067754650635209 0.15284893776022182 0.01953125 0.029411764705882353
0 0.21611133166969151 0.15284893776022182 0.01953125 0.029411764705882353
0 0.23237380898366605 0.15058140279705323 0.01953125 0.029411764705882353
0 0.07607333257713247 0.1818733852887798 0.01953125 0.029411764705882353
0 0.29356822822141576 0.3496709725632539 0.01953125 0.029411764705882353
0 0.2986878970054448 0.30205273833671387 0.01953125 0.029411764705882353
0 0.32729781079854825 0.34332187466638187 0.01953125 0.029411764705882353
0 0.3667493761343015 0.322460553005231 0.01953125 0.029411764705882353
0 0.3655447481851181 0.29842468239564424 0.01953125 0.029411764705882353
0 0.4016835866606172 0.2934361054766733 0.01953125 0.029411764705882353
0 0.391745406079855 0.3138439201451904 0.01953125 0.029411764705882353
0 0.3905407781306717 0.28073790968292933 0.01953125 0.029411764705882353
0 0.4206564768602543 0.2743888117860574 0.01953125 0.029411764705882353
0 0.4164402790381127 0.29525013344720813 0.01953125 0.029411764705882353
0 0.42908887250453737 0.28754051457243507 0.01953125 0.029411764705882353
0 0.44143630898366626 0.2648651649407493 0.01953125 0.029411764705882353
0 0.45950572822141583 0.27620283975659216 0.01953125 0.029411764705882353
0 0.46342076905626156 0.3015992313440802 0.01953125 0.029411764705882353
0 0.3462707009981853 0.2666791929112842 0.01953125 0.029411764705882353
0 0.2929659142468241 0.2616906159923133 0.01953125 0.029411764705882353
0 0.2610432735934666 0.2839124586313653 0.01953125 0.029411764705882353
0 0.2505027790381127 0.34649642361481786 0.01953125 0.029411764705882353
0 0.3137457463702361 0.2743888117860574 0.01953125 0.029411764705882353
0 0.23905881352087135 0.2811914166755631 0.01953125 0.029411764705882353
0 0.2580317037205084 0.24491085726486594 0.01953125 0.029411764705882353
0 0.2324333598003632 0.21951446567737792 0.01953125 0.029411764705882353
0 0.22610906306715087 0.22042147966264536 0.01953125 0.029411764705882353
0 0.2176766674228677 0.21407238176577337 0.01953125 0.029411764705882353
0 0.17370774727767718 0.23175915447848822 0.01953125 0.029411764705882353
0 0.16045683983666084 0.22994512650795335 0.01953125 0.029411764705882353
0 0.1752135322141563 0.20772328386890138 0.01953125 0.029411764705882353
0 0.16678113656987317 0.21452588875840709 0.01953125 0.029411764705882353
0 0.25170740698729605 0.16509362656133222 0.01953125 0.029411764705882353
0 0.2899543443738659 0.16464011956869853 0.01953125 0.029411764705882353
0 0.3092283915607988 0.15511647272339052 0.01953125 0.029411764705882353
0 0.3300082236842108 0.16464011956869853 0.01953125 0.029411764705882353
0 0.3453672300362979 0.16464011956869853 0.01953125 0.029411764705882353
0 0.3661470621597098 0.15919803565709395 0.01953125 0.029411764705882353
0 0.3781933416515429 0.1664541475392334 0.01953125 0.029411764705882353
0 0.34175334618874803 0.24581787125013335 0.01953125 0.029411764705882353
0 0.3351278924682399 0.25307398313227275 0.01953125 0.029411764705882353
0 0.2926647572595284 0.22994512650795335 0.01953125 0.029411764705882353
0 0.30290409482758646 0.2222355076331802 0.01953125 0.029411764705882353
0 0.283027733666062 0.2086302978541688 0.01953125 0.029411764705882353
0 0.2824254196914703 0.22178200064054648 0.01953125 0.029411764705882353
0 0.2646571574410166 0.23629422440482536 0.01953125 0.029411764705882353
0 0.2544178198729585 0.2272240845521511 0.01953125 0.029411764705882353
0 0.16166146778584412 0.3301701718800042 0.01953125 0.029411764705882353
0 0.18786212568058097 0.22268901462581392 0.01953125 0.029411764705882353
0 0.20231766107078064 0.22813109853741853 0.01953125 0.029411764705882353
0 0.15172328720508188 0.20999081883206994 0.01953125 0.029411764705882353
0 0.9313078493647913 0.5283527276609371 0.01953125 0.029411764705882353
0 0.9638328039927407 0.5437719654104834 0.01953125 0.029411764705882353
0 0.9505818965517244 0.46848980463328693 0.01953125 0.029411764705882353
0 0.9337171052631581 0.43220924522258974 0.01953125 0.029411764705882353
0 0.9120338021778585 0.38776555994448575 0.01953125 0.029411764705882353
0 0.8999875226860254 0.41769702145831084 0.01953125 0.029411764705882353
0 0.8807134754990926 0.4657687626774846 0.01953125 0.029411764705882353
0 0.8475862068965517 0.4585126507953452 0.01953125 0.029411764705882353
0 0.8451769509981852 0.511119461940856 0.01953125 0.029411764705882353
0 0.7933779491833032 0.5183755738229955 0.01953125 0.029411764705882353
0 0.7771154718693285 0.42404611935518294 0.01953125 0.029411764705882353
0 0.7614553085299457 0.41497597950250864 0.01953125 0.029411764705882353
0 0.8072311705989111 0.44581445500160116 0.01953125 0.029411764705882353
0 0.8072311705989111 0.39683569979716005 0.01953125 0.029411764705882353
0 0.843972323049002 0.3904866019002881 0.01953125 0.029411764705882353
0 0.8837250453720509 0.33878680474004463 0.01953125 0.029411764705882353
0 0.9264893375680583 0.3315306928579052 0.01953125 0.029411764705882353
0 0.9541957803992742 0.32518159496103316 0.01953125 0.029411764705882353
0 0.9650374319419239 0.36055514038646297 0.01953125 0.029411764705882353
0 0.9909369328493648 0.3188324970641612 0.01953125 0.029411764705882353
0 0.9740721415607988 0.30794832924095206 0.01953125 0.029411764705882353
0 0.7674784482758622 0.3823234760328812 0.01953125 0.029411764705882353
0 0.7638645644283122 0.34604291662218406 0.01953125 0.029411764705882353
0 0.7825362976406536 0.3415078466958469 0.01953125 0.029411764705882353
0 0.7915710072595283 0.35148500053378867 0.01953125 0.029411764705882353
0 0.8030149727767696 0.34785694459271893 0.01953125 0.029411764705882353
0 0.8144589382940111 0.29706416141774283 0.01953125 0.029411764705882353
0 0.8349376134301272 0.2997852033735452 0.01953125 0.029411764705882353
0 0.8536093466424682 0.2997852033735452 0.01953125 0.029411764705882353
0 0.8825204174228677 0.2997852033735452 0.01953125 0.029411764705882353
0 0.9084199183303088 0.3006922173588126 0.01953125 0.029411764705882353
0 0.9186592558983668 0.2979711754030103 0.01953125 0.029411764705882353
0 0.7433858892921962 0.2616906159923132 0.01953125 0.029411764705882353
0 0.7614553085299457 0.2716677698302549 0.01953125 0.029411764705882353
0 0.8102427404718694 0.2689467278744526 0.01953125 0.029411764705882353
0 0.8313237295825772 0.27438881178605723 0.01953125 0.029411764705882353
0 0.8391538112522687 0.25896957403651094 0.01953125 0.029411764705882353
0 0.8686671960072596 0.27438881178605723 0.01953125 0.029411764705882353
0 0.8692695099818514 0.30341325931461494 0.01953125 0.029411764705882353
0 0.9176250567150634 0.2861799935945338 0.01953125 0.029411764705882353
0 0.9372002608892922 0.28527297960926634 0.01953125 0.029411764705882353
0 0.9567754650635208 0.28527297960926634 0.01953125 0.029411764705882353
0 0.984180750907441 0.2811914166755629 0.01953125 0.029411764705882353
0 0.9784587681488204 0.2725747838155223 0.01953125 0.029411764705882353
0 0.9868911637931035 0.2580625600512435 0.01953125 0.029411764705882353
0 0.9748448843012705 0.2498994341838366 0.01953125 0.029411764705882353
0 0.9787599251361162 0.26123710899967945 0.01953125 0.029411764705882353
0 0.9673159596188748 0.2721212768228886 0.01953125 0.029411764705882353
0 0.9549685231397459 0.2680397138891852 0.01953125 0.029411764705882353
0 0.9365979469147006 0.26123710899967945 0.01953125 0.029411764705882353
0 0.92364819646098 0.2752958257713246 0.01953125 0.029411764705882353
0 0.9302736501814883 0.2625976299775806 0.01953125 0.029411764705882353
0 0.9100961320326678 0.26169061599231314 0.01953125 0.029411764705882353
0 0.8974475385662432 0.26940023486708636 0.01953125 0.029411764705882353
0 0.8866058870235936 0.2598765880217784 0.01953125 0.029411764705882353
0 0.878775805353902 0.2644116579481155 0.01953125 0.029411764705882353
0 0.8604052291288566 0.26123710899967945 0.01953125 0.029411764705882353
0 0.8480577926497277 0.25352749012490633 0.01953125 0.029411764705882353
0 0.8116177971869328 0.24491085726486575 0.01953125 0.029411764705882353
0 0.8236640766787658 0.2580625600512435 0.01953125 0.029411764705882353
0 0.7658419351179673 0.23720123839009263 0.01953125 0.029411764705882353
0 0.7546991265880217 0.24355033628696465 0.01953125 0.029411764705882353
0 0.7772859006352087 0.25670203907334227 0.01953125 0.029411764705882353
0 0.9164204287658803 0.26486516494074924 0.01953125 0.029411764705882353
0 0.918528527676951 0.2598765880217784 0.01953125 0.029411764705882353
0 0.9233470394736842 0.25670203907334227 0.01953125 0.029411764705882353
0 0.9501500113430127 0.25352749012490633 0.01953125 0.029411764705882353
0 0.9591847209618876 0.25670203907334227 0.01953125 0.029411764705882353
0 0.9658101746823957 0.25670203907334227 0.01953125 0.029411764705882353
0 0.925756295372051 0.25624853208070864 0.01953125 0.029411764705882353
0 0.9031695213248639 0.25398099711754 0.01953125 0.029411764705882353
0 0.8926290267695101 0.25670203907334227 0.01953125 0.029411764705882353
0 0.9146134868421052 0.25534151809544126 0.01953125 0.029411764705882353
0 0.8236640766787658 0.2453643642574994 0.01953125 0.029411764705882353
0 0.8284825884754992 0.2489924201985692 0.01953125 0.029411764705882353
0 0.7848148253176044 0.25035294117647033 0.01953125 0.029411764705882353
0 0.7938495349364791 0.26622568591865026 0.01953125 0.029411764705882353
0 0.4995596075317606 0.30522728728515 0.01953125 0.029411764705882353
0 0.4899225839382942 0.2852729796092665 0.01953125 0.029411764705882353
0 0.4872121710526317 0.2548880111028077 0.01953125 0.029411764705882353
0 0.4751658915607987 0.2498994341838368 0.01953125 0.029411764705882353
0 0.4619149841197824 0.2580625600512437 0.01953125 0.029411764705882353
0 0.4567953153357533 0.25080644816910425 0.01953125 0.029411764705882353
0 0.44625482078039935 0.2503529411764705 0.01953125 0.029411764705882353
0 0.43601548321234135 0.25216696914700537 0.01953125 0.029411764705882353
0 0.4387258960980038 0.24445735027223225 0.01953125 0.029411764705882353
0 0.4507721755898368 0.24853891320593566 0.01953125 0.029411764705882353
0 0.42607730263157906 0.24037578733852882 0.01953125 0.029411764705882353
0 0.43722011116152465 0.22903811252268594 0.01953125 0.029411764705882353
0 0.41282639519056274 0.22949161951531966 0.01953125 0.029411764705882353
0 0.4576987862976408 0.17416376641400652 0.01953125 0.029411764705882353
0 0.47486473457350287 0.1728032454361054 0.01953125 0.029411764705882353
0 0.48751332803992753 0.17234973844347165 0.01953125 0.029411764705882353
0 0.4983549795825773 0.17234973844347165 0.01953125 0.029411764705882353
0 0.5122082009981852 0.1709892174655705 0.01953125 0.029411764705882353
0 0.5311810911978223 0.17507078039927398 0.01953125 0.029411764705882353
0 0.5504551383847551 0.17189623145083796 0.01953125 0.029411764705882353
0 0.4381235821234121 0.1696286964876694 0.01953125 0.029411764705882353
0 0.5453354696007261 0.2530739831322728 0.01953125 0.029411764705882353
0 0.5311810911978223 0.25080644816910425 0.01953125 0.029411764705882353
0 0.5359996029945555 0.2480854062133019 0.01953125 0.029411764705882353
0 0.5149186138838477 0.24581787125013335 0.01953125 0.029411764705882353
0 0.48299597323049015 0.24082929433116254 0.01953125 0.029411764705882353
0 0.5272660503629766 0.2644116579481156 0.01953125 0.029411764705882353
0 0.516123241833031 0.27756336073449334 0.01953125 0.029411764705882353
0 0.5224475385662433 0.25987658802177843 0.01953125 0.029411764705882353
0 0.49383762477313997 0.44263990605316533 0.01953125 0.029411764705882353
0 0.500764235480944 0.24899242019856943 0.01953125 0.029411764705882353
0 0.4959457236842107 0.2498994341838368 0.01953125 0.029411764705882353
0 0.5079920031760438 0.2594230810291448 0.01953125 0.029411764705882353
0 0.4799844033575319 0.28073790968292933 0.01953125 0.029411764705882353
0 0.47426242059891116 0.2757493327639585 0.01953125 0.029411764705882353
0 0.5055827472776772 0.28028440269029564 0.01953125 0.029411764705882353
0 0.5679222436479131 0.24763189922066825 0.01953125 0.029411764705882353
0 0.5745476973684213 0.2548880111028077 0.01953125 0.029411764705882353
0 0.5799685231397461 0.2503529411764705 0.01953125 0.029411764705882353
0 0.5877986048094376 0.24491085726486594 0.01953125 0.029411764705882353
0 0.6124934777676952 0.24445735027223225 0.01953125 0.029411764705882353
0 0.6251420712341199 0.206816269883634 0.01953125 0.029411764705882353
0 0.6305628970054449 0.19003651115618655 0.01953125 0.029411764705882353
0 0.6395976066243196 0.19094352514145393 0.01953125 0.029411764705882353
0 0.6450184323956444 0.1786988363403437 0.01953125 0.029411764705882353
0 0.6314663679673324 0.18005935731824485 0.01953125 0.029411764705882353
0 0.6194200884754993 0.19638560905305855 0.01953125 0.029411764705882353
0 0.6200224024500909 0.18005935731824485 0.01953125 0.029411764705882353
0 0.6097830648820329 0.18005935731824485 0.01953125 0.029411764705882353
0 0.5995437273139748 0.17733831536244254 0.01953125 0.029411764705882353
0 0.5905090176950999 0.17507078039927398 0.01953125 0.029411764705882353
0 0.5802696801270419 0.17234973844347165 0.01953125 0.029411764705882353
0 0.5736442264065338 0.17234973844347165 0.01953125 0.029411764705882353
0 0.5655129877495465 0.1786988363403437 0.01953125 0.029411764705882353
0 0.5609956329401091 0.17234973844347165 0.01953125 0.029411764705882353
0 0.5643083598003632 0.25534151809544137 0.01953125 0.029411764705882353
0 0.5359996029945555 0.25624853208070886 0.01953125 0.029411764705882353
0 0.5227486955535392 0.25080644816910425 0.01953125 0.029411764705882353
0 0.5203394396551725 0.24853891320593566 0.01953125 0.029411764705882353
0 0.5085943171506354 0.24717839222803453 0.01953125 0.029411764705882353
0 0.42637845961887494 0.3519385075264225 0.01953125 0.029411764705882353
0 0.7748170939201451 0.20046717198676167 0.01953125 0.029411764705882353
0 0.783550646551724 0.20001366499412793 0.01953125 0.029411764705882353
0 0.790477257259528 0.19230404611935478 0.01953125 0.029411764705882353
0 0.8004154378402902 0.19366456709725596 0.01953125 0.029411764705882353
0 0.8088478334845733 0.1991066510088605 0.01953125 0.029411764705882353
0 0.6974197481851178 0.27212127682288845 0.01953125 0.029411764705882353
0 0.685072311705989 0.2526204761396387 0.01953125 0.029411764705882353
0 0.6784468579854809 0.24627137824276676 0.01953125 0.029411764705882353
0 0.662485537658802 0.25035294117647017 0.01953125 0.029411764705882353
0 0.6645936365698728 0.2544345041101736 0.01953125 0.029411764705882353
0 0.627852484119782 0.25942308102914446 0.01953125 0.029411764705882353
0 0.7344620576225043 0.23901526636062734 0.01953125 0.029411764705882353
0 0.7468094941016332 0.24627137824276676 0.01953125 0.029411764705882353
0 0.7085625567150633 0.2467248852354005 0.01953125 0.029411764705882353
0 0.7022382599818511 0.25307398313227253 0.01953125 0.029411764705882353
0 0.6648947935571686 0.27937738870502793 0.01953125 0.029411764705882353
0 0.7112729696007258 0.25125995516173766 0.01953125 0.029411764705882353
0 0.6534508280399273 0.26078360200704565 0.01953125 0.029411764705882353
0 0.013301950998185213 0.39502167182662506 0.01953125 0.029411764705882353
0 0.7237709845735029 0.24808540621330183 0.01953125 0.029411764705882353
0 0.3940040834845736 0.16690765453186718 0.01953125 0.029411764705882353
0 0.4060503629764067 0.17507078039927407 0.01953125 0.029411764705882353
0 0.4253244101633395 0.16781466851713467 0.01953125 0.029411764705882353
0 0.2620973230490019 0.308401836233586 0.01953125 0.029411764705882353
0 0.1940358439201453 0.20681626988363408 0.01953125 0.029411764705882353
0 0.2042751814882034 0.2104443258247038 0.01953125 0.029411764705882353
0 0.20849137931034495 0.2095373118394363 0.01953125 0.029411764705882353
0 0.3096801270417424 0.244910857264866 0.01953125 0.029411764705882353
0 0.3735254083484575 0.26758620689655177 0.01953125 0.029411764705882353
0 0.8374974478221416 0.2394687733532613 0.01953125 0.029411764705882353
0 0.8456286864791289 0.26531867193338304 0.01953125 0.029411764705882353
0 0.8805628970054447 0.2476318992206681 0.01953125 0.029411764705882353
