0 0.2822900442532572 0.5695255177971446 0.020618556701030927 0.032520325203252036
0 0.3510350482500597 0.6111312575955495 0.020618556701030927 0.032520325203252036
0 0.0051117868591724035 0.690610763421783 0.020618556701030927 0.032520325203252036
0 0.055071818833592884 0.7208694832751685 0.020618556701030927 0.032520325203252036
0 0.041083009880755125 0.758062493094955 0.020618556701030927 0.032520325203252036
0 0.002713705324400216 0.7593232730888461 0.020618556701030927 0.032520325203252036
0 0.014704112998261139 0.822992662780345 0.020618556701030927 0.032520325203252036
0 0.008708909161330677 0.8627072325879135 0.020618556701030927 0.032520325203252036
0 0.02429643913734986 0.8772062025176608 0.020618556701030927 0.032520325203252036
0 0.03748588757859687 0.8475778726612208 0.020618556701030927 0.032520325203252036
0 0.07305743034438424 0.8753150325268241 0.020618556701030927 0.032520325203252036
0 0.06666254625165843 0.8311877327406368 0.020618556701030927 0.032520325203252036
0 0.09823728645949213 0.8292965627498002 0.020618556701030927 0.032520325203252036
0 0.07185838957699815 0.7738222430185933 0.020618556701030927 0.032520325203252036
0 0.06346510420529551 0.7460850831529898 0.020618556701030927 0.032520325203252036
0 0.008109388777637781 0.9515418559461373 0.020618556701030927 0.032520325203252036
0 0.02729404105581525 0.9868436957750871 0.020618556701030927 0.032520325203252036
0 0.1120262552844323 0.7889012367341897 0.020618556701030927 0.032520325203252036
0 0.11622289797028353 0.8557729426215126 0.020618556701030927 0.032520325203252036
0 0.1342085094810749 0.8639680125818047 0.020618556701030927 0.032520325203252036
0 0.09304144313415243 0.8740542525329332 0.020618556701030927 0.032520325203252036
0 0.1166225782260789 0.9692431420717085 0.020618556701030927 0.032520325203252036
0 0.12901266615573515 0.9654608020900354 0.020618556701030927 0.032520325203252036
0 0.07505583162336106 0.9742862620472729 0.020618556701030927 0.032520325203252036
0 0.16298548789834108 0.9541137821450157 0.020618556701030927 0.032520325203252036
0 0.13300946871368877 0.9415059822061052 0.020618556701030927 0.032520325203252036
0 0.14939635920129873 0.8368612427131467 0.020618556701030927 0.032520325203252036
0 0.16538356943311325 0.8538817726306761 0.020618556701030927 0.032520325203252036
0 0.18017173889754173 0.8576641126123492 0.020618556701030927 0.032520325203252036
0 0.16698229045629476 0.8879228324657348 0.020618556701030927 0.032520325203252036
0 0.19056342554822117 0.8992698524107543 0.020618556701030927 0.032520325203252036
0 0.20415255424526357 0.883510102487116 0.020618556701030927 0.032520325203252036
0 0.23173049189514364 0.9251158422855212 0.020618556701030927 0.032520325203252036
0 0.22253784601185025 0.9742862620472729 0.020618556701030927 0.032520325203252036
0 0.18496790196708607 0.9831117220045104 0.020618556701030927 0.032520325203252036
0 0.20415255424526357 0.8236230527772904 0.020618556701030927 0.032520325203252036
0 0.17897269813015568 0.8204711027925627 0.020618556701030927 0.032520325203252036
0 0.16858101147947618 0.7139351933087676 0.020618556701030927 0.032520325203252036
0 0.214544240895943 0.7416723531743711 0.020618556701030927 0.032520325203252036
0 0.2201397644770781 0.7921035529300138 0.020618556701030927 0.032520325203252036
0 0.23492793394150657 0.7864300429575041 0.020618556701030927 0.032520325203252036
0 0.2489167428943443 0.8343396827253644 0.020618556701030927 0.032520325203252036
0 0.2449199403363906 0.8147975928200529 0.020618556701030927 0.032520325203252036
0 0.23932441675525554 0.8759454225237697 0.020618556701030927 0.032520325203252036
0 0.22413656703503176 0.8765758125207151 0.020618556701030927 0.032520325203252036
0 0.26490395312615883 0.8917051724474081 0.020618556701030927 0.032520325203252036
0 0.28528764617172236 0.8677503525634778 0.020618556701030927 0.032520325203252036
0 0.30727006024046744 0.8885532224626804 0.020618556701030927 0.032520325203252036
0 0.29487997231081114 0.9616784621083623 0.020618556701030927 0.032520325203252036
0 0.26370491235877275 0.9786989920258916 0.020618556701030927 0.032520325203252036
0 0.32885279405341705 0.9377236422244319 0.020618556701030927 0.032520325203252036
0 0.33484799789034747 0.9188119423160659 0.020618556701030927 0.032520325203252036
0 0.3528336094011389 0.9370932522274863 0.020618556701030927 0.032520325203252036
0 0.3588288132380693 0.9761774320381094 0.020618556701030927 0.032520325203252036
0 0.3256553520070541 0.8639680125818047 0.020618556701030927 0.032520325203252036
0 0.318860787658533 0.845686702670384 0.020618556701030927 0.032520325203252036
0 0.3576297724706832 0.8639680125818047 0.020618556701030927 0.032520325203252036
0 0.3380454399367104 0.8311877327406368 0.020618556701030927 0.032520325203252036
0 0.3456393647968223 0.8147975928200529 0.020618556701030927 0.032520325203252036
0 0.31926046791432827 0.7971466729055781 0.020618556701030927 0.032520325203252036
0 0.33005183482080314 0.7889516029452861 0.020618556701030927 0.032520325203252036
0 0.2996761353803555 0.8192103227986717 0.020618556701030927 0.032520325203252036
0 0.25731002826604693 0.7984074528994691 0.020618556701030927 0.032520325203252036
0 0.2720981977304754 0.7864300429575041 0.020618556701030927 0.032520325203252036
0 0.2788927620789966 0.7706702930338657 0.020618556701030927 0.032520325203252036
0 0.27609500028842904 0.739150793186589 0.020618556701030927 0.032520325203252036
0 0.31446430484478394 0.7586928830919005 0.020618556701030927 0.032520325203252036
0 0.34444032402943625 0.7668879530521925 0.020618556701030927 0.032520325203252036
0 0.3648240170749998 0.7750830230124844 0.020618556701030927 0.032520325203252036
0 0.38240994832999575 0.7347380632079703 0.020618556701030927 0.032520325203252036
0 0.3808112273068143 0.7946251129177959 0.020618556701030927 0.032520325203252036
0 0.38360898909738184 0.8166887628108896 0.020618556701030927 0.032520325203252036
0 0.3796121865394282 0.8450563126734386 0.020618556701030927 0.032520325203252036
0 0.39080323370169845 0.8582945026092949 0.020618556701030927 0.032520325203252036
0 0.406790443933513 0.882249322493225 0.020618556701030927 0.032520325203252036
0 0.37841314577204216 0.9831117220045104 0.020618556701030927 0.032520325203252036
0 0.3963987572828335 0.9459187121847238 0.020618556701030927 0.032520325203252036
0 0.3852077101205633 0.960417682114471 0.020618556701030927 0.032520325203252036
0 0.4203795726305553 0.8961179024260266 0.020618556701030927 0.032520325203252036
0 0.4555514351405473 0.901161022401591 0.020618556701030927 0.032520325203252036
0 0.48472809381360893 0.9244854522885757 0.020618556701030927 0.032520325203252036
0 0.4535530338615705 0.978068602028946 0.020618556701030927 0.032520325203252036
0 0.42557541595589504 0.9515922221572336 0.020618556701030927 0.032520325203252036
0 0.406790443933513 0.9919371819617477 0.020618556701030927 0.032520325203252036
0 0.4483571905362308 0.8677503525634778 0.020618556701030927 0.032520325203252036
0 0.4515546325825937 0.8223622727833994 0.020618556701030927 0.032520325203252036
0 0.4099878859798759 0.8173191528078352 0.020618556701030927 0.032520325203252036
0 0.41838117135157854 0.74041157318048 0.020618556701030927 0.032520325203252036
0 0.4019942808639686 0.7233910432629508 0.020618556701030927 0.032520325203252036
0 0.41038756623567124 0.718978313284332 0.020618556701030927 0.032520325203252036
0 0.3884051521669262 0.6988058333820749 0.020618556701030927 0.032520325203252036
0 0.4399639051645282 0.7479762531438264 0.020618556701030927 0.032520325203252036
0 0.43596710260657445 0.7196087032812775 0.020618556701030927 0.032520325203252036
0 0.45675047590793344 0.7208694832751685 0.020618556701030927 0.032520325203252036
0 0.43956422490873276 0.6950234934004016 0.020618556701030927 0.032520325203252036
0 0.45115495232679836 0.6282021537241752 0.020618556701030927 0.032520325203252036
0 0.4735370466513387 0.6483746336264322 0.020618556701030927 0.032520325203252036
0 0.4967185014874698 0.6698078935225804 0.020618556701030927 0.032520325203252036
0 0.48712617534838104 0.7114136333209855 0.020618556701030927 0.032520325203252036
0 0.469540244093385 0.7977770629025236 0.020618556701030927 0.032520325203252036
0 0.49751786199906056 0.80534174286587 0.020618556701030927 0.032520325203252036
0 0.4815306517672459 0.8658591825726412 0.020618556701030927 0.032520325203252036
0 0.38400866935317723 0.5985738238677352 0.020618556701030927 0.032520325203252036
0 0.4735370466513387 0.5897483639104977 0.020618556701030927 0.032520325203252036
0 0.4993164231501395 0.9623088521053078 0.020618556701030927 0.032520325203252036
0 0.5129055518471819 0.9465491021816694 0.020618556701030927 0.032520325203252036
0 0.5125058715913865 0.922594282297739 0.020618556701030927 0.032520325203252036
0 0.524096599009452 0.8702719125512599 0.020618556701030927 0.032520325203252036
0 0.5224978779862707 0.844425922676493 0.020618556701030927 0.032520325203252036
0 0.5260950002884289 0.8021897928811422 0.020618556701030927 0.032520325203252036
0 0.5396841289854712 0.7914731629330682 0.020618556701030927 0.032520325203252036
0 0.5396841289854712 0.7479762531438264 0.020618556701030927 0.032520325203252036
0 0.5113068308240004 0.7233910432629508 0.020618556701030927 0.032520325203252036
0 0.5356873264275177 0.7032185633606937 0.020618556701030927 0.032520325203252036
0 0.5584691010078533 0.6824156934614911 0.020618556701030927 0.032520325203252036
0 0.5564706997288765 0.728434163238515 0.020618556701030927 0.032520325203252036
0 0.5748559914954633 0.7599536630857917 0.020618556701030927 0.032520325203252036
0 0.5716585494491004 0.80534174286587 0.020618556701030927 0.032520325203252036
0 0.5624659035658071 0.8211014927895083 0.020618556701030927 0.032520325203252036
0 0.5908432017272778 0.8154279828169986 0.020618556701030927 0.032520325203252036
0 0.5808511953323938 0.8059721328628155 0.020618556701030927 0.032520325203252036
0 0.6164227380981812 0.9062041423771554 0.020618556701030927 0.032520325203252036
0 0.6216185814235209 0.9370932522274863 0.020618556701030927 0.032520325203252036
0 0.6739766949327135 0.9049433623832641 0.020618556701030927 0.032520325203252036
0 0.6475977980502196 0.9080953123679919 0.020618556701030927 0.032520325203252036
0 0.663585008282034 0.9534833921480703 0.020618556701030927 0.032520325203252036
0 0.6763747764674857 0.9635696320991987 0.020618556701030927 0.032520325203252036
0 0.7143444007680453 0.9572657321297434 0.020618556701030927 0.032520325203252036
0 0.6128256157960229 0.968612752074763 0.020618556701030927 0.032520325203252036
0 0.6380054719111308 0.9339413022427586 0.020618556701030927 0.032520325203252036
0 0.6575898044451036 0.9333109122458132 0.020618556701030927 0.032520325203252036
0 0.6400038731901075 0.7990378428964146 0.020618556701030927 0.032520325203252036
0 0.3082692608799558 0.9862636719892379 0.020618556701030927 0.032520325203252036
0 0.5073100282660469 0.7731918530216478 0.020618556701030927 0.032520325203252036
0 0.6040326501685249 0.7315861132232425 0.020618556701030927 0.032520325203252036
0 0.6152236973307951 0.6855676434462187 0.020618556701030927 0.032520325203252036
0 0.608429132982274 0.787690822951395 0.020618556701030927 0.032520325203252036
0 0.5228975582420661 0.9893652557628694 0.020618556701030927 0.032520325203252036
0 0.5540726181941045 0.8733734963248913 0.020618556701030927 0.032520325203252036
0 0.6651837293052155 0.755540933107173 0.020618556701030927 0.032520325203252036
0 0.6424019547248798 0.737890013192698 0.020618556701030927 0.032520325203252036
0 0.666782450328397 0.6786333534798178 0.020618556701030927 0.032520325203252036
0 0.7059511153963426 0.6868284234401099 0.020618556701030927 0.032520325203252036
0 0.6983571905362307 0.720239093278223 0.020618556701030927 0.032520325203252036
0 0.6763747764674857 0.737890013192698 0.020618556701030927 0.032520325203252036
0 0.6947600682340724 0.7486066431407721 0.020618556701030927 0.032520325203252036
0 0.6863667828623697 0.7738222430185933 0.020618556701030927 0.032520325203252036
0 0.7147440810238407 0.7883212129483406 0.020618556701030927 0.032520325203252036
0 0.6859671026065743 0.8173191528078352 0.020618556701030927 0.032520325203252036
0 0.711946319233273 0.8305573427436913 0.020618556701030927 0.032520325203252036
0 0.693161347210891 0.8709023025482056 0.020618556701030927 0.032520325203252036
0 0.711946319233273 0.9062041423771554 0.020618556701030927 0.032520325203252036
0 0.7403236173947438 0.8683807425604233 0.020618556701030927 0.032520325203252036
0 0.7011549523267983 0.9660911920869808 0.020618556701030927 0.032520325203252036
0 0.7635050722308749 0.9515922221572336 0.020618556701030927 0.032520325203252036
0 0.7802916429742802 0.9459187121847238 0.020618556701030927 0.032520325203252036
0 0.7790926022068941 0.9213335023038481 0.020618556701030927 0.032520325203252036
0 0.7535130658359909 0.8015594028841968 0.020618556701030927 0.032520325203252036
0 0.7511149843012187 0.7700399030369202 0.020618556701030927 0.032520325203252036
0 0.764704112998261 0.7618448330766282 0.020618556701030927 0.032520325203252036
0 0.7754954799047359 0.7946251129177959 0.020618556701030927 0.032520325203252036
0 0.7455194607200836 0.7101528533270945 0.020618556701030927 0.032520325203252036
0 0.7455194607200836 0.6414403436600314 0.020618556701030927 0.032520325203252036
0 0.7475178619990605 0.6767421834889813 0.020618556701030927 0.032520325203252036
0 0.7790926022068941 0.6515265836111599 0.020618556701030927 0.032520325203252036
0 0.7862868468112106 0.6811549134676 0.020618556701030927 0.032520325203252036
0 0.7794922824626895 0.7328468932171337 0.020618556701030927 0.032520325203252036
0 0.8006753360198438 0.717717533290441 0.020618556701030927 0.032520325203252036
0 0.8122660634379093 0.717717533290441 0.020618556701030927 0.032520325203252036
0 0.7990766149966623 0.7725614630247022 0.020618556701030927 0.032520325203252036
0 0.811266862798421 0.9623088521053078 0.020618556701030927 0.032520325203252036
0 0.8308511953323938 0.967351972080872 0.020618556701030927 0.032520325203252036
0 0.8488368068431853 0.96483041209309 0.020618556701030927 0.032520325203252036
0 0.8452396845410269 0.9352020822366499 0.020618556701030927 0.032520325203252036
0 0.8492364870989806 0.920072722309957 0.020618556701030927 0.032520325203252036
0 0.8468384055642084 0.8973786824199179 0.020618556701030927 0.032520325203252036
0 0.8192604679143284 0.9194423323130114 0.020618556701030927 0.032520325203252036
0 0.8024738971709231 0.8160583728139441 0.020618556701030927 0.032520325203252036
0 0.8388448004483011 0.7820173129788853 0.020618556701030927 0.032520325203252036
0 0.8524339291453435 0.8091240828475431 0.020618556701030927 0.032520325203252036
0 0.8468384055642084 0.7681487330460834 0.020618556701030927 0.032520325203252036
0 0.8676217788655674 0.8002986228903057 0.020618556701030927 0.032520325203252036
0 0.8764147444930654 0.7807565329849943 0.020618556701030927 0.032520325203252036
0 0.8600278540054554 0.7429331331682623 0.020618556701030927 0.032520325203252036
0 0.8460390450526176 0.7322165032201882 0.020618556701030927 0.032520325203252036
0 0.8332492768671661 0.7095224633301489 0.020618556701030927 0.032520325203252036
0 0.8220582297048958 0.6843068634523276 0.020618556701030927 0.032520325203252036
0 0.836446718913529 0.6748510134981446 0.020618556701030927 0.032520325203252036
0 0.8672220986097721 0.6773725734859267 0.020618556701030927 0.032520325203252036
0 0.8724179419351117 0.7038489533576392 0.020618556701030927 0.032520325203252036
0 0.8916025942132891 0.6496354136203234 0.020618556701030927 0.032520325203252036
0 0.9019942808639686 0.755540933107173 0.020618556701030927 0.032520325203252036
0 0.9075898044451037 0.7883212129483406 0.020618556701030927 0.032520325203252036
0 0.9115866070030573 0.8166887628108896 0.020618556701030927 0.032520325203252036
0 0.8932013152364707 0.8740542525329332 0.020618556701030927 0.032520325203252036
0 0.8708192209119302 0.8507298226459484 0.020618556701030927 0.032520325203252036
0 0.9499559115594122 0.7460850831529898 0.020618556701030927 0.032520325203252036
0 0.9415626261877096 0.7164567532965498 0.020618556701030927 0.032520325203252036
0 0.9135850082820343 0.7032185633606937 0.020618556701030927 0.032520325203252036
0 0.9319703000486209 0.6805245234706545 0.020618556701030927 0.032520325203252036
0 0.9455594287456632 0.6893499834278919 0.020618556701030927 0.032520325203252036
0 0.9575498364195242 0.6502658036172689 0.020618556701030927 0.032520325203252036
0 0.8971981177944243 0.5916395339013343 0.020618556701030927 0.032520325203252036
0 0.9879255358599718 0.8860316624748983 0.020618556701030927 0.032520325203252036
0 0.956350795652138 0.8274053927589637 0.020618556701030927 0.032520325203252036
0 0.9267744567232812 0.8400131926978742 0.020618556701030927 0.032520325203252036
0 0.9307712592812348 0.9043129723863187 0.020618556701030927 0.032520325203252036
0 0.9247760554443044 0.927007012276358 0.020618556701030927 0.032520325203252036
0 0.9099878859798759 0.9528530021511249 0.020618556701030927 0.032520325203252036
0 0.7904834894970622 0.5323828741884542 0.020618556701030927 0.032520325203252036
0 0.9807312912556553 0.5443602841304193 0.020618556701030927 0.032520325203252036
0 0.9743364071629295 0.6975450533881838 0.020618556701030927 0.032520325203252036
0 0.9919223384179254 0.728434163238515 0.020618556701030927 0.032520325203252036
0 0.9959191409758791 0.7605840530827371 0.020618556701030927 0.032520325203252036
0 0.9739367269071341 0.7713006830308113 0.020618556701030927 0.032520325203252036
0 0.9627456797448639 0.7252822132537873 0.020618556701030927 0.032520325203252036
0 0.880411547051019 0.7586928830919005 0.020618556701030927 0.032520325203252036
0 0.5906433615993802 0.7416723531743711 0.020618556701030927 0.032520325203252036
0 0.5622660634379094 0.778234972997212 0.020618556701030927 0.032520325203252036
0 0.556270859600979 0.7599536630857917 0.020618556701030927 0.032520325203252036
0 0.5470782137176856 0.8179495428047806 0.020618556701030927 0.032520325203252036
0 0.5258951601605313 0.920072722309957 0.020618556701030927 0.032520325203252036
0 0.6000358476105712 0.9560049521358525 0.020618556701030927 0.032520325203252036
0 0.47933241036037144 0.8185799328017263 0.020618556701030927 0.032520325203252036
0 0.526095000288429 0.4182319185302165 0.020618556701030927 0.032520325203252036
0 0.5596681417752395 0.3627575987990096 0.020618556701030927 0.032520325203252036
0 0.11222609541232996 0.3545121626276214 0.020618556701030927 0.032520325203252036
0 0.03468812578802932 0.32110149278950834 0.020618556701030927 0.032520325203252036
0 0.048277254485071676 0.3267750027620181 0.020618556701030927 0.032520325203252036
0 0.0015146645570141297 0.32299266278034494 0.020618556701030927 0.032520325203252036
0 0.005911147370763133 0.2713006830308113 0.020618556701030927 0.032520325203252036
0 0.023896758881554504 0.2536497631163363 0.020618556701030927 0.032520325203252036
0 0.05946830164734188 0.2347380632079703 0.020618556701030927 0.032520325203252036
0 0.04547949269450413 0.2214998732721141 0.020618556701030927 0.032520325203252036
0 0.022697718114168403 0.1962842733942928 0.020618556701030927 0.032520325203252036
0 0.04348109141552733 0.17674218348898124 0.020618556701030927 0.032520325203252036
0 0.0394842888575737 0.055076914078493404 0.020618556701030927 0.032520325203252036
0 0.06746190676324915 0.056337694072384495 0.020618556701030927 0.032520325203252036
0 0.1066305718311948 0.022927024234271207 0.020618556701030927 0.032520325203252036
0 0.11502385720289744 0.04814262411209249 0.020618556701030927 0.032520325203252036
0 0.07825327366972396 0.14080995366308588 0.020618556701030927 0.032520325203252036
0 0.09743792594790142 0.1086600638188637 0.020618556701030927 0.032520325203252036
0 0.08424847750665442 0.10802967382191815 0.020618556701030927 0.032520325203252036
0 0.08424847750665442 0.028600534206781027 0.020618556701030927 0.032520325203252036
0 0.13980403306220998 0.11055123380970029 0.020618556701030927 0.032520325203252036
0 0.10782961259858088 0.13576683368752163 0.020618556701030927 0.032520325203252036
0 0.13900467255061924 0.16476477354701613 0.020618556701030927 0.032520325203252036
0 0.11782161899346498 0.20637051334542125 0.020618556701030927 0.032520325203252036
0 0.0854475182740405 0.22402143325989624 0.020618556701030927 0.032520325203252036
0 0.08384879725085907 0.27445263301553885 0.020618556701030927 0.032520325203252036
0 0.18097109940913247 0.3513602126428939 0.020618556701030927 0.032520325203252036
0 0.174975895572202 0.27886536299415765 0.020618556701030927 0.032520325203252036
0 0.2089487173148079 0.4118776523496651 0.020618556701030927 0.032520325203252036
0 0.157389964317206 0.27949575299110313 0.020618556701030927 0.032520325203252036
0 0.16018772610777354 0.22591260325073284 0.020618556701030927 0.032520325203252036
0 0.179372378385951 0.16728633353479827 0.020618556701030927 0.032520325203252036
0 0.11782161899346498 0.2504978131316086 0.020618556701030927 0.032520325203252036
0 0.1625858076425457 0.1395491736691948 0.020618556701030927 0.032520325203252036
0 0.179372378385951 0.11685513377915561 0.020618556701030927 0.032520325203252036
0 0.16698229045629476 0.08218368394715132 0.020618556701030927 0.032520325203252036
0 0.1625858076425457 0.055076914078493404 0.020618556701030927 0.032520325203252036
0 0.17577525608379274 0.05948964405711213 0.020618556701030927 0.032520325203252036
0 0.13820531203902855 0.07651017397464151 0.020618556701030927 0.032520325203252036
0 0.13500786999266565 0.02481819422510775 0.020618556701030927 0.032520325203252036
0 0.18336918094390464 0.007167274310632835 0.020618556701030927 0.032520325203252036
0 0.20974807782639865 0.014101564277033747 0.020618556701030927 0.032520325203252036
0 0.22773368933719 0.03301326418539976 0.020618556701030927 0.032520325203252036
0 0.24252185880161845 0.054446524081547855 0.020618556701030927 0.032520325203252036
0 0.25451226647547937 0.055076914078493404 0.020618556701030927 0.032520325203252036
0 0.2732972384978615 0.06957588400824068 0.020618556701030927 0.032520325203252036
0 0.28728604745069924 0.056337694072384495 0.020618556701030927 0.032520325203252036
0 0.2617065110797959 0.10992084381275474 0.020618556701030927 0.032520325203252036
0 0.23612697470889268 0.13513644369057606 0.020618556701030927 0.032520325203252036
0 0.2165426421749198 0.1729598435073081 0.020618556701030927 0.032520325203252036
0 0.20655063578003574 0.1962842733942928 0.020618556701030927 0.032520325203252036
0 0.24052345752264165 0.17737257348592678 0.020618556701030927 0.032520325203252036
0 0.23852505624366485 0.22780377324156942 0.020618556701030927 0.032520325203252036
0 0.21694232243071518 0.2542801531132818 0.020618556701030927 0.032520325203252036
0 0.1839687013275978 0.25054817934270474 0.020618556701030927 0.032520325203252036
0 0.25351306583599104 0.2782853392083082 0.020618556701030927 0.032520325203252036
0 0.28948428885757377 0.3186302990128223 0.020618556701030927 0.032520325203252036
0 0.2878855678343923 0.2618951992877243 0.020618556701030927 0.032520325203252036
0 0.3446401641573339 0.2568520793121601 0.020618556701030927 0.032520325203252036
0 0.36062737438914855 0.2833284591838725 0.020618556701030927 0.032520325203252036
0 0.3973979579223219 0.3186302990128223 0.020618556701030927 0.032520325203252036
0 0.42617493633958814 0.3173695190189312 0.020618556701030927 0.032520325203252036
0 0.4925218588016185 0.30476171908002064 0.020618556701030927 0.032520325203252036
0 0.6467984375386289 0.4106672385668701 0.020618556701030927 0.032520325203252036
0 0.719540244093385 0.3854516386890488 0.020618556701030927 0.032520325203252036
0 0.793081411159732 0.36149681880511847 0.020618556701030927 0.032520325203252036
0 0.8706193807840326 0.3602360388112275 0.020618556701030927 0.032520325203252036
0 0.8658232177144881 0.3173695190189312 0.020618556701030927 0.032520325203252036
0 0.9481573504083329 0.3161087390250401 0.020618556701030927 0.032520325203252036
0 0.9737368867792363 0.3778869587257025 0.020618556701030927 0.032520325203252036
0 0.9689407237096918 0.2997185991044563 0.020618556701030927 0.032520325203252036
0 0.9169822904562948 0.2631559792816154 0.020618556701030927 0.032520325203252036
0 0.7890846086017783 0.30476171908002064 0.020618556701030927 0.032520325203252036
0 0.7611069906961029 0.3186302990128223 0.020618556701030927 0.032520325203252036
0 0.7307312912556552 0.24046193939157628 0.020618556701030927 0.032520325203252036
0 0.7347280938136088 0.29089313914721887 0.020618556701030927 0.032520325203252036
0 0.7659031537656472 0.18120527967869618 0.020618556701030927 0.032520325203252036
0 0.7595082696729214 0.2795461192021992 0.020618556701030927 0.032520325203252036
0 0.8636249763076137 0.2448243031590988 0.020618556701030927 0.032520325203252036
0 0.828852794053417 0.28958199294223175 0.020618556701030927 0.032520325203252036
0 0.810067822031035 0.24923703313771753 0.020618556701030927 0.032520325203252036
0 0.8204595086817144 0.18998037342483745 0.020618556701030927 0.032520325203252036
0 0.8564307317032972 0.17989413347370892 0.020618556701030927 0.032520325203252036
0 0.8676217788655674 0.2038489533576392 0.020618556701030927 0.032520325203252036
0 0.8752157037256793 0.20258817336374807 0.020618556701030927 0.032520325203252036
0 0.8848080298647679 0.20637051334542125 0.020618556701030927 0.032520325203252036
0 0.8180614271469422 0.3608160625970769 0.020618556701030927 0.032520325203252036
0 0.6933611873387887 0.25112820312855416 0.020618556701030927 0.032520325203252036
0 0.6565906038056152 0.24041157318048006 0.020618556701030927 0.032520325203252036
0 0.5602676621589326 0.2921035529300138 0.020618556701030927 0.032520325203252036
0 0.5155034735098519 0.26877912304302914 0.020618556701030927 0.032520325203252036
0 0.5670622265074537 0.26121444307968267 0.020618556701030927 0.032520325203252036
0 0.543081411159732 0.20321856336069363 0.020618556701030927 0.032520325203252036
0 0.5458791729502994 0.1685471135286893 0.020618556701030927 0.032520325203252036
0 0.5802516749487008 0.15152658361115987 0.020618556701030927 0.032520325203252036
0 0.5514746965314345 0.10361694384329942 0.020618556701030927 0.032520325203252036
0 0.7017544727104914 0.1641343835500706 0.020618556701030927 0.032520325203252036
0 0.6613867668751596 0.13387566369668497 0.020618556701030927 0.032520325203252036
0 0.631011067434712 0.09037875390744322 0.020618556701030927 0.032520325203252036
0 0.6573899643172061 0.056337694072384495 0.020618556701030927 0.032520325203252036
0 0.6945602281061749 0.04625145412125594 0.020618556701030927 0.032520325203252036
0 0.6737768548048159 0.050664184099874665 0.020618556701030927 0.032520325203252036
0 0.6382053120390285 0.0077976643075783805 0.020618556701030927 0.032520325203252036
0 0.6206193807840326 0.038056384160963935 0.020618556701030927 0.032520325203252036
0 0.587046239297222 0.05381613408460231 0.020618556701030927 0.032520325203252036
0 0.5762548723907471 0.07840134396547814 0.020618556701030927 0.032520325203252036
0 0.5926417628783571 0.01662312426481584 0.020618556701030927 0.032520325203252036
0 0.5918424023667663 0.03112209419456312 0.020618556701030927 0.032520325203252036
0 0.5590686213915466 0.007167274310632835 0.020618556701030927 0.032520325203252036
0 0.536686527067006 0.057598474066275496 0.020618556701030927 0.032520325203252036
0 0.5286929219510988 0.07020627400518613 0.020618556701030927 0.032520325203252036
0 0.5191005958120102 0.052555354090711215 0.020618556701030927 0.032520325203252036
0 0.5039127460917863 0.09479148388606197 0.020618556701030927 0.032520325203252036
0 0.5950398444131292 0.11622474378221007 0.020618556701030927 0.032520325203252036
0 0.6242165030861908 0.14774424362948668 0.020618556701030927 0.032520325203252036
0 0.635407550248461 0.12441981374250202 0.020618556701030927 0.032520325203252036
0 0.6597880458519781 0.17232945351036255 0.020618556701030927 0.032520325203252036
0 0.6961589491293564 0.13639722368446713 0.020618556701030927 0.032520325203252036
0 0.7305314511277575 0.17926374347676335 0.020618556701030927 0.032520325203252036
0 0.7281333695929855 0.15089619361421439 0.020618556701030927 0.032520325203252036
0 0.7217384855002595 0.09794343387078962 0.020618556701030927 0.032520325203252036
0 0.735327614197302 0.0941610938891164 0.020618556701030927 0.032520325203252036
0 0.7780934015674059 0.12315903374861098 0.020618556701030927 0.032520325203252036
0 0.7736969187536568 0.10802967382191815 0.020618556701030927 0.032520325203252036
0 0.7764946805442244 0.08218368394715132 0.020618556701030927 0.032520325203252036
0 0.7780934015674059 0.06390237403573086 0.020618556701030927 0.032520325203252036
0 0.7800918028463827 0.03994755415180058 0.020618556701030927 0.032520325203252036
0 0.7948799723108112 0.03742599416401848 0.020618556701030927 0.032520325203252036
0 0.7657033136377496 0.0033849343289596517 0.020618556701030927 0.032520325203252036
0 0.7153436014075337 0.0077976643075783805 0.020618556701030927 0.032520325203252036
0 0.8068703799846719 0.021035854243434567 0.020618556701030927 0.032520325203252036
0 0.8280534335418263 0.018514294255652475 0.020618556701030927 0.032520325203252036
0 0.8652236973307951 0.07398861398685941 0.020618556701030927 0.032520325203252036
0 0.8564307317032972 0.12000708376388325 0.020618556701030927 0.032520325203252036
0 0.8740166629582931 0.11055123380970029 0.020618556701030927 0.032520325203252036
0 0.897997478306015 0.13009332371501178 0.020618556701030927 0.032520325203252036
0 0.9139846885378295 0.13261488370279392 0.020618556701030927 0.032520325203252036
0 0.9343683815833931 0.1685471135286893 0.020618556701030927 0.032520325203252036
0 0.9303715790254394 0.19754505338818382 0.020618556701030927 0.032520325203252036
0 0.9927216989295161 0.21582636329960428 0.020618556701030927 0.032520325203252036
0 0.989124576627358 0.15215697360810543 0.020618556701030927 0.032520325203252036
0 0.9575498364195242 0.14774424362948668 0.020618556701030927 0.032520325203252036
0 0.9671421625586129 0.1181159137730467 0.020618556701030927 0.032520325203252036
0 0.9723380058839527 0.041838724142637215 0.020618556701030927 0.032520325203252036
0 0.9787328899766784 0.01914468425259802 0.020618556701030927 0.032520325203252036
0 0.9327696605602116 0.015992734267870293 0.020618556701030927 0.032520325203252036
0 0.9171821305841924 0.025448584222053296 0.020618556701030927 0.032520325203252036
0 0.8999958795849917 0.0349044341762363 0.020618556701030927 0.032520325203252036
0 0.9055914031661267 0.011580004289251563 0.020618556701030927 0.032520325203252036
0 0.9927216989295161 0.057598474066275496 0.020618556701030927 0.032520325203252036
0 0.9103875662356713 0.08722680392271555 0.020618556701030927 0.032520325203252036
0 0.8080694207520581 0.12568059373639306 0.020618556701030927 0.032520325203252036
0 0.6092284934938645 0.2649967830613559 0.020618556701030927 0.032520325203252036
0 0.5984371265873898 0.24104196317742563 0.020618556701030927 0.032520325203252036
0 0.5964387253084129 0.3015594028841968 0.020618556701030927 0.032520325203252036
0 0.7287328899766784 0.06579354402656741 0.020618556701030927 0.032520325203252036
0 0.4873260154762787 0.3324485127345279 0.020618556701030927 0.032520325203252036
0 0.4101877261077735 0.2857996529605584 0.020618556701030927 0.032520325203252036
0 0.3989966789455033 0.17232945351036255 0.020618556701030927 0.032520325203252036
0 0.40379284201504767 0.12315903374861098 0.020618556701030927 0.032520325203252036
0 0.39539955664334503 0.10550811383413601 0.020618556701030927 0.032520325203252036
0 0.4205794127584529 0.041208334145691666 0.020618556701030927 0.032520325203252036
0 0.4585490370590125 0.019775074249543566 0.020618556701030927 0.032520325203252036
0 0.48532761419730186 0.03427404417929075 0.020618556701030927 0.032520325203252036
0 0.43376886119969993 0.08974836391049769 0.020618556701030927 0.032520325203252036
0 0.31446430484478394 0.03526999538580529 0.020618556701030927 0.032520325203252036
0 0.3356473584019382 0.05229052530333466 0.020618556701030927 0.032520325203252036
0 0.34444032402943625 0.03842194537053292 0.020618556701030927 0.032520325203252036
0 0.38041154705101893 0.11974225497650669 0.020618556701030927 0.032520325203252036
0 0.3664227380981812 0.06426793524529975 0.020618556701030927 0.032520325203252036
0 0.36762177886556735 0.028335705419404375 0.020618556701030927 0.032520325203252036
0 0.34444032402943625 0.11848147498261559 0.020618556701030927 0.032520325203252036
0 0.3388448004483012 0.09767860508341303 0.020618556701030927 0.032520325203252036
0 0.3260550322628495 0.11091679501926922 0.020618556701030927 0.032520325203252036
0 0.2956793328224019 0.10020016507119513 0.020618556701030927 0.032520325203252036
0 0.32725407303023557 0.14180590486960032 0.020618556701030927 0.032520325203252036
0 0.2768943608000197 0.1455882448512735 0.020618556701030927 0.032520325203252036
0 0.262905551847182 0.15252253481767442 0.020618556701030927 0.032520325203252036
0 0.2641045926145682 0.18971554463746085 0.020618556701030927 0.032520325203252036
0 0.31006782203103495 0.21745270450306428 0.020618556701030927 0.032520325203252036
0 0.30407261819410447 0.2552761043197963 0.020618556701030927 0.032520325203252036
0 0.3648240170749998 0.15567448480240206 0.020618556701030927 0.032520325203252036
0 0.34763776607579916 0.13424122490625395 0.020618556701030927 0.032520325203252036
0 0.33324927686716604 0.35361694384329945 0.020618556701030927 0.032520325203252036
0 0.5141045926145681 0.18619803344316424 0.020618556701030927 0.032520325203252036
0 0.48292953266252975 0.14459229364475906 0.020618556701030927 0.032520325203252036
0 0.47613496831400853 0.23095572322629712 0.020618556701030927 0.032520325203252036
0 0.44935639117571924 0.19061076342178296 0.020618556701030927 0.032520325203252036
0 0.42577525608379274 0.24860664314077202 0.020618556701030927 0.032520325203252036
0 0.49052345752264165 0.2826477029758308 0.020618556701030927 0.032520325203252036
0 0.2886849283459829 0.17106867351647145 0.020618556701030927 0.032520325203252036
0 0.359028653365967 0.010319224295360564 0.020618556701030927 0.032520325203252036
0 0.8072700602404674 0.1735902335042536 0.020618556701030927 0.032520325203252036
0 0.8816105878184051 0.143331513650868 0.020618556701030927 0.032520325203252036
0 0.9403635854203235 0.0941610938891164 0.020618556701030927 0.032520325203252036
0 0.9575498364195242 0.07398861398685941 0.020618556701030927 0.032520325203252036
0 0.950755272071003 0.02923092420372648 0.020618556701030927 0.032520325203252036
0 0.7724978779862708 0.0241878042281623 0.020618556701030927 0.032520325203252036
0 0.5448799723108112 0.08092290395326023 0.020618556701030927 0.032520325203252036
0 0.43776566375765363 0.29903784289641466 0.020618556701030927 0.032520325203252036
0 0.416182929944704 0.1830460834584366 0.020618556701030927 0.032520325203252036
0 0.055471499089388226 0.31831510401434965 0.020618556701030927 0.032520325203252036
0 0.22973209061616684 0.29183872414263723 0.020618556701030927 0.032520325203252036
0 0.31006782203103495 0.1789989146893868 0.020618556701030927 0.032520325203252036
0 0.38920451267851697 0.32840134396547804 0.020618556701030927 0.032520325203252036
0 0.4845282536857112 0.12126786375777433 0.020618556701030927 0.032520325203252036
0 0.8444403240294363 0.05885925406016659 0.020618556701030927 0.032520325203252036
0 0.8384451201925057 0.09479148388606197 0.020618556701030927 0.032520325203252036
0 0.37501586359778155 0.6675511623221748 0.020618556701030927 0.032520325203252036
0 0.32305743034438433 0.8251486615585579 0.020618556701030927 0.032520325203252036
0 0.2259351281861109 0.765892001845678 0.020618556701030927 0.032520325203252036
0 0.1775738172348719 0.7999330616807367 0.020618556701030927 0.032520325203252036
0 0.15199428086396863 0.884405321271438 0.020618556701030927 0.032520325203252036
0 0.8494363272268781 0.7095224633301489 0.020618556701030927 0.032520325203252036
0 0.776694520672122 0.7038489533576392 0.020618556701030927 0.032520325203252036
0 0.7695002760678054 0.691871543415674 0.020618556701030927 0.032520325203252036
0 0.7982772544850717 0.9452883221877783 0.020618556701030927 0.032520325203252036
0 0.9547520746289566 0.7984074528994691 0.020618556701030927 0.032520325203252036
0 0.9475578300246401 0.6609824335653429 0.020618556701030927 0.032520325203252036
0 0.7205394447328736 0.9232246722946846 0.020618556701030927 0.032520325203252036
0 0.6497960394570941 0.967351972080872 0.020618556701030927 0.032520325203252036
0 0.6302117069231212 0.9679823620778176 0.020618556701030927 0.032520325203252036
0 0.5994363272268782 0.7908427729361228 0.020618556701030927 0.032520325203252036
0 0.5978376062036967 0.920072722309957 0.020618556701030927 0.032520325203252036
0 0.31206622331001177 0.014731954273979293 0.020618556701030927 0.032520325203252036
0 0.1981573504083331 0.11559435378526452 0.020618556701030927 0.032520325203252036
0 0.1737768548048159 0.10487772383719052 0.020618556701030927 0.032520325203252036
0 0.15539156303822918 0.07272783399296832 0.020618556701030927 0.032520325203252036
0 0.40878884521248976 0.0670543240204585 0.020618556701030927 0.032520325203252036
0 0.9240918874939493 0.773402207548549 0.020618556701030927 0.032520325203252036
0 0.7252906886927505 0.8679418142832778 0.020618556701030927 0.032520325203252036
0 0.9540619174639792 0.2660396514055052 0.020618556701030927 0.032520325203252036
