0 0.09726308539944904 0.9021226362612764 0.02 0.03231017770597738
0 0.1110371900826446 0.8209021482262782 0.02 0.03231017770597738
0 0.0814228650137741 0.8186769293760042 0.02 0.03231017770597738
0 0.08555509641873277 0.793086912597854 0.02 0.03231017770597738
0 0.09519696969696968 0.7786229900710736 0.02 0.03231017770597738
0 0.14409504132231404 0.8142264916754564 0.02 0.03231017770597738
0 0.024260330578512394 0.8131138822503196 0.02 0.03231017770597738
0 0.010486225895316807 0.8220147576514151 0.02 0.03231017770597738
0 0.0008443526170798919 0.7407942696164169 0.02 0.03231017770597738
0 0.053874655647382926 0.738569050766143 0.02 0.03231017770597738
0 0.0683374655647383 0.7129790339879929 0.02 0.03231017770597738
0 0.09381955922865012 0.7174294716885408 0.02 0.03231017770597738
0 0.1613126721763085 0.7875238654721693 0.02 0.03231017770597738
0 0.131698347107438 0.795312131448128 0.02 0.03231017770597738
0 0.1358305785123967 0.7830734277716215 0.02 0.03231017770597738
0 0.212965564738292 0.7674968958197039 0.02 0.03231017770597738
0 0.1730206611570248 0.7441320978918278 0.02 0.03231017770597738
0 0.15442561983471073 0.7163168622634037 0.02 0.03231017770597738
0 0.24740082644628097 0.7318933942153212 0.02 0.03231017770597738
0 0.23569283746556471 0.7585960204186083 0.02 0.03231017770597738
0 0.2577314049586777 0.8420417273038805 0.02 0.03231017770597738
0 0.2866570247933884 0.7519203638677865 0.02 0.03231017770597738
0 0.2832134986225895 0.7797355994962106 0.02 0.03231017770597738
0 0.29974242424242425 0.7897490843224433 0.02 0.03231017770597738
0 0.2873457300275482 0.6840511889344318 0.02 0.03231017770597738
0 0.300431129476584 0.6840511889344318 0.02 0.03231017770597738
0 0.29423278236914596 0.6640242192819665 0.02 0.03231017770597738
0 0.28803443526170797 0.6584611721562816 0.02 0.03231017770597738
0 0.2811473829201102 0.6428846402043642 0.02 0.03231017770597738
0 0.29010055096418735 0.619519842276488 0.02 0.03231017770597738
0 0.306629476584022 0.6818259700841579 0.02 0.03231017770597738
0 0.32729063360881544 0.6695872664076513 0.02 0.03231017770597738
0 0.32522451790633605 0.707415986862308 0.02 0.03231017770597738
0 0.33211157024793386 0.7719473335202518 0.02 0.03231017770597738
0 0.34795179063360876 0.8053256162743607 0.02 0.03231017770597738
0 0.4002933884297521 0.7975373502984019 0.02 0.03231017770597738
0 0.3947837465564738 0.7508077544426496 0.02 0.03231017770597738
0 0.40718044077134985 0.7730599429453888 0.02 0.03231017770597738
0 0.1310096418732782 0.6228576705518989 0.02 0.03231017770597738
0 0.13032093663911842 0.6083937480251184 0.02 0.03231017770597738
0 0.1461611570247934 0.5928172160732009 0.02 0.03231017770597738
0 0.13376446280991736 0.560551542744229 0.02 0.03231017770597738
0 0.14202892561983468 0.5583263238939551 0.02 0.03231017770597738
0 0.14753856749311298 0.5561011050436812 0.02 0.03231017770597738
0 0.15993526170798897 0.5727902464207356 0.02 0.03231017770597738
0 0.16406749311294766 0.5683398087201877 0.02 0.03231017770597738
0 0.17784159779614322 0.5839163406721052 0.02 0.03231017770597738
0 0.18472865013774106 0.588366778372653 0.02 0.03231017770597738
0 0.2095220385674931 0.593929825498338 0.02 0.03231017770597738
0 0.2040123966942149 0.619519842276488 0.02 0.03231017770597738
0 0.20194628099173553 0.6350963742284055 0.02 0.03231017770597738
0 0.1881721763085399 0.621745061126762 0.02 0.03231017770597738
0 0.17164325068870523 0.6273081082524468 0.02 0.03231017770597738
0 0.4126900826446281 0.7252177376644994 0.02 0.03231017770597738
0 0.0063539944903581325 0.593929825498338 0.02 0.03231017770597738
0 0.06351652892561983 0.67737553238361 0.02 0.03231017770597738
0 0.4361060606060606 0.7263303470896364 0.02 0.03231017770597738
0 0.44574793388429745 0.7096412057125819 0.02 0.03231017770597738
0 0.4574559228650138 0.7241051282393625 0.02 0.03231017770597738
0 0.4739848484848485 0.8131138822503196 0.02 0.03231017770597738
0 0.45470110192837465 0.7597086298437452 0.02 0.03231017770597738
0 0.46434297520661155 0.7463573167421017 0.02 0.03231017770597738
0 0.4974008264462809 0.8086634445497717 0.02 0.03231017770597738
0 0.49671212121212116 0.6896142360601167 0.02 0.03231017770597738
0 0.4533236914600551 0.6606863910065556 0.02 0.03231017770597738
0 0.4395495867768594 0.6784881418087471 0.02 0.03231017770597738
0 0.42990771349862256 0.6840511889344318 0.02 0.03231017770597738
0 0.4044256198347107 0.6473350779049121 0.02 0.03231017770597738
0 0.39065151515151514 0.6640242192819665 0.02 0.03231017770597738
0 0.2563539944903581 0.6684746569825144 0.02 0.03231017770597738
0 0.2604862258953168 0.6317585459529946 0.02 0.03231017770597738
0 0.24395730027548204 0.6139567951508031 0.02 0.03231017770597738
0 0.2694393939393939 0.6150694045759402 0.02 0.03231017770597738
0 0.225362258953168 0.823127367076552 0.02 0.03231017770597738
0 0.46227685950413216 0.7797355994962106 0.02 0.03231017770597738
0 0.47467355371900827 0.6484476873300491 0.02 0.03231017770597738
0 0.48913636363636365 0.6306459365278576 0.02 0.03231017770597738
0 0.45470110192837465 0.6317585459529946 0.02 0.03231017770597738
0 0.4498801652892562 0.6273081082524468 0.02 0.03231017770597738
0 0.42302066115702475 0.6239702799770359 0.02 0.03231017770597738
0 0.40855785123966937 0.621745061126762 0.02 0.03231017770597738
0 0.3844531680440771 0.6250828894021728 0.02 0.03231017770597738
0 0.37343388429752067 0.6306459365278576 0.02 0.03231017770597738
0 0.3458856749311294 0.6328711553781315 0.02 0.03231017770597738
0 0.3204035812672176 0.6350963742284055 0.02 0.03231017770597738
0 0.31764876033057854 0.6139567951508031 0.02 0.03231017770597738
0 0.31007300275482097 0.6239702799770359 0.02 0.03231017770597738
0 0.33004545454545453 0.619519842276488 0.02 0.03231017770597738
0 0.13789669421487605 0.7185420811136777 0.02 0.03231017770597738
0 0.12825482093663915 0.707415986862308 0.02 0.03231017770597738
0 0.12343388429752065 0.6862764077847058 0.02 0.03231017770597738
0 0.09381955922865012 0.6473350779049121 0.02 0.03231017770597738
0 0.08073415977961432 0.6061685291748445 0.02 0.03231017770597738
0 0.04974242424242425 0.6395468119289532 0.02 0.03231017770597738
0 0.10621625344352617 0.6228576705518989 0.02 0.03231017770597738
0 0.10621625344352617 0.588366778372653 0.02 0.03231017770597738
0 0.08830991735537191 0.590591997222927 0.02 0.03231017770597738
0 0.04836501377410468 0.6061685291748445 0.02 0.03231017770597738
0 0.06696005509641872 0.56388937101964 0.02 0.03231017770597738
0 0.21158815426997246 0.7274429565147734 0.02 0.03231017770597738
0 0.19988016528925617 0.7196546905388147 0.02 0.03231017770597738
0 0.02012809917355372 0.619519842276488 0.02 0.03231017770597738
0 0.020816804407713507 0.5983802631988857 0.02 0.03231017770597738
0 0.024260330578512394 0.5661145898699138 0.02 0.03231017770597738
0 0.02150550964187329 0.5483128390677224 0.02 0.03231017770597738
0 0.019439393939393937 0.5338489165409419 0.02 0.03231017770597738
0 0.013929752066115696 0.5271732599901202 0.02 0.03231017770597738
0 0.002221763085399459 0.5683398087201877 0.02 0.03231017770597738
0 0.020816804407713507 0.5193849940141614 0.02 0.03231017770597738
0 0.07246969696969698 0.532736307115805 0.02 0.03231017770597738
0 0.04905371900826447 0.5416371825169006 0.02 0.03231017770597738
0 0.09106473829201105 0.5371867448163528 0.02 0.03231017770597738
0 0.10139531680440768 0.5271732599901202 0.02 0.03231017770597738
0 0.11723553719008266 0.5227228222895723 0.02 0.03231017770597738
0 0.10415013774104682 0.5583263238939551 0.02 0.03231017770597738
0 0.13720798898071626 0.5249480411398463 0.02 0.03231017770597738
0 0.1578691460055096 0.5138219468884766 0.02 0.03231017770597738
0 0.1523595041322314 0.532736307115805 0.02 0.03231017770597738
0 0.20470110192837468 0.5182723845890245 0.02 0.03231017770597738
0 0.19850275482093663 0.5193849940141614 0.02 0.03231017770597738
0 0.3458856749311294 0.6695872664076513 0.02 0.03231017770597738
0 0.35828236914600553 0.6784881418087471 0.02 0.03231017770597738
0 0.36585812672176304 0.6740377041081992 0.02 0.03231017770597738
0 0.48913636363636365 0.6006054820491596 0.02 0.03231017770597738
0 0.49257988980716255 0.6172946234262141 0.02 0.03231017770597738
0 0.491202479338843 0.590591997222927 0.02 0.03231017770597738
0 0.49671212121212116 0.588366778372653 0.02 0.03231017770597738
0 0.48913636363636365 0.5227228222895723 0.02 0.03231017770597738
0 0.4608994490358126 0.561664152169366 0.02 0.03231017770597738
0 0.46916391184573003 0.560551542744229 0.02 0.03231017770597738
0 0.450568870523416 0.5683398087201877 0.02 0.03231017770597738
0 0.43541735537190085 0.5661145898699138 0.02 0.03231017770597738
0 0.41062396694214875 0.5805785123966943 0.02 0.03231017770597738
0 0.40304820936639113 0.5828037312469683 0.02 0.03231017770597738
0 0.3823870523415977 0.588366778372653 0.02 0.03231017770597738
0 0.37618870523415976 0.5961550443486118 0.02 0.03231017770597738
0 0.3713677685950413 0.6117315763005292 0.02 0.03231017770597738
0 0.38514187327823685 0.6139567951508031 0.02 0.03231017770597738
0 0.34932920110192833 0.591704606648064 0.02 0.03231017770597738
0 0.3575936639118457 0.5705650275704617 0.02 0.03231017770597738
0 0.3713677685950413 0.5805785123966943 0.02 0.03231017770597738
0 0.3796322314049587 0.5683398087201877 0.02 0.03231017770597738
0 0.39822727272727276 0.5494254484928593 0.02 0.03231017770597738
0 0.4037369146005509 0.5483128390677224 0.02 0.03231017770597738
0 0.38720798898071623 0.5260606505649832 0.02 0.03231017770597738
0 0.3768774104683196 0.5260606505649832 0.02 0.03231017770597738
0 0.42990771349862256 0.5182723845890245 0.02 0.03231017770597738
0 0.36585812672176304 0.5149345563136136 0.02 0.03231017770597738
0 0.39822727272727276 0.5093715091879287 0.02 0.03231017770597738
0 0.328668044077135 0.5460876202174485 0.02 0.03231017770597738
0 0.3500179063360881 0.5338489165409419 0.02 0.03231017770597738
0 0.35690495867768596 0.5538758861934072 0.02 0.03231017770597738
0 0.3465743801652892 0.5661145898699138 0.02 0.03231017770597738
0 0.34450826446280985 0.5572137144688182 0.02 0.03231017770597738
0 0.3279793388429752 0.5805785123966943 0.02 0.03231017770597738
0 0.33693250688705234 0.591704606648064 0.02 0.03231017770597738
0 0.31627134986225897 0.5861415595223791 0.02 0.03231017770597738
0 0.31282782369146 0.5961550443486118 0.02 0.03231017770597738
0 0.306629476584022 0.5850289500972422 0.02 0.03231017770597738
0 0.300431129476584 0.5961550443486118 0.02 0.03231017770597738
0 0.2976763085399449 0.6117315763005292 0.02 0.03231017770597738
0 0.28596831955922863 0.5961550443486118 0.02 0.03231017770597738
0 0.28941184573002754 0.5750154652710096 0.02 0.03231017770597738
0 0.2770151515151515 0.5828037312469683 0.02 0.03231017770597738
0 0.2611749311294766 0.5850289500972422 0.02 0.03231017770597738
0 0.24257988980716255 0.5727902464207356 0.02 0.03231017770597738
0 0.23569283746556471 0.5505380579179964 0.02 0.03231017770597738
0 0.2460234159779614 0.5416371825169006 0.02 0.03231017770597738
0 0.21709779614325067 0.6172946234262141 0.02 0.03231017770597738
0 0.21089944903581267 0.6384342025038163 0.02 0.03231017770597738
0 0.1620013774104683 0.6373215930786794 0.02 0.03231017770597738
0 0.26324104683195587 0.738569050766143 0.02 0.03231017770597738
0 0.3837644628099173 0.6873890172098428 0.02 0.03231017770597738
0 0.2563539944903581 0.5338489165409419 0.02 0.03231017770597738
0 0.2508443526170799 0.5149345563136136 0.02 0.03231017770597738
0 0.272194214876033 0.5104841186130658 0.02 0.03231017770597738
0 0.27976997245179064 0.5149345563136136 0.02 0.03231017770597738
0 0.28459090909090906 0.5104841186130658 0.02 0.03231017770597738
0 0.3142052341597796 0.5115967280382027 0.02 0.03231017770597738
0 0.2983650137741047 0.5193849940141614 0.02 0.03231017770597738
0 0.29216666666666663 0.5071462903376548 0.02 0.03231017770597738
0 0.3266019283746556 0.5293984788403941 0.02 0.03231017770597738
0 0.3183374655647383 0.5371867448163528 0.02 0.03231017770597738
0 0.27976997245179064 0.5527632767682703 0.02 0.03231017770597738
0 0.27494903581267216 0.561664152169366 0.02 0.03231017770597738
0 0.4326625344352617 0.6006054820491596 0.02 0.03231017770597738
0 0.4044256198347107 0.5983802631988857 0.02 0.03231017770597738
0 0.45538980716253447 0.5994928726240227 0.02 0.03231017770597738
0 0.462965564738292 0.5994928726240227 0.02 0.03231017770597738
0 0.46434297520661155 0.621745061126762 0.02 0.03231017770597738
0 0.4732961432506887 0.619519842276488 0.02 0.03231017770597738
0 0.4698526170798898 0.6295333271027207 0.02 0.03231017770597738
0 0.1929931129476584 0.5572137144688182 0.02 0.03231017770597738
0 0.04216666666666666 0.5861415595223791 0.02 0.03231017770597738
0 0.08762121212121213 0.49301948846669086 0.02 0.03231017770597738
0 0.07660192837465564 0.4841186130655953 0.02 0.03231017770597738
0 0.07040358126721762 0.48523122249073225 0.02 0.03231017770597738
0 0.08211157024793389 0.4640916434131299 0.02 0.03231017770597738
0 0.1213677685950413 0.4685420811136778 0.02 0.03231017770597738
0 0.10346143250688704 0.4841186130655953 0.02 0.03231017770597738
0 0.13445316804407714 0.4874564413410062 0.02 0.03231017770597738
0 0.15373691460055097 0.49969514501751283 0.02 0.03231017770597738
0 0.14960468319559225 0.4874564413410062 0.02 0.03231017770597738
0 0.1620013774104683 0.49969514501751283 0.02 0.03231017770597738
0 0.1675110192837465 0.4896816601912801 0.02 0.03231017770597738
0 0.18403994490358128 0.4729925188142256 0.02 0.03231017770597738
0 0.18059641873278234 0.4696546905388147 0.02 0.03231017770597738
0 0.19781404958677684 0.4796681753650474 0.02 0.03231017770597738
0 0.1991914600550964 0.4429520643355276 0.02 0.03231017770597738
0 0.22605096418732779 0.47187990938908864 0.02 0.03231017770597738
0 0.22260743801652894 0.4952447073169648 0.02 0.03231017770597738
0 0.21434297520661158 0.5074834109934714 0.02 0.03231017770597738
0 0.23293801652892562 0.4841186130655953 0.02 0.03231017770597738
0 0.26186363636363635 0.49301948846669086 0.02 0.03231017770597738
0 0.2673732782369146 0.4874564413410062 0.02 0.03231017770597738
0 0.28941184573002754 0.48523122249073225 0.02 0.03231017770597738
0 0.2983650137741047 0.4796681753650474 0.02 0.03231017770597738
0 0.306629476584022 0.5030329732929235 0.02 0.03231017770597738
0 0.2852796143250689 0.4774429565147735 0.02 0.03231017770597738
0 0.2949214876033058 0.45630337743717125 0.02 0.03231017770597738
0 0.2770151515151515 0.45296554916176035 0.02 0.03231017770597738
0 0.2728829201101928 0.4462898926109385 0.02 0.03231017770597738
0 0.2839022038567493 0.4429520643355276 0.02 0.03231017770597738
0 0.26875068870523416 0.4652042528382669 0.02 0.03231017770597738
0 0.3376212121212121 0.45630337743717125 0.02 0.03231017770597738
0 0.3376212121212121 0.4796681753650474 0.02 0.03231017770597738
0 0.3328002754820936 0.5030329732929235 0.02 0.03231017770597738
0 0.3520840220385675 0.4485151114612125 0.02 0.03231017770597738
0 0.4181997245179064 0.48523122249073225 0.02 0.03231017770597738
0 0.4044256198347107 0.4640916434131299 0.02 0.03231017770597738
0 0.4788057851239669 0.4696546905388147 0.02 0.03231017770597738
0 0.4705413223140496 0.4952447073169648 0.02 0.03231017770597738
0 0.49671212121212116 0.4952447073169648 0.02 0.03231017770597738
0 0.3741225895316804 0.47410512823936257 0.02 0.03231017770597738
0 0.36172589531680444 0.4696546905388147 0.02 0.03231017770597738
0 0.14960468319559225 0.4607538151377191 0.02 0.03231017770597738
0 0.13858539944903583 0.45964120571258216 0.02 0.03231017770597738
0 0.13376446280991736 0.4640916434131299 0.02 0.03231017770597738
0 0.12481129476584021 0.4518529397366234 0.02 0.03231017770597738
0 0.131698347107438 0.4429520643355276 0.02 0.03231017770597738
0 0.16062396694214873 0.4129116098568297 0.02 0.03231017770597738
0 0.16888842975206608 0.3839837648032687 0.02 0.03231017770597738
0 0.1626900826446281 0.3939972496295013 0.02 0.03231017770597738
0 0.1516707988980716 0.3795333271027208 0.02 0.03231017770597738
0 0.13307575757575757 0.38620898365354256 0.02 0.03231017770597738
0 0.13445316804407714 0.41513682870710356 0.02 0.03231017770597738
0 0.11792424242424243 0.40957378158141877 0.02 0.03231017770597738
0 0.10139531680440768 0.461866424562856 0.02 0.03231017770597738
0 0.08968732782369147 0.45964120571258216 0.02 0.03231017770597738
0 0.15511432506887052 0.4462898926109385 0.02 0.03231017770597738
0 0.16337878787878787 0.44406467376066455 0.02 0.03231017770597738
0 0.16062396694214873 0.46631686226340385 0.02 0.03231017770597738
0 0.09519696969696968 0.4073485627311449 0.02 0.03231017770597738
0 0.08417768595041321 0.4073485627311449 0.02 0.03231017770597738
0 0.08073415977961432 0.3472676537737489 0.02 0.03231017770597738
0 0.024260330578512394 0.5030329732929235 0.02 0.03231017770597738
0 0.04561019283746558 0.48523122249073225 0.02 0.03231017770597738
0 0.24740082644628097 0.5887038990284696 0.02 0.03231017770597738
0 0.24189118457300277 0.5909291178787436 0.02 0.03231017770597738
0 0.2150316804407713 0.5898165084536067 0.02 0.03231017770597738
0 0.21916391184573 0.5820282424776478 0.02 0.03231017770597738
0 0.17715289256198344 0.49301948846669086 0.02 0.03231017770597738
0 0.14478374655647383 0.34281721607320104 0.02 0.03231017770597738
0 0.12687741046831957 0.34281721607320104 0.02 0.03231017770597738
0 0.11310330578512395 0.33947938779779013 0.02 0.03231017770597738
0 0.10621625344352617 0.3405919972229271 0.02 0.03231017770597738
0 0.1007066115702479 0.3405919972229271 0.02 0.03231017770597738
0 0.08899862258953169 0.3528307008994337 0.02 0.03231017770597738
0 0.08968732782369147 0.34170460664806407 0.02 0.03231017770597738
0 0.13720798898071626 0.3038758861934074 0.02 0.03231017770597738
0 0.1048388429752066 0.2983128390677226 0.02 0.03231017770597738
0 0.12274517906336087 0.29386240136717473 0.02 0.03231017770597738
0 0.14960468319559225 0.30053805791799654 0.02 0.03231017770597738
0 0.3755 0.28051108826553117 0.02 0.03231017770597738
0 0.3803209366391185 0.2704976034392986 0.02 0.03231017770597738
0 0.39065151515151514 0.2693849940141616 0.02 0.03231017770597738
0 0.39753856749311295 0.27828586941525724 0.02 0.03231017770597738
0 0.41062396694214875 0.2693849940141616 0.02 0.03231017770597738
0 0.4732961432506887 0.2983128390677226 0.02 0.03231017770597738
0 0.31213911845730025 0.2549210714873811 0.02 0.03231017770597738
0 0.31764876033057854 0.2504706337868332 0.02 0.03231017770597738
0 0.306629476584022 0.2515832432119702 0.02 0.03231017770597738
0 0.3038746556473829 0.2471328055114223 0.02 0.03231017770597738
0 0.2983650137741047 0.258258899762792 0.02 0.03231017770597738
0 0.002910468319559243 0.48523122249073225 0.02 0.03231017770597738
0 0.2988815426997245 0.25547737619994954 0.02 0.03231017770597738
0 0.2947493112947658 0.25047063378683326 0.02 0.03231017770597738
0 0.2899283746556474 0.2549210714873811 0.02 0.03231017770597738
0 0.284763085399449 0.2471328055114224 0.02 0.03231017770597738
0 0.26754545454545453 0.24045714896060058 0.02 0.03231017770597738
0 0.25687052341597794 0.23823193011032665 0.02 0.03231017770597738
0 0.24688429752066113 0.23600671126005274 0.02 0.03231017770597738
0 0.10707713498622586 0.2193175698829983 0.02 0.03231017770597738
0 0.11052066115702476 0.21208560861960804 0.02 0.03231017770597738
0 0.10397796143250684 0.2137545227573135 0.02 0.03231017770597738
0 0.1298044077134986 0.2137545227573135 0.02 0.03231017770597738
0 0.5146184573002754 0.42737553238361015 0.02 0.03231017770597738
0 0.506353994490358 0.5475373502984019 0.02 0.03231017770597738
0 0.5118636363636363 0.606505649830661 0.02 0.03231017770597738
0 0.5056652892561984 0.6165191346568937 0.02 0.03231017770597738
0 0.5187506887052341 0.6198569629323045 0.02 0.03231017770597738
0 0.5228829201101928 0.6031678215552501 0.02 0.03231017770597738
0 0.5332134986225895 0.5920417273038805 0.02 0.03231017770597738
0 0.5290812672176307 0.5831408519027849 0.02 0.03231017770597738
0 0.5042878787878787 0.5887038990284696 0.02 0.03231017770597738
0 0.5428553719008264 0.5352986466218954 0.02 0.03231017770597738
0 0.5318360881542699 0.5375238654721695 0.02 0.03231017770597738
0 0.5545633608815426 0.5664517105257304 0.02 0.03231017770597738
0 0.5545633608815426 0.5953795555792915 0.02 0.03231017770597738
0 0.5559407713498622 0.6109560875312089 0.02 0.03231017770597738
0 0.5373457300275482 0.6120686969563458 0.02 0.03231017770597738
0 0.5676487603305784 0.606505649830661 0.02 0.03231017770597738
0 0.5648939393939393 0.5953795555792915 0.02 0.03231017770597738
0 0.5662713498622588 0.6198569629323045 0.02 0.03231017770597738
0 0.5807341597796142 0.6142939158066197 0.02 0.03231017770597738
0 0.5834889807162533 0.6276452289082634 0.02 0.03231017770597738
0 0.5979517906336087 0.6120686969563458 0.02 0.03231017770597738
0 0.5958856749311294 0.5964921650044284 0.02 0.03231017770597738
0 0.5931308539944903 0.5653391011005935 0.02 0.03231017770597738
0 0.581422865013774 0.5375238654721695 0.02 0.03231017770597738
0 0.5828002754820937 0.5052581921431974 0.02 0.03231017770597738
0 0.5648939393939393 0.5230599429453888 0.02 0.03231017770597738
0 0.5497424242424241 0.5186095052448411 0.02 0.03231017770597738
0 0.559384297520661 0.5030329732929235 0.02 0.03231017770597738
0 0.5125523415977961 0.47521773766449954 0.02 0.03231017770597738
0 0.5235716253443524 0.47187990938908864 0.02 0.03231017770597738
0 0.5297699724517905 0.48189339421532135 0.02 0.03231017770597738
0 0.5428553719008264 0.46297903398799284 0.02 0.03231017770597738
0 0.5538746556473828 0.47521773766449954 0.02 0.03231017770597738
0 0.5449214876033056 0.4952447073169648 0.02 0.03231017770597738
0 0.5800454545454545 0.48411861306559517 0.02 0.03231017770597738
0 0.5855550964187328 0.48189339421532135 0.02 0.03231017770597738
0 0.6007066115702477 0.48968166019128 0.02 0.03231017770597738
0 0.6124146005509642 0.48968166019128 0.02 0.03231017770597738
0 0.5986404958677686 0.5108212392688823 0.02 0.03231017770597738
0 0.615858126721763 0.4985825355923757 0.02 0.03231017770597738
0 0.6234338842975206 0.5041455827180605 0.02 0.03231017770597738
0 0.6365192837465563 0.4874564413410061 0.02 0.03231017770597738
0 0.6365192837465563 0.5419743031727172 0.02 0.03231017770597738
0 0.6199903581267218 0.5631138822503196 0.02 0.03231017770597738
0 0.6255 0.5631138822503196 0.02 0.03231017770597738
0 0.6316983471074379 0.575352585926826 0.02 0.03231017770597738
0 0.6124146005509642 0.5731273670765521 0.02 0.03231017770597738
0 0.6137920110192836 0.6042804309803871 0.02 0.03231017770597738
0 0.6220564738292009 0.6220821817825785 0.02 0.03231017770597738
0 0.6434063360881541 0.5831408519027849 0.02 0.03231017770597738
0 0.6454724517906336 0.5686769293760043 0.02 0.03231017770597738
0 0.6378966942148758 0.5653391011005935 0.02 0.03231017770597738
0 0.6537369146005508 0.6031678215552501 0.02 0.03231017770597738
0 0.6440950413223141 0.6387713231596329 0.02 0.03231017770597738
0 0.6316983471074379 0.6387713231596329 0.02 0.03231017770597738
0 0.6654449035812672 0.5731273670765521 0.02 0.03231017770597738
0 0.6661336088154269 0.5030329732929235 0.02 0.03231017770597738
0 0.669577134986226 0.48968166019128 0.02 0.03231017770597738
0 0.4884476584022038 0.42181248525792536 0.02 0.03231017770597738
0 0.678530303030303 0.40734856273114484 0.02 0.03231017770597738
0 0.7026349862258953 0.41513682870710356 0.02 0.03231017770597738
0 0.6936818181818181 0.5152716769694301 0.02 0.03231017770597738
0 0.6861060606060605 0.5152716769694301 0.02 0.03231017770597738
0 0.6743980716253443 0.47187990938908864 0.02 0.03231017770597738
0 0.6888608815426996 0.45630337743717114 0.02 0.03231017770597738
0 0.684728650137741 0.45296554916176035 0.02 0.03231017770597738
0 0.6909269972451791 0.4396142360601167 0.02 0.03231017770597738
0 0.7432685950413223 0.5686769293760043 0.02 0.03231017770597738
0 0.6923044077134984 0.6031678215552501 0.02 0.03231017770597738
0 0.6792190082644627 0.6120686969563458 0.02 0.03231017770597738
0 0.6716432506887051 0.5953795555792915 0.02 0.03231017770597738
0 0.6675110192837465 0.6109560875312089 0.02 0.03231017770597738
0 0.7012575757575757 0.6320956666088111 0.02 0.03231017770597738
0 0.7157203856749311 0.6276452289082634 0.02 0.03231017770597738
0 0.731560606060606 0.6187443535071676 0.02 0.03231017770597738
0 0.7425798898071625 0.6187443535071676 0.02 0.03231017770597738
0 0.7501556473829201 0.6220821817825785 0.02 0.03231017770597738
0 0.7515330578512396 0.5853660707530587 0.02 0.03231017770597738
0 0.703323691460055 0.4763303470896365 0.02 0.03231017770597738
0 0.6991914600550962 0.46631686226340374 0.02 0.03231017770597738
0 0.7088333333333332 0.4551907680120342 0.02 0.03231017770597738
0 0.7170977961432506 0.4551907680120342 0.02 0.03231017770597738
0 0.7081446280991736 0.44072684548525365 0.02 0.03231017770597738
0 0.712965564738292 0.4329385795092949 0.02 0.03231017770597738
0 0.7177865013774103 0.4329385795092949 0.02 0.03231017770597738
0 0.7260509641873277 0.4296007512338841 0.02 0.03231017770597738
0 0.7336267217630852 0.4284881418087471 0.02 0.03231017770597738
0 0.7405137741046831 0.4251503135333362 0.02 0.03231017770597738
0 0.7384476584022038 0.4429520643355276 0.02 0.03231017770597738
0 0.7260509641873277 0.4507403303114864 0.02 0.03231017770597738
0 0.7219187327823691 0.4451772831858015 0.02 0.03231017770597738
0 0.7267396694214876 0.46297903398799284 0.02 0.03231017770597738
0 0.7432685950413223 0.45630337743717114 0.02 0.03231017770597738
0 0.7329380165289255 0.4863438319158691 0.02 0.03231017770597738
0 0.7405137741046831 0.4863438319158691 0.02 0.03231017770597738
0 0.7177865013774103 0.4796681753650474 0.02 0.03231017770597738
0 0.7150316804407711 0.490794269616417 0.02 0.03231017770597738
0 0.7102107438016528 0.4874564413410061 0.02 0.03231017770597738
0 0.7047011019283745 0.4985825355923757 0.02 0.03231017770597738
0 0.7053898071625344 0.5063708015683345 0.02 0.03231017770597738
0 0.7095220385674932 0.5030329732929235 0.02 0.03231017770597738
0 0.7157203856749311 0.5141590675442932 0.02 0.03231017770597738
0 0.6923044077134984 0.5375238654721695 0.02 0.03231017770597738
0 0.7040123966942149 0.5608886634000456 0.02 0.03231017770597738
0 0.7157203856749311 0.5686769293760043 0.02 0.03231017770597738
0 0.7053898071625344 0.5497625691486758 0.02 0.03231017770597738
0 0.737758953168044 0.5297355994962106 0.02 0.03231017770597738
0 0.731560606060606 0.517496895819704 0.02 0.03231017770597738
0 0.6296322314049587 0.47410512823936257 0.02 0.03231017770597738
0 0.678530303030303 0.8086634445497717 0.02 0.03231017770597738
0 0.6854173553719008 0.7775103806459367 0.02 0.03231017770597738
0 0.6516707988980716 0.7708347240951149 0.02 0.03231017770597738
0 0.6296322314049587 0.7786229900710736 0.02 0.03231017770597738
0 0.6199903581267218 0.7875238654721693 0.02 0.03231017770597738
0 0.609659779614325 0.8220147576514151 0.02 0.03231017770597738
0 0.5965743801652893 0.793086912597854 0.02 0.03231017770597738
0 0.7529104683195592 0.8131138822503196 0.02 0.03231017770597738
0 0.703323691460055 0.8053256162743607 0.02 0.03231017770597738
0 0.6902382920110192 0.7986499597235389 0.02 0.03231017770597738
0 0.6923044077134987 0.7552581921431974 0.02 0.03231017770597738
0 0.6971253443526171 0.6662494381322405 0.02 0.03231017770597738
0 0.7074559228650137 0.652898125030597 0.02 0.03231017770597738
0 0.7329380165289255 0.6695872664076513 0.02 0.03231017770597738
0 0.7480895316804408 0.6617990004316926 0.02 0.03231017770597738
0 0.7570426997245179 0.650672906180323 0.02 0.03231017770597738
0 0.7680619834710745 0.6540107344557339 0.02 0.03231017770597738
0 0.7632410468319558 0.6006054820491596 0.02 0.03231017770597738
0 0.7715055096418733 0.6006054820491596 0.02 0.03231017770597738
0 0.7646184573002754 0.560551542744229 0.02 0.03231017770597738
0 0.7873457300275482 0.5449750107923116 0.02 0.03231017770597738
0 0.7873457300275482 0.5750154652710096 0.02 0.03231017770597738
0 0.8121391184573002 0.590591997222927 0.02 0.03231017770597738
0 0.7983650137741047 0.6328711553781315 0.02 0.03231017770597738
0 0.8162713498622589 0.6896142360601167 0.02 0.03231017770597738
0 0.8431308539944903 0.6662494381322405 0.02 0.03231017770597738
0 0.8486404958677686 0.646222468479775 0.02 0.03231017770597738
0 0.8513953168044077 0.6640242192819665 0.02 0.03231017770597738
0 0.8018085399449035 0.7752851617956628 0.02 0.03231017770597738
0 0.8100730027548209 0.7975373502984019 0.02 0.03231017770597738
0 0.7804586776859503 0.793086912597854 0.02 0.03231017770597738
0 0.753599173553719 0.7741725523705257 0.02 0.03231017770597738
0 0.8713677685950413 0.8108886634000456 0.02 0.03231017770597738
0 0.8183374655647383 0.7697221146699779 0.02 0.03231017770597738
0 0.8162713498622589 0.7585960204186083 0.02 0.03231017770597738
0 0.8748112947658402 0.7163168622634037 0.02 0.03231017770597738
0 0.8651694214876032 0.7163168622634037 0.02 0.03231017770597738
0 0.8768774104683196 0.6840511889344318 0.02 0.03231017770597738
0 0.8851418732782369 0.6740377041081992 0.02 0.03231017770597738
0 0.897538567493113 0.6684746569825144 0.02 0.03231017770597738
0 0.8782548209366391 0.6584611721562816 0.02 0.03231017770597738
0 0.8727451790633609 0.646222468479775 0.02 0.03231017770597738
0 0.8775661157024793 0.619519842276488 0.02 0.03231017770597738
0 0.8665468319559229 0.6295333271027207 0.02 0.03231017770597738
0 0.8569049586776859 0.590591997222927 0.02 0.03231017770597738
0 0.9175110192837465 0.591704606648064 0.02 0.03231017770597738
0 0.8851418732782369 0.6172946234262141 0.02 0.03231017770597738
0 0.8899628099173553 0.5983802631988857 0.02 0.03231017770597738
0 0.9030482093663911 0.5727902464207356 0.02 0.03231017770597738
0 0.9209545454545454 0.5661145898699138 0.02 0.03231017770597738
0 0.9347286501377411 0.621745061126762 0.02 0.03231017770597738
0 0.9347286501377411 0.6350963742284055 0.02 0.03231017770597738
0 0.9381721763085399 0.6818259700841579 0.02 0.03231017770597738
0 0.9257754820936639 0.708528596287445 0.02 0.03231017770597738
0 0.8885853994490358 0.7207672999639516 0.02 0.03231017770597738
0 0.9367947658402203 0.7797355994962106 0.02 0.03231017770597738
0 0.9154449035812672 0.7775103806459367 0.02 0.03231017770597738
0 0.9126900826446281 0.7975373502984019 0.02 0.03231017770597738
0 0.9030482093663911 0.8086634445497717 0.02 0.03231017770597738
0 0.9230206611570247 0.8131138822503196 0.02 0.03231017770597738
0 0.900293388429752 0.7585960204186083 0.02 0.03231017770597738
0 0.9533236914600551 0.7697221146699779 0.02 0.03231017770597738
0 0.9650316804407713 0.8186769293760042 0.02 0.03231017770597738
0 0.975362258953168 0.8086634445497717 0.02 0.03231017770597738
0 0.9705413223140495 0.707415986862308 0.02 0.03231017770597738
0 0.9567672176308539 0.6584611721562816 0.02 0.03231017770597738
0 0.9540123966942149 0.6150694045759402 0.02 0.03231017770597738
0 0.9650316804407713 0.6006054820491596 0.02 0.03231017770597738
0 0.9602107438016528 0.588366778372653 0.02 0.03231017770597738
0 0.9657203856749311 0.5828037312469683 0.02 0.03231017770597738
0 0.9932685950413224 0.6662494381322405 0.02 0.03231017770597738
0 0.9925798898071625 0.6896142360601167 0.02 0.03231017770597738
0 0.9932685950413224 0.7274429565147734 0.02 0.03231017770597738
0 0.9856928374655647 0.7185420811136777 0.02 0.03231017770597738
0 0.991202479338843 0.8031003974240868 0.02 0.03231017770597738
0 0.991202479338843 0.7697221146699779 0.02 0.03231017770597738
0 0.6530482093663911 0.6718124852579253 0.02 0.03231017770597738
0 0.6633787878787879 0.6584611721562816 0.02 0.03231017770597738
0 0.6702658402203856 0.6451098590546381 0.02 0.03231017770597738
0 0.6743980716253443 0.6384342025038163 0.02 0.03231017770597738
0 0.6055275482093664 0.646222468479775 0.02 0.03231017770597738
0 0.6020840220385675 0.6718124852579253 0.02 0.03231017770597738
0 0.5869325068870523 0.646222468479775 0.02 0.03231017770597738
0 0.5834889807162534 0.6551233438808709 0.02 0.03231017770597738
0 0.5731584022038567 0.6840511889344318 0.02 0.03231017770597738
0 0.5449214876033057 0.6718124852579253 0.02 0.03231017770597738
0 0.5132410468319559 0.6818259700841579 0.02 0.03231017770597738
0 0.509797520661157 0.6918394549103906 0.02 0.03231017770597738
0 0.49877823691460055 0.6862764077847058 0.02 0.03231017770597738
0 0.8355550964187328 0.5839163406721052 0.02 0.03231017770597738
0 0.8266019283746556 0.588366778372653 0.02 0.03231017770597738
0 0.8272906336088154 0.5572137144688182 0.02 0.03231017770597738
0 0.8252245179063361 0.5260606505649832 0.02 0.03231017770597738
0 0.784590909090909 0.5138219468884766 0.02 0.03231017770597738
0 0.7639297520661157 0.5227228222895723 0.02 0.03231017770597738
0 0.794232782369146 0.5093715091879287 0.02 0.03231017770597738
0 0.8830757575757575 0.5449750107923116 0.02 0.03231017770597738
0 0.872056473829201 0.5416371825169006 0.02 0.03231017770597738
0 0.8885853994490358 0.5561011050436812 0.02 0.03231017770597738
0 0.9147561983471074 0.5416371825169006 0.02 0.03231017770597738
0 0.8968498622589531 0.5293984788403941 0.02 0.03231017770597738
0 0.9553898071625343 0.5371867448163528 0.02 0.03231017770597738
0 0.9670977961432506 0.5271732599901202 0.02 0.03231017770597738
0 0.9732961432506887 0.5338489165409419 0.02 0.03231017770597738
0 0.991202479338843 0.5527632767682703 0.02 0.03231017770597738
0 0.5201280991735536 0.6551233438808709 0.02 0.03231017770597738
0 0.509797520661157 0.6540107344557339 0.02 0.03231017770597738
0 0.49877823691460055 0.6373215930786794 0.02 0.03231017770597738
0 0.572469696969697 0.7875238654721693 0.02 0.03231017770597738
0 0.5766019283746556 0.7552581921431974 0.02 0.03231017770597738
0 0.5704035812672177 0.7463573167421017 0.02 0.03231017770597738
0 0.5951969696969698 0.7819608183464846 0.02 0.03231017770597738
0 0.6041501377410469 0.7574834109934714 0.02 0.03231017770597738
0 0.5476763085399449 0.7741725523705257 0.02 0.03231017770597738
0 0.544232782369146 0.8008751785738129 0.02 0.03231017770597738
0 0.5194393939393939 0.8008751785738129 0.02 0.03231017770597738
0 0.503599173553719 0.8053256162743607 0.02 0.03231017770597738
0 0.5063539944903581 0.7697221146699779 0.02 0.03231017770597738
0 0.7556652892561984 0.7986499597235389 0.02 0.03231017770597738
0 0.7832134986225895 0.7619338486940191 0.02 0.03231017770597738
0 0.9395495867768594 0.5338489165409419 0.02 0.03231017770597738
0 0.9429931129476583 0.560551542744229 0.02 0.03231017770597738
0 0.9677865013774104 0.5650019804447768 0.02 0.03231017770597738
0 0.8624146005509642 0.5697895388011414 0.02 0.03231017770597738
0 0.8527727272727272 0.5764651953519632 0.02 0.03231017770597738
0 0.8334889807162534 0.6053930404055242 0.02 0.03231017770597738
0 0.9319738292011019 0.4830060036404583 0.02 0.03231017770597738
0 0.9333512396694215 0.49635731674210193 0.02 0.03231017770597738
0 0.9181997245179063 0.47744295651477353 0.02 0.03231017770597738
0 0.7549765840220385 0.46965469053881487 0.02 0.03231017770597738
0 0.7570426997245179 0.4752177376644996 0.02 0.03231017770597738
0 0.7942062937062937 0.4927382794911064 0.02 0.03231017770597738
0 0.8021983016983016 0.4782132245783293 0.02 0.03231017770597738
0 0.7952052947052947 0.4653020646558609 0.02 0.03231017770597738
0 0.8191813186813186 0.4959660694717235 0.02 0.03231017770597738
0 0.8091913086913088 0.5250161792972775 0.02 0.03231017770597738
0 0.6193811188811189 0.4636881696655523 0.02 0.03231017770597738
0 0.8928576423576423 0.5080702818990376 0.02 0.03231017770597738
0 0.8299205794205795 0.48870354201533495 0.02 0.03231017770597738
0 0.8369135864135865 0.4765993295880207 0.02 0.03231017770597738
