0 0.14168809183422498 0.85586663883813 0.02403846153846154 0.035523978685612786
0 0.06335076169833372 0.9090248227705576 0.02403846153846154 0.035523978685612786
0 0.09852262420832572 0.8168839706210161 0.02403846153846154 0.035523978685612786
0 0.12889832364877332 0.7838077672852833 0.02403846153846154 0.035523978685612786
0 0.09852262420832572 0.6963920870408467 0.02403846153846154 0.035523978685612786
0 0.07374244834901317 0.691666915135742 0.02403846153846154 0.035523978685612786
0 0.052959075047654264 0.6467777820372473 0.02403846153846154 0.035523978685612786
0 0.28077682085101147 0.8310594863363303 0.02403846153846154 0.035523978685612786
0 0.29996147312918897 0.7637257866885885 0.02403846153846154 0.035523978685612786
0 0.21602861941216267 0.6963920870408467 0.02403846153846154 0.035523978685612786
0 0.14248745234581572 0.6491403679897999 0.02403846153846154 0.035523978685612786
0 0.33833077768554387 0.6408713171558665 0.02403846153846154 0.035523978685612786
0 0.3303371725696367 0.6007073559624766 0.02403846153846154 0.035523978685612786
0 0.3974834555432578 0.6562281258474567 0.02403846153846154 0.035523978685612786
0 0.3822956058230339 0.7932581110954928 0.02403846153846154 0.035523978685612786
0 0.33992949870872535 0.8724047405059964 0.02403846153846154 0.035523978685612786
0 0.291168507501691 0.9054809438417292 0.02403846153846154 0.035523978685612786
0 0.18885036201807795 0.9137499946756623 0.02403846153846154 0.035523978685612786
0 0.20483757224989244 0.9657268856318139 0.02403846153846154 0.035523978685612786
0 0.5205849743282297 0.9562765418216044 0.02403846153846154 0.035523978685612786
0 0.5037984035848245 0.8960306000315198 0.02403846153846154 0.035523978685612786
0 0.45263933084301783 0.8346033652651589 0.02403846153846154 0.035523978685612786
0 0.5173875322818668 0.7601819077597598 0.02403846153846154 0.035523978685612786
0 0.5085945666543689 0.7460063920444459 0.02403846153846154 0.035523978685612786
0 0.45983357544733444 0.6479590750135236 0.02403846153846154 0.035523978685612786
0 0.5189862533050482 0.6574094188237329 0.02403846153846154 0.035523978685612786
0 0.5653491629773105 0.6692223485864945 0.02403846153846154 0.035523978685612786
0 0.5781389311627622 0.8204278495498448 0.02403846153846154 0.035523978685612786
0 0.5349734635368628 0.8511414669330252 0.02403846153846154 0.035523978685612786
0 0.6021197465104839 0.7767200094276263 0.02403846153846154 0.035523978685612786
0 0.6388903300436575 0.6715849345390469 0.02403846153846154 0.035523978685612786
0 0.7611924883170386 0.6574094188237329 0.02403846153846154 0.035523978685612786
0 0.8083547585008917 0.7790825953801788 0.02403846153846154 0.035523978685612786
0 0.8643099943122424 0.8546853458618537 0.02403846153846154 0.035523978685612786
0 0.7388103939924983 0.8676795686008916 0.02403846153846154 0.035523978685612786
0 0.6876513212506917 0.8452350020516444 0.02403846153846154 0.035523978685612786
0 0.6708647505072864 0.9279255103909765 0.02403846153846154 0.035523978685612786
0 0.029977460339420798 0.5431193233690129 0.02403846153846154 0.035523978685612786
0 0.06474964259361743 0.5543416066436366 0.02403846153846154 0.035523978685612786
0 0.06395028208202672 0.49173307890099954 0.02403846153846154 0.035523978685612786
0 0.09552502228986046 0.5431193233690129 0.02403846153846154 0.035523978685612786
0 0.13189592556723853 0.5513883742029463 0.02403846153846154 0.035523978685612786
0 0.13948985042735043 0.5283531611655609 0.02403846153846154 0.035523978685612786
0 0.12430200070712663 0.5070898875925899 0.02403846153846154 0.035523978685612786
0 0.13988953068314583 0.5041366551518993 0.02403846153846154 0.035523978685612786
0 0.14628441477587165 0.5236279892604562 0.02403846153846154 0.035523978685612786
0 0.15507738040336963 0.5041366551518993 0.02403846153846154 0.035523978685612786
0 0.13629240838098752 0.48346402806706634 0.02403846153846154 0.035523978685612786
0 0.10951383124269819 0.4663352799110618 0.02403846153846154 0.035523978685612786
0 0.09072885922031608 0.4746043307449949 0.02403846153846154 0.035523978685612786
0 0.06714772412838964 0.46042881502968097 0.02403846153846154 0.035523978685612786
0 0.06235156105884527 0.44802523877878114 0.02403846153846154 0.035523978685612786
0 0.04836275210600753 0.4492065317550573 0.02403846153846154 0.035523978685612786
0 0.02757937880464863 0.46042881502968097 0.02403846153846154 0.035523978685612786
0 0.0399694667343049 0.4273526116939481 0.02403846153846154 0.035523978685612786
0 0.038370745711123436 0.5029553621756231 0.02403846153846154 0.035523978685612786
0 0.17226363140257026 0.495276957829828 0.02403846153846154 0.035523978685612786
0 0.1742620326815471 0.5620200109894318 0.02403846153846154 0.035523978685612786
0 0.1970438072618828 0.5443006163452891 0.02403846153846154 0.035523978685612786
0 0.19304700470392921 0.5047273016400375 0.02403846153846154 0.035523978685612786
0 0.22422206465596753 0.4692885123517522 0.02403846153846154 0.035523978685612786
0 0.20343869135460863 0.4958676043179661 0.02403846153846154 0.035523978685612786
0 0.2214243028654 0.5236279892604562 0.02403846153846154 0.035523978685612786
0 0.173062991914161 0.46042881502968097 0.02403846153846154 0.035523978685612786
0 0.6684666689725144 0.6054325278675814 0.02403846153846154 0.035523978685612786
0 0.6316960854393409 0.5971634770336484 0.02403846153846154 0.035523978685612786
0 0.6356928879972945 0.6255145084642761 0.02403846153846154 0.035523978685612786
0 0.6524794587406997 0.6255145084642761 0.02403846153846154 0.035523978685612786
0 0.660473063856607 0.5995260629862004 0.02403846153846154 0.035523978685612786
0 0.6213043987886613 0.5617246877453629 0.02403846153846154 0.035523978685612786
0 0.5773395706511713 0.5699937385792962 0.02403846153846154 0.035523978685612786
0 0.5669478840004919 0.5723563245318484 0.02403846153846154 0.035523978685612786
0 0.5557568368382216 0.5888944261997148 0.02403846153846154 0.035523978685612786
0 0.5437664291643608 0.5995260629862004 0.02403846153846154 0.035523978685612786
0 0.5165881717702762 0.5617246877453629 0.02403846153846154 0.035523978685612786
0 0.5453651501875423 0.5534556369114296 0.02403846153846154 0.035523978685612786
0 0.5333747425136812 0.575900203460677 0.02403846153846154 0.035523978685612786
0 0.47981758823710263 0.5818066683420579 0.02403846153846154 0.035523978685612786
0 0.5045977640964152 0.5971634770336484 0.02403846153846154 0.035523978685612786
0 0.6173075962307077 0.5924383051285436 0.02403846153846154 0.035523978685612786
0 0.6077152700916191 0.6396900241795904 0.02403846153846154 0.035523978685612786
0 0.5789382916743527 0.6137015787015146 0.02403846153846154 0.035523978685612786
0 0.639689690555248 0.5581808088165344 0.02403846153846154 0.035523978685612786
0 0.6588743428334255 0.5676311526267438 0.02403846153846154 0.035523978685612786
0 0.6748615530652402 0.5617246877453629 0.02403846153846154 0.035523978685612786
0 0.6844538792043289 0.5865318402471627 0.02403846153846154 0.035523978685612786
0 0.6948455658550082 0.5652685666741915 0.02403846153846154 0.035523978685612786
0 0.7116321365984136 0.6231519225117241 0.02403846153846154 0.035523978685612786
0 0.7172276601795488 0.5806253753657816 0.02403846153846154 0.035523978685612786
0 0.7252212652954559 0.5747189104844008 0.02403846153846154 0.035523978685612786
0 0.7476033596199964 0.6361461452507617 0.02403846153846154 0.035523978685612786
0 0.7587944067822665 0.6113389927489622 0.02403846153846154 0.035523978685612786
0 0.8523195866383815 0.6550468328711806 0.02403846153846154 0.035523978685612786
0 0.8475234235688371 0.6255145084642761 0.02403846153846154 0.035523978685612786
0 0.8914882517063272 0.6385087312033142 0.02403846153846154 0.035523978685612786
0 0.8778991230092849 0.6385087312033142 0.02403846153846154 0.035523978685612786
0 0.8874914491483736 0.6715849345390469 0.02403846153846154 0.035523978685612786
0 0.9098735434729139 0.6326022663219334 0.02403846153846154 0.035523978685612786
0 0.9258607537047284 0.6715849345390469 0.02403846153846154 0.035523978685612786
0 0.9354530798438172 0.6196080435828953 0.02403846153846154 0.035523978685612786
0 0.9546377321219945 0.7022985519222275 0.02403846153846154 0.035523978685612786
0 0.9386505218901801 0.6739475204915993 0.02403846153846154 0.035523978685612786
0 0.563750441954129 0.5463678790537726 0.02403846153846154 0.035523978685612786
0 0.5773395706511713 0.5321923633384585 0.02403846153846154 0.035523978685612786
0 0.5829350942323065 0.5203794335756968 0.02403846153846154 0.035523978685612786
0 0.5957248624177581 0.5203794335756968 0.02403846153846154 0.035523978685612786
0 0.5981229439525302 0.5440052931012203 0.02403846153846154 0.035523978685612786
0 0.581336373209125 0.5499117579826013 0.02403846153846154 0.035523978685612786
0 0.642887132601611 0.5274671914333539 0.02403846153846154 0.035523978685612786
0 0.6284986433929779 0.5321923633384585 0.02403846153846154 0.035523978685612786
0 0.6141101541843449 0.5286484844096301 0.02403846153846154 0.035523978685612786
0 0.6005210254873025 0.4991161600027258 0.02403846153846154 0.035523978685612786
0 0.6205050382770707 0.5038413319078304 0.02403846153846154 0.035523978685612786
0 0.5733427680932177 0.48612193726368785 0.02403846153846154 0.035523978685612786
0 0.5517600342802681 0.4967535740501734 0.02403846153846154 0.035523978685612786
0 0.5325753820020906 0.5239233125045254 0.02403846153846154 0.035523978685612786
0 0.5133907297239132 0.5168355546468684 0.02403846153846154 0.035523978685612786
0 0.49900224051528014 0.5321923633384585 0.02403846153846154 0.035523978685612786
0 0.49340671693414506 0.5203794335756968 0.02403846153846154 0.035523978685612786
0 0.48461375130664697 0.5239233125045254 0.02403846153846154 0.035523978685612786
0 0.4870118328414192 0.5451865860774965 0.02403846153846154 0.035523978685612786
0 0.49660415898050786 0.548730465006325 0.02403846153846154 0.035523978685612786
0 0.46782718056324174 0.5239233125045254 0.02403846153846154 0.035523978685612786
0 0.4614322964705159 0.5369175352435632 0.02403846153846154 0.035523978685612786
0 0.818746445151571 0.5924383051285436 0.02403846153846154 0.035523978685612786
0 0.7851733036647605 0.5924383051285436 0.02403846153846154 0.035523978685612786
0 0.813150921570436 0.6137015787015146 0.02403846153846154 0.035523978685612786
0 0.8379310974297485 0.5676311526267438 0.02403846153846154 0.035523978685612786
0 0.827539410779069 0.5747189104844008 0.02403846153846154 0.035523978685612786
0 0.8555170286847444 0.5782627894132294 0.02403846153846154 0.035523978685612786
0 0.8763004019861034 0.5723563245318484 0.02403846153846154 0.035523978685612786
0 0.874701680962922 0.5983447700099241 0.02403846153846154 0.035523978685612786
0 0.8994818568222345 0.5995260629862004 0.02403846153846154 0.035523978685612786
0 0.9154690670540491 0.5924383051285436 0.02403846153846154 0.035523978685612786
0 0.9394498824017709 0.5581808088165344 0.02403846153846154 0.035523978685612786
0 0.9522396505872225 0.5569995158402583 0.02403846153846154 0.035523978685612786
0 0.9634306977494926 0.5451865860774965 0.02403846153846154 0.035523978685612786
0 0.9578351741683575 0.5251046054808016 0.02403846153846154 0.035523978685612786
0 0.9658287792842649 0.5203794335756968 0.02403846153846154 0.035523978685612786
0 0.9410486034249523 0.5203794335756968 0.02403846153846154 0.035523978685612786
0 0.9274594747279099 0.5286484844096301 0.02403846153846154 0.035523978685612786
0 0.9554370926335853 0.507385210836659 0.02403846153846154 0.035523978685612786
0 0.9402492429133615 0.5380988282198395 0.02403846153846154 0.035523978685612786
0 0.9354530798438172 0.5286484844096301 0.02403846153846154 0.035523978685612786
0 0.9098735434729139 0.541642707148668 0.02403846153846154 0.035523978685612786
0 0.9050773804033696 0.5652685666741915 0.02403846153846154 0.035523978685612786
0 0.9210645906351841 0.5676311526267438 0.02403846153846154 0.035523978685612786
0 0.9170677880772306 0.5569995158402583 0.02403846153846154 0.035523978685612786
0 0.892287612217918 0.562905980721639 0.02403846153846154 0.035523978685612786
0 0.9002812173338252 0.5321923633384585 0.02403846153846154 0.035523978685612786
0 0.8874914491483736 0.5215607265519729 0.02403846153846154 0.035523978685612786
0 0.889090170171555 0.5132916757180398 0.02403846153846154 0.035523978685612786
0 0.9018799383570066 0.5156542616705923 0.02403846153846154 0.035523978685612786
0 0.8970837752874623 0.4955722810738972 0.02403846153846154 0.035523978685612786
0 0.9690262213306278 0.5699937385792962 0.02403846153846154 0.035523978685612786
0 0.9746217449117628 0.5605433947690869 0.02403846153846154 0.035523978685612786
0 0.9738223844001721 0.5463678790537726 0.02403846153846154 0.035523978685612786
0 0.9698255818422185 0.5369175352435632 0.02403846153846154 0.035523978685612786
0 0.9770198264465351 0.5239233125045254 0.02403846153846154 0.035523978685612786
0 0.9706249423538093 0.5121103827417636 0.02403846153846154 0.035523978685612786
0 0.9770198264465351 0.5026600389315542 0.02403846153846154 0.035523978685612786
0 0.9698255818422185 0.4920284021450687 0.02403846153846154 0.035523978685612786
0 0.9754211054233536 0.6148828716777908 0.02403846153846154 0.035523978685612786
0 0.9498415690524502 0.5971634770336484 0.02403846153846154 0.035523978685612786
0 0.9786185474697165 0.6396900241795904 0.02403846153846154 0.035523978685612786
0 0.912271625007686 0.6550468328711806 0.02403846153846154 0.035523978685612786
0 0.8707048784049682 0.5050226248841065 0.02403846153846154 0.035523978685612786
0 0.8755010414745127 0.48021547238230705 0.02403846153846154 0.035523978685612786
0 0.8691061573817869 0.46958383559582145 0.02403846153846154 0.035523978685612786
0 0.8491221445920186 0.47785288642975465 0.02403846153846154 0.035523978685612786
0 0.8707048784049682 0.5274671914333539 0.02403846153846154 0.035523978685612786
0 0.862711273289061 0.5085665038129352 0.02403846153846154 0.035523978685612786
0 0.857115749707926 0.5203794335756968 0.02403846153846154 0.035523978685612786
0 0.8603131917542888 0.5357362422672871 0.02403846153846154 0.035523978685612786
0 0.8699055178933774 0.5451865860774965 0.02403846153846154 0.035523978685612786
0 0.8778991230092849 0.5522743439351536 0.02403846153846154 0.035523978685612786
0 0.8523195866383815 0.5546369298877059 0.02403846153846154 0.035523978685612786
0 0.8451253420340651 0.5274671914333539 0.02403846153846154 0.035523978685612786
0 0.8315362133370227 0.5321923633384585 0.02403846153846154 0.035523978685612786
0 0.8227432477095247 0.4991161600027258 0.02403846153846154 0.035523978685612786
0 0.8115522005472544 0.5239233125045254 0.02403846153846154 0.035523978685612786
0 0.8075553979893009 0.5782627894132294 0.02403846153846154 0.035523978685612786
0 0.7979630718502121 0.5664498596504678 0.02403846153846154 0.035523978685612786
0 0.7851733036647605 0.548730465006325 0.02403846153846154 0.035523978685612786
0 0.7683867329213552 0.5652685666741915 0.02403846153846154 0.035523978685612786
0 0.7563963252474942 0.5569995158402583 0.02403846153846154 0.035523978685612786
0 0.7595937672938573 0.5995260629862004 0.02403846153846154 0.035523978685612786
0 0.7436065570620426 0.5499117579826013 0.02403846153846154 0.035523978685612786
0 0.7292180678534096 0.5522743439351536 0.02403846153846154 0.035523978685612786
0 0.7076353340404599 0.5451865860774965 0.02403846153846154 0.035523978685612786
0 0.6860526002275104 0.5451865860774965 0.02403846153846154 0.035523978685612786
0 0.6980430079013712 0.5321923633384585 0.02403846153846154 0.035523978685612786
0 0.7611924883170386 0.5274671914333539 0.02403846153846154 0.035523978685612786
0 0.7444059175736334 0.46603995666699294 0.02403846153846154 0.035523978685612786
0 0.7020398104593248 0.507385210836659 0.02403846153846154 0.035523978685612786
0 0.7196257417143208 0.507385210836659 0.02403846153846154 0.035523978685612786
0 0.7931669087806678 0.507385210836659 0.02403846153846154 0.035523978685612786
0 0.7819758616183976 0.5168355546468684 0.02403846153846154 0.035523978685612786
0 0.7643899303634016 0.5109290897654875 0.02403846153846154 0.035523978685612786
0 0.8483227840804279 0.46131478476188825 0.02403846153846154 0.035523978685612786
0 0.8227432477095247 0.46131478476188825 0.02403846153846154 0.035523978685612786
0 0.8315362133370227 0.46958383559582145 0.02403846153846154 0.035523978685612786
0 0.8259406897558876 0.4707651285720976 0.02403846153846154 0.035523978685612786
0 0.8379310974297485 0.47549030047720225 0.02403846153846154 0.035523978685612786
0 0.892287612217918 0.45304573392795505 0.02403846153846154 0.035523978685612786
0 0.8970837752874623 0.4365076322600887 0.02403846153846154 0.035523978685612786
0 0.941847963936543 0.47430900750092614 0.02403846153846154 0.035523978685612786
0 0.8291381318022505 0.4459579760702981 0.02403846153846154 0.035523978685612786
0 0.8243419687327062 0.43887021821264094 0.02403846153846154 0.035523978685612786
0 0.8619119127774704 0.43887021821264094 0.02403846153846154 0.035523978685612786
0 0.8691061573817869 0.44477668309402185 0.02403846153846154 0.035523978685612786
0 0.7859726641763511 0.4412328041651933 0.02403846153846154 0.035523978685612786
0 0.7995617928733936 0.4471392690465742 0.02403846153846154 0.035523978685612786
0 0.7859726641763511 0.46131478476188825 0.02403846153846154 0.035523978685612786
0 0.522983055863002 0.4920284021450687 0.02403846153846154 0.035523978685612786
0 0.6364922485088852 0.45304573392795505 0.02403846153846154 0.035523978685612786
0 0.660473063856607 0.4495018549991264 0.02403846153846154 0.035523978685612786
0 0.6476832956711553 0.43887021821264094 0.02403846153846154 0.035523978685612786
0 0.6388903300436575 0.44241409714146945 0.02403846153846154 0.035523978685612786
0 0.6316960854393409 0.43768892523636477 0.02403846153846154 0.035523978685612786
0 0.6292980039045687 0.45304573392795505 0.02403846153846154 0.035523978685612786
0 0.6077152700916191 0.45895219880933585 0.02403846153846154 0.035523978685612786
0 0.6013203859988933 0.46367737071444065 0.02403846153846154 0.035523978685612786
0 0.5925274203713952 0.4624960777381645 0.02403846153846154 0.035523978685612786
0 0.5877312573018508 0.46131478476188825 0.02403846153846154 0.035523978685612786
0 0.5885306178134415 0.48257805833485934 0.02403846153846154 0.035523978685612786
0 0.5757408496279899 0.46367737071444065 0.02403846153846154 0.035523978685612786
0 0.5701453260468549 0.44477668309402185 0.02403846153846154 0.035523978685612786
0 0.5781389311627622 0.43887021821264094 0.02403846153846154 0.035523978685612786
0 0.560552999907766 0.47785288642975465 0.02403846153846154 0.035523978685612786
0 0.5437664291643608 0.46722124964326905 0.02403846153846154 0.035523978685612786
0 0.5261804979093648 0.4624960777381645 0.02403846153846154 0.035523978685612786
0 0.5093939271659595 0.47430900750092614 0.02403846153846154 0.035523978685612786
0 0.5101932876775503 0.487303230239964 0.02403846153846154 0.035523978685612786
0 0.48621247232982845 0.47194642154837385 0.02403846153846154 0.035523978685612786
0 0.47022526209801385 0.5038413319078304 0.02403846153846154 0.035523978685612786
0 0.4614322964705159 0.507385210836659 0.02403846153846154 0.035523978685612786
0 0.5717440470700363 0.5038413319078304 0.02403846153846154 0.035523978685612786
0 0.5765402101395807 0.4967535740501734 0.02403846153846154 0.035523978685612786
0 0.6556769007870626 0.4991161600027258 0.02403846153846154 0.035523978685612786
0 0.6748615530652402 0.4920284021450687 0.02403846153846154 0.035523978685612786
0 0.654877540275472 0.46958383559582145 0.02403846153846154 0.035523978685612786
0 0.6732628320420587 0.5369175352435632 0.02403846153846154 0.035523978685612786
0 0.7404091150156797 0.4920284021450687 0.02403846153846154 0.035523978685612786
0 0.6708647505072864 0.45304573392795505 0.02403846153846154 0.035523978685612786
0 0.681256437157966 0.45540831988050734 0.02403846153846154 0.035523978685612786
0 0.6916481238086454 0.45658961285678357 0.02403846153846154 0.035523978685612786
0 0.6796577161347845 0.47785288642975465 0.02403846153846154 0.035523978685612786
0 0.07853861141855754 0.5191981405994207 0.02403846153846154 0.035523978685612786
0 0.2240222245280699 0.4495018549991264 0.02403846153846154 0.035523978685612786
0 0.2887704259669188 0.494390988097621 0.02403846153846154 0.035523978685612786
0 0.23841071373670297 0.5451865860774965 0.02403846153846154 0.035523978685612786
0 0.20963373531943683 0.5239233125045254 0.02403846153846154 0.035523978685612786
0 0.20164013020352953 0.5156542616705923 0.02403846153846154 0.035523978685612786
0 0.21842670094693484 0.500297452979002 0.02403846153846154 0.035523978685612786
0 0.2360126322019308 0.5038413319078304 0.02403846153846154 0.035523978685612786
0 0.276780018293058 0.5451865860774965 0.02403846153846154 0.035523978685612786
0 0.308754438756687 0.548730465006325 0.02403846153846154 0.035523978685612786
0 0.29356658903646315 0.5605433947690869 0.02403846153846154 0.035523978685612786
0 0.35511734842894926 0.5806253753657816 0.02403846153846154 0.035523978685612786
0 0.3679071166144008 0.5806253753657816 0.02403846153846154 0.035523978685612786
0 0.3798975242882617 0.5404614141723918 0.02403846153846154 0.035523978685612786
0 0.38948985042735046 0.5782627894132294 0.02403846153846154 0.035523978685612786
0 0.40627642117075574 0.5735376175081246 0.02403846153846154 0.035523978685612786
0 0.44704380726188275 0.5723563245318484 0.02403846153846154 0.035523978685612786
0 0.45583677288938085 0.5605433947690869 0.02403846153846154 0.035523978685612786
0 0.44304700470392916 0.5546369298877059 0.02403846153846154 0.035523978685612786
0 0.4646297385168788 0.5581808088165344 0.02403846153846154 0.035523978685612786
0 0.4414482836807477 0.5369175352435632 0.02403846153846154 0.035523978685612786
0 0.4550374123777901 0.5298297773859063 0.02403846153846154 0.035523978685612786
0 0.44304700470392916 0.507385210836659 0.02403846153846154 0.035523978685612786
0 0.4374514811227941 0.5168355546468684 0.02403846153846154 0.035523978685612786
0 0.42066491037938886 0.5239233125045254 0.02403846153846154 0.035523978685612786
0 0.3974834555432578 0.5522743439351536 0.02403846153846154 0.035523978685612786
0 0.4238623524257517 0.5463678790537726 0.02403846153846154 0.035523978685612786
0 0.3679071166144008 0.5286484844096301 0.02403846153846154 0.035523978685612786
0 0.09152821973190682 0.4503878247313336 0.02403846153846154 0.035523978685612786
0 0.1366920886367829 0.4308964906227767 0.02403846153846154 0.035523978685612786
0 0.15347865938018818 0.4421187738974004 0.02403846153846154 0.035523978685612786
0 0.17186395114677494 0.4308964906227767 0.02403846153846154 0.035523978685612786
0 0.1606729039845047 0.4320777835990529 0.02403846153846154 0.035523978685612786
0 0.16466970654245838 0.42499002574139594 0.02403846153846154 0.035523978685612786
0 0.19584476649449675 0.4350310160397433 0.02403846153846154 0.035523978685612786
0 0.1814562772858636 0.4368029555041576 0.02403846153846154 0.035523978685612786
0 0.17466171293734248 0.419083560860015 0.02403846153846154 0.035523978685612786
0 0.09432598152247437 0.4368029555041576 0.02403846153846154 0.035523978685612786
0 0.06994548591895718 0.4356216625278814 0.02403846153846154 0.035523978685612786
0 0.3229430878374223 0.48877984646030914 0.02403846153846154 0.035523978685612786
0 0.3169478840004919 0.48346402806706645 0.02403846153846154 0.035523978685612786
0 0.3065561973498125 0.45865687556526674 0.02403846153846154 0.035523978685612786
0 0.3325354139765111 0.47814820967382365 0.02403846153846154 0.035523978685612786
0 0.335732856022874 0.5118150594976945 0.02403846153846154 0.035523978685612786
0 0.3501213452315071 0.49173307890099965 0.02403846153846154 0.035523978685612786
0 0.344525821650372 0.48051079562637594 0.02403846153846154 0.035523978685612786
0 0.3373315770460555 0.4852359675314806 0.02403846153846154 0.035523978685612786
0 0.3697056777654799 0.48937049294844726 0.02403846153846154 0.035523978685612786
0 0.37689992236979647 0.47519497723313314 0.02403846153846154 0.035523978685612786
0 0.36371047392854944 0.47106045181616657 0.02403846153846154 0.035523978685612786
0 0.3733028000676382 0.45629428961271445 0.02403846153846154 0.035523978685612786
0 0.3852932077414991 0.47106045181616657 0.02403846153846154 0.035523978685612786
0 0.39648425490376926 0.44625329931436697 0.02403846153846154 0.035523978685612786
0 0.40847466257763015 0.5383941514639083 0.02403846153846154 0.035523978685612786
0 0.39888233643854143 0.5265812217011467 0.02403846153846154 0.035523978685612786
0 0.3852932077414991 0.5289438076536989 0.02403846153846154 0.035523978685612786
0 0.38089672492775006 0.514768291938385 0.02403846153846154 0.035523978685612786
0 0.3765002421140011 0.501183422711209 0.02403846153846154 0.035523978685612786
0 0.40447786001967656 0.5023647156874851 0.02403846153846154 0.035523978685612786
0 0.39728361541536 0.5135869989621088 0.02403846153846154 0.035523978685612786
0 0.41047306385660703 0.4958676043179662 0.02403846153846154 0.035523978685612786
0 0.42406219255364935 0.48582661401961874 0.02403846153846154 0.035523978685612786
0 0.41486954667035597 0.48877984646030914 0.02403846153846154 0.035523978685612786
0 0.39728361541536 0.48051079562637594 0.02403846153846154 0.035523978685612786
0 0.4220637912746726 0.5023647156874851 0.02403846153846154 0.035523978685612786
0 0.4468439671339851 0.48877984646030914 0.02403846153846154 0.035523978685612786
0 0.4416481238086453 0.4686978658636142 0.02403846153846154 0.035523978685612786
0 0.44484556585500823 0.45452235014830017 0.02403846153846154 0.035523978685612786
0 0.4836145506671585 0.4474345922906432 0.02403846153846154 0.035523978685612786
0 0.4620318168542089 0.4686978658636142 0.02403846153846154 0.035523978685612786
0 0.4648295786447765 0.4480252387787812 0.02403846153846154 0.035523978685612786
0 0.4352532397159195 0.4320777835990529 0.02403846153846154 0.035523978685612786
0 0.41526922692615137 0.4320777835990529 0.02403846153846154 0.035523978685612786
0 0.3385306178134415 0.4350310160397433 0.02403846153846154 0.035523978685612786
0 0.31534916297731047 0.4314871371109148 0.02403846153846154 0.035523978685612786
0 0.29816291197810985 0.4391655414567099 0.02403846153846154 0.035523978685612786
0 0.2541980838406198 0.4391655414567099 0.02403846153846154 0.035523978685612786
0 0.21622845954006029 0.4285339046702244 0.02403846153846154 0.035523978685612786
0 0.19784316777347355 0.47342303776871897 0.02403846153846154 0.035523978685612786
0 0.16227162500768622 0.47637627020940937 0.02403846153846154 0.035523978685612786
0 0.16107258424030008 0.45570364312457634 0.02403846153846154 0.035523978685612786
0 0.15108057784541598 0.45865687556526674 0.02403846153846154 0.035523978685612786
0 0.1223035994281498 0.4486158852669193 0.02403846153846154 0.035523978685612786
0 0.1322956058230339 0.45865687556526674 0.02403846153846154 0.035523978685612786
0 0.15108057784541598 0.487598553484033 0.02403846153846154 0.035523978685612786
0 0.10511734842894918 0.439756187944848 0.02403846153846154 0.035523978685612786
0 0.593926301266679 0.5856458705149552 0.02403846153846154 0.035523978685612786
0 0.7426073564225543 0.5253999287248704 0.02403846153846154 0.035523978685612786
0 0.7482028800036893 0.49704889729424234 0.02403846153846154 0.035523978685612786
0 0.7298175882371025 0.4982301902705184 0.02403846153846154 0.035523978685612786
0 0.7294179079813072 0.5189028173553515 0.02403846153846154 0.035523978685612786
0 0.7042380518661994 0.4610194615178191 0.02403846153846154 0.035523978685612786
0 0.7202252620980139 0.46515398693478566 0.02403846153846154 0.035523978685612786
0 0.7845737832810674 0.5761955267047458 0.02403846153846154 0.035523978685612786
0 0.5339742628973745 0.49409566485355183 0.02403846153846154 0.035523978685612786
0 0.4612324563426183 0.5572948390843271 0.02403846153846154 0.035523978685612786
0 0.7144298983889811 0.43975618794484794 0.02403846153846154 0.035523978685612786
0 0.6724634715304679 0.42085550032442914 0.02403846153846154 0.035523978685612786
0 0.6668679479493329 0.4338497230634671 0.02403846153846154 0.035523978685612786
0 0.7208247824817069 0.43975618794484794 0.02403846153846154 0.035523978685612786
0 0.7324155098997724 0.43975618794484794 0.02403846153846154 0.035523978685612786
0 0.5873315770460554 0.42794325818208623 0.02403846153846154 0.035523978685612786
0 0.5777392509069668 0.42971519764650046 0.02403846153846154 0.035523978685612786
0 0.5649494827215151 0.4338497230634671 0.02403846153846154 0.035523978685612786
0 0.7028391709709155 0.6151781949218595 0.02403846153846154 0.035523978685612786
0 0.7551972844801083 0.5826926380742649 0.02403846153846154 0.035523978685612786
0 0.7995617928733936 0.5301251006299752 0.02403846153846154 0.035523978685612786
0 0.791168507501691 0.5277625146774227 0.02403846153846154 0.035523978685612786
0 0.8147496425936175 0.47519497723313314 0.02403846153846154 0.035523978685612786
0 0.6245018408350244 0.46397269395850943 0.02403846153846154 0.035523978685612786
0 0.5305769807231139 0.41908356086001497 0.02403846153846154 0.035523978685612786
0 0.5389702660948165 0.42735261169394817 0.02403846153846154 0.035523978685612786
0 0.5485625922339052 0.4291245511583624 0.02403846153846154 0.035523978685612786
0 0.32793909103486446 0.4545223501483003 0.02403846153846154 0.035523978685612786
0 0.30715571773350553 0.4763762702094094 0.02403846153846154 0.035523978685612786
0 0.37989752428826173 0.4492065317550575 0.02403846153846154 0.035523978685612786
0 0.502199682561643 0.4261713187176721 0.02403846153846154 0.035523978685612786
0 0.44224764419233853 0.4444813598499528 0.02403846153846154 0.035523978685612786
0 0.4150693867982537 0.45215976419574794 0.02403846153846154 0.035523978685612786
0 0.41586874730984447 0.46869786586361434 0.02403846153846154 0.035523978685612786
0 0.2693859335608437 0.5025123773095198 0.02403846153846154 0.035523978685612786
0 0.2490022405152801 0.47120811343820124 0.02403846153846154 0.035523978685612786
0 0.2607928080612434 0.4818397502246867 0.02403846153846154 0.035523978685612786
0 0.23561295194613543 0.4472869306686087 0.02403846153846154 0.035523978685612786
0 0.30495747632663106 0.4124387878684616 0.02403846153846154 0.035523978685612786
0 0.20383837161040397 0.463529709092406 0.02403846153846154 0.035523978685612786
0 0.19524524611080366 0.4582138906991632 0.02403846153846154 0.035523978685612786
0 0.36251143316116335 0.38585969590224733 0.02403846153846154 0.035523978685612786
0 0.44724364738978034 0.4016594894599411 0.02403846153846154 0.035523978685612786
0 0.442447484320236 0.4152443586871171 0.02403846153846154 0.035523978685612786
0 0.438051001506487 0.41288177273456483 0.02403846153846154 0.035523978685612786
0 0.4620318168542088 0.39457173160228415 0.02403846153846154 0.035523978685612786
0 0.3517200662546885 0.44418603660588335 0.02403846153846154 0.035523978685612786
0 0.36770727648650303 0.43946086470077866 0.02403846153846154 0.035523978685612786
0 0.6235026401955358 0.41288177273456483 0.02403846153846154 0.035523978685612786
0 0.6406888911947365 0.4176069446396695 0.02403846153846154 0.035523978685612786
0 0.6506808975896204 0.421150823568498 0.02403846153846154 0.035523978685612786
0 0.7326153500276701 0.43001052089056924 0.02403846153846154 0.035523978685612786
0 0.7629910494681176 0.47371836101278775 0.02403846153846154 0.035523978685612786
0 0.7689862533050482 0.44418603660588335 0.02403846153846154 0.035523978685612786
0 0.7745817768861833 0.4365076322600882 0.02403846153846154 0.035523978685612786
0 0.8149494827215151 0.421150823568498 0.02403846153846154 0.035523978685612786
0 0.816148523488901 0.4370982787482263 0.02403846153846154 0.035523978685612786
0 0.39268729247371353 0.3975249640429752 0.02403846153846154 0.035523978685612786
0 0.38469368735780624 0.39279979213787053 0.02403846153846154 0.035523978685612786
0 0.3958847345200764 0.39043720618531824 0.02403846153846154 0.035523978685612786
0 0.4078751421939373 0.3951623780904228 0.02403846153846154 0.035523978685612786
0 0.408674502705528 0.3868933272564896 0.02403846153846154 0.035523978685612786
0 0.40148025810121146 0.38453074130393733 0.02403846153846154 0.035523978685612786
0 0.027379538676751095 0.37389910451745184 0.02403846153846154 0.035523978685612786
0 0.03537314379265834 0.36681134665979476 0.02403846153846154 0.035523978685612786
0 0.044965469931747076 0.3703552255886232 0.02403846153846154 0.035523978685612786
0 0.23841071373670308 0.39043720618531824 0.02403846153846154 0.035523978685612786
0 0.24400623731783816 0.389255913209042 0.02403846153846154 0.035523978685612786
0 0.2512004819221547 0.389255913209042 0.02403846153846154 0.035523978685612786
0 0.2567960055032898 0.38807462023276584 0.02403846153846154 0.035523978685612786
0 0.29516531005964475 0.3951623780904228 0.02403846153846154 0.035523978685612786
0 0.30875443875668707 0.3951623780904228 0.02403846153846154 0.035523978685612786
0 0.728418707341819 0.4117004797582893 0.02403846153846154 0.035523978685612786
0 0.7468039991084058 0.4117004797582893 0.02403846153846154 0.035523978685612786
0 0.7436065570620427 0.4081566008294608 0.02403846153846154 0.035523978685612786
0 0.7412084755272706 0.40461272190063224 0.02403846153846154 0.035523978685612786
0 0.7611924883170389 0.4081566008294608 0.02403846153846154 0.035523978685612786
0 0.7675873724097646 0.4081566008294608 0.02403846153846154 0.035523978685612786
0 0.7731828959908997 0.40933789380573704 0.02403846153846154 0.035523978685612786
0 0.7811765011068069 0.42469470249732716 0.02403846153846154 0.035523978685612786
0 0.8826952860788294 0.4211508235684987 0.02403846153846154 0.035523978685612786
0 0.5253811373977741 0.40461272190063224 0.02403846153846154 0.035523978685612786
0 0.514190090235504 0.40461272190063224 0.02403846153846154 0.035523978685612786
0 0.5069958456311875 0.4057940148769084 0.02403846153846154 0.035523978685612786
0 0.4518399703314273 0.39043720618531824 0.02403846153846154 0.035523978685612786
0 0.44624444675029223 0.3868933272564896 0.02403846153846154 0.035523978685612786
0 0.34152821973190695 0.5487304650063253 0.02403846153846154 0.035523978685612786
0 0.33273525410440885 0.5782627894132296 0.02403846153846154 0.035523978685612786
0 0.7907688272458958 0.6030699419150292 0.02403846153846154 0.035523978685612786
0 0.8027592349197566 0.6314209733456574 0.02403846153846154 0.035523978685612786
0 0.8003611533849845 0.6609532977525616 0.02403846153846154 0.035523978685612786
0 0.27438193675828576 0.38807462023276584 0.02403846153846154 0.035523978685612786
0 0.2647896106191971 0.39043720618531824 0.02403846153846154 0.035523978685612786
0 0.22482158503966077 0.38098686237510887 0.02403846153846154 0.035523978685612786
0 0.2344139111787495 0.38216815535138504 0.02403846153846154 0.035523978685612786
0 0.215229258900572 0.38216815535138504 0.02403846153846154 0.035523978685612786
0 0.22162414299329786 0.37862427642255647 0.02403846153846154 0.035523978685612786
0 0.15128041797331382 0.38334944832766127 0.02403846153846154 0.035523978685612786
0 0.14408617336899726 0.38807462023276584 0.02403846153846154 0.035523978685612786
0 0.16007338360081183 0.3868933272564896 0.02403846153846154 0.035523978685612786
0 0.04656419095492854 0.39043720618531824 0.02403846153846154 0.035523978685612786
0 0.06095268016356164 0.3727178115411756 0.02403846153846154 0.035523978685612786
0 0.05535715658242653 0.37153651856489944 0.02403846153846154 0.035523978685612786
0 0.08493349551128346 0.37862427642255647 0.02403846153846154 0.035523978685612786
0 0.08972965858082782 0.37980556939883264 0.02403846153846154 0.035523978685612786
0 0.13529320774149928 0.37626169047000413 0.02403846153846154 0.035523978685612786
0 0.1280989631371827 0.3868933272564896 0.02403846153846154 0.035523978685612786
0 0.12010535802127545 0.3868933272564896 0.02403846153846154 0.035523978685612786
0 0.11690791597491254 0.37862427642255647 0.02403846153846154 0.035523978685612786
0 0.11131239239377747 0.37862427642255647 0.02403846153846154 0.035523978685612786
0 0.12250343955604762 0.3727178115411756 0.02403846153846154 0.035523978685612786
0 0.294365949548054 0.38216815535138504 0.02403846153846154 0.035523978685612786
0 0.2911685075016911 0.3868933272564896 0.02403846153846154 0.035523978685612786
0 0.3007608336407798 0.38807462023276584 0.02403846153846154 0.035523978685612786
0 0.31035315977986855 0.3868933272564896 0.02403846153846154 0.035523978685612786
0 0.31994548591895733 0.396343671066699 0.02403846153846154 0.035523978685612786
0 0.30555699671032416 0.37980556939883264 0.02403846153846154 0.035523978685612786
0 0.33992949870872546 0.389255913209042 0.02403846153846154 0.035523978685612786
0 0.3335346146159996 0.39043720618531824 0.02403846153846154 0.035523978685612786
0 0.3319358935928183 0.3998875499955276 0.02403846153846154 0.035523978685612786
0 0.3711045586607638 0.4010688429718038 0.02403846153846154 0.035523978685612786
0 0.3631109535448565 0.3998875499955276 0.02403846153846154 0.035523978685612786
0 0.42146427089097965 0.3951623780904228 0.02403846153846154 0.035523978685612786
0 0.5645498024657198 0.4176069446396702 0.02403846153846154 0.035523978685612786
0 0.5589542788845848 0.4176069446396702 0.02403846153846154 0.035523978685612786
0 0.5541581158150405 0.40343142892435613 0.02403846153846154 0.035523978685612786
0 0.572543407581627 0.40343142892435613 0.02403846153846154 0.035523978685612786
0 0.582135733720716 0.40933789380573704 0.02403846153846154 0.035523978685612786
0 0.5813363732091251 0.4010688429718038 0.02403846153846154 0.035523978685612786
0 0.5853331757670788 0.4010688429718038 0.02403846153846154 0.035523978685612786
0 0.5933267808829861 0.4117004797582893 0.02403846153846154 0.035523978685612786
0 0.5997216649757119 0.40461272190063224 0.02403846153846154 0.035523978685612786
0 0.6796577161347847 0.416425651663394 0.02403846153846154 0.035523978685612786
0 0.7124314971100045 0.40343142892435613 0.02403846153846154 0.035523978685612786
0 0.7084346945520508 0.4140630657108416 0.02403846153846154 0.035523978685612786
0 0.6940462053434178 0.4128817727345654 0.02403846153846154 0.035523978685612786
0 0.6948455658550083 0.41996953059222253 0.02403846153846154 0.035523978685612786
0 0.7028391709709157 0.40933789380573704 0.02403846153846154 0.035523978685612786
0 0.6980430079013714 0.4081566008294608 0.02403846153846154 0.035523978685612786
0 0.7587944067822666 0.4282385814261557 0.02403846153846154 0.035523978685612786
0 0.7571956857590851 0.41996953059222253 0.02403846153846154 0.035523978685612786
0 0.8267400502674784 0.42469470249732716 0.02403846153846154 0.035523978685612786
0 0.9194658696120028 0.47785288642975493 0.02403846153846154 0.035523978685612786
0 0.9082748224497326 0.47194642154837413 0.02403846153846154 0.035523978685612786
0 0.8994818568222347 0.47785288642975493 0.02403846153846154 0.035523978685612786
0 0.9226633116583657 0.4589521988093362 0.02403846153846154 0.035523978685612786
0 0.9290581957510915 0.4554083198805077 0.02403846153846154 0.035523978685612786
0 0.92745947472791 0.4613147847618886 0.02403846153846154 0.035523978685612786
0 0.9410486034249524 0.4613147847618886 0.02403846153846154 0.035523978685612786
0 0.9602332557031299 0.48021547238230733 0.02403846153846154 0.035523978685612786
0 0.47741950670233063 0.4117004797582893 0.02403846153846154 0.035523978685612786
0 0.4894099143761915 0.4117004797582893 0.02403846153846154 0.035523978685612786
0 0.47182398312119556 0.41996953059222253 0.02403846153846154 0.035523978685612786
0 0.46462973851687894 0.4258759954736034 0.02403846153846154 0.035523978685612786
0 0.45663613340097164 0.436507632260089 0.02403846153846154 0.035523978685612786
0 0.4966041589805081 0.4530457339279554 0.02403846153846154 0.035523978685612786
0 0.5125913692123226 0.43887021821264127 0.02403846153846154 0.035523978685612786
0 0.4950054379573266 0.436507632260089 0.02403846153846154 0.035523978685612786
0 0.6045178280452562 0.41996953059222253 0.02403846153846154 0.035523978685612786
0 0.5941261413945769 0.44123280416519356 0.02403846153846154 0.035523978685612786
0 0.602119746510484 0.4400515111889174 0.02403846153846154 0.035523978685612786
0 0.6189063172538893 0.423513409521051 0.02403846153846154 0.035523978685612786
0 0.6125114331611635 0.4400515111889174 0.02403846153846154 0.035523978685612786
0 0.6684666689725145 0.4117004797582893 0.02403846153846154 0.035523978685612786
0 0.6580749823218349 0.40933789380573704 0.02403846153846154 0.035523978685612786
0 0.6428871326016112 0.40933789380573704 0.02403846153846154 0.035523978685612786
0 0.6348935274857038 0.40461272190063224 0.02403846153846154 0.035523978685612786
0 0.6253012013466152 0.4057940148769084 0.02403846153846154 0.035523978685612786
0 0.614110154184345 0.40343142892435613 0.02403846153846154 0.035523978685612786
0 0.7476033596199965 0.4317824603549842 0.02403846153846154 0.035523978685612786
0 0.74040911501568 0.436507632260089 0.02403846153846154 0.035523978685612786
0 0.8067560374777103 0.4128817727345654 0.02403846153846154 0.035523978685612786
0 0.7971637113386216 0.42233211654477476 0.02403846153846154 0.035523978685612786
0 0.7859726641763513 0.4117004797582893 0.02403846153846154 0.035523978685612786
0 0.842727260499293 0.41996953059222253 0.02403846153846154 0.035523978685612786
0 0.842727260499293 0.40933789380573704 0.02403846153846154 0.035523978685612786
0 0.8363323764065671 0.4081566008294608 0.02403846153846154 0.035523978685612786
0 0.8331349343602044 0.42469470249732716 0.02403846153846154 0.035523978685612786
0 0.851520226126791 0.42469470249732716 0.02403846153846154 0.035523978685612786
0 0.8587144707311076 0.42469470249732716 0.02403846153846154 0.035523978685612786
0 0.869106157381787 0.4211508235684987 0.02403846153846154 0.035523978685612786
0 0.895485054264281 0.4176069446396702 0.02403846153846154 0.035523978685612786
0 0.9354530798438174 0.4329637533312604 0.02403846153846154 0.035523978685612786
0 0.9282588352395008 0.4329637533312604 0.02403846153846154 0.035523978685612786
0 0.42705979447211473 0.38334944832766127 0.02403846153846154 0.035523978685612786
0 0.41986554986779817 0.38334944832766127 0.02403846153846154 0.035523978685612786
0 0.4222636314025704 0.37626169047000413 0.02403846153846154 0.035523978685612786
0 0.4126713052634816 0.37626169047000413 0.02403846153846154 0.035523978685612786
0 0.40947386321711876 0.37626169047000413 0.02403846153846154 0.035523978685612786
0 0.39508537400848565 0.38098686237510887 0.02403846153846154 0.035523978685612786
0 0.23921007424829382 0.38098686237510887 0.02403846153846154 0.035523978685612786
0 0.25199984243374546 0.37980556939883264 0.02403846153846154 0.035523978685612786
0 0.06175204067515235 0.3868933272564896 0.02403846153846154 0.035523978685612786
0 0.06734756425628743 0.38216815535138504 0.02403846153846154 0.035523978685612786
0 0.07374244834901325 0.37153651856489944 0.02403846153846154 0.035523978685612786
0 0.054557796070835815 0.4341450463075366 0.02403846153846154 0.035523978685612786
0 0.06574884323310601 0.41996953059222253 0.02403846153846154 0.035523978685612786
0 0.06095268016356164 0.4128817727345654 0.02403846153846154 0.035523978685612786
0 0.05695587760560798 0.4128817727345654 0.02403846153846154 0.035523978685612786
0 0.03537314379265834 0.4128817727345654 0.02403846153846154 0.035523978685612786
0 0.024981457141978892 0.4400515111889174 0.02403846153846154 0.035523978685612786
0 0.05695587760560798 0.48612193726368813 0.02403846153846154 0.035523978685612786
0 0.049761633001291446 0.47785288642975493 0.02403846153846154 0.035523978685612786
0 0.03217570174629546 0.47903417940603116 0.02403846153846154 0.035523978685612786
0 0.07054500630265034 0.5215607265519733 0.02403846153846154 0.035523978685612786
0 0.07054500630265034 0.5121103827417639 0.02403846153846154 0.035523978685612786
0 0.11051303188218672 0.5073852108366593 0.02403846153846154 0.035523978685612786
0 0.1073155898358238 0.48612193726368813 0.02403846153846154 0.035523978685612786
0 0.11930599750968471 0.4908471091687929 0.02403846153846154 0.035523978685612786
0 0.14088873132263438 0.580625375365782 0.02403846153846154 0.035523978685612786
0 0.1760605938326264 0.5451865860774968 0.02403846153846154 0.035523978685612786
0 0.35351862740576784 0.436507632260089 0.02403846153846154 0.035523978685612786
0 0.35991351149849365 0.423513409521051 0.02403846153846154 0.035523978685612786
0 0.27917809982783026 0.4282385814261557 0.02403846153846154 0.035523978685612786
0 0.23761135322511234 0.423513409521051 0.02403846153846154 0.035523978685612786
0 0.24240751629465673 0.42469470249732716 0.02403846153846154 0.035523978685612786
0 0.2480030398757918 0.42469470249732716 0.02403846153846154 0.035523978685612786
0 0.2567960055032898 0.4258759954736034 0.02403846153846154 0.035523978685612786
0 0.2639902501076064 0.430601167378708 0.02403846153846154 0.035523978685612786
0 0.6061165490684377 0.48966581619251676 0.02403846153846154 0.035523978685612786
0 0.6165082357191172 0.47194642154837413 0.02403846153846154 0.035523978685612786
0 0.622903119811843 0.4825780583348596 0.02403846153846154 0.035523978685612786
0 0.6484826561827463 0.4613147847618886 0.02403846153846154 0.035523978685612786
0 0.6348935274857038 0.48966581619251676 0.02403846153846154 0.035523978685612786
0 0.6332948064625223 0.49911616000272613 0.02403846153846154 0.035523978685612786
0 0.6436864931132019 0.48730323023996436 0.02403846153846154 0.035523978685612786
0 0.6420877720900204 0.5073852108366593 0.02403846153846154 0.035523978685612786
0 0.66367050590297 0.48848452321624053 0.02403846153846154 0.035523978685612786
0 0.6572756218102443 0.48612193726368813 0.02403846153846154 0.035523978685612786
0 0.6652692269261515 0.47785288642975493 0.02403846153846154 0.035523978685612786
0 0.6860526002275105 0.5274671914333542 0.02403846153846154 0.035523978685612786
0 0.7084346945520508 0.48375935131113584 0.02403846153846154 0.035523978685612786
0 0.6932468448318271 0.48730323023996436 0.02403846153846154 0.035523978685612786
0 0.7763803380372626 0.5026600389315545 0.02403846153846154 0.035523978685612786
0 0.2751812972698765 0.4483205620228507 0.02403846153846154 0.035523978685612786
0 0.26718769215396926 0.4471392690465745 0.02403846153846154 0.035523978685612786
0 0.26798705266556 0.46958383559582173 0.02403846153846154 0.035523978685612786
0 0.11450983444014037 0.4282385814261557 0.02403846153846154 0.035523978685612786
0 0.2751812972698764 0.512110382741764 0.02403846153846154 0.035523978685612786
0 0.3015601941523704 0.5251046054808018 0.02403846153846154 0.035523978685612786
0 0.3207448464305479 0.512110382741764 0.02403846153846154 0.035523978685612786
0 0.09852262420832572 0.37389910451745173 0.02403846153846154 0.035523978685612786
0 0.09452582165037207 0.39161849916159436 0.02403846153846154 0.035523978685612786
0 0.06894628527946879 0.3868933272564897 0.02403846153846154 0.035523978685612786
0 0.19444588559921303 0.3786242764225565 0.02403846153846154 0.035523978685612786
0 0.20643629327307392 0.39279979213787053 0.02403846153846154 0.035523978685612786
0 0.212031816854209 0.39279979213787053 0.02403846153846154 0.035523978685612786
0 0.22162414299329775 0.39279979213787053 0.02403846153846154 0.035523978685612786
0 0.3287384515464552 0.36681134665979476 0.02403846153846154 0.035523978685612786
0 0.431855957541659 0.3703552255886234 0.02403846153846154 0.035523978685612786
0 0.4198655498677981 0.367992639636071 0.02403846153846154 0.035523978685612786
0 0.4398495626575662 0.3868933272564897 0.02403846153846154 0.035523978685612786
0 0.4838143907950562 0.39279979213787053 0.02403846153846154 0.035523978685612786
0 0.47662014619073967 0.39279979213787053 0.02403846153846154 0.035523978685612786
0 0.4726233436327861 0.39279979213787053 0.02403846153846154 0.035523978685612786
0 0.49260735642255427 0.3868933272564897 0.02403846153846154 0.035523978685612786
0 0.5014003220500522 0.3868933272564897 0.02403846153846154 0.035523978685612786
0 0.5077952061427781 0.3868933272564897 0.02403846153846154 0.035523978685612786
0 0.537371545071635 0.3975249640429753 0.02403846153846154 0.035523978685612786
0 0.6828551581811474 0.40106884297180373 0.02403846153846154 0.035523978685612786
0 0.6684666689725144 0.39634367106669915 0.02403846153846154 0.035523978685612786
0 0.6580749823218348 0.40106884297180373 0.02403846153846154 0.035523978685612786
0 0.7539982437127222 0.4046127219006323 0.02403846153846154 0.035523978685612786
0 0.7236225442722746 0.40106884297180373 0.02403846153846154 0.035523978685612786
0 0.9258607537047284 0.4211508235684987 0.02403846153846154 0.035523978685612786
0 0.9178671485888212 0.41996953059222253 0.02403846153846154 0.035523978685612786
0 0.9602332557031298 0.43060116737870807 0.02403846153846154 0.035523978685612786
0 0.9522396505872225 0.43060116737870807 0.02403846153846154 0.035523978685612786
0 0.9442460454713152 0.43060116737870807 0.02403846153846154 0.035523978685612786
0 0.9514402900756317 0.4636773707144409 0.02403846153846154 0.035523978685612786
0 0.9690262213306278 0.46485866369071704 0.02403846153846154 0.035523978685612786
0 0.9778191869581258 0.4530457339279554 0.02403846153846154 0.035523978685612786
0 0.9666281397958555 0.4530457339279554 0.02403846153846154 0.035523978685612786
0 0.9010805778454158 0.45895219880933624 0.02403846153846154 0.035523978685612786
0 0.8770997624976941 0.45895219880933624 0.02403846153846154 0.035523978685612786
0 0.8826952860788292 0.44123280416519367 0.02403846153846154 0.035523978685612786
0 0.8763004019861034 0.4447766830940222 0.02403846153846154 0.035523978685612786
0 0.8411285394761113 0.4376889252363651 0.02403846153846154 0.035523978685612786
0 0.8491221445920186 0.4317824603549843 0.02403846153846154 0.035523978685612786
0 0.7755809775256718 0.44950185499912687 0.02403846153846154 0.035523978685612786
0 0.7675873724097644 0.4613147847618886 0.02403846153846154 0.035523978685612786
0 0.757195685759085 0.45422702690423145 0.02403846153846154 0.035523978685612786
0 0.7484027201315869 0.45422702690423145 0.02403846153846154 0.035523978685612786
0 0.7883707457111234 0.46958383559582173 0.02403846153846154 0.035523978685612786
0 0.8051573164545286 0.48375935131113584 0.02403846153846154 0.035523978685612786
0 0.7979630718502121 0.4873032302399644 0.02403846153846154 0.035523978685612786
0 0.7907688272458955 0.48612193726368824 0.02403846153846154 0.035523978685612786
0 0.7539982437127222 0.4636773707144409 0.02403846153846154 0.035523978685612786
0 0.730816788876591 0.47076512857209796 0.02403846153846154 0.035523978685612786
0 0.7220238232490931 0.4483205620228507 0.02403846153846154 0.035523978685612786
0 0.6716641110188772 0.46603995666699327 0.02403846153846154 0.035523978685612786
0 0.6221037593002521 0.44123280416519367 0.02403846153846154 0.035523978685612786
0 0.554957476326631 0.4530457339279554 0.02403846153846154 0.035523978685612786
0 0.5421677081411793 0.4530457339279554 0.02403846153846154 0.035523978685612786
0 0.3231429279653201 0.4365076322600889 0.02403846153846154 0.035523978685612786
0 0.0721437273258317 0.41996953059222253 0.02403846153846154 0.035523978685612786
0 0.08813093755764624 0.42469470249732716 0.02403846153846154 0.035523978685612786
0 0.24560495834101956 0.5156542616705925 0.02403846153846154 0.035523978685612786
0 0.23521327169034006 0.5203794335756972 0.02403846153846154 0.035523978685612786
0 0.2551972844801083 0.5286484844096304 0.02403846153846154 0.035523978685612786
0 0.2591940870380619 0.5156542616705925 0.02403846153846154 0.035523978685612786
0 0.2535985634569268 0.499116160002726 0.02403846153846154 0.035523978685612786
0 0.24800303987579173 0.49675357405017373 0.02403846153846154 0.035523978685612786
0 0.2943659495480539 0.5073852108366593 0.02403846153846154 0.035523978685612786
0 0.43105659703006827 0.49439098809762144 0.02403846153846154 0.035523978685612786
0 0.48221566977187474 0.5085665038129356 0.02403846153846154 0.035523978685612786
0 0.4750214251675583 0.4908471091687928 0.02403846153846154 0.035523978685612786
0 0.4878111933530098 0.4908471091687928 0.02403846153846154 0.035523978685612786
0 0.4982028800036894 0.5026600389315546 0.02403846153846154 0.035523978685612786
0 0.46383037800528804 0.5782627894132296 0.02403846153846154 0.035523978685612786
0 0.43505339958802186 0.5782627894132296 0.02403846153846154 0.035523978685612786
0 0.3327352541044088 0.499116160002726 0.02403846153846154 0.035523978685612786
0 0.1312964051835455 0.41996953059222253 0.02403846153846154 0.035523978685612786
0 0.14088873132263424 0.4211508235684987 0.02403846153846154 0.035523978685612786
0 0.14968169695013223 0.4223321165447749 0.02403846153846154 0.035523978685612786
0 0.08173605346492045 0.4046127219006323 0.02403846153846154 0.035523978685612786
0 0.9034786593801881 0.4176069446396702 0.02403846153846154 0.035523978685612786
0 0.6364922485088852 0.39634367106669915 0.02403846153846154 0.035523978685612786
0 0.6452852141363832 0.39634367106669915 0.02403846153846154 0.035523978685612786
0 0.5285785794441369 0.39279979213787053 0.02403846153846154 0.035523978685612786
0 0.5141900902355039 0.39043720618531824 0.02403846153846154 0.035523978685612786
0 0.3942860134968948 0.37153651856489944 0.02403846153846154 0.035523978685612786
0 0.3743020007071266 0.38453074130393733 0.02403846153846154 0.035523978685612786
0 0.37909816377667105 0.3786242764225565 0.02403846153846154 0.035523978685612786
0 0.387891129404169 0.3786242764225565 0.02403846153846154 0.035523978685612786
0 0.27038513420033206 0.37626169047000413 0.02403846153846154 0.035523978685612786
0 0.27598065778146713 0.3786242764225565 0.02403846153846154 0.035523978685612786
0 0.2639902501076063 0.3786242764225565 0.02403846153846154 0.035523978685612786
0 0.2799774603394207 0.3786242764225565 0.02403846153846154 0.035523978685612786
0 0.17526123332103555 0.37508039749372796 0.02403846153846154 0.035523978685612786
0 0.1624714651355839 0.37626169047000413 0.02403846153846154 0.035523978685612786
0 0.15207977848490445 0.36681134665979476 0.02403846153846154 0.035523978685612786
0 0.14568489439217863 0.3727178115411756 0.02403846153846154 0.035523978685612786
0 0.14088873132263424 0.36681134665979476 0.02403846153846154 0.035523978685612786
0 0.13209576569513623 0.3656300536835186 0.02403846153846154 0.035523978685612786
0 0.11850663699809391 0.5286484844096304 0.02403846153846154 0.035523978685612786
0 0.10172006625468864 0.5156542616705925 0.02403846153846154 0.035523978685612786
0 0.0833347744881019 0.4140630657108417 0.02403846153846154 0.035523978685612786
0 0.09132837960400916 0.4081566008294608 0.02403846153846154 0.035523978685612786
0 0.0833347744881019 0.3951623780904229 0.02403846153846154 0.035523978685612786
0 0.18485355946012427 0.49675357405017373 0.02403846153846154 0.035523978685612786
0 0.1824554779253521 0.47785288642975504 0.02403846153846154 0.035523978685612786
0 0.2879710654553281 0.4365076322600889 0.02403846153846154 0.035523978685612786
0 0.2847736234089652 0.46958383559582173 0.02403846153846154 0.035523978685612786
0 0.5381709055832256 0.5440052931012207 0.02403846153846154 0.035523978685612786
0 0.5533587553034496 0.5239233125045258 0.02403846153846154 0.035523978685612786
0 0.563750441954129 0.5168355546468686 0.02403846153846154 0.035523978685612786
0 0.3231429279653201 0.4719464215483741 0.02403846153846154 0.035523978685612786
0 0.07933797193014826 0.4365076322600889 0.02403846153846154 0.035523978685612786
0 0.14248745234581572 0.40343142892435613 0.02403846153846154 0.035523978685612786
0 0.14888233643854154 0.40343142892435613 0.02403846153846154 0.035523978685612786
0 0.04256738839697482 0.5274671914333542 0.02403846153846154 0.035523978685612786
