0 0.1515018248559047 0.9213927103930891 0.03289473684210526 0.05847953216374269
0 0.23063851550338674 0.8773390644209779 0.03289473684210526 0.05847953216374269
0 0.12352420695022931 0.8716547230052215 0.03289473684210526 0.05847953216374269
0 0.27460334364087674 0.8204956502634149 0.03289473684210526 0.05847953216374269
0 0.26900782005974166 0.8887077472524904 0.03289473684210526 0.05847953216374269
0 0.2098551422020279 0.9796572099045909 0.03289473684210526 0.05847953216374269
0 0.2466257257352013 0.9583409295955048 0.03289473684210526 0.05847953216374269
0 0.3945074203794859 0.9256559664549062 0.03289473684210526 0.05847953216374269
0 0.4872332397240103 0.8133902234937196 0.03289473684210526 0.05847953216374269
0 0.5280006258151374 0.9284981371627844 0.03289473684210526 0.05847953216374269
0 0.5479846386049055 0.8844444911906731 0.03289473684210526 0.05847953216374269
0 0.549583359628087 0.9896048073821645 0.03289473684210526 0.05847953216374269
0 0.6838759255753292 0.8375486745106838 0.03289473684210526 0.05847953216374269
0 0.7358343588287264 0.8574438694658307 0.03289473684210526 0.05847953216374269
0 0.8477448304514282 0.9157083689773328 0.03289473684210526 0.05847953216374269
0 0.8389518648239304 0.8517595280500746 0.03289473684210526 0.05847953216374269
0 0.8509422724977912 0.7522835532743394 0.03289473684210526 0.05847953216374269
0 0.8205665730573436 0.7522835532743394 0.03289473684210526 0.05847953216374269
0 0.8325569807312047 0.6101750178804325 0.03289473684210526 0.05847953216374269
0 0.8037800023139384 0.5519105183689305 0.03289473684210526 0.05847953216374269
0 0.8253627361268879 0.4865405920877333 0.03289473684210526 0.05847953216374269
0 0.8133723284530271 0.4566977996550127 0.03289473684210526 0.05847953216374269
0 0.7853947105473517 0.421170665806536 0.03289473684210526 0.05847953216374269
0 0.7909902341284866 0.38138027589624196 0.03289473684210526 0.05847953216374269
0 0.7861940710589423 0.31743143496898374 0.03289473684210526 0.05847953216374269
0 0.7630126162228111 0.2833253864744461 0.03289473684210526 0.05847953216374269
0 0.7710062213387185 0.23500848444051772 0.03289473684210526 0.05847953216374269
0 0.7406305218982708 0.22506088696294407 0.03289473684210526 0.05847953216374269
0 0.7646113372459926 0.20942894806961443 0.03289473684210526 0.05847953216374269
0 0.7270413932012285 0.13553250966478259 0.03289473684210526 0.05847953216374269
0 0.7358343588287264 0.16537530209750315 0.03289473684210526 0.05847953216374269
0 0.8309582597080232 0.1284270828950873 0.03289473684210526 0.05847953216374269
0 0.8365537832891581 0.2179554601932488 0.03289473684210526 0.05847953216374269
0 0.8357544227775674 0.31458926426110556 0.03289473684210526 0.05847953216374269
0 0.68467528608692 0.6954401391167767 0.03289473684210526 0.05847953216374269
0 0.6790797625057848 0.6059117618186152 0.03289473684210526 0.05847953216374269
0 0.6854746465985107 0.541962920891357 0.03289473684210526 0.05847953216374269
0 0.678280401994194 0.49933036027318484 0.03289473684210526 0.05847953216374269
0 0.6710861573898775 0.43111826328410946 0.03289473684210526 0.05847953216374269
0 0.6622931917623797 0.3756959344804857 0.03289473684210526 0.05847953216374269
0 0.6606944707391982 0.32737903244655725 0.03289473684210526 0.05847953216374269
0 0.6918695306912364 0.3245368617386791 0.03289473684210526 0.05847953216374269
0 0.6439078999957929 0.3074838374914103 0.03289473684210526 0.05847953216374269
0 0.6391117369262485 0.27337778899687254 0.03289473684210526 0.05847953216374269
0 0.6702867968782869 0.23642956979445665 0.03289473684210526 0.05847953216374269
0 0.6598951102276075 0.19379700917628462 0.03289473684210526 0.05847953216374269
0 0.6519015051117001 0.20374460665385807 0.03289473684210526 0.05847953216374269
0 0.5096153340485506 0.6840714562852641 0.03289473684210526 0.05847953216374269
0 0.5208063812108208 0.620122615358006 0.03289473684210526 0.05847953216374269
0 0.55278080167445 0.6002274204028589 0.03289473684210526 0.05847953216374269
0 0.5343955099078631 0.560437030492565 0.03289473684210526 0.05847953216374269
0 0.5407903940005889 0.5163833845204537 0.03289473684210526 0.05847953216374269
0 0.5487839991164962 0.4495923728853174 0.03289473684210526 0.05847953216374269
0 0.5200070206992301 0.4041176415592671 0.03289473684210526 0.05847953216374269
0 0.5647712093483108 0.40269655620532796 0.03289473684210526 0.05847953216374269
0 0.5407903940005889 0.36006399558715596 0.03289473684210526 0.05847953216374269
0 0.5351948704194539 0.31601034961504465 0.03289473684210526 0.05847953216374269
0 0.5415897545121797 0.28048321576656793 0.03289473684210526 0.05847953216374269
0 0.5399910334889982 0.2506404233338474 0.03289473684210526 0.05847953216374269
0 0.5303987073499096 0.21511328948537062 0.03289473684210526 0.05847953216374269
0 0.5535801621860407 0.15116444855811242 0.03289473684210526 0.05847953216374269
0 0.3929086993563044 0.8716547230052215 0.03289473684210526 0.05847953216374269
0 0.41529079368084476 0.7039666512404111 0.03289473684210526 0.05847953216374269
0 0.41369207265766333 0.8347065038028056 0.03289473684210526 0.05847953216374269
0 0.4120933516344819 0.5675424572622603 0.03289473684210526 0.05847953216374269
0 0.4304786434010686 0.5917009082792245 0.03289473684210526 0.05847953216374269
0 0.42328439879675206 0.4780140799640987 0.03289473684210526 0.05847953216374269
0 0.4456664931212925 0.3771170198344247 0.03289473684210526 0.05847953216374269
0 0.4568575402835626 0.23358739908657863 0.03289473684210526 0.05847953216374269
0 0.444067772098111 0.13979576572659985 0.03289473684210526 0.05847953216374269
0 0.46804858744583283 0.2705356182889945 0.03289473684210526 0.05847953216374269
0 0.4856345187008288 0.13695359501872167 0.03289473684210526 0.05847953216374269
0 0.4096952700997097 0.1284270828950873 0.03289473684210526 0.05847953216374269
0 0.41289271214607265 0.15826987532780787 0.03289473684210526 0.05847953216374269
0 0.38331637321721573 0.16821747280538132 0.03289473684210526 0.05847953216374269
0 0.38331637321721573 0.13695359501872167 0.03289473684210526 0.05847953216374269
0 0.38171765219403425 0.12416382683327004 0.03289473684210526 0.05847953216374269
0 0.37931957065926203 0.23074522837870046 0.03289473684210526 0.05847953216374269
0 0.37212532605494547 0.18811266776052823 0.03289473684210526 0.05847953216374269
0 0.39210933884471366 0.2534825940417256 0.03289473684210526 0.05847953216374269
0 0.3497432317304051 0.37285376377260754 0.03289473684210526 0.05847953216374269
0 0.35693747633472167 0.43253934863804855 0.03289473684210526 0.05847953216374269
0 0.33215730047540915 0.5249098966440882 0.03289473684210526 0.05847953216374269
0 0.3297592189406369 0.5945430789871026 0.03289473684210526 0.05847953216374269
0 0.2993835195001894 0.6542286638525436 0.03289473684210526 0.05847953216374269
0 0.1826768848079431 0.701124480532533 0.03289473684210526 0.05847953216374269
0 0.15310054587908625 0.7082299073022283 0.03289473684210526 0.05847953216374269
0 0.10513891518364256 0.7139142487179846 0.03289473684210526 0.05847953216374269
0 0.11393188081114058 0.5590159451386258 0.03289473684210526 0.05847953216374269
0 0.1411101382052253 0.6286491274816404 0.03289473684210526 0.05847953216374269
0 0.1251229279734108 0.6542286638525436 0.03289473684210526 0.05847953216374269
0 0.22344427089907026 0.6172804446501278 0.03289473684210526 0.05847953216374269
0 0.23303659703815893 0.5845954815095291 0.03289473684210526 0.05847953216374269
0 0.25142188880474564 0.5305942380598444 0.03289473684210526 0.05847953216374269
0 0.229839154991796 0.523488811290149 0.03289473684210526 0.05847953216374269
0 0.25701741238588083 0.4737508239022816 0.03289473684210526 0.05847953216374269
0 0.2666097385249695 0.4282760925762313 0.03289473684210526 0.05847953216374269
0 0.25781677289747146 0.37285376377260754 0.03289473684210526 0.05847953216374269
0 0.215450665783163 0.38138027589624196 0.03289473684210526 0.05847953216374269
0 0.3057784035929152 0.3316422885083745 0.03289473684210526 0.05847953216374269
0 0.17788072173839878 0.4638032264247081 0.03289473684210526 0.05847953216374269
0 0.10034275211409822 0.46948756784046436 0.03289473684210526 0.05847953216374269
0 0.12192548592704783 0.45527671430107364 0.03289473684210526 0.05847953216374269
0 0.09794467057932602 0.362906166295034 0.03289473684210526 0.05847953216374269
0 0.11393188081114058 0.3344844592162527 0.03289473684210526 0.05847953216374269
0 0.14031077769363456 0.28048321576656793 0.03289473684210526 0.05847953216374269
0 0.15070246434431403 0.2520615086877865 0.03289473684210526 0.05847953216374269
0 0.11393188081114058 0.22932414302476137 0.03289473684210526 0.05847953216374269
0 0.09714531006773533 0.22932414302476137 0.03289473684210526 0.05847953216374269
0 0.0883523444402373 0.18384941169871113 0.03289473684210526 0.05847953216374269
0 0.12352420695022931 0.1540066192659906 0.03289473684210526 0.05847953216374269
0 0.2114538632252093 0.22648197231688316 0.03289473684210526 0.05847953216374269
0 0.22104618936429807 0.2009024359459799 0.03289473684210526 0.05847953216374269
0 0.265011017501788 0.21369220413143153 0.03289473684210526 0.05847953216374269
0 0.2722052621061046 0.1767439849290157 0.03289473684210526 0.05847953216374269
0 0.32816049791745555 0.15826987532780787 0.03289473684210526 0.05847953216374269
0 0.30338032205814297 0.12700599754114822 0.03289473684210526 0.05847953216374269
0 0.32656177689427407 0.12700599754114822 0.03289473684210526 0.05847953216374269
0 0.2482244467583828 0.16679638745144224 0.03289473684210526 0.05847953216374269
0 0.18667368736589676 0.14690119249629513 0.03289473684210526 0.05847953216374269
0 0.17068647713408225 0.13553250966478259 0.03289473684210526 0.05847953216374269
0 0.1810781637847617 0.19095483846840644 0.03289473684210526 0.05847953216374269
0 0.15709734843703987 0.18527049705265006 0.03289473684210526 0.05847953216374269
0 0.18907176890066893 0.27621995970475066 0.03289473684210526 0.05847953216374269
0 0.1698871166224915 0.35864291023321687 0.03289473684210526 0.05847953216374269
0 0.2921892748958728 0.18527049705265006 0.03289473684210526 0.05847953216374269
0 0.9124107800094641 0.23150971835182335 0.03289473684210526 0.05847953216374269
0 0.8944287620274463 0.20131768815979326 0.03289473684210526 0.05847953216374269
0 0.8654577330564174 0.12139760823971323 0.03289473684210526 0.05847953216374269
0 0.8504727180714021 0.06989355673566164 0.03289473684210526 0.05847953216374269
0 0.8205026881013723 0.02549351233561722 0.03289473684210526 0.05847953216374269
0 0.7713018889005732 0.12891786575997086 0.03289473684210526 0.05847953216374269
0 0.7273458449445291 0.08984582668793184 0.03289473684210526 0.05847953216374269
0 0.7303428479415321 0.043669780511885595 0.03289473684210526 0.05847953216374269
0 0.7133598309585152 0.02324576008786521 0.03289473684210526 0.05847953216374269
0 0.8547184723171565 0.16177389861600372 0.03289473684210526 0.05847953216374269
0 0.8657074833061674 0.20972594656805169 0.03289473684210526 0.05847953216374269
0 0.6539192715179558 0.1342458710879762 0.03289473684210526 0.05847953216374269
0 0.7113618289605131 0.09606183290393801 0.03289473684210526 0.05847953216374269
0 0.6918813094799937 0.0658698027119078 0.03289473684210526 0.05847953216374269
0 0.6454277630264472 0.033013769855874946 0.03289473684210526 0.05847953216374269
0 0.6229502405489248 0.06231779915990431 0.03289473684210526 0.05847953216374269
0 0.5814916990903832 0.011701748543853646 0.03289473684210526 0.05847953216374269
0 0.5710021886008727 0.03656577340787852 0.03289473684210526 0.05847953216374269
0 0.5769961945948788 0.09073382757593268 0.03289473684210526 0.05847953216374269
0 0.5200531376518218 0.08984582668793184 0.03289473684210526 0.05847953216374269
0 0.5195536371523213 0.044557781399886504 0.03289473684210526 0.05847953216374269
0 0.5210521386508229 0.018805755647860717 0.03289473684210526 0.05847953216374269
0 0.5445286621273463 0.35713409397619916 0.03289473684210526 0.05847953216374269
0 0.5115616291603133 0.06942180626391138 0.03289473684210526 0.05847953216374269
0 0.6529202705189547 0.06054179738390248 0.03289473684210526 0.05847953216374269
0 0.6314417490404333 0.17420591104801617 0.03289473684210526 0.05847953216374269
0 0.1704027880014722 0.32694206378416896 0.03289473684210526 0.05847953216374269
0 0.4536195712182554 0.08540582224792735 0.03289473684210526 0.05847953216374269
0 0.4486245662232505 0.04810978495189008 0.03289473684210526 0.05847953216374269
0 0.44163155923024344 0.06675780359990872 0.03289473684210526 0.05847953216374269
0 0.44362956122824543 0.10760584444794956 0.03289473684210526 0.05847953216374269
0 0.4805925981912824 0.005485742327847407 0.03289473684210526 0.05847953216374269
0 0.40816502576371 0.07830181514392028 0.03289473684210526 0.05847953216374269
0 0.390183007781692 0.08895782579993093 0.03289473684210526 0.05847953216374269
0 0.20686632446500872 0.15022988707199217 0.03289473684210526 0.05847953216374269
0 0.2033698209685052 0.11115784799995314 0.03289473684210526 0.05847953216374269
0 0.19138180898049323 0.041893778735883846 0.03289473684210526 0.05847953216374269
0 0.2273458449445292 0.0401177769598821 0.03289473684210526 0.05847953216374269
0 0.23833485593354015 0.017029753871858972 0.03289473684210526 0.05847953216374269
0 0.22984334744203166 0.06942180626391138 0.03289473684210526 0.05847953216374269
0 0.08648670408538829 0.11470985155195663 0.03289473684210526 0.05847953216374269
0 0.1609122785109627 0.14046187730398244 0.03289473684210526 0.05847953216374269
0 0.1868863044849887 0.11293384977595489 0.03289473684210526 0.05847953216374269
0 0.13044274804143224 0.2603419971841023 0.03289473684210526 0.05847953216374269
0 0.22334984094852517 0.17953391637602148 0.03289473684210526 0.05847953216374269
0 0.2433298609285452 0.2017339385760437 0.03289473684210526 0.05847953216374269
0 0.2343388519375362 0.2958620327041378 0.03289473684210526 0.05847953216374269
0 0.27979339739208164 0.25146198830409344 0.03289473684210526 0.05847953216374269
0 0.17240078999947422 0.3313820682241733 0.03289473684210526 0.05847953216374269
0 0.0819911995898838 0.1564458932879984 0.03289473684210526 0.05847953216374269
0 0.10297022056890479 0.12447786131996645 0.03289473684210526 0.05847953216374269
0 0.25431887191755614 0.028573765415870533 0.03289473684210526 0.05847953216374269
0 0.25232086991955416 0.21150194834405348 0.03289473684210526 0.05847953216374269
0 0.15192126951995374 0.3438140806561858 0.03289473684210526 0.05847953216374269
0 0.13343975103843525 0.32427806112016627 0.03289473684210526 0.05847953216374269
0 0.7565666241653083 0.1888856757277807 0.03289473684210526 0.05847953216374269
0 0.6551680227667069 0.2545977414398464 0.03289473684210526 0.05847953216374269
0 0.625197992796677 0.0805495673916723 0.03289473684210526 0.05847953216374269
0 0.144179011777696 0.544086030928136 0.03289473684210526 0.05847953216374269
0 0.14767551527419945 0.5059019927440979 0.03289473684210526 0.05847953216374269
0 0.16465853225721644 0.5005739874160925 0.03289473684210526 0.05847953216374269
0 0.15217101976970399 0.46505395189605697 0.03289473684210526 0.05847953216374269
0 0.14667651427519846 0.4455179323600374 0.03289473684210526 0.05847953216374269
0 0.135188002786687 0.39578988263198767 0.03289473684210526 0.05847953216374269
0 0.104218971817656 0.41710190394400903 0.03289473684210526 0.05847953216374269
0 0.2151080827067669 0.7630059998481049 0.03289473684210526 0.05847953216374269
0 0.3489742165729008 0.06101354785565283 0.03289473684210526 0.05847953216374269
0 0.35596722356590776 0.1125175993597044 0.03289473684210526 0.05847953216374269
0 0.16016302776171196 0.22618171302381804 0.03289473684210526 0.05847953216374269
0 0.21211107970976392 0.02549351233561722 0.03289473684210526 0.05847953216374269
0 0.47884434644303064 0.05746154430364933 0.03289473684210526 0.05847953216374269
0 0.8964267640254483 0.02726951411161905 0.03289473684210526 0.05847953216374269
0 0.8474757150743992 0.457061943904049 0.03289473684210526 0.05847953216374269
0 0.6286944962931804 0.4357499225920276 0.03289473684210526 0.05847953216374269
