0 0.0020616795979114936 0.8440718825334211 0.039525691699604744 0.05917159763313609
0 0.09112623822768753 0.8366644751260134 0.039525691699604744 0.05917159763313609
0 0.03752256868198898 0.6885163269778654 0.039525691699604744 0.05917159763313609
0 0.1191650807592837 0.6959237343852727 0.039525691699604744 0.05917159763313609
0 0.0960742692626751 0.5983928701877418 0.039525691699604744 0.05917159763313609
0 0.1768921095008052 0.5983928701877418 0.039525691699604744 0.05917159763313609
0 0.1389572048992339 0.5008620059902109 0.039525691699604744 0.05917159763313609
0 0.2214243888156932 0.4946891664840381 0.039525691699604744 0.05917159763313609
0 0.03752256868198898 0.4712323763605813 0.039525691699604744 0.05917159763313609
0 0.0037110232762406718 0.39839287018774183 0.039525691699604744 0.05917159763313609
0 0.015256429024544976 0.21814595660749495 0.039525691699604744 0.05917159763313609
0 0.05978870833943301 0.2539484257432973 0.039525691699604744 0.05917159763313609
0 0.05319133362611624 0.29715830228650725 0.039525691699604744 0.05917159763313609
0 0.08123017615771241 0.22184966031119857 0.039525691699604744 0.05917159763313609
0 0.1496779388083736 0.26259040105193937 0.039525691699604744 0.05917159763313609
0 0.14720392329087986 0.2156768208050257 0.039525691699604744 0.05917159763313609
0 0.11669106524178992 0.16876324055811212 0.039525691699604744 0.05917159763313609
0 0.02049236324598647 0.11907188253342108 0.039525691699604744 0.05917159763313609
0 0.04028448738593669 0.16166447512601367 0.039525691699604744 0.05917159763313609
0 0.08357975894207782 0.11351632697786547 0.039525691699604744 0.05917159763313609
0 0.14460547504025767 0.10796077142230995 0.039525691699604744 0.05917159763313609
0 0.16852095837603084 0.1610471911753964 0.039525691699604744 0.05917159763313609
0 0.21511491728883034 0.20240521586675442 0.039525691699604744 0.05917159763313609
0 0.2097545503342605 0.13573854920008777 0.039525691699604744 0.05917159763313609
0 0.24356609574000881 0.1832694133976186 0.039525691699604744 0.05917159763313609
0 0.26212121212121214 0.1301829936445322 0.039525691699604744 0.05917159763313609
0 0.2196506124042356 0.0857385492000877 0.039525691699604744 0.05917159763313609
0 0.3165495535060752 0.12277558623712478 0.039525691699604744 0.05917159763313609
0 0.31407553798858145 0.16228175907663098 0.039525691699604744 0.05917159763313609
0 0.2819133362611624 0.19931879611366798 0.039525691699604744 0.05917159763313609
0 0.2876860391353145 0.25425706771860623 0.039525691699604744 0.05917159763313609
0 0.21923827648465327 0.26351632697786553 0.039525691699604744 0.05917159763313609
0 0.18295271556141124 0.3184545985828038 0.039525691699604744 0.05917159763313609
0 0.11161860147367396 0.32030645043465567 0.039525691699604744 0.05917159763313609
0 0.08770311813790078 0.4098126232741618 0.039525691699604744 0.05917159763313609
0 0.17264431757185383 0.3801829936445322 0.039525691699604744 0.05917159763313609
0 0.2571731810862246 0.3332694133976186 0.039525691699604744 0.05917159763313609
0 0.25304982189040154 0.39684966031119884 0.039525691699604744 0.05917159763313609
0 0.31201385839067003 0.33944225290379143 0.039525691699604744 0.05917159763313609
0 0.3557214658663934 0.2678373146321865 0.039525691699604744 0.05917159763313609
0 0.363555848338457 0.19623237636058155 0.039525691699604744 0.05917159763313609
0 0.37510125408676137 0.16351632697786553 0.039525691699604744 0.05917159763313609
0 0.3887083394329771 0.1128990430272482 0.039525691699604744 0.05917159763313609
0 0.445610696335334 0.12277558623712478 0.039525691699604744 0.05917159763313609
0 0.4377763138632704 0.20610891957045813 0.039525691699604744 0.05917159763313609
0 0.42499390035621915 0.2746274380889766 0.039525691699604744 0.05917159763313609
0 0.4266432440345484 0.3301829936445322 0.039525691699604744 0.05917159763313609
0 0.4159225101254086 0.3980842282124334 0.039525691699604744 0.05917159763313609
0 0.38499731615673644 0.4752447220395939 0.039525691699604744 0.05917159763313609
0 0.3235592641389743 0.3943805245087297 0.039525691699604744 0.05917159763313609
0 0.3128385302298346 0.490676820805026 0.039525691699604744 0.05917159763313609
0 0.27832674571805016 0.5699978084593468 0.039525691699604744 0.05917159763313609
0 0.21812570145903484 0.7045657096939147 0.039525691699604744 0.05917159763313609
0 0.36904064802615544 0.5983928701877418 0.039525691699604744 0.05917159763313609
0 0.3368784462987362 0.7045657096939147 0.039525691699604744 0.05917159763313609
0 0.32450836871126737 0.844071882533421 0.039525691699604744 0.05917159763313609
0 0.20328160835407216 0.8453064504346556 0.039525691699604744 0.05917159763313609
0 0.4836700336700338 0.6848126232741617 0.039525691699604744 0.05917159763313609
0 0.45892987849509603 0.572466944261816 0.039525691699604744 0.05917159763313609
0 0.4605792221734252 0.8588866973482356 0.039525691699604744 0.05917159763313609
0 0.614792856097204 0.8428373146321864 0.039525691699604744 0.05917159763313609
0 0.716227492314449 0.883578055372927 0.039525691699604744 0.05917159763313609
0 0.8737398135948862 0.8502447220395938 0.039525691699604744 0.05917159763313609
0 0.8341555653149858 0.6786397837679888 0.039525691699604744 0.05917159763313609
0 0.6766432440345486 0.7156768208050258 0.039525691699604744 0.05917159763313609
0 0.604896794027229 0.7329607714223098 0.039525691699604744 0.05917159763313609
0 0.570260576782316 0.5761706479655196 0.039525691699604744 0.05917159763313609
0 0.6791172595520423 0.5601212652494703 0.039525691699604744 0.05917159763313609
0 0.7929219733567562 0.5897508948790998 0.039525691699604744 0.05917159763313609
0 0.8993046406089886 0.5798743516692233 0.039525691699604744 0.05917159763313609
0 0.8588957204899236 0.4885163269778653 0.039525691699604744 0.05917159763313609
0 0.7706558336993121 0.4724669442618159 0.039525691699604744 0.05917159763313609
0 0.6568511198945983 0.5058002775951493 0.039525691699604744 0.05917159763313609
0 0.582630654369785 0.4885163269778653 0.039525691699604744 0.05917159763313609
0 0.5009881422924902 0.5058002775951493 0.039525691699604744 0.05917159763313609
0 0.48696872102669214 0.3971583022865073 0.039525691699604744 0.05917159763313609
0 0.5430464060898844 0.4304916356198406 0.039525691699604744 0.05917159763313609
0 0.6667471819645734 0.39839287018774183 0.039525691699604744 0.05917159763313609
0 0.7533377250768557 0.38975089487909986 0.039525691699604744 0.05917159763313609
0 0.8399282681891379 0.40580027759514925 0.039525691699604744 0.05917159763313609
0 0.8077660664617188 0.3317262035210751 0.039525691699604744 0.05917159763313609
0 0.7863245986434394 0.2638249689531739 0.039525691699604744 0.05917159763313609
0 0.726123554384424 0.2638249689531739 0.039525691699604744 0.05917159763313609
0 0.7187015078319428 0.3551829936445319 0.039525691699604744 0.05917159763313609
0 0.6502537451812815 0.32802249981737147 0.039525691699604744 0.05917159763313609
0 0.5669618894256577 0.3416027467309517 0.039525691699604744 0.05917159763313609
0 0.4985141267749965 0.3181459566074949 0.039525691699604744 0.05917159763313609
0 0.4935660957400089 0.26259040105193937 0.039525691699604744 0.05917159763313609
0 0.5801566388522911 0.27123237636058134 0.039525691699604744 0.05917159763313609
0 0.6403576831113065 0.2774052158667541 0.039525691699604744 0.05917159763313609
0 0.49026740838335053 0.21691138870626023 0.039525691699604744 0.05917159763313609
0 0.7302469135802471 0.19345459858280345 0.039525691699604744 0.05917159763313609
0 0.7953959888742499 0.20456570969391466 0.039525691699604744 0.05917159763313609
0 0.8712657980773924 0.2539484257432973 0.039525691699604744 0.05917159763313609
0 0.8597203923290881 0.20826941339761829 0.039525691699604744 0.05917159763313609
0 0.9076757917337628 0.32030645043465544 0.039525691699604744 0.05917159763313609
0 0.941487337139511 0.3912941047556431 0.039525691699604744 0.05917159763313609
0 0.9171595178841556 0.20734348747169246 0.039525691699604744 0.05917159763313609
0 0.908088127653345 0.1456150924099643 0.039525691699604744 0.05917159763313609
0 0.9002537451812814 0.1030224998173717 0.039525691699604744 0.05917159763313609
0 0.9468477040940808 0.10487435166922351 0.039525691699604744 0.05917159763313609
0 0.8351046698872786 0.1567262035210754 0.039525691699604744 0.05917159763313609
0 0.8128385302298345 0.09438052450872975 0.039525691699604744 0.05917159763313609
0 0.7658322353974528 0.1567262035210754 0.039525691699604744 0.05917159763313609
0 0.7592348606841361 0.11722003068156918 0.039525691699604744 0.05917159763313609
0 0.6854267310789051 0.1505533640149026 0.039525691699604744 0.05917159763313609
0 0.6944981213097154 0.11166447512601366 0.039525691699604744 0.05917159763313609
0 0.6305860537744595 0.15857805537292727 0.039525691699604744 0.05917159763313609
0 0.636771092568194 0.11722003068156918 0.039525691699604744 0.05917159763313609
0 0.5724466891133558 0.10981262327416184 0.039525691699604744 0.05917159763313609
0 0.5505928853754941 0.1610471911753964 0.039525691699604744 0.05917159763313609
0 0.9382412383663558 0.6872747546721188 0.039525691699604744 0.05917159763313609
0 0.4964776824419548 0.11200047194328686 0.039525691699604744 0.05917159763313609
0 0.5091538246492546 0.1417306508361868 0.039525691699604744 0.05917159763313609
0 0.4461956516863319 0.16576781674959534 0.039525691699604744 0.05917159763313609
0 0.6443660081937869 0.19233521065388895 0.039525691699604744 0.05917159763313609
0 0.5695767691707174 0.21194447758324847 0.039525691699604744 0.05917159763313609
0 0.3223283472475423 0.08037262205722298 0.039525691699604744 0.05917159763313609
0 0.015086935706171511 0.020832024283700654 0.039525691699604744 0.05917159763313609
0 0.0647252396264254 0.02715633041076807 0.039525691699604744 0.05917159763313609
0 0.09746539753127369 0.06194001410963913 0.039525691699604744 0.05917159763313609
0 0.15238437208134178 0.05245355491903792 0.039525691699604744 0.05917159763313609
0 0.12492488480630776 0.04138601919666989 0.039525691699604744 0.05917159763313609
0 0.17667545697848724 0.04929140185550429 0.039525691699604744 0.05917159763313609
0 0.241099638662221 0.03664278960136928 0.039525691699604744 0.05917159763313609
0 0.2601100529295523 0.06194001410963913 0.039525691699604744 0.05917159763313609
0 0.2875695402045863 0.03348063653783549 0.039525691699604744 0.05917159763313609
0 0.3424885147546544 0.023994177347234278 0.039525691699604744 0.05917159763313609
0 0.39001455042298266 0.023994177347234278 0.039525691699604744 0.05917159763313609
0 0.39951975755664826 0.06352109064140611 0.039525691699604744 0.05917159763313609
0 0.45021419560286485 0.057196784514338524 0.039525691699604744 0.05917159763313609
0 0.45866326861056783 0.030318483474301865 0.039525691699604744 0.05917159763313609
0 0.5104138407827474 0.03348063653783549 0.039525691699604744 0.05917159763313609
0 0.5156945114125615 0.06194001410963913 0.039525691699604744 0.05917159763313609
0 0.5790625589703324 0.07142647330024035 0.039525691699604744 0.05917159763313609
0 0.561108278828964 0.030318483474301865 0.039525691699604744 0.05917159763313609
0 0.6118027168751807 0.022413100815467466 0.039525691699604744 0.05917159763313609
0 0.6403183382761778 0.07458862636377414 0.039525691699604744 0.05917159763313609
0 0.694181178700283 0.06035893757787232 0.039525691699604744 0.05917159763313609
0 0.6889005080704687 0.03189956000606868 0.039525691699604744 0.05917159763313609
0 0.7332581413609084 0.023994177347234278 0.039525691699604744 0.05917159763313609
0 0.7564930921320909 0.07616970289554095 0.039525691699604744 0.05917159763313609
0 0.8029629936744562 0.06510216717317292 0.039525691699604744 0.05917159763313609
0 0.7945139206667534 0.030318483474301865 0.039525691699604744 0.05917159763313609
0 0.8293663468235274 0.012926641624866252 0.039525691699604744 0.05917159763313609
0 0.9962355387256575 0.07775077942730776 0.039525691699604744 0.05917159763313609
0 0.9634953808208092 0.24218273873106202 0.039525691699604744 0.05917159763313609
0 0.9613831125688835 0.1552235294838843 0.039525691699604744 0.05917159763313609
0 0.9898987339698804 0.32281764185117234 0.039525691699604744 0.05917159763313609
0 0.9719444538285119 0.4919928307502272 0.039525691699604744 0.05917159763313609
0 0.9687760514506235 0.8524782799930729 0.039525691699604744 0.05917159763313609
0 0.9504257210120189 0.0031553204630127133 0.039525691699604744 0.05917159763313609
0 0.6680418590827023 0.0032502744534301273 0.039525691699604744 0.05917159763313609
0 0.8708196112675691 0.06649333572410483 0.039525691699604744 0.05917159763313609
0 0.9341876588253399 0.05858795306527051 0.039525691699604744 0.05917159763313609
0 0.0414902888552427 0.07616970289554095 0.039525691699604744 0.05917159763313609
0 0.7737154150197629 0.018417972559984112 0.039525691699604744 0.05917159763313609
0 0.09239673370108153 0.010940243188763622 0.039525691699604744 0.05917159763313609
0 0.19429483559918342 0.021409064308472343 0.039525691699604744 0.05917159763313609
