0 0.03446060429900167 0.6839724293422934 0.01953125 0.02677376171352075
0 0.06226339184437369 0.5968580917742353 0.01953125 0.02677376171352075
0 0.017249354866152315 0.5369669846961954 0.01953125 0.02677376171352075
0 0.10860137108666047 0.5188181643695167 0.01953125 0.02677376171352075
0 0.18671396466651527 0.5188181643695167 0.01953125 0.02677376171352075
0 0.2635026159823048 0.5823390355128923 0.01953125 0.02677376171352075
0 0.2979251148480035 0.5950432097415674 0.01953125 0.02677376171352075
0 0.15493935032894726 0.6186366761662498 0.01953125 0.02677376171352075
0 0.10860137108666047 0.7220849520283189 0.01953125 0.02677376171352075
0 0.3733898238997277 0.5024842260755058 0.01953125 0.02677376171352075
0 0.42105174540607976 0.5024842260755058 0.01953125 0.02677376171352075
0 0.4409108793670598 0.6258962042969214 0.01953125 0.02677376171352075
0 0.49122068540154257 0.6004878558395711 0.01953125 0.02677376171352075
0 0.5097558770984574 0.5333372206308598 0.01953125 0.02677376171352075
0 0.5441783759641561 0.5115586362388451 0.01953125 0.02677376171352075
0 0.5746290480376588 0.5151884003041809 0.01953125 0.02677376171352075
0 0.556093856340744 0.5841539175455602 0.01953125 0.02677376171352075
0 0.5613896253970054 0.6640087269829469 0.01953125 0.02677376171352075
0 0.6461219302971868 0.5369669846961954 0.01953125 0.02677376171352075
0 0.6951077940676043 0.49340981591216637 0.01953125 0.02677376171352075
0 0.729530292933303 0.4788907596508234 0.01953125 0.02677376171352075
0 0.7560091382146097 0.529707456565524 0.01953125 0.02677376171352075
0 0.7957274061365698 0.49885446201017003 0.01953125 0.02677376171352075
0 0.8380935585866605 0.48978005184683066 0.01953125 0.02677376171352075
0 0.8380935585866605 0.5841539175455602 0.01953125 0.02677376171352075
0 0.8857554800930125 0.5496711589248706 0.01953125 0.02677376171352075
0 0.8831075955648819 0.4680014674548161 0.01953125 0.02677376171352075
0 0.9519525932962793 0.4680014674548161 0.01953125 0.02677376171352075
0 0.9532765355603448 0.42807406273612286 0.01953125 0.02677376171352075
0 0.930769517071234 0.6676384910482827 0.01953125 0.02677376171352075
0 0.8142625978334845 0.7075658957669758 0.01953125 0.02677376171352075
0 0.02210824069872963 0.39631362716443513 0.01953125 0.02677376171352075
0 0.03402372107531765 0.3454969302497346 0.01953125 0.02677376171352075
0 0.01879838503856629 0.32281090484138614 0.01953125 0.02677376171352075
0 0.007544875794010919 0.2765314130083552 0.01953125 0.02677376171352075
0 0.06116453748865702 0.28923558723703036 0.01953125 0.02677376171352075
0 0.06116453748865702 0.21754774694664927 0.01953125 0.02677376171352075
0 0.10088280541061712 0.22389983406098685 0.01953125 0.02677376171352075
0 0.12140391050362981 0.21482542389764747 0.01953125 0.02677376171352075
0 0.10419266107078046 0.18669475239129538 0.01953125 0.02677376171352075
0 0.12007996823956446 0.24295609540399954 0.01953125 0.02677376171352075
0 0.11544617031533577 0.2710867669103516 0.01953125 0.02677376171352075
0 0.09823492088248642 0.32371834585772 0.01953125 0.02677376171352075
0 0.06315045088475502 0.3173662587433824 0.01953125 0.02677376171352075
0 0.06447439314882036 0.4625568213568126 0.01953125 0.02677376171352075
0 0.07771381578947373 0.4090178013931102 0.01953125 0.02677376171352075
0 0.11213631465517243 0.39359130411543325 0.01953125 0.02677376171352075
0 0.15185458257713252 0.3908689810664315 0.01953125 0.02677376171352075
0 0.13000953522005448 0.32099602280871825 0.01953125 0.02677376171352075
0 0.15913626502949185 0.28742070520436247 0.01953125 0.02677376171352075
0 0.14722078465290384 0.24658585946933523 0.01953125 0.02677376171352075
0 0.16641794748185118 0.23025192117532445 0.01953125 0.02677376171352075
0 0.15715035163339386 0.20121380865263838 0.01953125 0.02677376171352075
0 0.16972780314201452 0.1821575473096257 0.01953125 0.02677376171352075
0 0.18892496597096192 0.2048435727179741 0.01953125 0.02677376171352075
0 0.18892496597096192 0.24749330048566923 0.01953125 0.02677376171352075
0 0.16906583200998188 0.2683644438613498 0.01953125 0.02677376171352075
0 0.18760102370689657 0.30829184858004305 0.01953125 0.02677376171352075
0 0.20812212879990927 0.2883281462206964 0.01953125 0.02677376171352075
0 0.22533337823275862 0.2529379465836728 0.01953125 0.02677376171352075
0 0.22467140710072597 0.22480727507732076 0.01953125 0.02677376171352075
0 0.23129111842105265 0.21391798288131347 0.01953125 0.02677376171352075
0 0.24320659879764067 0.1993989266199705 0.01953125 0.02677376171352075
0 0.22334746483666063 0.18397242934229352 0.01953125 0.02677376171352075
0 0.2114319844600726 0.1885096344239632 0.01953125 0.02677376171352075
0 0.20878409993194197 0.22117751101198505 0.01953125 0.02677376171352075
0 0.17369962993421056 0.4489452061118035 0.01953125 0.02677376171352075
0 0.17171371653811257 0.4026657142787726 0.01953125 0.02677376171352075
0 0.2001784752155173 0.42988894476879075 0.01953125 0.02677376171352075
0 0.23393900294918335 0.45166752916080527 0.01953125 0.02677376171352075
0 0.19620664842332125 0.3545713404130739 0.01953125 0.02677376171352075
0 0.22202352257259528 0.33642252008639517 0.01953125 0.02677376171352075
0 0.23923477200544468 0.31645881772704854 0.01953125 0.02677376171352075
0 0.25776996370235933 0.3327927560210594 0.01953125 0.02677376171352075
0 0.24784039672186936 0.28742070520436247 0.01953125 0.02677376171352075
0 0.25776996370235933 0.2601974747143444 0.01953125 0.02677376171352075
0 0.2630657327586207 0.23932633133866382 0.01953125 0.02677376171352075
0 0.2736572708711434 0.23660400828966194 0.01953125 0.02677376171352075
0 0.2749812131352087 0.21210310084864567 0.01953125 0.02677376171352075
0 0.29020654917196004 0.19213939848929898 0.01953125 0.02677376171352075
0 0.2769671265313068 0.1821575473096257 0.01953125 0.02677376171352075
0 0.3080797697368421 0.19849148560363658 0.01953125 0.02677376171352075
0 0.31734736558529947 0.1821575473096257 0.01953125 0.02677376171352075
0 0.29417837596415614 0.22480727507732076 0.01953125 0.02677376171352075
0 0.3054318852087114 0.24295609540399954 0.01953125 0.02677376171352075
0 0.31668539445326677 0.23297424422432625 0.01953125 0.02677376171352075
0 0.32131919237749546 0.21482542389764747 0.01953125 0.02677376171352075
0 0.3338966438861161 0.1857873113749614 0.01953125 0.02677376171352075
0 0.3484600087908349 0.19849148560363658 0.01953125 0.02677376171352075
0 0.3398543840744102 0.20756589576697596 0.01953125 0.02677376171352075
0 0.3378684706783122 0.23751144930599585 0.01953125 0.02677376171352075
0 0.3530938067150636 0.22389983406098685 0.01953125 0.02677376171352075
0 0.32992481709392013 0.26201235674701223 0.01953125 0.02677376171352075
0 0.3021220295485481 0.2710867669103516 0.01953125 0.02677376171352075
0 0.2948403470961887 0.2846983821553607 0.01953125 0.02677376171352075
0 0.2789530399274048 0.2729016489430195 0.01953125 0.02677376171352075
0 0.2710093863430127 0.3001248794330377 0.01953125 0.02677376171352075
0 0.24254462766560797 0.3845168939520939 0.01953125 0.02677376171352075
0 0.31999525011343016 0.45983449830781076 0.01953125 0.02677376171352075
0 0.32793890369782214 0.4090178013931102 0.01953125 0.02677376171352075
0 0.29616428936025413 0.3291629919557236 0.01953125 0.02677376171352075
0 0.32595299030172414 0.34005228415173094 0.01953125 0.02677376171352075
0 0.3338966438861161 0.31373649467804676 0.01953125 0.02677376171352075
0 0.32860087482985484 0.28923558723703036 0.01953125 0.02677376171352075
0 0.35375577784709616 0.28742070520436247 0.01953125 0.02677376171352075
0 0.3477980376588022 0.2665495618286819 0.01953125 0.02677376171352075
0 0.35838957577132485 0.25021562353467103 0.01953125 0.02677376171352075
0 0.36567125822368424 0.2638272387796801 0.01953125 0.02677376171352075
0 0.3808965942604356 0.2493081825183371 0.01953125 0.02677376171352075
0 0.3729529406760435 0.22843703914265653 0.01953125 0.02677376171352075
0 0.36633322935571694 0.1966766035709687 0.01953125 0.02677376171352075
0 0.3848684210526316 0.20302869068530627 0.01953125 0.02677376171352075
0 0.3835444787885663 0.1821575473096257 0.01953125 0.02677376171352075
0 0.40075572822141564 0.1957691625546347 0.01953125 0.02677376171352075
0 0.415981064258167 0.2021212496689723 0.01953125 0.02677376171352075
0 0.42657260237068967 0.1993989266199705 0.01953125 0.02677376171352075
0 0.39744587256125224 0.21845518796298316 0.01953125 0.02677376171352075
0 0.421938804446461 0.22480727507732076 0.01953125 0.02677376171352075
0 0.4126712085980036 0.24477097743666743 0.01953125 0.02677376171352075
0 0.4245866889745917 0.2538453876000068 0.01953125 0.02677376171352075
0 0.4166430353901996 0.265642120812348 0.01953125 0.02677376171352075
0 0.39016419010889297 0.2792537360573571 0.01953125 0.02677376171352075
0 0.3789106808643376 0.281068618090025 0.01953125 0.02677376171352075
0 0.4080374106737749 0.29377279231870007 0.01953125 0.02677376171352075
0 0.3815585653924683 0.31918114077605036 0.01953125 0.02677376171352075
0 0.3782487097323049 0.39903595021343696 0.01953125 0.02677376171352075
0 0.3524318355830309 0.39903595021343696 0.01953125 0.02677376171352075
0 0.39215010350499097 0.45983449830781076 0.01953125 0.02677376171352075
0 0.415981064258167 0.40538803732777445 0.01953125 0.02677376171352075
0 0.40009375708938294 0.3609234275274115 0.01953125 0.02677376171352075
0 0.43186837142695095 0.32734810992305574 0.01953125 0.02677376171352075
0 0.42723457350272237 0.2883281462206964 0.01953125 0.02677376171352075
0 0.43650216935117964 0.2629197977633462 0.01953125 0.02677376171352075
0 0.4444458229355717 0.24023377235499774 0.01953125 0.02677376171352075
0 0.4470937074637023 0.1993989266199705 0.01953125 0.02677376171352075
0 0.4583472167082577 0.21754774694664927 0.01953125 0.02677376171352075
0 0.46893875482078035 0.2021212496689723 0.01953125 0.02677376171352075
0 0.4861500042536298 0.20121380865263838 0.01953125 0.02677376171352075
0 0.4940936578380218 0.19486172153830078 0.01953125 0.02677376171352075
0 0.4808542351973684 0.1821575473096257 0.01953125 0.02677376171352075
0 0.46298101463248637 0.1803426652769578 0.01953125 0.02677376171352075
0 0.47357255274500903 0.22389983406098685 0.01953125 0.02677376171352075
0 0.4868119753856624 0.21754774694664927 0.01953125 0.02677376171352075
0 0.4874739465176951 0.24567841845300134 0.01953125 0.02677376171352075
0 0.47423452387704174 0.2538453876000068 0.01953125 0.02677376171352075
0 0.4583472167082577 0.24023377235499774 0.01953125 0.02677376171352075
0 0.4874739465176951 0.2629197977633462 0.01953125 0.02677376171352075
0 0.4940936578380218 0.2856058231716946 0.01953125 0.02677376171352075
0 0.46629087029264976 0.281068618090025 0.01953125 0.02677376171352075
0 0.4510655342558984 0.2665495618286819 0.01953125 0.02677376171352075
0 0.4451077940676043 0.2828835001226928 0.01953125 0.02677376171352075
0 0.47423452387704174 0.31645881772704854 0.01953125 0.02677376171352075
0 0.4967415423661525 0.31918114077605036 0.01953125 0.02677376171352075
0 0.4795302929333031 0.3582011044784097 0.01953125 0.02677376171352075
0 0.4484176497277677 0.368182955658083 0.01953125 0.02677376171352075
0 0.451727505387931 0.40811036037677634 0.01953125 0.02677376171352075
0 0.4894598599137931 0.4534824111934732 0.01953125 0.02677376171352075
0 0.5335868378516333 0.4652791444058143 0.01953125 0.02677376171352075
0 0.5077699637023594 0.40629547834410834 0.01953125 0.02677376171352075
0 0.53027698219147 0.35729366346207564 0.01953125 0.02677376171352075
0 0.534248808983666 0.28742070520436247 0.01953125 0.02677376171352075
0 0.5110798193625227 0.29649511536770184 0.01953125 0.02677376171352075
0 0.514389675022686 0.2620123567470122 0.01953125 0.02677376171352075
0 0.5077699637023594 0.23388168524066008 0.01953125 0.02677376171352075
0 0.514389675022686 0.2139179828813134 0.01953125 0.02677376171352075
0 0.5183615018148819 0.19213939848929892 0.01953125 0.02677376171352075
0 0.5077699637023594 0.18397242934229352 0.01953125 0.02677376171352075
0 0.5289530399274047 0.1885096344239632 0.01953125 0.02677376171352075
0 0.5441783759641561 0.2111956598323116 0.01953125 0.02677376171352075
0 0.5501361161524501 0.19213939848929892 0.01953125 0.02677376171352075
0 0.5534459718126135 0.22389983406098676 0.01953125 0.02677376171352075
0 0.566023423321234 0.2039361317016401 0.01953125 0.02677376171352075
0 0.5819107304900182 0.20938077779964379 0.01953125 0.02677376171352075
0 0.6004459221869328 0.190324516456631 0.01953125 0.02677376171352075
0 0.6064036623752269 0.21936262897931708 0.01953125 0.02677376171352075
0 0.5858825572822142 0.22934448015899037 0.01953125 0.02677376171352075
0 0.5587417408688747 0.25293794658367275 0.01953125 0.02677376171352075
0 0.5402065491719601 0.24840074150200314 0.01953125 0.02677376171352075
0 0.5276290976633393 0.24023377235499765 0.01953125 0.02677376171352075
0 0.5607276542649727 0.40629547834410834 0.01953125 0.02677376171352075
0 0.5613896253970054 0.35729366346207564 0.01953125 0.02677376171352075
0 0.5435164048321234 0.3273481099230557 0.01953125 0.02677376171352075
0 0.5832346727540834 0.28742070520436247 0.01953125 0.02677376171352075
0 0.5898543840744102 0.264734679796014 0.01953125 0.02677376171352075
0 0.5997839510549001 0.24114121337133157 0.01953125 0.02677376171352075
0 0.6037557778470961 0.2683644438613497 0.01953125 0.02677376171352075
0 0.6110374602994555 0.2928653513023661 0.01953125 0.02677376171352075
0 0.5958121242627041 0.3246257868740539 0.01953125 0.02677376171352075
0 0.6514176993534482 0.42807406273612286 0.01953125 0.02677376171352075
0 0.6308965942604354 0.39812850919710296 0.01953125 0.02677376171352075
0 0.6130233736955535 0.3709052787070848 0.01953125 0.02677376171352075
0 0.6017698644509981 0.3944987451317672 0.01953125 0.02677376171352075
0 0.6196430850158801 0.3409597251680648 0.01953125 0.02677376171352075
0 0.6322205365245008 0.30193976146570545 0.01953125 0.02677376171352075
0 0.6428120746370236 0.2865132641880285 0.01953125 0.02677376171352075
0 0.6381782767127948 0.25384538760000674 0.01953125 0.02677376171352075
0 0.6189811138838475 0.25747515166534246 0.01953125 0.02677376171352075
0 0.6289106808643374 0.21936262897931708 0.01953125 0.02677376171352075
0 0.6216289984119783 0.2075658957669759 0.01953125 0.02677376171352075
0 0.6428120746370236 0.220270069995651 0.01953125 0.02677376171352075
0 0.652079670485481 0.20030636763630438 0.01953125 0.02677376171352075
0 0.6487698148253176 0.18397242934229352 0.01953125 0.02677376171352075
0 0.6269247674682394 0.1848798703586274 0.01953125 0.02677376171352075
0 0.6355303921846642 0.3627383095600794 0.01953125 0.02677376171352075
0 0.6428120746370236 0.3246257868740539 0.01953125 0.02677376171352075
0 0.654065583881579 0.2992174384167036 0.01953125 0.02677376171352075
0 0.6679669776542649 0.28742070520436247 0.01953125 0.02677376171352075
0 0.6785585157667875 0.2701793258940176 0.01953125 0.02677376171352075
0 0.6692909199183303 0.24658585946933523 0.01953125 0.02677376171352075
0 0.6507557282214156 0.24114121337133157 0.01953125 0.02677376171352075
0 0.6666430353901995 0.2175477469466492 0.01953125 0.02677376171352075
0 0.6818683714269509 0.20665845475064198 0.01953125 0.02677376171352075
0 0.6924599095394737 0.22752959812632256 0.01953125 0.02677376171352075
0 0.6812064002949183 0.23206680320799217 0.01953125 0.02677376171352075
0 0.6997415919918331 0.24477097743666734 0.01953125 0.02677376171352075
0 0.7030514476519962 0.27290164894301944 0.01953125 0.02677376171352075
0 0.7189387548207804 0.24930818251833703 0.01953125 0.02677376171352075
0 0.7202626970848456 0.2229923930446528 0.01953125 0.02677376171352075
0 0.7083472167082576 0.2111956598323116 0.01953125 0.02677376171352075
0 0.6997415919918331 0.18941707544029712 0.01953125 0.02677376171352075
0 0.7143049568965516 0.18125010629329164 0.01953125 0.02677376171352075
0 0.721586639348911 0.190324516456631 0.01953125 0.02677376171352075
0 0.733502119725499 0.2148254238976474 0.01953125 0.02677376171352075
0 0.7467415423661523 0.24930818251833703 0.01953125 0.02677376171352075
0 0.7579950516107077 0.26382723877968 0.01953125 0.02677376171352075
0 0.7765302433076224 0.25747515166534246 0.01953125 0.02677376171352075
0 0.7666006763271325 0.23841889032232977 0.01953125 0.02677376171352075
0 0.7586570227427405 0.220270069995651 0.01953125 0.02677376171352075
0 0.7566711093466425 0.23841889032232977 0.01953125 0.02677376171352075
0 0.7599809650068057 0.19758404458730258 0.01953125 0.02677376171352075
0 0.7202626970848456 0.3028472024820394 0.01953125 0.02677376171352075
0 0.7381359176497277 0.27653141300835515 0.01953125 0.02677376171352075
0 0.6798824580308529 0.34458948923340055 0.01953125 0.02677376171352075
0 0.6765726023706895 0.3101067306127109 0.01953125 0.02677376171352075
0 0.6865021693511797 0.3808871298867581 0.01953125 0.02677376171352075
0 0.6659810642581669 0.3935913041154332 0.01953125 0.02677376171352075
0 0.7043753899160616 0.34458948923340055 0.01953125 0.02677376171352075
0 0.733502119725499 0.322810904841386 0.01953125 0.02677376171352075
0 0.7573330804786751 0.3028472024820394 0.01953125 0.02677376171352075
0 0.7513753402903811 0.338237402119063 0.01953125 0.02677376171352075
0 0.7765302433076224 0.322810904841386 0.01953125 0.02677376171352075
0 0.7341640908575318 0.3645531915927472 0.01953125 0.02677376171352075
0 0.7010655342558982 0.4144624474911138 0.01953125 0.02677376171352075
0 0.6792204868988203 0.4507600881444713 0.01953125 0.02677376171352075
0 0.729530292933303 0.42172197562178526 0.01953125 0.02677376171352075
0 0.7659387051950997 0.38542433496842776 0.01953125 0.02677376171352075
0 0.7818260123638838 0.42172197562178526 0.01953125 0.02677376171352075
0 0.8314738472663339 0.4362410318831283 0.01953125 0.02677376171352075
0 0.8043330308529946 0.382702011919426 0.01953125 0.02677376171352075
0 0.7983752906647004 0.33914484313539695 0.01953125 0.02677376171352075
0 0.8010231751928312 0.3064769665473751 0.01953125 0.02677376171352075
0 0.7924175504764064 0.2801611770736909 0.01953125 0.02677376171352075
0 0.8188963957577131 0.24930818251833703 0.01953125 0.02677376171352075
0 0.8195583668897459 0.22571471609365468 0.01953125 0.02677376171352075
0 0.8195583668897459 0.20665845475064198 0.01953125 0.02677376171352075
0 0.8096287999092557 0.1848798703586274 0.01953125 0.02677376171352075
0 0.7996992329287658 0.21664030593031527 0.01953125 0.02677376171352075
0 0.7924175504764064 0.19486172153830073 0.01953125 0.02677376171352075
0 0.7818260123638838 0.17308313714628623 0.01953125 0.02677376171352075
0 0.859276634811706 0.2039361317016401 0.01953125 0.02677376171352075
0 0.8341217317944645 0.19213939848929892 0.01953125 0.02677376171352075
0 0.8400794719827585 0.17217569612995226 0.01953125 0.02677376171352075
0 0.8572907214156078 0.24477097743666734 0.01953125 0.02677376171352075
0 0.8473611544351178 0.2892355872370303 0.01953125 0.02677376171352075
0 0.8327977895303993 0.2937727923187 0.01953125 0.02677376171352075
0 0.8294879338702359 0.32553322789038786 0.01953125 0.02677376171352075
0 0.8546428368874772 0.3627383095600794 0.01953125 0.02677376171352075
0 0.9027416416175136 0.249308182518337 0.01953125 0.02677376171352075
0 0.8954599591651542 0.23932633133866368 0.01953125 0.02677376171352075
0 0.8808965942604357 0.19758404458730253 0.01953125 0.02677376171352075
0 0.9239247178425589 0.19758404458730253 0.01953125 0.02677376171352075
0 0.9821781774614338 0.22027006999565094 0.01953125 0.02677376171352075
0 0.9431218806715063 0.2828835001226927 0.01953125 0.02677376171352075
0 0.9179669776542649 0.35547878142940775 0.01953125 0.02677376171352075
0 0.8722909695440109 0.4180922115564495 0.01953125 0.02677376171352075
0 0.9828401485934664 0.3337001970373933 0.01953125 0.02677376171352075
0 0.7454176001020869 0.6131920300682462 0.01953125 0.02677376171352075
0 0.030713865415154307 0.1826112678177927 0.01953125 0.02677376171352075
0 0.014164587114337601 0.16264756545844603 0.01953125 0.02677376171352075
0 0.008868818058076267 0.19622288306280178 0.01953125 0.02677376171352075
0 0.10022083427858441 0.16219384495027905 0.01953125 0.02677376171352075
0 0.1207419393715971 0.16310128596661297 0.01953125 0.02677376171352075
0 0.11213631465517243 0.16219384495027905 0.01953125 0.02677376171352075
0 0.1919038360651089 0.16037896291761114 0.01953125 0.02677376171352075
0 0.20282635974364793 0.15266571427877268 0.01953125 0.02677376171352075
0 0.19488270615925596 0.11772923514991605 0.01953125 0.02677376171352075
0 0.22169253700657898 0.16310128596661297 0.01953125 0.02677376171352075
0 0.216727753516334 0.13814665801742965 0.01953125 0.02677376171352075
0 0.24088969983552638 0.14132270157459845 0.01953125 0.02677376171352075
0 0.24386856992967337 0.1540268758032736 0.01953125 0.02677376171352075
0 0.2372488586093467 0.17988894476879086 0.01953125 0.02677376171352075
0 0.231622103987069 0.17036081409728446 0.01953125 0.02677376171352075
0 0.2597558770984574 0.1794352242606238 0.01953125 0.02677376171352075
0 0.2703474152109801 0.1612864039339451 0.01953125 0.02677376171352075
0 0.2852417656817151 0.16037896291761114 0.01953125 0.02677376171352075
0 0.2928544337000908 0.15584175783594145 0.01953125 0.02677376171352075
0 0.29947414502041747 0.15357315529510662 0.01953125 0.02677376171352075
0 0.30973469756692384 0.16083268342577814 0.01953125 0.02677376171352075
0 0.31436849549115253 0.14404502462360025 0.01953125 0.02677376171352075
0 0.27663614096529043 0.1317945709030921 0.01953125 0.02677376171352075
0 0.3329036871880672 0.16582360901561485 0.01953125 0.02677376171352075
0 0.3180093367173321 0.16899965257278365 0.01953125 0.02677376171352075
0 0.34548113869668784 0.1594715219012773 0.01953125 0.02677376171352075
0 0.34912197992286753 0.13043340937859124 0.01953125 0.02677376171352075
0 0.36136844586547184 0.13678549649292882 0.01953125 0.02677376171352075
0 0.3550797201111615 0.1354243349684279 0.01953125 0.02677376171352075
0 0.3716289984119782 0.14177642208276547 0.01953125 0.02677376171352075
0 0.35905154690335755 0.1522119937706058 0.01953125 0.02677376171352075
0 0.3716289984119782 0.16037896291761125 0.01953125 0.02677376171352075
0 0.35739661907327586 0.17036081409728457 0.01953125 0.02677376171352075
0 0.39347404576905626 0.16128640393394517 0.01953125 0.02677376171352075
0 0.40075572822141564 0.14495246563993427 0.01953125 0.02677376171352075
0 0.405058540579628 0.12317388124791975 0.01953125 0.02677376171352075
0 0.414988107560118 0.11636807362541521 0.01953125 0.02677376171352075
0 0.41399515086206895 0.13224829141125913 0.01953125 0.02677376171352075
0 0.4103543096358893 0.1444987451317673 0.01953125 0.02677376171352075
0 0.4096923385038566 0.16355500647478 0.01953125 0.02677376171352075
0 0.4057205117116606 0.1753517396871212 0.01953125 0.02677376171352075
0 0.423924717842559 0.1753517396871212 0.01953125 0.02677376171352075
0 0.4325303425589837 0.17716662171978909 0.01953125 0.02677376171352075
0 0.43617118378516334 0.1608326834257782 0.01953125 0.02677376171352075
0 0.42855851576678766 0.1531194347869397 0.01953125 0.02677376171352075
0 0.41929091991833034 0.14903595021343702 0.01953125 0.02677376171352075
0 0.42061486218239563 0.13451689395209396 0.01953125 0.02677376171352075
0 0.43054442916288566 0.11682179413358218 0.01953125 0.02677376171352075
0 0.43782611161524504 0.12589620429692155 0.01953125 0.02677376171352075
0 0.44279089510549 0.11137714803557855 0.01953125 0.02677376171352075
0 0.4444458229355717 0.1721756961299524 0.01953125 0.02677376171352075
0 0.45338243321801275 0.1753517396871212 0.01953125 0.02677376171352075
0 0.4616570723684211 0.13905409903376367 0.01953125 0.02677376171352075
0 0.47092466821687845 0.16037896291761125 0.01953125 0.02677376171352075
0 0.47599534936479126 0.12589620429692155 0.01953125 0.02677376171352075
0 0.4832770318171506 0.13905409903376367 0.01953125 0.02677376171352075
0 0.4895657575714609 0.134063173443927 0.01953125 0.02677376171352075
0 0.48360801738316694 0.15538803732777454 0.01953125 0.02677376171352075
0 0.49949532455195095 0.14631362716443513 0.01953125 0.02677376171352075
0 0.49552349775975496 0.1662773295237818 0.01953125 0.02677376171352075
0 0.4961854688917876 0.12725736582142244 0.01953125 0.02677376171352075
0 0.503467151344147 0.1163680736254152 0.01953125 0.02677376171352075
0 0.5286220543613884 0.11455319159274732 0.01953125 0.02677376171352075
0 0.523326285305127 0.12907224785409033 0.01953125 0.02677376171352075
0 0.5167065739848002 0.1354243349684279 0.01953125 0.02677376171352075
0 0.5153826317207351 0.1617401244421121 0.01953125 0.02677376171352075
0 0.5276290976633393 0.1440450246236003 0.01953125 0.02677376171352075
0 0.532262895587568 0.134063173443927 0.01953125 0.02677376171352075
0 0.5421924625680581 0.1431375836072664 0.01953125 0.02677376171352075
0 0.5517910439825318 0.11954411718258398 0.01953125 0.02677376171352075
0 0.558079769736842 0.12453504277242064 0.01953125 0.02677376171352075
0 0.5464952749262704 0.15765663986860942 0.01953125 0.02677376171352075
0 0.5362347223797641 0.15901780139311028 0.01953125 0.02677376171352075
0 0.5229952997391107 0.17444429867078726 0.01953125 0.02677376171352075
0 0.5603966686989564 0.17580546019528817 0.01953125 0.02677376171352075
0 0.5683403222833484 0.1467673476726021 0.01953125 0.02677376171352075
0 0.5769459469997731 0.14268386309909942 0.01953125 0.02677376171352075
0 0.5888614273763612 0.14903595021343696 0.01953125 0.02677376171352075
0 0.5918402974705081 0.1354243349684279 0.01953125 0.02677376171352075
0 0.6004459221869328 0.13224829141125913 0.01953125 0.02677376171352075
0 0.6047487345451452 0.1531194347869397 0.01953125 0.02677376171352075
0 0.6030938067150635 0.16945337308095063 0.01953125 0.02677376171352075
0 0.5888614273763612 0.16400872698294697 0.01953125 0.02677376171352075
0 0.5825727016220508 0.18079638578512483 0.01953125 0.02677376171352075
0 0.6941148373695554 0.17852778324428994 0.01953125 0.02677376171352075
0 0.6881570971812614 0.16673105003194877 0.01953125 0.02677376171352075
0 0.683854284823049 0.13088712988675816 0.01953125 0.02677376171352075
0 0.6752486601066243 0.19440800103013386 0.01953125 0.02677376171352075
0 0.6613472663339383 0.1817038268014587 0.01953125 0.02677376171352075
0 0.6557205117116606 0.17217569612995237 0.01953125 0.02677376171352075
0 0.6451289735991379 0.16355500647477994 0.01953125 0.02677376171352075
0 0.6477768581272686 0.13134085039492513 0.01953125 0.02677376171352075
0 0.7215866393489111 0.16174012444211208 0.01953125 0.02677376171352075
0 0.7464105568001361 0.1817038268014587 0.01953125 0.02677376171352075
0 0.7431007011399728 0.1540268758032736 0.01953125 0.02677376171352075
0 0.8238611792479582 0.15947152190127725 0.01953125 0.02677376171352075
0 0.6275867386002724 0.17081453460545154 0.01953125 0.02677376171352075
0 0.6318895509584848 0.1444987451317673 0.01953125 0.02677376171352075
0 0.7613049072708713 0.11500691210091435 0.01953125 0.02677376171352075
0 0.7652767340630673 0.11409947108458042 0.01953125 0.02677376171352075
0 0.772889402081443 0.10411761990490709 0.01953125 0.02677376171352075
0 0.7854668535900636 0.11636807362541526 0.01953125 0.02677376171352075
0 0.8003612040607986 0.09549693024973467 0.01953125 0.02677376171352075
0 0.806649929815109 0.10411761990490709 0.01953125 0.02677376171352075
0 0.8129386555694194 0.11046970701924468 0.01953125 0.02677376171352075
0 0.8222062514178767 0.11364575057641345 0.01953125 0.02677376171352075
0 0.8361076451905627 0.10230273787223922 0.01953125 0.02677376171352075
0 0.7914245937783576 0.12317388124791981 0.01953125 0.02677376171352075
0 0.8089668287772234 0.12453504277242071 0.01953125 0.02677376171352075
0 0.8033400741549457 0.11500691210091435 0.01953125 0.02677376171352075
0 0.7930795216084393 0.10366389939674013 0.01953125 0.02677376171352075
