0 0.0077328137490007024 0.8498690669249777 0.01953125 0.030257186081694403
0 0.058092525979216575 0.8473923795910322 0.01953125 0.030257186081694403
0 0.10605415667466023 0.8288172245864427 0.01953125 0.030257186081694403
0 0.16280875299760186 0.8436773485901143 0.01953125 0.030257186081694403
0 0.1915857314148681 0.835008942921306 0.01953125 0.030257186081694403
0 0.19078637090327738 0.7879518835763462 0.01953125 0.030257186081694403
0 0.16360811350919258 0.7966202892451545 0.01953125 0.030257186081694403
0 0.17959532374100717 0.761946666569921 0.01953125 0.030257186081694403
0 0.13962729816147076 0.765661697570839 0.01953125 0.030257186081694403
0 0.1284362509992006 0.7384181368974412 0.01953125 0.030257186081694403
0 0.1164458433253397 0.7594699792359758 0.01953125 0.030257186081694403
0 0.10285671462829732 0.7669000412378115 0.01953125 0.030257186081694403
0 0.10125799360511584 0.7990969765790997 0.01953125 0.030257186081694403
0 0.05569444444444438 0.8040503512469903 0.01953125 0.030257186081694403
0 0.06528677058353313 0.7706150722387295 0.01953125 0.030257186081694403
0 0.002936650679456376 0.761946666569921 0.01953125 0.030257186081694403
0 0.05009892086330928 0.7124129198910161 0.01953125 0.030257186081694403
0 0.004535371702637829 0.6690708915469742 0.01953125 0.030257186081694403
0 0.04290467625899276 0.6814543282167004 0.01953125 0.030257186081694403
0 0.05329636290967222 0.646780705541467 0.01953125 0.030257186081694403
0 0.03810851318944837 0.6381122998726586 0.01953125 0.030257186081694403
0 0.04290467625899276 0.6022003335304524 0.01953125 0.030257186081694403
0 0.013328337330135834 0.5984853025295345 0.01953125 0.030257186081694403
0 0.0213219424460431 0.5452365248497117 0.01953125 0.030257186081694403
0 0.040506594724220565 0.5836251785258632 0.01953125 0.030257186081694403
0 0.040506594724220565 0.5526665868515475 0.01953125 0.030257186081694403
0 0.07807653876898475 0.5563816178524653 0.01953125 0.030257186081694403
0 0.0708822941646682 0.6034386771974252 0.01953125 0.030257186081694403
0 0.08607014388489205 0.6096303955322883 0.01953125 0.030257186081694403
0 0.10365607513988803 0.6108687391992608 0.01953125 0.030257186081694403
0 0.11404776179056751 0.6331589252047681 0.01953125 0.030257186081694403
0 0.12683752997601913 0.5997236461965072 0.01953125 0.030257186081694403
0 0.13003497202238204 0.5724800855231095 0.01953125 0.030257186081694403
0 0.11564648281374894 0.5675267108552189 0.01953125 0.030257186081694403
0 0.14362410071942444 0.5588583051864107 0.01953125 0.030257186081694403
0 0.07887589928057549 0.6987911395543172 0.01953125 0.030257186081694403
0 0.12284072741806552 0.6963144522203719 0.01953125 0.030257186081694403
0 0.14682154276578735 0.666594204213029 0.01953125 0.030257186081694403
0 0.14762090327737806 0.7086978888900982 0.01953125 0.030257186081694403
0 0.13882793764988005 0.8151954442497439 0.01953125 0.030257186081694403
0 0.11404776179056751 0.8003353202460725 0.01953125 0.030257186081694403
0 0.16840427657873697 0.7111745762240435 0.01953125 0.030257186081694403
0 0.17000299760191845 0.6690708915469742 0.01953125 0.030257186081694403
0 0.16520683453237406 0.6096303955322883 0.01953125 0.030257186081694403
0 0.17000299760191845 0.5761951165240274 0.01953125 0.030257186081694403
0 0.1939838129496403 0.5415214938487939 0.01953125 0.030257186081694403
0 0.20117805755395682 0.6220138322020144 0.01953125 0.030257186081694403
0 0.2059742206235012 0.5898168968607262 0.01953125 0.030257186081694403
0 0.19877997601918462 0.666594204213029 0.01953125 0.030257186081694403
0 0.22995503597122302 0.5947702715286166 0.01953125 0.030257186081694403
0 0.24114608313349323 0.5811484911919178 0.01953125 0.030257186081694403
0 0.2835121902478018 0.8015736639130451 0.01953125 0.030257186081694403
0 0.28910771382893685 0.8572991289268134 0.01953125 0.030257186081694403
0 0.3362699840127898 0.821387162584607 0.01953125 0.030257186081694403
0 0.3098910871302958 0.7929052582442367 0.01953125 0.030257186081694403
0 0.321082134292566 0.8238638499185523 0.01953125 0.030257186081694403
0 0.31069044764188647 0.7198429818928519 0.01953125 0.030257186081694403
0 0.2994994004796163 0.7408948242313864 0.01953125 0.030257186081694403
0 0.28431155075939246 0.6752626098818373 0.01953125 0.030257186081694403
0 0.2867096322941647 0.6975527958873446 0.01953125 0.030257186081694403
0 0.3378687050359712 0.7099362325570708 0.01953125 0.030257186081694403
0 0.3626488808952838 0.8226255062515797 0.01953125 0.030257186081694403
0 0.35545463629096724 0.7929052582442367 0.01953125 0.030257186081694403
0 0.39222521982414077 0.7817601652414831 0.01953125 0.030257186081694403
0 0.38583033573141495 0.8139571005827714 0.01953125 0.030257186081694403
0 0.4146073141486811 0.831293911920388 0.01953125 0.030257186081694403
0 0.4305945243804956 0.8486307232580049 0.01953125 0.030257186081694403
0 0.4082124300559552 0.7891902272433189 0.01953125 0.030257186081694403
0 0.429795163868905 0.7805218215745104 0.01953125 0.030257186081694403
0 0.429795163868905 0.7594699792359758 0.01953125 0.030257186081694403
0 0.4082124300559552 0.726034700227715 0.01953125 0.030257186081694403
0 0.40501498800959235 0.706221201556153 0.01953125 0.030257186081694403
0 0.45857214228617105 0.8325322555873608 0.01953125 0.030257186081694403
0 0.4729606314948042 0.7990969765790997 0.01953125 0.030257186081694403
0 0.5041356914468427 0.8300555682534154 0.01953125 0.030257186081694403
0 0.4665657474020784 0.7743301032396473 0.01953125 0.030257186081694403
0 0.46336830535571544 0.7545166045680853 0.01953125 0.030257186081694403
0 0.5089318545163869 0.7706150722387295 0.01953125 0.030257186081694403
0 0.5169254596322943 0.8139571005827714 0.01953125 0.030257186081694403
0 0.5409062749800161 0.8201488189176345 0.01953125 0.030257186081694403
0 0.5784762190247803 0.8263405372524976 0.01953125 0.030257186081694403
0 0.5648870903277379 0.8164337879167166 0.01953125 0.030257186081694403
0 0.5976608713029578 0.8461540359240596 0.01953125 0.030257186081694403
0 0.6304346522781775 0.8337705992543333 0.01953125 0.030257186081694403
0 0.6424250599520384 0.8684442219295668 0.01953125 0.030257186081694403
0 0.670402677857714 0.8535840979258953 0.01953125 0.030257186081694403
0 0.6943834932054358 0.8932110952690193 0.01953125 0.030257186081694403
0 0.7527368105515588 0.8362472865882786 0.01953125 0.030257186081694403
0 0.802297162270184 0.8449156922570871 0.01953125 0.030257186081694403
0 0.8558543165467627 0.8634908472616762 0.01953125 0.030257186081694403
0 0.8598511191047163 0.8251021935855251 0.01953125 0.030257186081694403
0 0.855054956035172 0.7669000412378115 0.01953125 0.030257186081694403
0 0.8342715827338131 0.7805218215745104 0.01953125 0.030257186081694403
0 0.858252398081535 0.7359414495634959 0.01953125 0.030257186081694403
0 0.8342715827338131 0.7297497312286328 0.01953125 0.030257186081694403
0 0.8086920463629097 0.7569932919020306 0.01953125 0.030257186081694403
0 0.790306754596323 0.7359414495634959 0.01953125 0.030257186081694403
0 0.7871093125499601 0.7025061705552351 0.01953125 0.030257186081694403
0 0.7351508792965629 0.7111745762240435 0.01953125 0.030257186081694403
0 0.7551348920863311 0.666594204213029 0.01953125 0.030257186081694403
0 0.7575329736211033 0.7545166045680853 0.01953125 0.030257186081694403
0 0.7743195443645084 0.7743301032396473 0.01953125 0.030257186081694403
0 0.7647272182254199 0.8015736639130451 0.01953125 0.030257186081694403
0 0.7063739008792966 0.8251021935855251 0.01953125 0.030257186081694403
0 0.6863898880895284 0.7891902272433189 0.01953125 0.030257186081694403
0 0.7103707034372503 0.7706150722387295 0.01953125 0.030257186081694403
0 0.7351508792965629 0.7582316355690032 0.01953125 0.030257186081694403
0 0.6871892486011192 0.7433715115653318 0.01953125 0.030257186081694403
0 0.6783962829736212 0.7631850102368937 0.01953125 0.030257186081694403
0 0.6696033173461232 0.732226418562578 0.01953125 0.030257186081694403
0 0.6392276179056756 0.7309880748956055 0.01953125 0.030257186081694403
0 0.6152468025579537 0.7953819455781819 0.01953125 0.030257186081694403
0 0.6448231414868106 0.8300555682534154 0.01953125 0.030257186081694403
0 0.5600909272581935 0.7768067905735927 0.01953125 0.030257186081694403
0 0.5409062749800161 0.7508015735671675 0.01953125 0.030257186081694403
0 0.5696832533972823 0.7681383849047843 0.01953125 0.030257186081694403
0 0.6088519184652279 0.755754948235058 0.01953125 0.030257186081694403
0 0.5936640687450041 0.7049828578891804 0.01953125 0.030257186081694403
0 0.6280365707434054 0.6950761085533993 0.01953125 0.030257186081694403
0 0.6536161071143086 0.7000294832212898 0.01953125 0.030257186081694403
0 0.6736001199040769 0.6963144522203719 0.01953125 0.030257186081694403
0 0.696781574740208 0.706221201556153 0.01953125 0.030257186081694403
0 0.4985401678657075 0.7012678268882625 0.01953125 0.030257186081694403
0 0.4817535971223022 0.6678325478800016 0.01953125 0.030257186081694403
0 0.5009382494004797 0.6393506435396312 0.01953125 0.030257186081694403
0 0.5169254596322943 0.6950761085533993 0.01953125 0.030257186081694403
0 0.5393075539568346 0.7148896072249614 0.01953125 0.030257186081694403
0 0.5425049960031975 0.65297242387633 0.01953125 0.030257186081694403
0 0.5776768585131895 0.6864077028845909 0.01953125 0.030257186081694403
0 0.5632883693045565 0.6517340802093575 0.01953125 0.030257186081694403
0 0.5984602318145485 0.6690708915469742 0.01953125 0.030257186081694403
0 0.6032563948840928 0.6405889872066037 0.01953125 0.030257186081694403
0 0.6208423261390887 0.6542107675433027 0.01953125 0.030257186081694403
0 0.6448231414868106 0.6430656745405491 0.01953125 0.030257186081694403
0 0.6736001199040769 0.6381122998726586 0.01953125 0.030257186081694403
0 0.6783962829736212 0.666594204213029 0.01953125 0.030257186081694403
0 0.43698940847322143 0.6591641422111931 0.01953125 0.030257186081694403
0 0.4281964428457234 0.6009619898634798 0.01953125 0.030257186081694403
0 0.43858812949640297 0.5898168968607262 0.01953125 0.030257186081694403
0 0.4417855715427658 0.5588583051864107 0.01953125 0.030257186081694403
0 0.4937440047961631 0.5613349925203558 0.01953125 0.030257186081694403
0 0.5297152278177458 0.6009619898634798 0.01953125 0.030257186081694403
0 0.5473011590727419 0.617060457534124 0.01953125 0.030257186081694403
0 0.5608902877697843 0.5984853025295345 0.01953125 0.030257186081694403
0 0.5632883693045565 0.5724800855231095 0.01953125 0.030257186081694403
0 0.5417056354916068 0.5774334601909998 0.01953125 0.030257186081694403
0 0.5608902877697843 0.5402831501818212 0.01953125 0.030257186081694403
0 0.5840717426059153 0.5823868348588904 0.01953125 0.030257186081694403
0 0.5992595923261391 0.5885785531937536 0.01953125 0.030257186081694403
0 0.623240407673861 0.5687650545221916 0.01953125 0.030257186081694403
0 0.632033373301359 0.613345426533206 0.01953125 0.030257186081694403
0 0.6080525579536371 0.613345426533206 0.01953125 0.030257186081694403
0 0.5760781374900081 0.6244905195359597 0.01953125 0.030257186081694403
0 0.6728007593924862 0.6121070828662335 0.01953125 0.030257186081694403
0 0.6895873301358914 0.587340209526781 0.01953125 0.030257186081694403
0 0.7031764588329338 0.5848635221928357 0.01953125 0.030257186081694403
0 0.6927847721822542 0.5353297755139308 0.01953125 0.030257186081694403
0 0.6552148281374901 0.5390448065148487 0.01953125 0.030257186081694403
0 0.675998201438849 0.5724800855231095 0.01953125 0.030257186081694403
0 0.6296352917665868 0.5241846825111771 0.01953125 0.030257186081694403
0 0.5960621502797763 0.5254230261781498 0.01953125 0.030257186081694403
0 0.5856704636290968 0.5563816178524653 0.01953125 0.030257186081694403
0 0.5752787769784173 0.5118012458414509 0.01953125 0.030257186081694403
0 0.5520973221422862 0.5118012458414509 0.01953125 0.030257186081694403
0 0.5177248201438849 0.498179465504752 0.01953125 0.030257186081694403
0 0.5113299360511591 0.5415214938487939 0.01953125 0.030257186081694403
0 0.52332034372502 0.5427598375157664 0.01953125 0.030257186081694403
0 0.514527378097522 0.5650500235212736 0.01953125 0.030257186081694403
0 0.4465817346123102 0.5254230261781498 0.01953125 0.030257186081694403
0 0.4769574340527578 0.5217079951772319 0.01953125 0.030257186081694403
0 0.4841516786570744 0.4820809978341078 0.01953125 0.030257186081694403
0 0.45377597921662677 0.4919877471698888 0.01953125 0.030257186081694403
0 0.4465817346123102 0.4746509358322722 0.01953125 0.030257186081694403
0 0.4313938848920864 0.4709359048313543 0.01953125 0.030257186081694403
0 0.41700539568345324 0.49074940350291624 0.01953125 0.030257186081694403
0 0.40981115107913674 0.5328530881799854 0.01953125 0.030257186081694403
0 0.409011790567546 0.514277933175396 0.01953125 0.030257186081694403
0 0.38103417266187056 0.4919877471698888 0.01953125 0.030257186081694403
0 0.40101818545163875 0.4919877471698888 0.01953125 0.030257186081694403
0 0.40021882494004796 0.468459217497409 0.01953125 0.030257186081694403
0 0.42260091926458837 0.4486457188258469 0.01953125 0.030257186081694403
0 0.38982713828936855 0.5625733361873285 0.01953125 0.030257186081694403
0 0.40021882494004796 0.6108687391992608 0.01953125 0.030257186081694403
0 0.4281964428457234 0.6480190492084396 0.01953125 0.030257186081694403
0 0.33547062350119905 0.6083920518653155 0.01953125 0.030257186081694403
0 0.34666167066346926 0.5799101475249452 0.01953125 0.030257186081694403
0 0.30029876099120706 0.5501898995176021 0.01953125 0.030257186081694403
0 0.31868405275779377 0.4994178091717245 0.01953125 0.030257186081694403
0 0.321082134292566 0.6480190492084396 0.01953125 0.030257186081694403
0 0.329875099920064 0.6182988012010966 0.01953125 0.030257186081694403
0 0.3426648681055156 0.6331589252047681 0.01953125 0.030257186081694403
0 0.3754386490807354 0.6443040182075217 0.01953125 0.030257186081694403
0 0.2907064348521183 0.6096303955322883 0.01953125 0.030257186081694403
0 0.2899070743405276 0.5786718038579726 0.01953125 0.030257186081694403
0 0.3578527178257394 0.5018944965056698 0.01953125 0.030257186081694403
0 0.3506584732214229 0.5266613698451222 0.01953125 0.030257186081694403
0 0.36984312549960036 0.5291380571790676 0.01953125 0.030257186081694403
0 0.3258782973621103 0.6257288632029323 0.01953125 0.030257186081694403
0 0.26512689848121507 0.6616408295451384 0.01953125 0.030257186081694403
0 0.26432753796962427 0.7037445142222076 0.01953125 0.030257186081694403
0 0.28271282973621104 0.5130395895084234 0.01953125 0.030257186081694403
0 0.2867096322941647 0.48579602883502565 0.01953125 0.030257186081694403
0 0.28111410871302955 0.4548374371607101 0.01953125 0.030257186081694403
0 0.3074930055955236 0.43997731315703864 0.01953125 0.030257186081694403
0 0.3130885291766587 0.464744186496491 0.01953125 0.030257186081694403
0 0.31069044764188647 0.5415214938487939 0.01953125 0.030257186081694403
0 0.2083723021582734 0.5080862148405331 0.01953125 0.030257186081694403
0 0.2203627098321343 0.5217079951772319 0.01953125 0.030257186081694403
0 0.24194544364508394 0.5266613698451222 0.01953125 0.030257186081694403
0 0.24754096722621904 0.5068478711735603 0.01953125 0.030257186081694403
0 0.25873201438848925 0.5105629021744782 0.01953125 0.030257186081694403
0 0.24913968824940044 0.4474073751588744 0.01953125 0.030257186081694403
0 0.23155375699440445 0.48827271616897105 0.01953125 0.030257186081694403
0 0.25153776978417264 0.48331934150108047 0.01953125 0.030257186081694403
0 0.25153776978417264 0.5613349925203558 0.01953125 0.030257186081694403
0 0.16360811350919258 0.5229463388442045 0.01953125 0.030257186081694403
0 0.12124200639488404 0.5328530881799854 0.01953125 0.030257186081694403
0 0.13403177458033566 0.514277933175396 0.01953125 0.030257186081694403
0 0.16360811350919258 0.5551432741854927 0.01953125 0.030257186081694403
0 0.17479916067146278 0.5960086151955893 0.01953125 0.030257186081694403
0 0.18519084732214228 0.5861018658598084 0.01953125 0.030257186081694403
0 0.013328337330135834 0.458552468161628 0.01953125 0.030257186081694403
0 0.014127697841726546 0.4895110598359435 0.01953125 0.030257186081694403
0 0.023720023980815293 0.42387884548639443 0.01953125 0.030257186081694403
0 0.002936650679456376 0.4015886594808871 0.01953125 0.030257186081694403
0 0.03331235011990401 0.4040653468148324 0.01953125 0.030257186081694403
0 0.05249700239808148 0.43750062582309335 0.01953125 0.030257186081694403
0 0.04929956035171857 0.4102570651496957 0.01953125 0.030257186081694403
0 0.06128996802557948 0.4139720961506134 0.01953125 0.030257186081694403
0 0.07567845723421258 0.43997731315703864 0.01953125 0.030257186081694403
0 0.07328037569944039 0.4895110598359435 0.01953125 0.030257186081694403
0 0.044503397282174215 0.4919877471698888 0.01953125 0.030257186081694403
0 0.057293165467625834 0.48827271616897105 0.01953125 0.030257186081694403
0 0.05329636290967222 0.5365681191809033 0.01953125 0.030257186081694403
0 0.10845223820943242 0.4820809978341078 0.01953125 0.030257186081694403
0 0.09246502797761783 0.48084265416713523 0.01953125 0.030257186081694403
0 0.11324840127897674 0.4969411218377793 0.01953125 0.030257186081694403
0 0.1020573541167066 0.5217079951772319 0.01953125 0.030257186081694403
0 0.11884392486011185 0.4659825301634637 0.01953125 0.030257186081694403
0 0.11164968025579533 0.4449306878249291 0.01953125 0.030257186081694403
0 0.13722921662669862 0.46969756116438155 0.01953125 0.030257186081694403
0 0.13642985611510786 0.4288322201542849 0.01953125 0.030257186081694403
0 0.12204136690647475 0.4102570651496957 0.01953125 0.030257186081694403
0 0.1923850919264588 0.4994178091717245 0.01953125 0.030257186081694403
0 0.18519084732214228 0.4573141244946554 0.01953125 0.030257186081694403
0 0.17479916067146278 0.43997731315703864 0.01953125 0.030257186081694403
0 0.16600619504396477 0.4449306878249291 0.01953125 0.030257186081694403
0 0.16360811350919258 0.42264050181942187 0.01953125 0.030257186081694403
0 0.2027767785771383 0.4263555328203397 0.01953125 0.030257186081694403
0 0.20117805755395682 0.468459217497409 0.01953125 0.030257186081694403
0 0.2755185851318945 0.42759387648731234 0.01953125 0.030257186081694403
0 0.2555345723421263 0.42140215815244914 0.01953125 0.030257186081694403
0 0.8566536770583535 0.6826926718836731 0.01953125 0.030257186081694403
0 0.8622492006394885 0.7111745762240435 0.01953125 0.030257186081694403
0 0.8302747801758595 0.6678325478800016 0.01953125 0.030257186081694403
0 0.7935041966426859 0.636873956205686 0.01953125 0.030257186081694403
0 0.7759182653876899 0.6777392972157825 0.01953125 0.030257186081694403
0 0.74314448441247 0.6579257985442205 0.01953125 0.030257186081694403
0 0.7311540767386092 0.6405889872066037 0.01953125 0.030257186081694403
0 0.767125299760192 0.6046770208643978 0.01953125 0.030257186081694403
0 0.7439438449240608 0.587340209526781 0.01953125 0.030257186081694403
0 0.737548960831335 0.5625733361873285 0.01953125 0.030257186081694403
0 0.7703227418065549 0.5675267108552189 0.01953125 0.030257186081694403
0 0.7551348920863311 0.5415214938487939 0.01953125 0.030257186081694403
0 0.7135681454836132 0.5452365248497117 0.01953125 0.030257186081694403
0 0.7223611111111112 0.5068478711735603 0.01953125 0.030257186081694403
0 0.74314448441247 0.5093245585075056 0.01953125 0.030257186081694403
0 0.7551348920863311 0.4919877471698888 0.01953125 0.030257186081694403
0 0.8214818145483614 0.6046770208643978 0.01953125 0.030257186081694403
0 0.8038958832933655 0.5563816178524653 0.01953125 0.030257186081694403
0 0.8230805355715429 0.5737184291900821 0.01953125 0.030257186081694403
0 0.8486600719424462 0.5749567728570547 0.01953125 0.030257186081694403
0 0.8630485611510793 0.6059153645313703 0.01953125 0.030257186081694403
0 0.8574530375699442 0.4895110598359435 0.01953125 0.030257186081694403
0 0.8622492006394885 0.5130395895084234 0.01953125 0.030257186081694403
0 0.8414658273381297 0.4944644345038341 0.01953125 0.030257186081694403
0 0.8246792565947243 0.5303764008460401 0.01953125 0.030257186081694403
0 0.8454626298960833 0.5402831501818212 0.01953125 0.030257186081694403
0 0.811090127897682 0.47588927949924464 0.01953125 0.030257186081694403
0 0.8302747801758595 0.4820809978341078 0.01953125 0.030257186081694403
0 0.8478607114308555 0.4659825301634637 0.01953125 0.030257186081694403
0 0.8342715827338131 0.458552468161628 0.01953125 0.030257186081694403
0 0.8118894884092728 0.4362622821561207 0.01953125 0.030257186081694403
0 0.8190837330135893 0.4053036904818051 0.01953125 0.030257186081694403
0 0.8398671063149482 0.40901872148272295 0.01953125 0.030257186081694403
0 0.8646472821742608 0.41521043981758604 0.01953125 0.030257186081694403
0 0.8542555955235813 0.3854901918102431 0.01953125 0.030257186081694403
0 0.8166856514788171 0.36691503680565374 0.01953125 0.030257186081694403
0 0.7871093125499601 0.37558344247446207 0.01953125 0.030257186081694403
0 0.7807144284572343 0.4065420341487778 0.01953125 0.030257186081694403
0 0.8070933253397283 0.41768712715153133 0.01953125 0.030257186081694403
0 0.7879086730615509 0.4424540004909838 0.01953125 0.030257186081694403
0 0.7695233812949641 0.458552468161628 0.01953125 0.030257186081694403
0 0.7911061151079138 0.5192313078432865 0.01953125 0.030257186081694403
0 0.7447432054356516 0.42511718915336705 0.01953125 0.030257186081694403
0 0.7647272182254199 0.42511718915336705 0.01953125 0.030257186081694403
0 0.7327527977617907 0.43254725115520287 0.01953125 0.030257186081694403
0 0.7399470423661072 0.3941585974790515 0.01953125 0.030257186081694403
0 0.7079726219024782 0.4201638144854766 0.01953125 0.030257186081694403
0 0.7079726219024782 0.45236074982676483 0.01953125 0.030257186081694403
0 0.68798860911271 0.4820809978341078 0.01953125 0.030257186081694403
0 0.7119694244604318 0.4932260908368614 0.01953125 0.030257186081694403
0 0.737548960831335 0.46969756116438155 0.01953125 0.030257186081694403
0 0.6680045963229417 0.4820809978341078 0.01953125 0.030257186081694403
0 0.6424250599520384 0.47217424849832673 0.01953125 0.030257186081694403
0 0.623240407673861 0.458552468161628 0.01953125 0.030257186081694403
0 0.6024570343725021 0.4659825301634637 0.01953125 0.030257186081694403
0 0.5856704636290968 0.4746509358322722 0.01953125 0.030257186081694403
0 0.6064538369304557 0.5006561528386972 0.01953125 0.030257186081694403
0 0.667205235811351 0.5155162768423687 0.01953125 0.030257186081694403
0 0.5760781374900081 0.43254725115520287 0.01953125 0.030257186081694403
0 0.5952627897681856 0.4313089074882302 0.01953125 0.030257186081694403
0 0.6136480815347723 0.4288322201542849 0.01953125 0.030257186081694403
0 0.6016576738609113 0.4015886594808871 0.01953125 0.030257186081694403
0 0.6072531974420465 0.3879668791441883 0.01953125 0.030257186081694403
0 0.846261990407674 0.3508165691350096 0.01953125 0.030257186081694403
0 0.8150869304556357 0.34338650713317387 0.01953125 0.030257186081694403
0 0.8278766986410873 0.3322414141304202 0.01953125 0.030257186081694403
0 0.8470613509192647 0.3074745407909677 0.01953125 0.030257186081694403
0 0.8662460031974422 0.3198579774606939 0.01953125 0.030257186081694403
0 0.8390677458033575 0.30128282245610466 0.01953125 0.030257186081694403
0 0.867045363709033 0.290137729453351 0.01953125 0.030257186081694403
0 0.8646472821742608 0.2616558251129806 0.01953125 0.030257186081694403
0 0.8534562350119905 0.2567024504450901 0.01953125 0.030257186081694403
0 0.8654466426858515 0.2022153290982946 0.01953125 0.030257186081694403
0 0.8646472821742608 0.24060398277444592 0.01953125 0.030257186081694403
0 0.858252398081535 0.22326717143682925 0.01953125 0.030257186081694403
0 0.8422651878497204 0.2022153290982946 0.01953125 0.030257186081694403
0 0.8046952438049562 0.1935469234294862 0.01953125 0.030257186081694403
0 0.81988309352518 0.17992514309278734 0.01953125 0.030257186081694403
0 0.8254786171063151 0.20345367276526719 0.01953125 0.030257186081694403
0 0.8238798960831337 0.23317392077261026 0.01953125 0.030257186081694403
0 0.8334722222222224 0.23193557710563753 0.01953125 0.030257186081694403
0 0.8190837330135893 0.25174907577719957 0.01953125 0.030257186081694403
0 0.8366696642685854 0.27651594911665206 0.01953125 0.030257186081694403
0 0.8438639088729017 0.2715625744487616 0.01953125 0.030257186081694403
0 0.811090127897682 0.30995122812491294 0.01953125 0.030257186081694403
0 0.8086920463629097 0.290137729453351 0.01953125 0.030257186081694403
0 0.8070933253397283 0.26413251244692587 0.01953125 0.030257186081694403
0 0.7975009992006397 0.2653708561138985 0.01953125 0.030257186081694403
0 0.802297162270184 0.24060398277444592 0.01953125 0.030257186081694403
0 0.7863099520383695 0.2046920164322398 0.01953125 0.030257186081694403
0 0.7775169864108714 0.1811634867597599 0.01953125 0.030257186081694403
0 0.7879086730615509 0.16878005009003375 0.01953125 0.030257186081694403
0 0.7615297761790569 0.1811634867597599 0.01953125 0.030257186081694403
0 0.7567336131095125 0.16506501908911586 0.01953125 0.030257186081694403
0 0.7711221023181457 0.22450551510380187 0.01953125 0.030257186081694403
0 0.7543355315747403 0.21955214043591137 0.01953125 0.030257186081694403
0 0.7743195443645084 0.2628941687799532 0.01953125 0.030257186081694403
0 0.7551348920863311 0.25174907577719957 0.01953125 0.030257186081694403
0 0.7703227418065549 0.29137607312032365 0.01953125 0.030257186081694403
0 0.7647272182254199 0.2690858871148163 0.01953125 0.030257186081694403
0 0.7863099520383695 0.3074745407909677 0.01953125 0.030257186081694403
0 0.7711221023181457 0.31490460279280347 0.01953125 0.030257186081694403
0 0.7847112310151879 0.3272880394625297 0.01953125 0.030257186081694403
0 0.7663259392486013 0.36196166213776326 0.01953125 0.030257186081694403
0 0.7567336131095125 0.35948497480381797 0.01953125 0.030257186081694403
0 0.7567336131095125 0.31490460279280347 0.01953125 0.030257186081694403
0 0.7471412869704238 0.3136662591258308 0.01953125 0.030257186081694403
0 0.7327527977617907 0.29509110412124145 0.01953125 0.030257186081694403
0 0.7423451239008795 0.2653708561138985 0.01953125 0.030257186081694403
0 0.7263579136690649 0.2071687037661851 0.01953125 0.030257186081694403
0 0.7439438449240608 0.1873552050946231 0.01953125 0.030257186081694403
0 0.7471412869704238 0.21707545310196608 0.01953125 0.030257186081694403
0 0.7135681454836132 0.1947852670964588 0.01953125 0.030257186081694403
0 0.7031764588329338 0.17249508109095163 0.01953125 0.030257186081694403
0 0.7175649480415669 0.16754170642306104 0.01953125 0.030257186081694403
0 0.7295553557154278 0.17621011209186943 0.01953125 0.030257186081694403
0 0.7039758193445245 0.2046920164322398 0.01953125 0.030257186081694403
0 0.6831924460431656 0.17001839375700634 0.01953125 0.030257186081694403
0 0.6823930855315749 0.20345367276526719 0.01953125 0.030257186081694403
0 0.6975809352517987 0.23317392077261026 0.01953125 0.030257186081694403
0 0.705574540367706 0.24060398277444592 0.01953125 0.030257186081694403
0 0.7071732613908874 0.28270766745151515 0.01953125 0.030257186081694403
0 0.6911860511590728 0.2678475434478437 0.01953125 0.030257186081694403
0 0.7007783772981616 0.2678475434478437 0.01953125 0.030257186081694403
0 0.7319534372502 0.23317392077261026 0.01953125 0.030257186081694403
0 0.7511380895283775 0.23688895177352814 0.01953125 0.030257186081694403
0 0.693584132693845 0.3049978534570224 0.01953125 0.030257186081694403
0 0.714367505995204 0.30128282245610466 0.01953125 0.030257186081694403
0 0.723160471622702 0.3161429464597761 0.01953125 0.030257186081694403
0 0.7303547162270184 0.35205491280198226 0.01953125 0.030257186081694403
0 0.7151668665067946 0.3929202538120789 0.01953125 0.030257186081694403
0 0.7319534372502 0.3941585974790515 0.01953125 0.030257186081694403
0 0.68798860911271 0.3805368171423526 0.01953125 0.030257186081694403
0 0.6775969224620304 0.399111972146942 0.01953125 0.030257186081694403
0 0.670402677857714 0.43254725115520287 0.01953125 0.030257186081694403
0 0.6903866906474821 0.41521043981758604 0.01953125 0.030257186081694403
0 0.6576129096722624 0.42264050181942187 0.01953125 0.030257186081694403
0 0.6432244204636292 0.3644383494717084 0.01953125 0.030257186081694403
0 0.6648071542765788 0.37558344247446207 0.01953125 0.030257186081694403
0 0.6568135491606716 0.3334797577973928 0.01953125 0.030257186081694403
0 0.6416256994404478 0.3186196337937213 0.01953125 0.030257186081694403
0 0.6376288968824941 0.30128282245610466 0.01953125 0.030257186081694403
0 0.6616097122302159 0.28270766745151515 0.01953125 0.030257186081694403
0 0.6520173860911271 0.2752776054496795 0.01953125 0.030257186081694403
0 0.6432244204636292 0.2628941687799532 0.01953125 0.030257186081694403
0 0.6504186650679458 0.2430806701083912 0.01953125 0.030257186081694403
0 0.6608103517186252 0.22698220243774708 0.01953125 0.030257186081694403
0 0.6696033173461232 0.22202882776985658 0.01953125 0.030257186081694403
0 0.6680045963229417 0.23936563910747333 0.01953125 0.030257186081694403
0 0.6712020383693046 0.2666091997808711 0.01953125 0.030257186081694403
0 0.6520173860911271 0.1985002980973767 0.01953125 0.030257186081694403
0 0.6304346522781775 0.17125673742397896 0.01953125 0.030257186081694403
0 0.6448231414868106 0.17621011209186943 0.01953125 0.030257186081694403
0 0.6544154676258994 0.17621011209186943 0.01953125 0.030257186081694403
0 0.6336320943245404 0.2183137967689387 0.01953125 0.030257186081694403
0 0.6192436051159074 0.2071687037661851 0.01953125 0.030257186081694403
0 0.6112500000000001 0.17744845575884213 0.01953125 0.030257186081694403
0 0.5992595923261391 0.17744845575884213 0.01953125 0.030257186081694403
0 0.5896672661870505 0.1960236107634315 0.01953125 0.030257186081694403
0 0.5888679056754598 0.22698220243774708 0.01953125 0.030257186081694403
0 0.5864698241406875 0.21212207843407557 0.01953125 0.030257186081694403
0 0.6000589528377299 0.2554641067781175 0.01953125 0.030257186081694403
0 0.5960621502797763 0.2430806701083912 0.01953125 0.030257186081694403
0 0.5992595923261391 0.2728009181157342 0.01953125 0.030257186081694403
0 0.6224410471622703 0.24060398277444592 0.01953125 0.030257186081694403
0 0.632033373301359 0.28889938578637836 0.01953125 0.030257186081694403
0 0.6176448840927259 0.28889938578637836 0.01953125 0.030257186081694403
0 0.6152468025579537 0.2715625744487616 0.01953125 0.030257186081694403
0 0.6088519184652279 0.29385276045426884 0.01953125 0.030257186081694403
0 0.6136480815347723 0.30623619712399514 0.01953125 0.030257186081694403
0 0.6096512789768186 0.3223346647946392 0.01953125 0.030257186081694403
0 0.5904666266986411 0.34833988180106434 0.01953125 0.030257186081694403
0 0.5441037170263789 0.4313089074882302 0.01953125 0.030257186081694403
0 0.5568934852118307 0.17001839375700634 0.01953125 0.030257186081694403
0 0.5728806954436452 0.1923085797625136 0.01953125 0.030257186081694403
0 0.5784762190247803 0.17992514309278734 0.01953125 0.030257186081694403
0 0.5728806954436452 0.2084070474331577 0.01953125 0.030257186081694403
0 0.5800749400479617 0.2492723884432543 0.01953125 0.030257186081694403
0 0.5848711031175061 0.2814693237845426 0.01953125 0.030257186081694403
0 0.5840717426059153 0.3384331324652834 0.01953125 0.030257186081694403
0 0.5856704636290968 0.3718684114735442 0.01953125 0.030257186081694403
0 0.5720813349320545 0.3718684114735442 0.01953125 0.030257186081694403
0 0.5704826139088729 0.4065420341487778 0.01953125 0.030257186081694403
0 0.6072531974420465 0.4015886594808871 0.01953125 0.030257186081694403
0 0.5648870903277379 0.48084265416713523 0.01953125 0.030257186081694403
0 0.5632883693045565 0.5043711838396151 0.01953125 0.030257186081694403
0 0.5193235411670665 0.47341259216529946 0.01953125 0.030257186081694403
0 0.5025369704236611 0.43254725115520287 0.01953125 0.030257186081694403
0 0.48974720223820944 0.4474073751588744 0.01953125 0.030257186081694403
0 0.47455935251798564 0.4424540004909838 0.01953125 0.030257186081694403
0 0.535310751398881 0.3904435664781336 0.01953125 0.030257186081694403
0 0.5121292965627499 0.36196166213776326 0.01953125 0.030257186081694403
0 0.5041356914468427 0.3916819101451062 0.01953125 0.030257186081694403
0 0.5033363309352519 0.3681533804726263 0.01953125 0.030257186081694403
0 0.5041356914468427 0.34957822546803696 0.01953125 0.030257186081694403
0 0.5041356914468427 0.3260496957955571 0.01953125 0.030257186081694403
0 0.5225209832134293 0.3087128844579403 0.01953125 0.030257186081694403
0 0.5433043565147883 0.30623619712399514 0.01953125 0.030257186081694403
0 0.5648870903277379 0.3124279154588582 0.01953125 0.030257186081694403
0 0.6008583133493206 0.30995122812491294 0.01953125 0.030257186081694403
0 0.5520973221422862 0.34833988180106434 0.01953125 0.030257186081694403
0 0.5385081934452439 0.34957822546803696 0.01953125 0.030257186081694403
0 0.5241197042366108 0.3508165691350096 0.01953125 0.030257186081694403
0 0.48575039968025585 0.30623619712399514 0.01953125 0.030257186081694403
0 0.49454336530775383 0.2777542927836248 0.01953125 0.030257186081694403
0 0.5025369704236611 0.2554641067781175 0.01953125 0.030257186081694403
0 0.5169254596322943 0.2628941687799532 0.01953125 0.030257186081694403
0 0.5249190647482015 0.27651594911665206 0.01953125 0.030257186081694403
0 0.5361101119104716 0.29509110412124145 0.01953125 0.030257186081694403
0 0.5465017985611511 0.28766104211940574 0.01953125 0.030257186081694403
0 0.5576928457234213 0.28270766745151515 0.01953125 0.030257186081694403
0 0.5488998800959233 0.2591791377790353 0.01953125 0.030257186081694403
0 0.5744794164668267 0.2839460111184879 0.01953125 0.030257186081694403
0 0.5393075539568346 0.22202882776985658 0.01953125 0.030257186081694403
0 0.5584922062350121 0.22574385877077446 0.01953125 0.030257186081694403
0 0.5361101119104716 0.18240183042673264 0.01953125 0.030257186081694403
0 0.514527378097522 0.1972619544304041 0.01953125 0.030257186081694403
0 0.5177248201438849 0.16506501908911586 0.01953125 0.030257186081694403
0 0.5017376099120704 0.21707545310196608 0.01953125 0.030257186081694403
0 0.49454336530775383 0.200976985431322 0.01953125 0.030257186081694403
0 0.48495103916866505 0.22574385877077446 0.01953125 0.030257186081694403
0 0.4889478417266188 0.24803404477628171 0.01953125 0.030257186081694403
0 0.47056254996003205 0.22202882776985658 0.01953125 0.030257186081694403
0 0.47935551558753003 0.23688895177352814 0.01953125 0.030257186081694403
0 0.4721612709832134 0.24184232644141865 0.01953125 0.030257186081694403
0 0.4721612709832134 0.28270766745151515 0.01953125 0.030257186081694403
0 0.4729606314948042 0.30995122812491294 0.01953125 0.030257186081694403
0 0.46097022382094327 0.30623619712399514 0.01953125 0.030257186081694403
0 0.4729606314948042 0.34710153813409167 0.01953125 0.030257186081694403
0 0.45457533972821745 0.34338650713317387 0.01953125 0.030257186081694403
0 0.46336830535571544 0.3632000058047358 0.01953125 0.030257186081694403
0 0.4601708633093526 0.40901872148272295 0.01953125 0.030257186081694403
0 0.4457823741007194 0.3916819101451062 0.01953125 0.030257186081694403
0 0.4457823741007194 0.4201638144854766 0.01953125 0.030257186081694403
0 0.4841516786570744 0.3966352848129968 0.01953125 0.030257186081694403
0 0.49614208633093526 0.4077803778157503 0.01953125 0.030257186081694403
0 0.45217725819344523 0.16630336275608845 0.01953125 0.030257186081694403
0 0.46336830535571544 0.2071687037661851 0.01953125 0.030257186081694403
0 0.4401868505195844 0.17621011209186943 0.01953125 0.030257186081694403
0 0.4505785371702638 0.21212207843407557 0.01953125 0.030257186081694403
0 0.4337919664268586 0.20593036009921248 0.01953125 0.030257186081694403
0 0.42180155875299763 0.19107023609554102 0.01953125 0.030257186081694403
0 0.41140987210231816 0.17125673742397896 0.01953125 0.030257186081694403
0 0.40981115107913674 0.1997386417643493 0.01953125 0.030257186081694403
0 0.4106105115907274 0.23317392077261026 0.01953125 0.030257186081694403
0 0.4202028377298162 0.23193557710563753 0.01953125 0.030257186081694403
0 0.4042156274980016 0.21459876576802087 0.01953125 0.030257186081694403
0 0.43858812949640297 0.220790484102884 0.01953125 0.030257186081694403
0 0.45217725819344523 0.23193557710563753 0.01953125 0.030257186081694403
0 0.4465817346123102 0.2467957011093091 0.01953125 0.030257186081694403
0 0.4465817346123102 0.27032423078178897 0.01953125 0.030257186081694403
0 0.4329926059152678 0.2690858871148163 0.01953125 0.030257186081694403
0 0.43698940847322143 0.27032423078178897 0.01953125 0.030257186081694403
0 0.4281964428457234 0.2628941687799532 0.01953125 0.030257186081694403
0 0.4345913269384492 0.29385276045426884 0.01953125 0.030257186081694403
0 0.4417855715427658 0.33100307046344757 0.01953125 0.030257186081694403
0 0.4449830135891288 0.3111895717918856 0.01953125 0.030257186081694403
0 0.4154066746602718 0.2666091997808711 0.01953125 0.030257186081694403
0 0.40581434852118314 0.26413251244692587 0.01953125 0.030257186081694403
0 0.39542266187050357 0.260417481446008 0.01953125 0.030257186081694403
0 0.39462330135891294 0.28889938578637836 0.01953125 0.030257186081694403
0 0.4066137090327738 0.290137729453351 0.01953125 0.030257186081694403
0 0.41220923261390896 0.3285263831295024 0.01953125 0.030257186081694403
0 0.417804756195044 0.3025211661230773 0.01953125 0.030257186081694403
0 0.426597721822542 0.35205491280198226 0.01953125 0.030257186081694403
0 0.43778876898481217 0.35824663113684535 0.01953125 0.030257186081694403
0 0.4186041167066348 0.3842518481432704 0.01953125 0.030257186081694403
0 0.39862010391686653 0.34833988180106434 0.01953125 0.030257186081694403
0 0.39702138289368516 0.3854901918102431 0.01953125 0.030257186081694403
0 0.4146073141486811 0.4139720961506134 0.01953125 0.030257186081694403
0 0.39462330135891294 0.41273375248364086 0.01953125 0.030257186081694403
0 0.3770373701039169 0.4597908118286006 0.01953125 0.030257186081694403
0 0.39462330135891294 0.4412156568240112 0.01953125 0.030257186081694403
0 0.3730405675459633 0.43007056382125763 0.01953125 0.030257186081694403
0 0.35945143884892083 0.4201638144854766 0.01953125 0.030257186081694403
0 0.3754386490807354 0.35576994380290017 0.01953125 0.030257186081694403
0 0.35225719424460433 0.35576994380290017 0.01953125 0.030257186081694403
0 0.3562539968025579 0.36691503680565374 0.01953125 0.030257186081694403
0 0.3690437649880096 0.3322414141304202 0.01953125 0.030257186081694403
0 0.38503097521982416 0.3124279154588582 0.01953125 0.030257186081694403
0 0.3730405675459633 0.31490460279280347 0.01953125 0.030257186081694403
0 0.39142585931255 0.3334797577973928 0.01953125 0.030257186081694403
0 0.39142585931255 0.3087128844579403 0.01953125 0.030257186081694403
0 0.37943545163868914 0.2678475434478437 0.01953125 0.030257186081694403
0 0.35865207833733015 0.2752776054496795 0.01953125 0.030257186081694403
0 0.3682444044764189 0.24555735744233642 0.01953125 0.030257186081694403
0 0.37463928856914475 0.22945888977169238 0.01953125 0.030257186081694403
0 0.39382394084732214 0.20345367276526719 0.01953125 0.030257186081694403
0 0.33866806554756196 0.20593036009921248 0.01953125 0.030257186081694403
0 0.3234802158273381 0.17744845575884213 0.01953125 0.030257186081694403
0 0.35145783373301365 0.2591791377790353 0.01953125 0.030257186081694403
0 0.329875099920064 0.2690858871148163 0.01953125 0.030257186081694403
0 0.3194834132693845 0.29261441678729627 0.01953125 0.030257186081694403
0 0.34026678657074344 0.29509110412124145 0.01953125 0.030257186081694403
0 0.35945143884892083 0.3074745407909677 0.01953125 0.030257186081694403
0 0.34426358912869703 0.3322414141304202 0.01953125 0.030257186081694403
0 0.3314738209432454 0.3359564451313381 0.01953125 0.030257186081694403
0 0.33547062350119905 0.35576994380290017 0.01953125 0.030257186081694403
0 0.3218814948041567 0.35824663113684535 0.01953125 0.030257186081694403
0 0.3170853317346123 0.33100307046344757 0.01953125 0.030257186081694403
0 0.3018974820143885 0.34833988180106434 0.01953125 0.030257186081694403
0 0.3066936450839329 0.3842518481432704 0.01953125 0.030257186081694403
0 0.28910771382893685 0.37929847347538 0.01953125 0.030257186081694403
0 0.3394674260591527 0.3842518481432704 0.01953125 0.030257186081694403
0 0.3362699840127898 0.4474073751588744 0.01953125 0.030257186081694403
0 0.34746103117505994 0.4560757808276827 0.01953125 0.030257186081694403
0 0.30029876099120706 0.17744845575884213 0.01953125 0.030257186081694403
0 0.26592625899280575 0.17744845575884213 0.01953125 0.030257186081694403
0 0.23954736211031175 0.18364017409370523 0.01953125 0.030257186081694403
0 0.24354416466826534 0.2133604221010482 0.01953125 0.030257186081694403
0 0.26192945643485216 0.20593036009921248 0.01953125 0.030257186081694403
0 0.27232114308553157 0.21459876576802087 0.01953125 0.030257186081694403
0 0.30349620303756997 0.2071687037661851 0.01953125 0.030257186081694403
0 0.30029876099120706 0.23812729544050076 0.01953125 0.030257186081694403
0 0.3130885291766587 0.24555735744233642 0.01953125 0.030257186081694403
0 0.32907573940847323 0.2183137967689387 0.01953125 0.030257186081694403
0 0.28031474820143887 0.24803404477628171 0.01953125 0.030257186081694403
0 0.268324340527578 0.2443190137753638 0.01953125 0.030257186081694403
0 0.25713329336530777 0.2690858871148163 0.01953125 0.030257186081694403
0 0.2931045163868905 0.2839460111184879 0.01953125 0.030257186081694403
0 0.28830835331734617 0.2678475434478437 0.01953125 0.030257186081694403
0 0.28830835331734617 0.296329447788214 0.01953125 0.030257186081694403
0 0.3074930055955236 0.296329447788214 0.01953125 0.030257186081694403
0 0.28591027178257394 0.3322414141304202 0.01953125 0.030257186081694403
0 0.27312050359712226 0.3210963211276666 0.01953125 0.030257186081694403
0 0.25793265387689845 0.3210963211276666 0.01953125 0.030257186081694403
0 0.24434352517985614 0.3074745407909677 0.01953125 0.030257186081694403
0 0.23874800159872103 0.2690858871148163 0.01953125 0.030257186081694403
0 0.23954736211031175 0.22822054610471976 0.01953125 0.030257186081694403
0 0.2267575939248601 0.2183137967689387 0.01953125 0.030257186081694403
0 0.21077038369304552 0.200976985431322 0.01953125 0.030257186081694403
0 0.20117805755395682 0.1985002980973767 0.01953125 0.030257186081694403
0 0.23714928057553955 0.16382667542214324 0.01953125 0.030257186081694403
0 0.2291556754596323 0.2430806701083912 0.01953125 0.030257186081694403
0 0.21876398880895281 0.25174907577719957 0.01953125 0.030257186081694403
0 0.21956334932054353 0.2814693237845426 0.01953125 0.030257186081694403
0 0.22755695443645083 0.296329447788214 0.01953125 0.030257186081694403
0 0.22755695443645083 0.33719478879831066 0.01953125 0.030257186081694403
0 0.23075439648281373 0.3186196337937213 0.01953125 0.030257186081694403
0 0.2155665467625899 0.3272880394625297 0.01953125 0.030257186081694403
0 0.2051748601119104 0.3285263831295024 0.01953125 0.030257186081694403
0 0.2555345723421263 0.3743450988074894 0.01953125 0.030257186081694403
0 0.23634992006394884 0.3731067551405168 0.01953125 0.030257186081694403
0 0.22835631494804154 0.4139720961506134 0.01953125 0.030257186081694403
0 0.21077038369304552 0.4040653468148324 0.01953125 0.030257186081694403
0 0.1803946842525979 0.3830135044762978 0.01953125 0.030257186081694403
0 0.15561450839328536 0.4610291554955733 0.01953125 0.030257186081694403
0 0.14522282174260587 0.39787362847996927 0.01953125 0.030257186081694403
0 0.15401578737010388 0.3768217861414347 0.01953125 0.030257186081694403
0 0.14602218225419664 0.36072331847079053 0.01953125 0.030257186081694403
0 0.16041067146282967 0.3409098197992286 0.01953125 0.030257186081694403
0 0.17719724220623498 0.31490460279280347 0.01953125 0.030257186081694403
0 0.19078637090327738 0.28518435478546045 0.01953125 0.030257186081694403
0 0.2075729416466826 0.2678475434478437 0.01953125 0.030257186081694403
0 0.2051748601119104 0.24060398277444592 0.01953125 0.030257186081694403
0 0.1939838129496403 0.22945888977169238 0.01953125 0.030257186081694403
0 0.18519084732214228 0.220790484102884 0.01953125 0.030257186081694403
0 0.18199340527577937 0.20345367276526719 0.01953125 0.030257186081694403
0 0.17320043964828136 0.22326717143682925 0.01953125 0.030257186081694403
0 0.15001898481215026 0.22202882776985658 0.01953125 0.030257186081694403
0 0.16360811350919258 0.1985002980973767 0.01953125 0.030257186081694403
0 0.14762090327737806 0.18983189242856832 0.01953125 0.030257186081694403
0 0.22995503597122302 0.1885935487615957 0.01953125 0.030257186081694403
0 0.12763689048760984 0.1947852670964588 0.01953125 0.030257186081694403
0 0.13243305355715423 0.17744845575884213 0.01953125 0.030257186081694403
0 0.13083433253397275 0.21955214043591137 0.01953125 0.030257186081694403
0 0.13163369304556352 0.24803404477628171 0.01953125 0.030257186081694403
0 0.12443944844124695 0.2690858871148163 0.01953125 0.030257186081694403
0 0.12523880895283773 0.2567024504450901 0.01953125 0.030257186081694403
0 0.1164458433253397 0.2554641067781175 0.01953125 0.030257186081694403
0 0.15241706634692245 0.2591791377790353 0.01953125 0.030257186081694403
0 0.16280875299760186 0.2467957011093091 0.01953125 0.030257186081694403
0 0.15961131095123898 0.2653708561138985 0.01953125 0.030257186081694403
0 0.15241706634692245 0.30995122812491294 0.01953125 0.030257186081694403
0 0.16680555555555557 0.30995122812491294 0.01953125 0.030257186081694403
0 0.14842026378896878 0.3260496957955571 0.01953125 0.030257186081694403
0 0.13563049560351714 0.3124279154588582 0.01953125 0.030257186081694403
0 0.17399980015987207 0.2616558251129806 0.01953125 0.030257186081694403
0 0.12763689048760984 0.3285263831295024 0.01953125 0.030257186081694403
0 0.12443944844124695 0.3768217861414347 0.01953125 0.030257186081694403
0 0.10525479616306951 0.36691503680565374 0.01953125 0.030257186081694403
0 0.08607014388489205 0.35948497480381797 0.01953125 0.030257186081694403
0 0.10605415667466023 0.3929202538120789 0.01953125 0.030257186081694403
0 0.0676848521183053 0.3817751608093252 0.01953125 0.030257186081694403
0 0.07887589928057549 0.3817751608093252 0.01953125 0.030257186081694403
0 0.09486310951239002 0.42511718915336705 0.01953125 0.030257186081694403
0 0.11324840127897674 0.3223346647946392 0.01953125 0.030257186081694403
0 0.10765287769784171 0.30128282245610466 0.01953125 0.030257186081694403
0 0.10605415667466023 0.2678475434478437 0.01953125 0.030257186081694403
0 0.1044554356514788 0.2430806701083912 0.01953125 0.030257186081694403
0 0.11324840127897674 0.22202882776985658 0.01953125 0.030257186081694403
0 0.10045863309352512 0.2022153290982946 0.01953125 0.030257186081694403
0 0.0964618305355715 0.17001839375700634 0.01953125 0.030257186081694403
0 0.08846822541966422 0.18364017409370523 0.01953125 0.030257186081694403
0 0.0764778177458033 0.17001839375700634 0.01953125 0.030257186081694403
0 0.07407973621103113 0.1960236107634315 0.01953125 0.030257186081694403
0 0.07567845723421258 0.1811634867597599 0.01953125 0.030257186081694403
0 0.06688549160671459 0.24555735744233642 0.01953125 0.030257186081694403
0 0.058092525979216575 0.23317392077261026 0.01953125 0.030257186081694403
0 0.05889188649080729 0.21088373476710298 0.01953125 0.030257186081694403
0 0.04929956035171857 0.1873552050946231 0.01953125 0.030257186081694403
0 0.029315547561950362 0.1947852670964588 0.01953125 0.030257186081694403
0 0.01652577937649874 0.2071687037661851 0.01953125 0.030257186081694403
0 0.0077328137490007345 0.22574385877077446 0.01953125 0.030257186081694403
0 0.0021372901678656337 0.19107023609554102 0.01953125 0.030257186081694403
0 0.0021372901678656337 0.17125673742397896 0.01953125 0.030257186081694403
0 0.014127697841726546 0.17373342475792425 0.01953125 0.030257186081694403
0 0.03331235011990401 0.21707545310196608 0.01953125 0.030257186081694403
0 0.0325129896083133 0.250510732110227 0.01953125 0.030257186081694403
0 0.020522581934452357 0.24803404477628171 0.01953125 0.030257186081694403
0 0.01093025579536364 0.2628941687799532 0.01953125 0.030257186081694403
0 0.025318745003996748 0.2678475434478437 0.01953125 0.030257186081694403
0 0.01093025579536364 0.28518435478546045 0.01953125 0.030257186081694403
0 0.0021372901678656337 0.29137607312032365 0.01953125 0.030257186081694403
0 0.0037360111910470866 0.3210963211276666 0.01953125 0.030257186081694403
0 0.023720023980815293 0.3248113521285845 0.01953125 0.030257186081694403
0 0.04130595523581127 0.30995122812491294 0.01953125 0.030257186081694403
0 0.04850019984012783 0.2752776054496795 0.01953125 0.030257186081694403
0 0.05969124700239803 0.27032423078178897 0.01953125 0.030257186081694403
0 0.04929956035171857 0.23812729544050076 0.01953125 0.030257186081694403
0 0.07487909672262184 0.2666091997808711 0.01953125 0.030257186081694403
0 0.05569444444444438 0.296329447788214 0.01953125 0.030257186081694403
0 0.04850019984012783 0.3409098197992286 0.01953125 0.030257186081694403
0 0.026118105515587457 0.36072331847079053 0.01953125 0.030257186081694403
0 0.04370403677058347 0.3817751608093252 0.01953125 0.030257186081694403
0 0.06608613109512385 0.35205491280198226 0.01953125 0.030257186081694403
0 0.0764778177458033 0.3272880394625297 0.01953125 0.030257186081694403
0 0.07807653876898475 0.30623619712399514 0.01953125 0.030257186081694403
0 0.0820733413269384 0.2084070474331577 0.01953125 0.030257186081694403
0 0.8937452824952828 0.9147992233014925 0.01953125 0.030257186081694403
0 0.9077312964812967 0.8761087156246006 0.01953125 0.030257186081694403
0 0.9337053224553228 0.8714658547033735 0.01953125 0.030257186081694403
0 0.9826563714063719 0.8528944110184653 0.01953125 0.030257186081694403
0 0.9796593684093687 0.8172991439557249 0.01953125 0.030257186081694403
0 0.9966423853923857 0.8358705876406329 0.01953125 0.030257186081694403
0 0.9946443833943838 0.7925372190425138 0.01953125 0.030257186081694403
0 0.9906483793983797 0.758489572286849 0.01953125 0.030257186081694403
0 0.9516873404373407 0.7383705082948653 0.01953125 0.030257186081694403
0 0.9556833444333448 0.7615848129010004 0.01953125 0.030257186081694403
0 0.9317073204573206 0.806465801806195 0.01953125 0.030257186081694403
0 0.9147243034743037 0.7832514972000599 0.01953125 0.030257186081694403
0 0.8917472804972807 0.7507514707514706 0.01953125 0.030257186081694403
0 0.9007382894882898 0.8343229673335573 0.01953125 0.030257186081694403
0 0.8967422854922857 0.7987277002708167 0.01953125 0.030257186081694403
0 0.8857532745032748 0.6563466320198543 0.01953125 0.030257186081694403
0 0.9177213064713068 0.623846605571265 0.01953125 0.030257186081694403
0 0.9037352924852927 0.6068227821934327 0.01953125 0.030257186081694403
0 0.9317073204573206 0.65789425232693 0.01953125 0.030257186081694403
0 0.9257133144633146 0.7167038239958057 0.01953125 0.030257186081694403
0 0.9716673604173608 0.7043228615392003 0.01953125 0.030257186081694403
0 0.9766623654123656 0.662537113248157 0.01953125 0.030257186081694403
0 0.9526863414363417 0.6269418461854164 0.01953125 0.030257186081694403
0 0.9816573704073706 0.5975370603509785 0.01953125 0.030257186081694403
0 0.9756633644133647 0.5727751354377677 0.01953125 0.030257186081694403
0 0.9277113164613169 0.5634894135953137 0.01953125 0.030257186081694403
0 0.9426963314463317 0.5572989323670109 0.01953125 0.030257186081694403
0 0.9257133144633146 0.5402751089891784 0.01953125 0.030257186081694403
0 0.8987402874902877 0.5278941465325729 0.01953125 0.030257186081694403
0 0.9057332944832949 0.5170608043830432 0.01953125 0.030257186081694403
0 0.9067322954822958 0.4892036388556811 0.01953125 0.030257186081694403
0 0.9177213064713068 0.47991791701322695 0.01953125 0.030257186081694403
0 0.9357033244533247 0.4969417403910594 0.01953125 0.030257186081694403
0 0.9396993284493288 0.484560777934454 0.01953125 0.030257186081694403
0 0.9956433843933847 0.4659893342495458 0.01953125 0.030257186081694403
0 0.9976413863913867 0.5031322216193622 0.01953125 0.030257186081694403
0 0.9996393883893888 0.5495608308316324 0.01953125 0.030257186081694403
0 0.9986403873903876 0.41337024380897286 0.01953125 0.030257186081694403
0 0.9656733544233549 0.4087273828877458 0.01953125 0.030257186081694403
0 0.9746643634143637 0.3839654579745349 0.01953125 0.030257186081694403
0 0.9476913364413366 0.3917035595099133 0.01953125 0.030257186081694403
0 0.9426963314463317 0.41337024380897286 0.01953125 0.030257186081694403
0 0.9546843434343438 0.42420358595850255 0.01953125 0.030257186081694403
0 0.9377013264513266 0.4489655108717133 0.01953125 0.030257186081694403
0 0.9327063214563218 0.4257512062655783 0.01953125 0.030257186081694403
0 0.9237153124653128 0.4489655108717133 0.01953125 0.030257186081694403
0 0.9077312964812967 0.445870270257562 0.01953125 0.030257186081694403
0 0.8867522755022758 0.43039406718680534 0.01953125 0.030257186081694403
0 0.8727662615162616 0.4613464733283188 0.01953125 0.030257186081694403
0 0.9117273004773008 0.4102750031948214 0.01953125 0.030257186081694403
0 0.8897492784992788 0.3963464204311404 0.01953125 0.030257186081694403
0 0.8727662615162616 0.3932511798169889 0.01953125 0.030257186081694403
0 0.8817572705072707 0.359203533061324 0.01953125 0.030257186081694403
0 0.9107282994782998 0.359203533061324 0.01953125 0.030257186081694403
0 0.9017372904872908 0.3793225970533079 0.01953125 0.030257186081694403
0 0.9327063214563218 0.359203533061324 0.01953125 0.030257186081694403
0 0.9696693584193586 0.36848925490377815 0.01953125 0.030257186081694403
0 0.9866523754023756 0.32051302538443205 0.01953125 0.030257186081694403
0 0.9956433843933847 0.29265585985706993 0.01953125 0.030257186081694403
0 0.9716673604173608 0.30503682231367535 0.01953125 0.030257186081694403
0 0.9596793484293487 0.29265585985706993 0.01953125 0.030257186081694403
0 0.9536853424353426 0.27563203647923745 0.01953125 0.030257186081694403
0 0.9506883394383397 0.31122730354197803 0.01953125 0.030257186081694403
0 0.9666723554223557 0.3174177847702807 0.01953125 0.030257186081694403
0 0.9576813464313467 0.4783702967061513 0.01953125 0.030257186081694403
0 0.9636753524253527 0.4474178905646377 0.01953125 0.030257186081694403
0 0.9277113164613169 0.33289398784103746 0.01953125 0.030257186081694403
0 0.9177213064713068 0.3344416081481132 0.01953125 0.030257186081694403
0 0.8827562715062717 0.33289398784103746 0.01953125 0.030257186081694403
0 0.8847542735042738 0.29265585985706993 0.01953125 0.030257186081694403
0 0.9107282994782998 0.2911082395499942 0.01953125 0.030257186081694403
0 0.9207183094683097 0.2864653786287671 0.01953125 0.030257186081694403
0 0.9347043234543237 0.29265585985706993 0.01953125 0.030257186081694403
0 0.9377013264513266 0.2740844161721617 0.01953125 0.030257186081694403
0 0.9866523754023756 0.2740844161721617 0.01953125 0.030257186081694403
0 0.9666723554223557 0.26789393494385905 0.01953125 0.030257186081694403
0 0.9776613664113668 0.24467963033772383 0.01953125 0.030257186081694403
0 0.9856533744033746 0.19515578051130214 0.01953125 0.030257186081694403
0 0.9996393883893888 0.20134626173960488 0.01953125 0.030257186081694403
0 0.9986403873903876 0.17658433682639407 0.01953125 0.030257186081694403
0 0.9906483793983797 0.17348909621224265 0.01953125 0.030257186081694403
0 0.9726663614163618 0.1843224383617724 0.01953125 0.030257186081694403
0 0.9666723554223557 0.16420337436978863 0.01953125 0.030257186081694403
0 0.9816573704073706 0.1580128931414859 0.01953125 0.030257186081694403
0 0.9616773504273508 0.14563193068488045 0.01953125 0.030257186081694403
0 0.9696693584193586 0.1347985885353507 0.01953125 0.030257186081694403
0 0.9946443833943838 0.12241762607874526 0.01953125 0.030257186081694403
0 0.9986403873903876 0.09301284024430734 0.01953125 0.030257186081694403
0 0.9846543734043737 0.1084890433150642 0.01953125 0.030257186081694403
0 0.9666723554223557 0.10229856208676139 0.01953125 0.030257186081694403
0 0.9446943334443338 0.14098906976365344 0.01953125 0.030257186081694403
0 0.9446943334443338 0.12241762607874526 0.01953125 0.030257186081694403
0 0.9436953324453329 0.09146521993723174 0.01953125 0.030257186081694403
0 0.9726663614163618 0.07598901686647487 0.01953125 0.030257186081694403
0 0.9856533744033746 0.06206043410279381 0.01953125 0.030257186081694403
0 0.9686703574203577 0.051227091953264164 0.01953125 0.030257186081694403
0 0.9746643634143637 0.041941370110809936 0.01953125 0.030257186081694403
0 0.9836553724053728 0.024917546732977466 0.01953125 0.030257186081694403
0 0.9726663614163618 0.032655648268355895 0.01953125 0.030257186081694403
0 0.9736653624153627 0.01563182489052343 0.01953125 0.030257186081694403
0 0.9856533744033746 0.01408420458344782 0.01953125 0.030257186081694403
0 0.9956433843933847 0.01563182489052343 0.01953125 0.030257186081694403
0 0.9626763514263518 0.03575088888250731 0.01953125 0.030257186081694403
0 0.9586803474303477 0.02027468581175045 0.01953125 0.030257186081694403
0 0.9496893384393388 0.0342032685754317 0.01953125 0.030257186081694403
0 0.9377013264513266 0.032655648268355895 0.01953125 0.030257186081694403
0 0.9347043234543237 0.02027468581175045 0.01953125 0.030257186081694403
0 0.9466923354423357 0.01408420458344782 0.01953125 0.030257186081694403
0 0.9566823454323458 0.06206043410279381 0.01953125 0.030257186081694403
0 0.9287103174603177 0.06825091533109644 0.01953125 0.030257186081694403
0 0.9277113164613169 0.09301284024430734 0.01953125 0.030257186081694403
0 0.9307083194583197 0.12241762607874526 0.01953125 0.030257186081694403
0 0.9177213064713068 0.11622714485044264 0.01953125 0.030257186081694403
0 0.9237153124653128 0.133250968228275 0.01953125 0.030257186081694403
0 0.9087302974802977 0.13944144945657772 0.01953125 0.030257186081694403
0 0.8937452824952828 0.12860810730704797 0.01953125 0.030257186081694403
0 0.8857532745032748 0.17194147590516695 0.01953125 0.030257186081694403
0 0.8847542735042738 0.1518224119131832 0.01953125 0.030257186081694403
0 0.8847542735042738 0.11932238546459395 0.01953125 0.030257186081694403
0 0.8767622655122657 0.09765570116553435 0.01953125 0.030257186081694403
0 0.8987402874902877 0.023369926425901858 0.01953125 0.030257186081694403
0 0.8777612665112666 0.01563182489052343 0.01953125 0.030257186081694403
0 0.8877512765012766 0.017179445197599234 0.01953125 0.030257186081694403
0 0.8827562715062717 0.032655648268355895 0.01953125 0.030257186081694403
0 0.9027362914862918 0.041941370110809936 0.01953125 0.030257186081694403
0 0.9147243034743037 0.08836997932308033 0.01953125 0.030257186081694403
0 0.8627762515262518 0.017179445197599234 0.01953125 0.030257186081694403
0 0.8457932345432349 0.028012787347128875 0.01953125 0.030257186081694403
0 0.8677712565212569 0.057417573181566796 0.01953125 0.030257186081694403
0 0.8747642635142637 0.03729850918958291 0.01953125 0.030257186081694403
0 0.8657732545232547 0.03729850918958291 0.01953125 0.030257186081694403
0 0.8517872405372408 0.06206043410279381 0.01953125 0.030257186081694403
0 0.8467922355422358 0.0852747387089289 0.01953125 0.030257186081694403
0 0.8617772505272508 0.07753663717355068 0.01953125 0.030257186081694403
0 0.8378012265512267 0.02182230611882625 0.01953125 0.030257186081694403
0 0.8517872405372408 0.012536584276372211 0.01953125 0.030257186081694403
0 0.8218172105672107 0.04658423103203695 0.01953125 0.030257186081694403
0 0.8348042235542238 0.04658423103203695 0.01953125 0.030257186081694403
0 0.8358032245532248 0.05586995287449119 0.01953125 0.030257186081694403
0 0.8198192085692088 0.07134615594524785 0.01953125 0.030257186081694403
0 0.8268122155622157 0.08063187778770188 0.01953125 0.030257186081694403
0 0.8278112165612167 0.08836997932308033 0.01953125 0.030257186081694403
0 0.8358032245532248 0.09456046055138315 0.01953125 0.030257186081694403
0 0.8318072205572207 0.12396524638582095 0.01953125 0.030257186081694403
0 0.8208182095682097 0.14253669007072914 0.01953125 0.030257186081694403
0 0.8168222055722056 0.1069414230079886 0.01953125 0.030257186081694403
0 0.8088301975801978 0.060512813795718205 0.01953125 0.030257186081694403
0 0.8038351925851928 0.0342032685754317 0.01953125 0.030257186081694403
0 0.8038351925851928 0.02027468581175045 0.01953125 0.030257186081694403
0 0.8168222055722056 0.012536584276372211 0.01953125 0.030257186081694403
0 0.7558831446331447 0.04967947164618837 0.01953125 0.030257186081694403
0 0.7658731546231548 0.04967947164618837 0.01953125 0.030257186081694403
0 0.7708681596181598 0.031108027961280288 0.01953125 0.030257186081694403
0 0.7828561716061717 0.02027468581175045 0.01953125 0.030257186081694403
0 0.7508881396381399 0.024917546732977466 0.01953125 0.030257186081694403
0 0.7588801476301478 0.01563182489052343 0.01953125 0.030257186081694403
0 0.7468921356421359 0.031108027961280288 0.01953125 0.030257186081694403
0 0.7428961316461318 0.04967947164618837 0.01953125 0.030257186081694403
0 0.7638751526251528 0.08836997932308033 0.01953125 0.030257186081694403
0 0.7688701576201579 0.14872717129903176 0.01953125 0.030257186081694403
0 0.7688701576201579 0.1301557276141237 0.01953125 0.030257186081694403
0 0.7808581696081698 0.14253669007072914 0.01953125 0.030257186081694403
0 0.8078311965811968 0.13944144945657772 0.01953125 0.030257186081694403
0 0.8687702575202578 0.17039385559809123 0.01953125 0.030257186081694403
0 0.8787602675102678 0.20289388204668057 0.01953125 0.030257186081694403
0 0.9057332944832949 0.2322986678811185 0.01953125 0.030257186081694403
0 0.9107282994782998 0.25860821310140497 0.01953125 0.030257186081694403
0 0.9317073204573206 0.24313201003064813 0.01953125 0.030257186081694403
0 0.9466923354423357 0.24932249125895098 0.01953125 0.030257186081694403
0 0.9496893384393388 0.21682246481036163 0.01953125 0.030257186081694403
0 0.9247143134643138 0.17194147590516695 0.01953125 0.030257186081694403
0 0.9337053224553228 0.17194147590516695 0.01953125 0.030257186081694403
0 0.8597792485292487 0.1874176789759237 0.01953125 0.030257186081694403
0 0.7089300976800978 0.017179445197599234 0.01953125 0.030257186081694403
0 0.7219171106671107 0.01408420458344782 0.01953125 0.030257186081694403
0 0.7349041236541239 0.02956040765420468 0.01953125 0.030257186081694403
0 0.7279111166611167 0.048131851339112755 0.01953125 0.030257186081694403
0 0.7149241036741039 0.0342032685754317 0.01953125 0.030257186081694403
0 0.7039350926850928 0.032655648268355895 0.01953125 0.030257186081694403
0 0.6879510767010768 0.02182230611882625 0.01953125 0.030257186081694403
0 0.6749640637140639 0.048131851339112755 0.01953125 0.030257186081694403
0 0.6929460816960819 0.041941370110809936 0.01953125 0.030257186081694403
0 0.6819570707070708 0.06206043410279381 0.01953125 0.030257186081694403
0 0.6969420856920859 0.06825091533109644 0.01953125 0.030257186081694403
0 0.7109280996780998 0.07444139655939927 0.01953125 0.030257186081694403
0 0.7309081196581199 0.07908425748062628 0.01953125 0.030257186081694403
0 0.7478911366411368 0.08217949809477769 0.01953125 0.030257186081694403
0 0.7578811466311468 0.12706048699997227 0.01953125 0.030257186081694403
0 0.7349041236541239 0.11467952454336683 0.01953125 0.030257186081694403
0 0.7568821456321458 0.14098906976365344 0.01953125 0.030257186081694403
0 0.7139251026751029 0.133250968228275 0.01953125 0.030257186081694403
0 0.6999390886890887 0.14408431037780475 0.01953125 0.030257186081694403
0 0.7089300976800978 0.11777476515751824 0.01953125 0.030257186081694403
0 0.7049340936840938 0.10384618239383718 0.01953125 0.030257186081694403
0 0.7139251026751029 0.09146521993723174 0.01953125 0.030257186081694403
0 0.6979410866910868 0.09610808085845875 0.01953125 0.030257186081694403
0 0.6869520757020758 0.0852747387089289 0.01953125 0.030257186081694403
0 0.689949078699079 0.1301557276141237 0.01953125 0.030257186081694403
0 0.6729660617160618 0.12241762607874526 0.01953125 0.030257186081694403
0 0.6629760517260519 0.12241762607874526 0.01953125 0.030257186081694403
0 0.6599790487290488 0.14098906976365344 0.01953125 0.030257186081694403
0 0.6869520757020758 0.1595605134485616 0.01953125 0.030257186081694403
0 0.639999028749029 0.14408431037780475 0.01953125 0.030257186081694403
0 0.635004023754024 0.11777476515751824 0.01953125 0.030257186081694403
0 0.6509880397380398 0.10384618239383718 0.01953125 0.030257186081694403
0 0.6679710567210569 0.08682235901600471 0.01953125 0.030257186081694403
0 0.6509880397380398 0.07753663717355068 0.01953125 0.030257186081694403
0 0.639999028749029 0.08836997932308033 0.01953125 0.030257186081694403
0 0.6609780497280497 0.058965193488642396 0.01953125 0.030257186081694403
0 0.6679710567210569 0.057417573181566796 0.01953125 0.030257186081694403
0 0.6689700577200579 0.04039374980373432 0.01953125 0.030257186081694403
0 0.6779610667110667 0.01563182489052343 0.01953125 0.030257186081694403
0 0.6509880397380398 0.01872706550467484 0.01953125 0.030257186081694403
0 0.6469920357420359 0.03729850918958291 0.01953125 0.030257186081694403
0 0.639999028749029 0.026465167040053268 0.01953125 0.030257186081694403
0 0.629010017760018 0.01563182489052343 0.01953125 0.030257186081694403
0 0.618021006771007 0.041941370110809936 0.01953125 0.030257186081694403
0 0.6260130147630149 0.054322332567415386 0.01953125 0.030257186081694403
0 0.636003024753025 0.058965193488642396 0.01953125 0.030257186081694403
0 0.620019008769009 0.1100366636221398 0.01953125 0.030257186081694403
0 0.6220170107670108 0.13170334792119928 0.01953125 0.030257186081694403
0 0.613026001776002 0.13789382914950213 0.01953125 0.030257186081694403
0 0.613026001776002 0.15491765252733458 0.01953125 0.030257186081694403
0 0.6230160117660117 0.16420337436978863 0.01953125 0.030257186081694403
0 0.6140250027750029 0.09920332147261016 0.01953125 0.030257186081694403
0 0.619020007770008 0.0852747387089289 0.01953125 0.030257186081694403
0 0.6080309967809969 0.07289377625232366 0.01953125 0.030257186081694403
0 0.6060329947829948 0.060512813795718205 0.01953125 0.030257186081694403
0 0.6080309967809969 0.032655648268355895 0.01953125 0.030257186081694403
0 0.5980409867909869 0.012536584276372211 0.01953125 0.030257186081694403
0 0.5830559718059718 0.012536584276372211 0.01953125 0.030257186081694403
0 0.5840549728049728 0.026465167040053268 0.01953125 0.030257186081694403
0 0.5870519758019759 0.041941370110809936 0.01953125 0.030257186081694403
0 0.574064962814963 0.03729850918958291 0.01953125 0.030257186081694403
0 0.5640749528249529 0.031108027961280288 0.01953125 0.030257186081694403
0 0.5510879398379399 0.03729850918958291 0.01953125 0.030257186081694403
0 0.5670719558219559 0.01563182489052343 0.01953125 0.030257186081694403
0 0.590048978798979 0.06670329502402084 0.01953125 0.030257186081694403
0 0.5700689588189589 0.07289377625232366 0.01953125 0.030257186081694403
0 0.568070956820957 0.08991759963015612 0.01953125 0.030257186081694403
0 0.5880509768009768 0.1115842839292156 0.01953125 0.030257186081694403
0 0.6060329947829948 0.09301284024430734 0.01953125 0.030257186081694403
0 0.5700689588189589 0.1363462088424264 0.01953125 0.030257186081694403
0 0.5470919358419359 0.13789382914950213 0.01953125 0.030257186081694403
0 0.552086940836941 0.1100366636221398 0.01953125 0.030257186081694403
0 0.5420969308469309 0.09920332147261016 0.01953125 0.030257186081694403
0 0.543095931845932 0.0852747387089289 0.01953125 0.030257186081694403
0 0.5570819458319459 0.06979853563817223 0.01953125 0.030257186081694403
0 0.5480909368409369 0.054322332567415386 0.01953125 0.030257186081694403
0 0.5660729548229549 0.048131851339112755 0.01953125 0.030257186081694403
0 0.5730659618159618 0.05277471226033978 0.01953125 0.030257186081694403
0 0.5221169108669109 0.12396524638582095 0.01953125 0.030257186081694403
0 0.529109917859918 0.14872717129903176 0.01953125 0.030257186081694403
0 0.49214688089688097 0.15491765252733458 0.01953125 0.030257186081694403
0 0.47316586191586196 0.15337003222025888 0.01953125 0.030257186081694403
0 0.468170856920857 0.09146521993723174 0.01953125 0.030257186081694403
0 0.4901488788988789 0.06979853563817223 0.01953125 0.030257186081694403
0 0.439199827949828 0.15027479160610746 0.01953125 0.030257186081694403
0 0.449189837939838 0.14408431037780475 0.01953125 0.030257186081694403
0 0.45118783993783995 0.06825091533109644 0.01953125 0.030257186081694403
0 0.464174852924853 0.06360805440986943 0.01953125 0.030257186081694403
0 0.44119782994783 0.06670329502402084 0.01953125 0.030257186081694403
0 0.44419483294483303 0.051227091953264164 0.01953125 0.030257186081694403
0 0.44519383394383394 0.023369926425901858 0.01953125 0.030257186081694403
0 0.46317585192585203 0.01563182489052343 0.01953125 0.030257186081694403
0 0.47016885891885896 0.04348899041788574 0.01953125 0.030257186081694403
0 0.48914987789987796 0.045036610724961346 0.01953125 0.030257186081694403
0 0.49714188589188596 0.02182230611882625 0.01953125 0.030257186081694403
0 0.4901488788988789 0.012536584276372211 0.01953125 0.030257186081694403
0 0.5171219058719059 0.028012787347128875 0.01953125 0.030257186081694403
0 0.514124902874903 0.05586995287449119 0.01953125 0.030257186081694403
0 0.5261129148629149 0.05586995287449119 0.01953125 0.030257186081694403
0 0.530108918858919 0.03884612949665872 0.01953125 0.030257186081694403
0 0.5361029248529249 0.06360805440986943 0.01953125 0.030257186081694403
0 0.52111790986791 0.07598901686647487 0.01953125 0.030257186081694403
0 0.5221169108669109 0.10384618239383718 0.01953125 0.030257186081694403
0 0.5111278998779 0.08372711840185329 0.01953125 0.030257186081694403
0 0.49114787989788 0.12241762607874526 0.01953125 0.030257186081694403
0 0.49314588189588204 0.08682235901600471 0.01953125 0.030257186081694403
0 0.430208818958819 0.01563182489052343 0.01953125 0.030257186081694403
0 0.430208818958819 0.032655648268355895 0.01953125 0.030257186081694403
0 0.419219807969808 0.051227091953264164 0.01953125 0.030257186081694403
0 0.427211815961816 0.06360805440986943 0.01953125 0.030257186081694403
0 0.41622280497280506 0.07908425748062628 0.01953125 0.030257186081694403
0 0.392246780996781 0.01872706550467484 0.01953125 0.030257186081694403
0 0.408230796980797 0.03884612949665872 0.01953125 0.030257186081694403
0 0.39124777999778004 0.04967947164618837 0.01953125 0.030257186081694403
0 0.3932457819957821 0.08063187778770188 0.01953125 0.030257186081694403
0 0.3822567710067711 0.08991759963015612 0.01953125 0.030257186081694403
0 0.404234792984793 0.09610808085845875 0.01953125 0.030257186081694403
0 0.41622280497280506 0.1115842839292156 0.01953125 0.030257186081694403
0 0.428210816960817 0.09456046055138315 0.01953125 0.030257186081694403
0 0.406232794982795 0.12860810730704797 0.01953125 0.030257186081694403
0 0.39024877899877897 0.12706048699997227 0.01953125 0.030257186081694403
0 0.40223679098679105 0.11467952454336683 0.01953125 0.030257186081694403
0 0.39824078699078697 0.15491765252733458 0.01953125 0.030257186081694403
0 0.3882507770007771 0.1518224119131832 0.01953125 0.030257186081694403
0 0.37925976800976796 0.1580128931414859 0.01953125 0.030257186081694403
0 0.37826076701076705 0.024917546732977466 0.01953125 0.030257186081694403
0 0.3502887390387391 0.026465167040053268 0.01953125 0.030257186081694403
0 0.3632757520257521 0.045036610724961346 0.01953125 0.030257186081694403
0 0.37526376401376405 0.058965193488642396 0.01953125 0.030257186081694403
0 0.37226676101676104 0.08372711840185329 0.01953125 0.030257186081694403
0 0.3632757520257521 0.06825091533109644 0.01953125 0.030257186081694403
0 0.387251776001776 0.06670329502402084 0.01953125 0.030257186081694403
0 0.37826076701076705 0.11313190423629121 0.01953125 0.030257186081694403
0 0.3682707570207571 0.13789382914950213 0.01953125 0.030257186081694403
0 0.354284743034743 0.12087000577166963 0.01953125 0.030257186081694403
0 0.362276751026751 0.11313190423629121 0.01953125 0.030257186081694403
0 0.3492897380397381 0.1100366636221398 0.01953125 0.030257186081694403
0 0.34529373404373404 0.09456046055138315 0.01953125 0.030257186081694403
0 0.3353037240537241 0.09610808085845875 0.01953125 0.030257186081694403
0 0.34229673104673103 0.07753663717355068 0.01953125 0.030257186081694403
0 0.35128774003774 0.06670329502402084 0.01953125 0.030257186081694403
0 0.35228674103674107 0.051227091953264164 0.01953125 0.030257186081694403
0 0.3353037240537241 0.04039374980373432 0.01953125 0.030257186081694403
0 0.3243147130647131 0.02182230611882625 0.01953125 0.030257186081694403
0 0.3432957320457321 0.017179445197599234 0.01953125 0.030257186081694403
0 0.32531371406371407 0.060512813795718205 0.01953125 0.030257186081694403
0 0.31232670107670113 0.07753663717355068 0.01953125 0.030257186081694403
0 0.31332570207570204 0.057417573181566796 0.01953125 0.030257186081694403
0 0.30633269508269506 0.03575088888250731 0.01953125 0.030257186081694403
0 0.29534368409368406 0.031108027961280288 0.01953125 0.030257186081694403
0 0.2753636641136641 0.0342032685754317 0.01953125 0.030257186081694403
0 0.2923466810966811 0.06825091533109644 0.01953125 0.030257186081694403
0 0.2983406870906871 0.1100366636221398 0.01953125 0.030257186081694403
0 0.2713676601176601 0.1115842839292156 0.01953125 0.030257186081694403
0 0.2673716561216561 0.10229856208676139 0.01953125 0.030257186081694403
0 0.2883506771006771 0.15491765252733458 0.01953125 0.030257186081694403
0 0.32831071706071707 0.11932238546459395 0.01953125 0.030257186081694403
0 0.3113277000777001 0.10539380270091278 0.01953125 0.030257186081694403
0 0.2453936341436341 0.1363462088424264 0.01953125 0.030257186081694403
0 0.21941960816960818 0.12551286669289666 0.01953125 0.030257186081694403
0 0.23040861915861915 0.12551286669289666 0.01953125 0.030257186081694403
0 0.24639263514263512 0.10075094177968577 0.01953125 0.030257186081694403
0 0.2633756521256521 0.057417573181566796 0.01953125 0.030257186081694403
0 0.2563826451326451 0.045036610724961346 0.01953125 0.030257186081694403
0 0.25538364413364417 0.023369926425901858 0.01953125 0.030257186081694403
0 0.23040861915861915 0.01872706550467484 0.01953125 0.030257186081694403
0 0.23939962814962812 0.07134615594524785 0.01953125 0.030257186081694403
0 0.22841061716061714 0.041941370110809936 0.01953125 0.030257186081694403
0 0.21442460317460316 0.04039374980373432 0.01953125 0.030257186081694403
0 0.21442460317460316 0.024917546732977466 0.01953125 0.030257186081694403
0 0.21842060717060716 0.058965193488642396 0.01953125 0.030257186081694403
0 0.20843059718059717 0.06670329502402084 0.01953125 0.030257186081694403
0 0.20443459318459317 0.09920332147261016 0.01953125 0.030257186081694403
0 0.21642260517260511 0.08836997932308033 0.01953125 0.030257186081694403
0 0.22741161616161612 0.09456046055138315 0.01953125 0.030257186081694403
0 0.23840062715062713 0.08991759963015612 0.01953125 0.030257186081694403
0 0.21941960816960818 0.16575099467686424 0.01953125 0.030257186081694403
0 0.20043858918858917 0.16420337436978863 0.01953125 0.030257186081694403
0 0.1904485791985792 0.16729861498393994 0.01953125 0.030257186081694403
0 0.17846056721056716 0.18587005866884812 0.01953125 0.030257186081694403
0 0.16647255522255516 0.14717955099195615 0.01953125 0.030257186081694403
0 0.17346556221556214 0.12860810730704797 0.01953125 0.030257186081694403
0 0.18345557220557218 0.13789382914950213 0.01953125 0.030257186081694403
0 0.19144758019758013 0.11313190423629121 0.01953125 0.030257186081694403
0 0.20643259518259513 0.12706048699997227 0.01953125 0.030257186081694403
0 0.21342560217560214 0.11467952454336683 0.01953125 0.030257186081694403
0 0.19744158619158617 0.08217949809477769 0.01953125 0.030257186081694403
0 0.18445457320457315 0.08063187778770188 0.01953125 0.030257186081694403
0 0.17945956820956818 0.060512813795718205 0.01953125 0.030257186081694403
0 0.18245657120657116 0.05277471226033978 0.01953125 0.030257186081694403
0 0.17746156621156614 0.048131851339112755 0.01953125 0.030257186081694403
0 0.18345557220557218 0.01563182489052343 0.01953125 0.030257186081694403
0 0.1614775502275502 0.032655648268355895 0.01953125 0.030257186081694403
0 0.1355035242535242 0.01563182489052343 0.01953125 0.030257186081694403
0 0.1245145132645132 0.045036610724961346 0.01953125 0.030257186081694403
0 0.1394995282495282 0.060512813795718205 0.01953125 0.030257186081694403
0 0.15848054723054722 0.08836997932308033 0.01953125 0.030257186081694403
0 0.17046855921855916 0.08063187778770188 0.01953125 0.030257186081694403
0 0.17945956820956818 0.1084890433150642 0.01953125 0.030257186081694403
0 0.1694695582195582 0.11467952454336683 0.01953125 0.030257186081694403
0 0.15848054723054722 0.12396524638582095 0.01953125 0.030257186081694403
0 0.14849053724053715 0.1069414230079886 0.01953125 0.030257186081694403
0 0.14149753024753017 0.12396524638582095 0.01953125 0.030257186081694403
0 0.12351551226551218 0.14098906976365344 0.01953125 0.030257186081694403
0 0.1355035242535242 0.14098906976365344 0.01953125 0.030257186081694403
0 0.1424965312465312 0.14408431037780475 0.01953125 0.030257186081694403
0 0.10952949827949819 0.04039374980373432 0.01953125 0.030257186081694403
0 0.10853049728049724 0.06206043410279381 0.01953125 0.030257186081694403
0 0.11552350427350423 0.07908425748062628 0.01953125 0.030257186081694403
0 0.1135255022755022 0.11467952454336683 0.01953125 0.030257186081694403
0 0.1285105172605172 0.11467952454336683 0.01953125 0.030257186081694403
0 0.08655247530247524 0.12241762607874526 0.01953125 0.030257186081694403
0 0.10153749028749025 0.11777476515751824 0.01953125 0.030257186081694403
0 0.08255647130647124 0.15646527283441017 0.01953125 0.030257186081694403
0 0.08655247530247524 0.13170334792119928 0.01953125 0.030257186081694403
0 0.007631396381396295 0.04039374980373432 0.01953125 0.030257186081694403
0 0.01362540237540227 0.05586995287449119 0.01953125 0.030257186081694403
0 0.022616411366411265 0.054322332567415386 0.01953125 0.030257186081694403
0 0.030608419358419275 0.02027468581175045 0.01953125 0.030257186081694403
0 0.05158744033744028 0.01408420458344782 0.01953125 0.030257186081694403
0 0.06757145632145624 0.01872706550467484 0.01953125 0.030257186081694403
0 0.07955946830946825 0.041941370110809936 0.01953125 0.030257186081694403
0 0.09454448329448326 0.04348899041788574 0.01953125 0.030257186081694403
0 0.07156746031746025 0.04967947164618837 0.01953125 0.030257186081694403
0 0.07156746031746025 0.06670329502402084 0.01953125 0.030257186081694403
0 0.0805584693084692 0.06360805440986943 0.01953125 0.030257186081694403
0 0.08655247530247524 0.07753663717355068 0.01953125 0.030257186081694403
0 0.05658244533244524 0.12706048699997227 0.01953125 0.030257186081694403
0 0.07156746031746025 0.15646527283441017 0.01953125 0.030257186081694403
0 0.06357545232545224 0.15337003222025888 0.01953125 0.030257186081694403
0 0.054584443334443275 0.1611081337556372 0.01953125 0.030257186081694403
0 0.018620407370407294 0.12860810730704797 0.01953125 0.030257186081694403
0 0.018620407370407294 0.14717955099195615 0.01953125 0.030257186081694403
0 0.0036353923853922904 0.10075094177968577 0.01953125 0.030257186081694403
0 0.022616411366411265 0.07908425748062628 0.01953125 0.030257186081694403
0 0.03160742035742026 0.10384618239383718 0.01953125 0.030257186081694403
0 0.04459443334443329 0.11932238546459395 0.01953125 0.030257186081694403
0 0.04559343434343425 0.09765570116553435 0.01953125 0.030257186081694403
0 0.046805555555555545 0.08082833958779492 0.01953125 0.030257186081694403
0 0.037801226551226544 0.0625870549017296 0.01953125 0.030257186081694403
0 0.04299603174603173 0.052125141625898035 0.01953125 0.030257186081694403
0 0.046286075036075035 0.03656639880543054 0.01953125 0.030257186081694403
0 0.03451118326118325 0.015106063880647813 0.01953125 0.030257186081694403
0 0.019619408369408356 0.012960030388169546 0.01953125 0.030257186081694403
0 0.003515512265512252 0.012960030388169546 0.01953125 0.030257186081694403
0 0.0007449494949494806 0.023421943664001136 0.01953125 0.030257186081694403
0 0.023428932178932167 0.15352522414549644 0.01953125 0.030257186081694403
0 0.04213023088023087 0.1629141206750889 0.01953125 0.030257186081694403
0 0.06446789321789322 0.1376982271384692 0.01953125 0.030257186081694403
0 0.07381854256854256 0.14091727737718657 0.01953125 0.030257186081694403
0 0.07641594516594517 0.10389819963193637 0.01953125 0.030257186081694403
0 0.07987914862914863 0.08243786470715363 0.01953125 0.030257186081694403
0 0.10048520923520926 0.021275910171522843 0.01953125 0.030257186081694403
0 0.10550685425685427 0.02825051902207724 0.01953125 0.030257186081694403
0 0.11399170274170274 0.022617181104321763 0.01953125 0.030257186081694403
0 0.14862373737373738 0.0424679909097458 0.01953125 0.030257186081694403
0 0.15537698412698414 0.06687912188668617 0.01953125 0.030257186081694403
0 0.10256313131313131 0.1385029896981485 0.01953125 0.030257186081694403
0 0.10360209235209235 0.09585057403514284 0.01953125 0.030257186081694403
0 0.01840728715728715 0.029860044141435938 0.01953125 0.030257186081694403
0 0.024641053391053384 0.04005370323070773 0.01953125 0.030257186081694403
0 0.15156746031746035 0.12133472175832231 0.01953125 0.030257186081694403
0 0.0755501443001443 0.09933787846042004 0.01953125 0.030257186081694403
0 0.055333694083694145 0.26015583340848064 0.01953125 0.030257186081694403
0 0.11976925851925854 0.18587005866884812 0.01953125 0.030257186081694403
0 0.11677225552225555 0.20289388204668057 0.01953125 0.030257186081694403
0 0.10378524253524259 0.23229866788111844 0.01953125 0.030257186081694403
0 0.09029872904872907 0.23694152880234548 0.01953125 0.030257186081694403
0 0.08929972804972809 0.27717965678631307 0.01953125 0.030257186081694403
0 0.12826076701076702 0.3955726102776024 0.01953125 0.030257186081694403
0 0.18120781995781995 0.18045338759408328 0.01953125 0.030257186081694403
0 0.17421481296481295 0.1618819439091751 0.01953125 0.030257186081694403
0 0.31357545232545236 0.3143225441561293 0.01953125 0.030257186081694403
0 0.4829061216561216 0.4040845219665187 0.01953125 0.030257186081694403
0 0.49289613164613155 0.4628940936353944 0.01953125 0.030257186081694403
0 0.4239650627150627 0.4690845748636971 0.01953125 0.030257186081694403
0 0.43245657120657116 0.575096565898381 0.01953125 0.030257186081694403
0 0.4539350926850926 0.5588465526740864 0.01953125 0.030257186081694403
0 0.4839051226551226 0.5743227557448433 0.01953125 0.030257186081694403
0 0.47041860916860906 0.5867037182014485 0.01953125 0.030257186081694403
0 0.3924965312465313 0.5890251486620621 0.01953125 0.030257186081694403
0 0.3440449827949827 0.5588465526740864 0.01953125 0.030257186081694403
0 0.3035854423354423 0.5015846013122864 0.01953125 0.030257186081694403
0 0.2746144133644134 0.36384639398255103 0.01953125 0.030257186081694403
0 0.20868034743034744 0.3429535198370294 0.01953125 0.030257186081694403
0 0.13825077700077704 0.5294417668396485 0.01953125 0.030257186081694403
0 0.15373529248529252 0.5425965394497918 0.01953125 0.030257186081694403
0 0.2176713564213564 0.5526560714457837 0.01953125 0.030257186081694403
0 0.028360667110667162 0.5131917536153539 0.01953125 0.030257186081694403
0 0.06482420357420361 0.3050368223136753 0.01953125 0.030257186081694403
0 0.027361666111666176 0.16110813375563732 0.01953125 0.030257186081694403
0 0.7849851537351538 0.15148564877904255 0.01953125 0.030257186081694403
0 0.8025142912642913 0.17734810368839615 0.01953125 0.030257186081694403
0 0.8121135808635808 0.17217561270652543 0.01953125 0.030257186081694403
0 0.8037663725163725 0.16829624447012237 0.01953125 0.030257186081694403
0 0.8279732767232767 0.16829624447012237 0.01953125 0.030257186081694403
0 0.7419970307470306 0.35321279707200026 0.01953125 0.030257186081694403
0 0.6969221056721058 0.358385288053871 0.01953125 0.030257186081694403
0 0.6722978410478411 0.1734687354519931 0.01953125 0.030257186081694403
0 0.685236013986014 0.04221677678702385 0.01953125 0.030257186081694403
0 0.7056866744366743 0.012474953641267253 0.01953125 0.030257186081694403
0 0.657272866022866 0.012474953641267253 0.01953125 0.030257186081694403
0 0.5929993617493616 0.02023369011407333 0.01953125 0.030257186081694403
0 0.5621146908646909 0.1333819303424951 0.01953125 0.030257186081694403
0 0.576304945054945 0.1133385277877461 0.01953125 0.030257186081694403
0 0.5203786491286491 0.342221253735525 0.01953125 0.030257186081694403
0 0.5103619991119991 0.29178946666228556 0.01953125 0.030257186081694403
0 0.5249696137196137 0.013121515014001129 0.01953125 0.030257186081694403
0 0.4586093073593074 0.03575116305968548 0.01953125 0.030257186081694403
0 0.42981143856143855 0.04609614502342687 0.01953125 0.030257186081694403
0 0.430228798978799 0.10040730033306937 0.01953125 0.030257186081694403
0 0.4248031135531135 0.12368350975148755 0.01953125 0.030257186081694403
0 0.42981143856143855 0.30730693960789773 0.01953125 0.030257186081694403
0 0.4197947885447885 0.30601381686243 0.01953125 0.030257186081694403
0 0.458191946941947 0.3797218133540876 0.01953125 0.030257186081694403
0 0.48657245532245536 0.3713165155085477 0.01953125 0.030257186081694403
0 0.49763250638250633 0.29890164176235784 0.01953125 0.030257186081694403
0 0.5443768731268731 0.33381595588998514 0.01953125 0.030257186081694403
0 0.5351949439449439 0.334462517262719 0.01953125 0.030257186081694403
0 0.33360986235986223 0.07001891581457893 0.01953125 0.030257186081694403
0 0.22509615384615375 0.37390276099948316 0.01953125 0.030257186081694403
0 0.8079399766899766 0.6300664753449423 0.01953125 0.030257186081694403
0 0.796253885003885 0.5983849680809843 0.01953125 0.030257186081694403
0 0.796253885003885 0.5802812496444367 0.01953125 0.030257186081694403
0 0.7541004828504828 0.47812455275249033 0.01953125 0.030257186081694403
0 0.7828983516483516 0.4690726935342165 0.01953125 0.030257186081694403
0 0.6355701243201243 0.6746792100635771 0.01953125 0.030257186081694403
0 0.6284749972249972 0.7697237318554515 0.01953125 0.030257186081694403
0 0.4928328615828616 0.8246814485378278 0.01953125 0.030257186081694403
0 0.4510968198468198 0.7335162949823566 0.01953125 0.030257186081694403
0 0.4903286990786991 0.5363150762985358 0.01953125 0.030257186081694403
0 0.5558542846042847 0.6248939843630716 0.01953125 0.030257186081694403
0 0.5879910367410367 0.6287733525994746 0.01953125 0.030257186081694403
0 0.5166224053724053 0.6164886865175316 0.01953125 0.030257186081694403
0 0.6055201742701742 0.7328697336096227 0.01953125 0.030257186081694403
0 0.7336498223998223 0.8227417644196263 0.01953125 0.030257186081694403
0 0.23970376845376848 0.6210394907794806 0.01953125 0.030257186081694403
0 0.42459443334443336 0.42707107895932905 0.01953125 0.030257186081694403
0 0.4358631646131646 0.4296573244502644 0.01953125 0.030257186081694403
0 0.45881798756798753 0.4341832540594013 0.01953125 0.030257186081694403
0 0.44754925629925635 0.4568129021050856 0.01953125 0.030257186081694403
0 0.0894540182040182 0.5428055646786862 0.01953125 0.030257186081694403
0 0.10447899322899322 0.5428055646786862 0.01953125 0.030257186081694403
0 0.1370331057831058 0.6307379113704883 0.01953125 0.030257186081694403
0 0.10740051615051616 0.67987657569826 0.01953125 0.030257186081694403
0 0.13369422244422244 0.6928078031529368 0.01953125 0.030257186081694403
0 0.1785604673104673 0.47556318191436686 0.01953125 0.030257186081694403
0 0.1643702131202131 0.46909756818702847 0.01953125 0.030257186081694403
0 0.8627762515262518 0.11932238546459414 0.01953125 0.030257186081694403
0 0.7428961316461318 0.00789372335514539 0.01953125 0.030257186081694403
0 0.2763626651126651 0.014084204583448017 0.01953125 0.030257186081694403
