0 0.39035403073489006 0.27987930038711273 0.01953125 0.026041666666666668
0 0.39035403073489006 0.2958633163711288 0.01953125 0.026041666666666668
0 0.462282102662962 0.27188729239510484 0.01953125 0.026041666666666668
0 0.42831606869692807 0.27588329639110887 0.01953125 0.026041666666666668
0 0.529215169596029 0.26256328307109555 0.01953125 0.026041666666666668
0 0.40933504971590906 0.004155024662837163 0.01953125 0.026041666666666668
0 0.4343100746909341 0.4823435028513153 0.01953125 0.026041666666666668
0 0.43231207269293204 0.9032559237637362 0.01953125 0.026041666666666668
0 0.41632805670891604 0.9658599863677989 0.01953125 0.026041666666666668
0 0.3663780067588661 0.8592998798076922 0.01953125 0.026041666666666668
0 0.3094349498158092 0.9192399397477522 0.01953125 0.026041666666666668
0 0.26947490985576916 0.9179079384157509 0.01953125 0.026041666666666668
0 0.1695748099556693 0.9805120010198135 0.01953125 0.026041666666666668
0 0.1885558289366883 0.7993598198676324 0.01953125 0.026041666666666668
0 0.2355088758897352 0.7287637492715616 0.01953125 0.026041666666666668
0 0.11862575900661834 0.8313278518356643 0.01953125 0.026041666666666668
0 0.09664773702859639 0.8699558904637029 0.01953125 0.026041666666666668
0 0.0626817030625624 0.8592998798076922 0.01953125 0.026041666666666668
0 0.04469968508054442 0.861963882471695 0.01953125 0.026041666666666668
0 0.012731653112512425 0.7807118012196136 0.01953125 0.026041666666666668
0 0.0027416431225024407 0.7074517279595405 0.01953125 0.026041666666666668
0 0.028715669096528423 0.6142116347194472 0.01953125 0.026041666666666668
0 0.045698686079545386 0.5742515947594072 0.01953125 0.026041666666666668
0 0.026717667098526438 0.5662595867673993 0.01953125 0.026041666666666668
0 0.008735649116508454 0.5862396067474193 0.01953125 0.026041666666666668
0 0.053690694071553385 0.5356235561313686 0.01953125 0.026041666666666668
0 0.0626817030625624 0.5516075721153846 0.01953125 0.026041666666666668
0 0.07466971505057438 0.5795796000874125 0.01953125 0.026041666666666668
0 0.09664773702859639 0.520971541479354 0.01953125 0.026041666666666668
0 0.10364074402160336 0.5889036094114218 0.01953125 0.026041666666666668
0 0.12062376100462033 0.6048876253954378 0.01953125 0.026041666666666668
0 0.10663774701860637 0.6541716746794871 0.01953125 0.026041666666666668
0 0.09165273203359134 0.6994597199675324 0.01953125 0.026041666666666668
0 0.10563874601960535 0.6821437026515151 0.01953125 0.026041666666666668
0 0.053690694071553385 0.6381876586954712 0.01953125 0.026041666666666668
0 0.1545897949706543 0.6261996467074592 0.01953125 0.026041666666666668
0 0.1625818029626623 0.5928996134074258 0.01953125 0.026041666666666668
0 0.14459978498064432 0.5755835960914086 0.01953125 0.026041666666666668
0 0.16358080396166327 0.5516075721153846 0.01953125 0.026041666666666668
0 0.1485957889766483 0.5422835627913752 0.01953125 0.026041666666666668
0 0.1386057789866383 0.5516075721153846 0.01953125 0.026041666666666668
0 0.19554883592969527 0.508983529491342 0.01953125 0.026041666666666668
0 0.20953484991570923 0.5103155308233434 0.01953125 0.026041666666666668
0 0.22352086390172324 0.5143115348193473 0.01953125 0.026041666666666668
0 0.20628809666895603 0.5378940720737596 0.01953125 0.026041666666666668
0 0.19979459017544954 0.5279040620837495 0.01953125 0.026041666666666668
0 0.18131307169393107 0.5385600727397603 0.01953125 0.026041666666666668
0 0.22427011465097402 0.5405580747377622 0.01953125 0.026041666666666668
0 0.20279159317245254 0.5771881113677989 0.01953125 0.026041666666666668
0 0.237257127637987 0.5705281047077922 0.01953125 0.026041666666666668
0 0.231263121643981 0.5838481180278056 0.01953125 0.026041666666666668
0 0.2117826021634615 0.6151501493298368 0.01953125 0.026041666666666668
0 0.2557386461195055 0.6004981346778221 0.01953125 0.026041666666666668
0 0.27821616859702797 0.6004981346778221 0.01953125 0.026041666666666668
0 0.26273165311251245 0.5538780880577755 0.01953125 0.026041666666666668
0 0.24924513962599898 0.5632020973817848 0.01953125 0.026041666666666668
0 0.23825612863698803 0.5139180480977356 0.01953125 0.026041666666666668
0 0.2457486361294955 0.5192460534257409 0.01953125 0.026041666666666668
0 0.2617326521135115 0.5232420574217449 0.01953125 0.026041666666666668
0 0.28470967509053446 0.49393802811771564 0.01953125 0.026041666666666668
0 0.29170268208354144 0.5079240421037295 0.01953125 0.026041666666666668
0 0.276218166599026 0.5232420574217449 0.01953125 0.026041666666666668
0 0.2677266581075175 0.5299020640817516 0.01953125 0.026041666666666668
0 0.29120318158404096 0.5332320674117549 0.01953125 0.026041666666666668
0 0.28670767708853645 0.5512140853937729 0.01953125 0.026041666666666668
0 0.29020418058503994 0.5778541120337995 0.01953125 0.026041666666666668
0 0.3196747100555694 0.5532120873917749 0.01953125 0.026041666666666668
0 0.3256687160495754 0.5778541120337995 0.01953125 0.026041666666666668
0 0.3211732115540709 0.6111541453338328 0.01953125 0.026041666666666668
0 0.2986956890765484 0.6198121539918414 0.01953125 0.026041666666666668
0 0.3506437410246004 0.6144841486638362 0.01953125 0.026041666666666668
0 0.3351592255400849 0.6191461533258408 0.01953125 0.026041666666666668
0 0.30269169307255245 0.6750902092698968 0.01953125 0.026041666666666668
0 0.3226717130525724 0.6524461866258741 0.01953125 0.026041666666666668
0 0.3666277570086164 0.6491161832958708 0.01953125 0.026041666666666668
0 0.38560877598963533 0.6717602059398935 0.01953125 0.026041666666666668
0 0.3776167679976274 0.5991661333458208 0.01953125 0.026041666666666668
0 0.3796147699956293 0.5605380947177822 0.01953125 0.026041666666666668
0 0.35913524951610887 0.5172480514277389 0.01953125 0.026041666666666668
0 0.3381562285370879 0.5059260401057276 0.01953125 0.026041666666666668
0 0.3356587260395854 0.5219100560897435 0.01953125 0.026041666666666668
0 0.30618819656905594 0.5099220441017316 0.01953125 0.026041666666666668
0 0.31567870605956544 0.5005980347777222 0.01953125 0.026041666666666668
0 0.30269169307255245 0.49993203411172155 0.01953125 0.026041666666666668
0 0.31867570905656845 0.5292360634157509 0.01953125 0.026041666666666668
0 0.3066876970685564 0.5418900760697636 0.01953125 0.026041666666666668
0 0.3716227620036214 0.4912740254537129 0.01953125 0.026041666666666668
0 0.38311127349213286 0.4966020307817183 0.01953125 0.026041666666666668
0 0.3955987859796453 0.4919400261197136 0.01953125 0.026041666666666668
0 0.4230713134521728 0.5012640354437229 0.01953125 0.026041666666666668
0 0.4210733114541709 0.5205780547577422 0.01953125 0.026041666666666668
0 0.39909528947614886 0.5139180480977356 0.01953125 0.026041666666666668
0 0.38560877598963533 0.5145840487637362 0.01953125 0.026041666666666668
0 0.40209229247315187 0.5385600727397603 0.01953125 0.026041666666666668
0 0.40758679796765734 0.5605380947177822 0.01953125 0.026041666666666668
0 0.4215728119536713 0.5698621040417915 0.01953125 0.026041666666666668
0 0.4100843004651598 0.5958361300158175 0.01953125 0.026041666666666668
0 0.4465478369286963 0.5751901093697969 0.01953125 0.026041666666666668
0 0.4335608239416833 0.5612040953837828 0.01953125 0.026041666666666668
0 0.4460483364291958 0.5139180480977356 0.01953125 0.026041666666666668
0 0.4390553294361888 0.49860003277972026 0.01953125 0.026041666666666668
0 0.4655288559097153 0.5159160500957376 0.01953125 0.026041666666666668
0 0.46602835640921575 0.49527002944971693 0.01953125 0.026041666666666668
0 0.4710233614042208 0.49393802811771564 0.01953125 0.026041666666666668
0 0.4810133713942308 0.47795401213369965 0.01953125 0.026041666666666668
0 0.4830113733922327 0.49993203411172155 0.01953125 0.026041666666666668
0 0.4940003843812438 0.5092560434357309 0.01953125 0.026041666666666668
0 0.4885058788867383 0.5578740920537796 0.01953125 0.026041666666666668
0 0.49649788687874624 0.5718601060397935 0.01953125 0.026041666666666668
0 0.4815128718937312 0.5805181146978021 0.01953125 0.026041666666666668
0 0.4650293554102148 0.6158161499958374 0.01953125 0.026041666666666668
0 0.4490453394261988 0.6158161499958374 0.01953125 0.026041666666666668
0 0.47751686789772724 0.6437881779678655 0.01953125 0.026041666666666668
0 0.45154284192370125 0.6850802192599067 0.01953125 0.026041666666666668
0 0.12004621355207282 0.7390399314227439 0.01953125 0.026041666666666668
0 0.1832642455201048 0.687008629391442 0.01953125 0.026041666666666668
0 0.2737987110545703 0.7723399647227773 0.01953125 0.026041666666666668
0 0.3198464133522726 0.7463243137071264 0.01953125 0.026041666666666668
0 0.3416995602054195 0.7088617762445888 0.01953125 0.026041666666666668
0 0.3893082015640609 0.736958679341492 0.01953125 0.026041666666666668
0 0.4236488609047202 0.7015773939602066 0.01953125 0.026041666666666668
0 0.483745014750874 0.713024280407093 0.01953125 0.026041666666666668
0 0.4790621975680569 0.7608930782758909 0.01953125 0.026041666666666668
0 0.49779346629932564 0.7681774605602731 0.01953125 0.026041666666666668
0 0.5399388209446803 0.7338368012196138 0.01953125 0.026041666666666668
0 0.5243294303352897 0.6745211169039295 0.01953125 0.026041666666666668
0 0.5641333763892358 0.7546493220321345 0.01953125 0.026041666666666668
0 0.5625724373282966 0.7171867845695972 0.01953125 0.026041666666666668
0 0.5976935661994256 0.7036586460414586 0.01953125 0.026041666666666668
0 0.6211076521135115 0.7504868178696306 0.01953125 0.026041666666666668
0 0.6031568529127123 0.7588118261946387 0.01953125 0.026041666666666668
0 0.5891084013642607 0.6734804908633034 0.01953125 0.026041666666666668
0 0.5867669927728522 0.6516273440101567 0.01953125 0.026041666666666668
0 0.5625724373282966 0.6485054658882784 0.01953125 0.026041666666666668
0 0.55710915061501 0.6152054325882452 0.01953125 0.026041666666666668
0 0.5766208888767482 0.5954335378163503 0.01953125 0.026041666666666668
0 0.5828646451205045 0.5714991388819516 0.01953125 0.026041666666666668
0 0.5750599498158091 0.5381991055819182 0.01953125 0.026041666666666668
0 0.5547677420236014 0.5277928451756577 0.01953125 0.026041666666666668
0 0.5766208888767482 0.5163459587287713 0.01953125 0.026041666666666668
0 0.5508653943712537 0.49345218583499845 0.01953125 0.026041666666666668
0 0.520427082682942 0.5069803243631369 0.01953125 0.026041666666666668
0 0.5141833264391857 0.5236303410131536 0.01953125 0.026041666666666668
0 0.5009153444212038 0.5142647066475192 0.01953125 0.026041666666666668
0 0.5079395701954296 0.48200529938811193 0.01953125 0.026041666666666668
0 0.6812038059596653 0.689089881472694 0.01953125 0.026041666666666668
0 0.7077397699956294 0.7015773939602066 0.01953125 0.026041666666666668
0 0.7014960137518731 0.6703586127414254 0.01953125 0.026041666666666668
0 0.7373976121534715 0.6786836210664337 0.01953125 0.026041666666666668
0 0.713203056708916 0.589189781572594 0.01953125 0.026041666666666668
0 0.6858866231424825 0.5975147898976024 0.01953125 0.026041666666666668
0 0.6718381715940309 0.6505867179695306 0.01953125 0.026041666666666668
0 0.6663748848807443 0.5881491555319681 0.01953125 0.026041666666666668
0 0.6773014583073177 0.5257115930944057 0.01953125 0.026041666666666668
0 0.658570189576049 0.4986553160381286 0.01953125 0.026041666666666668
0 0.7171054043612637 0.5038584462412589 0.01953125 0.026041666666666668
0 0.6445217380275974 0.5184272108100234 0.01953125 0.026041666666666668
0 0.6242295302353896 0.5184272108100234 0.01953125 0.026041666666666668
0 0.6382779817838411 0.5288334712162838 0.01953125 0.026041666666666668
0 0.6109615482174076 0.5225897149725275 0.01953125 0.026041666666666668
0 0.6031568529127123 0.5132240806068932 0.01953125 0.026041666666666668
0 0.6054982615041209 0.560052252435065 0.01953125 0.026041666666666668
0 0.6125224872783466 0.560052252435065 0.01953125 0.026041666666666668
0 0.595352157608017 0.586067903450716 0.01953125 0.026041666666666668
0 0.6078396700955294 0.6204085627913755 0.01953125 0.026041666666666668
0 0.518866143622003 0.5985554159382284 0.01953125 0.026041666666666668
0 0.5344755342313936 0.6006366680194807 0.01953125 0.026041666666666668
0 0.521988021743881 0.6193679367507493 0.01953125 0.026041666666666668
0 0.5344755342313936 0.5517272441100567 0.01953125 0.026041666666666668
0 0.5438411685970279 0.5402803576631702 0.01953125 0.026041666666666668
0 0.521988021743881 0.532995975378788 0.01953125 0.026041666666666668
0 0.31742695780781716 0.8366558571636696 0.01953125 0.026041666666666668
0 0.2644799048607642 0.825999846507659 0.01953125 0.026041666666666668
0 0.47626811664897606 0.8526398731476856 0.01953125 0.026041666666666668
0 0.49524913562999495 0.8113478318556443 0.01953125 0.026041666666666668
0 0.5561881965690559 0.822003842511655 0.01953125 0.026041666666666668
0 0.500244140625 0.9378879583957708 0.01953125 0.026041666666666668
0 0.5981462385270979 0.9605319810397934 0.01953125 0.026041666666666668
0 0.6071372475181068 0.9245679450757575 0.01953125 0.026041666666666668
0 0.6301142704951298 0.8686238891317015 0.01953125 0.026041666666666668
0 0.6031412435221029 0.8086838291916417 0.01953125 0.026041666666666668
0 0.6900543304351898 0.7873718078796204 0.01953125 0.026041666666666668
0 0.7190253594062188 0.8313278518356643 0.01953125 0.026041666666666668
0 0.7889554293362887 0.8153438358516483 0.01953125 0.026041666666666668
