0 0.13049463036963033 0.823898101898102 0.01953125 0.034722222222222224
0 0.0036215034965034363 0.7866020646020647 0.01953125 0.034722222222222224
0 0.045579545454545387 0.6462979242979243 0.01953125 0.034722222222222224
0 0.0016235014985014403 0.5965698745698745 0.01953125 0.034722222222222224
0 0.0355895354645354 0.41719369519369515 0.01953125 0.034722222222222224
0 0.10352160339660332 0.42962570762570756 0.01953125 0.034722222222222224
0 0.09353159340659335 0.3710176490176489 0.01953125 0.034722222222222224
0 0.07754757742257738 0.323065601065601 0.01953125 0.034722222222222224
0 0.04857654845154838 0.34437762237762226 0.01953125 0.034722222222222224
0 0.03359153346653341 0.2946495726495726 0.01953125 0.034722222222222224
0 0.038586538461538394 0.2555775335775335 0.01953125 0.034722222222222224
0 0.014610514485514443 0.2520255300255299 0.01953125 0.034722222222222224
0 0.019605519480519435 0.2271615051615051 0.01953125 0.034722222222222224
0 0.04657854645354638 0.21117748917748902 0.01953125 0.034722222222222224
0 0.045579545454545387 0.18098545898545884 0.01953125 0.034722222222222224
0 0.06056456043956041 0.16144943944943935 0.01953125 0.034722222222222224
0 0.0695555694305694 0.15789743589743577 0.01953125 0.034722222222222224
0 0.0625625624375624 0.19341747141747126 0.01953125 0.034722222222222224
0 0.05756755744255736 0.17210545010544998 0.01953125 0.034722222222222224
0 0.07854657842157838 0.19519347319347308 0.01953125 0.034722222222222224
0 0.0695555694305694 0.18808946608946595 0.01953125 0.034722222222222224
0 0.09053459040959035 0.18098545898545884 0.01953125 0.034722222222222224
0 0.10551960539460532 0.17565745365745353 0.01953125 0.034722222222222224
0 0.12150362137862135 0.163225441225441 0.01953125 0.034722222222222224
0 0.12749762737262735 0.15256943056943037 0.01953125 0.034722222222222224
0 0.1364886363636363 0.15256943056943037 0.01953125 0.034722222222222224
0 0.1374876373626373 0.1827614607614606 0.01953125 0.034722222222222224
0 0.1444806443556443 0.16855344655344642 0.01953125 0.034722222222222224
0 0.15347165334665328 0.15789743589743577 0.01953125 0.034722222222222224
0 0.16446066433566434 0.18098545898545884 0.01953125 0.034722222222222224
0 0.18044468031968028 0.18631346431346418 0.01953125 0.034722222222222224
0 0.1724526723276723 0.16855344655344642 0.01953125 0.034722222222222224
0 0.18344168331668328 0.16855344655344642 0.01953125 0.034722222222222224
0 0.20741770729270723 0.1561214341214339 0.01953125 0.034722222222222224
0 0.21141371128871123 0.14901742701742682 0.01953125 0.034722222222222224
0 0.21540971528471528 0.16500144300144287 0.01953125 0.034722222222222224
0 0.19742769730269727 0.18098545898545884 0.01953125 0.034722222222222224
0 0.19542969530469526 0.1969694749694748 0.01953125 0.034722222222222224
0 0.19742769730269727 0.2182814962814961 0.01953125 0.034722222222222224
0 0.1814436813186813 0.22183349983349965 0.01953125 0.034722222222222224
0 0.1494756493506493 0.1845374625374624 0.01953125 0.034722222222222224
0 0.1474776473526473 0.2182814962814961 0.01953125 0.034722222222222224
0 0.1424826423576423 0.23071350871350862 0.01953125 0.034722222222222224
0 0.12050462037962036 0.20584948384948368 0.01953125 0.034722222222222224
0 0.12150362137862135 0.1827614607614606 0.01953125 0.034722222222222224
0 0.09752759740259734 0.20052147852147836 0.01953125 0.034722222222222224
0 0.09053459040959035 0.2271615051615051 0.01953125 0.034722222222222224
0 0.05956555944055941 0.23248951048951028 0.01953125 0.034722222222222224
0 0.07754757742257738 0.2573535353535352 0.01953125 0.034722222222222224
0 0.10452060439560433 0.2555775335775335 0.01953125 0.034722222222222224
0 0.06156356143856141 0.259129537129537 0.01953125 0.034722222222222224
0 0.11251261238761237 0.2271615051615051 0.01953125 0.034722222222222224
0 0.12649862637362633 0.23781751581751573 0.01953125 0.034722222222222224
0 0.1404846403596403 0.2555775335775335 0.01953125 0.034722222222222224
0 0.16346166333666332 0.2946495726495726 0.01953125 0.034722222222222224
0 0.21540971528471528 0.28044155844155827 0.01953125 0.034722222222222224
0 0.22739772727272725 0.20584948384948368 0.01953125 0.034722222222222224
0 0.21940571928071928 0.18098545898545884 0.01953125 0.034722222222222224
0 0.23039473026973026 0.16144943944943935 0.01953125 0.034722222222222224
0 0.23538973526473525 0.15967343767343745 0.01953125 0.034722222222222224
0 0.24238274225774223 0.1561214341214339 0.01953125 0.034722222222222224
0 0.24338174325674322 0.16855344655344642 0.01953125 0.034722222222222224
0 0.25337175324675326 0.15079342879342866 0.01953125 0.034722222222222224
0 0.2573677572427572 0.15967343767343745 0.01953125 0.034722222222222224
0 0.27435077422577414 0.1561214341214339 0.01953125 0.034722222222222224
0 0.2833417832167832 0.16144943944943935 0.01953125 0.034722222222222224
0 0.2843407842157841 0.1436894216894216 0.01953125 0.034722222222222224
0 0.27834677822177817 0.19341747141747126 0.01953125 0.034722222222222224
0 0.26236276223776217 0.19341747141747126 0.01953125 0.034722222222222224
0 0.23938573926073922 0.1969694749694748 0.01953125 0.034722222222222224
0 0.25337175324675326 0.17565745365745353 0.01953125 0.034722222222222224
0 0.2643607642357642 0.17032944832944807 0.01953125 0.034722222222222224
0 0.3043208041958042 0.21117748917748902 0.01953125 0.034722222222222224
0 0.3143108141858142 0.19341747141747126 0.01953125 0.034722222222222224
0 0.3292958291708291 0.17210545010544998 0.01953125 0.034722222222222224
0 0.32829682817182815 0.15789743589743577 0.01953125 0.034722222222222224
0 0.3163088161838162 0.16855344655344642 0.01953125 0.034722222222222224
0 0.34228284215784216 0.1561214341214339 0.01953125 0.034722222222222224
0 0.33429083416583416 0.1561214341214339 0.01953125 0.034722222222222224
0 0.3602648601398601 0.1436894216894216 0.01953125 0.034722222222222224
0 0.38224288211788204 0.15079342879342866 0.01953125 0.034722222222222224
0 0.3512738511488512 0.20584948384948368 0.01953125 0.034722222222222224
0 0.3402848401598402 0.20584948384948368 0.01953125 0.034722222222222224
0 0.3312938311688311 0.1845374625374624 0.01953125 0.034722222222222224
0 0.3243008241758242 0.23071350871350862 0.01953125 0.034722222222222224
0 0.3392858391608391 0.2182814962814961 0.01953125 0.034722222222222224
0 0.29932579920079916 0.2395935175935174 0.01953125 0.034722222222222224
0 0.26336176323676325 0.23248951048951028 0.01953125 0.034722222222222224
0 0.25337175324675326 0.2680095460095459 0.01953125 0.034722222222222224
0 0.24238274225774223 0.31951359751359737 0.01953125 0.034722222222222224
0 0.2134117132867133 0.33727361527361516 0.01953125 0.034722222222222224
0 0.1724526723276723 0.34615362415362405 0.01953125 0.034722222222222224
0 0.1424826423576423 0.29820157620157606 0.01953125 0.034722222222222224
0 0.12050462037962036 0.2893215673215673 0.01953125 0.034722222222222224
0 0.13149363136863132 0.3923296703296703 0.01953125 0.034722222222222224
0 0.20442070429570425 0.5273058053058053 0.01953125 0.034722222222222224
0 0.19742769730269727 0.40653768453768446 0.01953125 0.034722222222222224
0 0.30032480019980023 0.3319456099456099 0.01953125 0.034722222222222224
0 0.2913337912087912 0.27156154956154943 0.01953125 0.034722222222222224
0 0.32829682817182815 0.2555775335775335 0.01953125 0.034722222222222224
0 0.3412838411588412 0.23781751581751573 0.01953125 0.034722222222222224
0 0.35427085414585413 0.24314552114552093 0.01953125 0.034722222222222224
0 0.3582668581418581 0.23071350871350862 0.01953125 0.034722222222222224
0 0.3682568681318681 0.21472949272949257 0.01953125 0.034722222222222224
0 0.37325187312687313 0.19874547674547657 0.01953125 0.034722222222222224
0 0.37325187312687313 0.17210545010544998 0.01953125 0.034722222222222224
0 0.36326186313686315 0.1561214341214339 0.01953125 0.034722222222222224
0 0.3482768481518481 0.17210545010544998 0.01953125 0.034722222222222224
0 0.38823688811188806 0.14724142524142514 0.01953125 0.034722222222222224
0 0.39622889610389617 0.1561214341214339 0.01953125 0.034722222222222224
0 0.4022229020979021 0.14546542346542324 0.01953125 0.034722222222222224
0 0.3572678571428572 0.12237740037740018 0.01953125 0.034722222222222224
0 0.4112139110889111 0.15079342879342866 0.01953125 0.034722222222222224
0 0.3852398851148851 0.16855344655344642 0.01953125 0.034722222222222224
0 0.40422090409590417 0.17210545010544998 0.01953125 0.034722222222222224
0 0.4261989260739261 0.16144943944943935 0.01953125 0.034722222222222224
0 0.4301949300699301 0.14724142524142514 0.01953125 0.034722222222222224
0 0.439185939060939 0.15789743589743577 0.01953125 0.034722222222222224
0 0.439185939060939 0.1436894216894216 0.01953125 0.034722222222222224
0 0.4471779470529471 0.14546542346542324 0.01953125 0.034722222222222224
0 0.3932318931068931 0.18808946608946595 0.01953125 0.034722222222222224
0 0.4142109140859141 0.19341747141747126 0.01953125 0.034722222222222224
0 0.4321929320679321 0.19341747141747126 0.01953125 0.034722222222222224
0 0.44617894605394604 0.18808946608946595 0.01953125 0.034722222222222224
0 0.4321929320679321 0.16855344655344642 0.01953125 0.034722222222222224
0 0.41920591908091903 0.17032944832944807 0.01953125 0.034722222222222224
0 0.4591659590409591 0.17388145188145174 0.01953125 0.034722222222222224
0 0.4591659590409591 0.14724142524142514 0.01953125 0.034722222222222224
0 0.44617894605394604 0.23071350871350862 0.01953125 0.034722222222222224
0 0.4301949300699301 0.2555775335775335 0.01953125 0.034722222222222224
0 0.40022490009990014 0.22538550338550317 0.01953125 0.034722222222222224
0 0.3842408841158841 0.23071350871350862 0.01953125 0.034722222222222224
0 0.3872378871128871 0.2609055389055388 0.01953125 0.034722222222222224
0 0.36226286213786213 0.26268154068154054 0.01953125 0.034722222222222224
0 0.3602648601398601 0.31063358863358853 0.01953125 0.034722222222222224
0 0.33628883616383615 0.4314017094017093 0.01953125 0.034722222222222224
0 0.4112139110889111 0.38700166500166494 0.01953125 0.034722222222222224
0 0.4671579670329671 0.2573535353535352 0.01953125 0.034722222222222224
0 0.3702548701298701 0.6090018870018871 0.01953125 0.034722222222222224
0 0.19542969530469526 0.7279940059940061 0.01953125 0.034722222222222224
0 0.2873377872127872 0.8789541569541571 0.01953125 0.034722222222222224
0 0.21540971528471528 0.9659782439782442 0.01953125 0.034722222222222224
0 0.501124000999001 0.7493060273060274 0.01953125 0.034722222222222224
0 0.6329921328671329 0.9588742368742371 0.01953125 0.034722222222222224
0 0.6709541708291709 0.6356419136419137 0.01953125 0.034722222222222224
0 0.546079045954046 0.46869774669774666 0.01953125 0.034722222222222224
0 0.4471779470529471 0.5592738372738373 0.01953125 0.034722222222222224
0 0.49013499000998995 0.48823376623376613 0.01953125 0.034722222222222224
0 0.429195929070929 0.31240959040959027 0.01953125 0.034722222222222224
0 0.507118006993007 0.275113553113553 0.01953125 0.034722222222222224
0 0.515110014985015 0.23426551226551215 0.01953125 0.034722222222222224
0 0.505120004995005 0.21295349095349086 0.01953125 0.034722222222222224
0 0.4941309940059941 0.18098545898545884 0.01953125 0.034722222222222224
0 0.5021230019980021 0.16500144300144287 0.01953125 0.034722222222222224
0 0.48513998501498506 0.13303341103341085 0.01953125 0.034722222222222224
0 0.49013499000998995 0.14546542346542324 0.01953125 0.034722222222222224
0 0.48913598901098904 0.15789743589743577 0.01953125 0.034722222222222224
0 0.5021230019980021 0.1436894216894216 0.01953125 0.034722222222222224
0 0.49612899600399607 0.1436894216894216 0.01953125 0.034722222222222224
0 0.5111140109890109 0.14546542346542324 0.01953125 0.034722222222222224
0 0.512113011988012 0.16500144300144287 0.01953125 0.034722222222222224
0 0.5231020229770229 0.16500144300144287 0.01953125 0.034722222222222224
0 0.5320930319680319 0.17210545010544998 0.01953125 0.034722222222222224
0 0.554071053946054 0.163225441225441 0.01953125 0.034722222222222224
0 0.549076048951049 0.18808946608946595 0.01953125 0.034722222222222224
0 0.528097027972028 0.18986546786546774 0.01953125 0.034722222222222224
0 0.52010501998002 0.1969694749694748 0.01953125 0.034722222222222224
0 0.5350900349650349 0.22183349983349965 0.01953125 0.034722222222222224
0 0.582043081918082 0.17388145188145174 0.01953125 0.034722222222222224
0 0.574051073926074 0.1969694749694748 0.01953125 0.034722222222222224
0 0.567058066933067 0.22005749805749797 0.01953125 0.034722222222222224
0 0.551074050949051 0.23426551226551215 0.01953125 0.034722222222222224
0 0.5560690559440559 0.2644575424575423 0.01953125 0.034722222222222224
0 0.5390860389610389 0.2893215673215673 0.01953125 0.034722222222222224
0 0.558067057942058 0.307081585081585 0.01953125 0.034722222222222224
0 0.5730520729270729 0.2697855477855477 0.01953125 0.034722222222222224
0 0.5730520729270729 0.23071350871350862 0.01953125 0.034722222222222224
0 0.5880370879120879 0.20584948384948368 0.01953125 0.034722222222222224
0 0.596029095904096 0.19519347319347308 0.01953125 0.034722222222222224
0 0.6000250999001 0.16855344655344642 0.01953125 0.034722222222222224
0 0.5900350899100899 0.1561214341214339 0.01953125 0.034722222222222224
0 0.598027097902098 0.14013741813741792 0.01953125 0.034722222222222224
0 0.6259991258741259 0.11882539682539665 0.01953125 0.034722222222222224
0 0.6170081168831169 0.14013741813741792 0.01953125 0.034722222222222224
0 0.607018106893107 0.14013741813741792 0.01953125 0.034722222222222224
0 0.6259991258741259 0.14546542346542324 0.01953125 0.034722222222222224
0 0.62000511988012 0.15256943056943037 0.01953125 0.034722222222222224
0 0.614011113886114 0.17388145188145174 0.01953125 0.034722222222222224
0 0.6240011238761239 0.18631346431346418 0.01953125 0.034722222222222224
0 0.6150101148851149 0.20584948384948368 0.01953125 0.034722222222222224
0 0.603022102897103 0.23426551226551215 0.01953125 0.034722222222222224
0 0.6289961288711288 0.23071350871350862 0.01953125 0.034722222222222224
0 0.6289961288711288 0.275113553113553 0.01953125 0.034722222222222224
0 0.6050201048951048 0.28399356199356185 0.01953125 0.034722222222222224
0 0.614011113886114 0.3248416028416028 0.01953125 0.034722222222222224
0 0.5700550699300699 0.3568096348096347 0.01953125 0.034722222222222224
0 0.9496754495504497 0.8363301143301144 0.01953125 0.034722222222222224
0 0.9696554695304697 0.9730822510822512 0.01953125 0.034722222222222224
0 0.7938312937062938 0.7173379953379954 0.01953125 0.034722222222222224
0 0.7668582667332668 0.5432898212898213 0.01953125 0.034722222222222224
0 0.9686564685314686 0.5113217893217893 0.01953125 0.034722222222222224
0 0.9946304945054947 0.6853699633699635 0.01953125 0.034722222222222224
0 0.8148103146853148 0.4562657342657343 0.01953125 0.034722222222222224
0 0.7318932317682317 0.4562657342657343 0.01953125 0.034722222222222224
0 0.648976148851149 0.4846817626817626 0.01953125 0.034722222222222224
0 0.6299951298701298 0.3994336774336774 0.01953125 0.034722222222222224
0 0.652972152847153 0.3248416028416028 0.01953125 0.034722222222222224
0 0.6589661588411588 0.27156154956154943 0.01953125 0.034722222222222224
0 0.672952172827173 0.23071350871350862 0.01953125 0.034722222222222224
0 0.6949301948051948 0.19874547674547657 0.01953125 0.034722222222222224
0 0.696928196803197 0.16500144300144287 0.01953125 0.034722222222222224
0 0.6859391858141858 0.16500144300144287 0.01953125 0.034722222222222224
0 0.6839411838161839 0.1561214341214339 0.01953125 0.034722222222222224
0 0.6819431818181818 0.13658541458541437 0.01953125 0.034722222222222224
0 0.672952172827173 0.1561214341214339 0.01953125 0.034722222222222224
0 0.7129122127872128 0.18986546786546774 0.01953125 0.034722222222222224
0 0.721903221778222 0.16855344655344642 0.01953125 0.034722222222222224
0 0.7258992257742259 0.14901742701742682 0.01953125 0.034722222222222224
0 0.7258992257742259 0.1348094128094126 0.01953125 0.034722222222222224
0 0.7139112137862139 0.1436894216894216 0.01953125 0.034722222222222224
0 0.7488762487512488 0.1561214341214339 0.01953125 0.034722222222222224
0 0.7358892357642358 0.15967343767343745 0.01953125 0.034722222222222224
0 0.7988262987012988 0.13125740925740906 0.01953125 0.034722222222222224
0 0.77984527972028 0.13125740925740906 0.01953125 0.034722222222222224
0 0.7748502747252749 0.15079342879342866 0.01953125 0.034722222222222224
0 0.7858392857142857 0.16144943944943935 0.01953125 0.034722222222222224
0 0.7678572677322677 0.17210545010544998 0.01953125 0.034722222222222224
0 0.7598652597402598 0.1845374625374624 0.01953125 0.034722222222222224
0 0.7818432817182818 0.19341747141747126 0.01953125 0.034722222222222224
0 0.7778472777222778 0.2182814962814961 0.01953125 0.034722222222222224
0 0.7648602647352648 0.24847352647352638 0.01953125 0.034722222222222224
0 0.7408842407592409 0.23071350871350862 0.01953125 0.034722222222222224
0 0.7488762487512488 0.20940148740148734 0.01953125 0.034722222222222224
0 0.7358892357642358 0.19341747141747126 0.01953125 0.034722222222222224
0 0.7408842407592409 0.1774334554334553 0.01953125 0.034722222222222224
0 0.7249002247752249 0.2893215673215673 0.01953125 0.034722222222222224
0 0.7129122127872128 0.23248951048951028 0.01953125 0.034722222222222224
0 0.696928196803197 0.33727361527361516 0.01953125 0.034722222222222224
0 0.7089162087912089 0.40653768453768446 0.01953125 0.034722222222222224
0 0.7498752497502499 0.36213764013764016 0.01953125 0.034722222222222224
0 0.7868382867132868 0.3248416028416028 0.01953125 0.034722222222222224
0 0.8058193056943057 0.3319456099456099 0.01953125 0.034722222222222224
0 0.8367883366633369 0.2964255744255744 0.01953125 0.034722222222222224
0 0.8058193056943057 0.21117748917748902 0.01953125 0.034722222222222224
0 0.8198053196803199 0.18808946608946595 0.01953125 0.034722222222222224
0 0.8188063186813188 0.16855344655344642 0.01953125 0.034722222222222224
0 0.8088163086913089 0.14724142524142514 0.01953125 0.034722222222222224
0 0.8208043206793209 0.13125740925740906 0.01953125 0.034722222222222224
0 0.8807443806193808 0.18098545898545884 0.01953125 0.034722222222222224
0 0.8657593656343658 0.1561214341214339 0.01953125 0.034722222222222224
0 0.8957293956043957 0.163225441225441 0.01953125 0.034722222222222224
0 0.9167084165834167 0.1561214341214339 0.01953125 0.034722222222222224
0 0.9037214035964036 0.12592940392940374 0.01953125 0.034722222222222224
0 0.9806444805194806 0.12415340215340197 0.01953125 0.034722222222222224
0 0.9486764485514486 0.16144943944943935 0.01953125 0.034722222222222224
0 0.9826424825174827 0.15256943056943037 0.01953125 0.034722222222222224
0 0.9786464785214787 0.16144943944943935 0.01953125 0.034722222222222224
0 0.9826424825174827 0.17388145188145174 0.01953125 0.034722222222222224
0 0.9916334915084918 0.23604151404151386 0.01953125 0.034722222222222224
0 0.9826424825174827 0.19341747141747126 0.01953125 0.034722222222222224
0 0.9596654595404598 0.18808946608946595 0.01953125 0.034722222222222224
0 0.9446804445554446 0.1827614607614606 0.01953125 0.034722222222222224
0 0.9266984265734268 0.1969694749694748 0.01953125 0.034722222222222224
0 0.9077174075924077 0.1774334554334553 0.01953125 0.034722222222222224
0 0.9047204045954047 0.20584948384948368 0.01953125 0.034722222222222224
0 0.8857393856143858 0.2271615051615051 0.01953125 0.034722222222222224
0 0.8507743506493507 0.2271615051615051 0.01953125 0.034722222222222224
0 0.8737513736263739 0.3141855921855921 0.01953125 0.034722222222222224
0 0.8837413836163838 0.275113553113553 0.01953125 0.034722222222222224
0 0.9067184065934069 0.26268154068154054 0.01953125 0.034722222222222224
0 0.9127124125874128 0.31240959040959027 0.01953125 0.034722222222222224
0 0.9446804445554446 0.2520255300255299 0.01953125 0.034722222222222224
0 0.9686564685314686 0.2520255300255299 0.01953125 0.034722222222222224
0 0.9776474775224776 0.31951359751359737 0.01953125 0.034722222222222224
0 0.9007244005994007 0.3798976578976579 0.01953125 0.034722222222222224
0 0.8697553696303698 0.41186568986568983 0.01953125 0.034722222222222224
0 0.8547703546453547 0.3674656454656453 0.01953125 0.034722222222222224
0 0.0665585664335664 0.2893215673215673 0.01953125 0.034722222222222224
0 0.2843407842157841 0.5468418248418246 0.01953125 0.034722222222222224
