0 0.09542325914007331 0.7563083845978582 0.01966568338249754 0.02506265664160401
0 0.04192366139268793 0.705983709273183 0.01966568338249754 0.02506265664160401
0 0.06867346026638059 0.5777369560264296 0.01966568338249754 0.02506265664160401
0 0.23171985340126935 0.6540356573251309 0.01966568338249754 0.02506265664160401
0 0.2699338517922589 0.8683213716108452 0.01966568338249754 0.02506265664160401
0 0.25974345222132833 0.9770876053770791 0.01966568338249754 0.02506265664160401
0 0.3680164476624653 0.9105291638186376 0.01966568338249754 0.02506265664160401
0 0.4393492446589792 0.7822824105718842 0.01966568338249754 0.02506265664160401
0 0.38584964691159385 0.6605291638186376 0.01966568338249754 0.02506265664160401
0 0.3883972468043264 0.5858538391433128 0.01966568338249754 0.02506265664160401
0 0.3399928488424064 0.503061631351105 0.01966568338249754 0.02506265664160401
0 0.2495530526503978 0.48682786511733883 0.01966568338249754 0.02506265664160401
0 0.1947796549566461 0.404035657325131 0.01966568338249754 0.02506265664160401
0 0.07886385983731115 0.36507461836409205 0.01966568338249754 0.02506265664160401
0 0.0266380620362921 0.4397499430394167 0.01966568338249754 0.02506265664160401
0 0.03937606149995532 0.5209187742082478 0.01966568338249754 0.02506265664160401
0 0.534884240636453 0.7043603326498064 0.01966568338249754 0.02506265664160401
0 0.47501564315723604 0.6313083845978582 0.01966568338249754 0.02506265664160401
0 0.590931438276571 0.5403992936887674 0.01966568338249754 0.02506265664160401
0 0.6316930365602933 0.5436460469355205 0.01966568338249754 0.02506265664160401
0 0.671180834897649 0.6166979949874687 0.01966568338249754 0.02506265664160401
0 0.6902878340931438 0.7157239690134427 0.01966568338249754 0.02506265664160401
0 0.6495262358094216 0.8845551378446115 0.01966568338249754 0.02506265664160401
0 0.9399526235809422 0.9316330599225335 0.01966568338249754 0.02506265664160401
0 0.9603334227228033 0.7968928001822738 0.01966568338249754 0.02506265664160401
0 0.6240502368820954 0.7108538391433128 0.01966568338249754 0.02506265664160401
0 0.8405962277643695 0.7205940988835725 0.01966568338249754 0.02506265664160401
0 0.9959998212210602 0.6881265664160401 0.01966568338249754 0.02506265664160401
0 0.9514168230982389 0.5744902027796764 0.01966568338249754 0.02506265664160401
0 0.8775364262089926 0.6004642287537024 0.01966568338249754 0.02506265664160401
0 0.7730848306069545 0.744944748234222 0.01966568338249754 0.02506265664160401
0 0.7641682309823904 0.4543603326498063 0.01966568338249754 0.02506265664160401
0 0.8163940287834093 0.4316330599225336 0.01966568338249754 0.02506265664160401
0 0.6915616340395101 0.48845124174071547 0.01966568338249754 0.02506265664160401
0 0.9807142218646644 0.5339057871952608 0.01966568338249754 0.02506265664160401
0 0.9959998212210602 0.44299669628616994 0.01966568338249754 0.02506265664160401
0 0.9781666219719317 0.404035657325131 0.01966568338249754 0.02506265664160401
0 0.9985474211137928 0.34234734563681923 0.01966568338249754 0.02506265664160401
0 0.9921784213819612 0.17189280018227382 0.01966568338249754 0.02506265664160401
0 0.9450478233664076 0.2546850079744817 0.01966568338249754 0.02506265664160401
0 0.9425002234736748 0.20436033264980638 0.01966568338249754 0.02506265664160401
0 0.8928220255653884 0.24656812485759852 0.01966568338249754 0.02506265664160401
0 0.8622508268525968 0.26767202096149467 0.01966568338249754 0.02506265664160401
0 0.9170242245463486 0.3115031897926635 0.01966568338249754 0.02506265664160401
0 0.8864530258335568 0.3293603326498064 0.01966568338249754 0.02506265664160401
0 0.8788102261553589 0.39754215083162453 0.01966568338249754 0.02506265664160401
0 0.8469652274962011 0.33098370927318294 0.01966568338249754 0.02506265664160401
0 0.7654420309287566 0.25955513784461154 0.01966568338249754 0.02506265664160401
0 0.8202154286225084 0.20923046251993624 0.01966568338249754 0.02506265664160401
0 0.7934656297488156 0.36507461836409205 0.01966568338249754 0.02506265664160401
0 0.7004782336640745 0.3796850079744817 0.01966568338249754 0.02506265664160401
0 0.6762760346831143 0.31799669628616994 0.01966568338249754 0.02506265664160401
0 0.6915616340395101 0.27903565732513097 0.01966568338249754 0.02506265664160401
0 0.6457048359703228 0.3277369560264298 0.01966568338249754 0.02506265664160401
0 0.6215026369893626 0.2774122807017544 0.01966568338249754 0.02506265664160401
0 0.6291454366675605 0.2270876053770791 0.01966568338249754 0.02506265664160401
0 0.710668633235005 0.18974994303941667 0.01966568338249754 0.02506265664160401
0 0.742513631894163 0.18974994303941667 0.01966568338249754 0.02506265664160401
0 0.6648118351658175 0.22871098200045567 0.01966568338249754 0.02506265664160401
0 0.5973004380084026 0.3115031897926635 0.01966568338249754 0.02506265664160401
0 0.6036694377402343 0.34721747550694926 0.01966568338249754 0.02506265664160401
0 0.5692768391883437 0.3391005923900661 0.01966568338249754 0.02506265664160401
0 0.534884240636453 0.42026942355889724 0.01966568338249754 0.02506265664160401
0 0.5425270403146509 0.3748148781043518 0.01966568338249754 0.02506265664160401
0 0.48265844283543397 0.3861785144679882 0.01966568338249754 0.02506265664160401
0 0.3883972468043264 0.404035657325131 0.01966568338249754 0.02506265664160401
0 0.4342540448735138 0.3748148781043518 0.01966568338249754 0.02506265664160401
0 0.2903146509341199 0.3683213716108453 0.01966568338249754 0.02506265664160401
0 0.3119692500223474 0.34721747550694926 0.01966568338249754 0.02506265664160401
0 0.2215294538303388 0.3699447482342219 0.01966568338249754 0.02506265664160401
0 0.15656565656565652 0.33747721576668954 0.01966568338249754 0.02506265664160401
0 0.004983462948064713 0.3163733196627933 0.01966568338249754 0.02506265664160401
0 0.22662465361580403 0.29526942355889724 0.01966568338249754 0.02506265664160401
0 0.21770805399123985 0.24332137161084524 0.01966568338249754 0.02506265664160401
0 0.1667560561365871 0.2660486443381181 0.01966568338249754 0.02506265664160401
0 0.3030526503977831 0.22871098200045567 0.01966568338249754 0.02506265664160401
0 0.3629212478770001 0.2270876053770791 0.01966568338249754 0.02506265664160401
0 0.4393492446589792 0.2903992936887674 0.01966568338249754 0.02506265664160401
0 0.4966702422454634 0.30500968329915695 0.01966568338249754 0.02506265664160401
0 0.4941226423527308 0.2270876053770791 0.01966568338249754 0.02506265664160401
0 0.46100384374720654 0.24332137161084524 0.01966568338249754 0.02506265664160401
0 0.9972736211674265 0.2628018910913648 0.01966568338249754 0.02506265664160401
0 0.4533610440690087 0.16864604693552068 0.01966568338249754 0.02506265664160401
0 0.3794806471797622 0.24494474823422197 0.01966568338249754 0.02506265664160401
0 0.23299365334763564 0.12481487810435181 0.01966568338249754 0.02506265664160401
0 0.2075176544203093 0.08098370927318296 0.01966568338249754 0.02506265664160401
0 0.17057745597568602 0.09072396901344267 0.01966568338249754 0.02506265664160401
0 0.15529185661929026 0.06637331966279339 0.01966568338249754 0.02506265664160401
0 0.12854205774559754 0.06962007290954667 0.01966568338249754 0.02506265664160401
0 0.09287565924734065 0.13455513784461154 0.01966568338249754 0.02506265664160401
0 0.017721462411727878 0.10371098200045567 0.01966568338249754 0.02506265664160401
0 0.06485206042728166 0.24656812485759852 0.01966568338249754 0.02506265664160401
0 0.10816125860373642 0.24332137161084524 0.01966568338249754 0.02506265664160401
0 0.08141145973004382 0.17189280018227382 0.01966568338249754 0.02506265664160401
0 0.10433985876463749 0.19462007290954667 0.01966568338249754 0.02506265664160401
0 0.14128005720926076 0.1475421508316245 0.01966568338249754 0.02506265664160401
0 0.1654822561902208 0.18000968329915695 0.01966568338249754 0.02506265664160401
0 0.18331545543934924 0.1978668261562998 0.01966568338249754 0.02506265664160401
0 0.1451014570483597 0.012801891091364814 0.01966568338249754 0.02506265664160401
0 0.12089925806739965 0.027412280701754384 0.01966568338249754 0.02506265664160401
0 0.08268525967641009 0.006308384597858243 0.01966568338249754 0.02506265664160401
0 0.029185661929024765 0.004685007974481671 0.01966568338249754 0.02506265664160401
0 0.04574506123178688 0.09559409888357252 0.01966568338249754 0.02506265664160401
0 0.0037096630016983795 0.05500968329915696 0.01966568338249754 0.02506265664160401
0 0.3030526503977831 0.06150318979266353 0.01966568338249754 0.02506265664160401
0 0.2712076517386252 0.05500968329915696 0.01966568338249754 0.02506265664160401
0 0.24318405291856618 0.04364604693552067 0.01966568338249754 0.02506265664160401
0 0.36419504782336637 0.12968500797448168 0.01966568338249754 0.02506265664160401
0 0.4164208456243854 0.22059409888357254 0.01966568338249754 0.02506265664160401
0 0.3922186466434253 0.18974994303941667 0.01966568338249754 0.02506265664160401
0 0.5234200411191561 0.07936033264980638 0.01966568338249754 0.02506265664160401
0 0.46864664342540446 0.11345124174071539 0.01966568338249754 0.02506265664160401
0 0.5883838383838385 0.10858111187058553 0.01966568338249754 0.02506265664160401
0 0.5845624385447394 0.06637331966279339 0.01966568338249754 0.02506265664160401
0 0.9450478233664076 0.0631265664160401 0.01966568338249754 0.02506265664160401
0 0.9246670242245465 0.004685007974481671 0.01966568338249754 0.02506265664160401
0 0.4775632430499687 0.006308384597858243 0.01966568338249754 0.02506265664160401
0 0.4533610440690087 0.020918774208247958 0.01966568338249754 0.02506265664160401
0 0.4100518458925538 0.07449020277967652 0.01966568338249754 0.02506265664160401
0 0.38712344685796013 0.10371098200045567 0.01966568338249754 0.02506265664160401
0 0.5183248413336907 0.12319150148097524 0.01966568338249754 0.02506265664160401
0 0.35018324841333687 0.06150318979266353 0.01966568338249754 0.02506265664160401
0 0.3743854473942969 0.051762930052403816 0.01966568338249754 0.02506265664160401
0 0.2775766514704568 0.020918774208247958 0.01966568338249754 0.02506265664160401
0 0.24573165281129886 0.027412280701754384 0.01966568338249754 0.02506265664160401
0 0.21006525431304185 0.009555137844611528 0.01966568338249754 0.02506265664160401
0 0.1782202556538839 0.0160486443381181 0.01966568338249754 0.02506265664160401
0 0.34381424868150534 0.0160486443381181 0.01966568338249754 0.02506265664160401
0 0.43298024492714754 0.11832137161084524 0.01966568338249754 0.02506265664160401
0 0.5603602395637794 0.08423046251993624 0.01966568338249754 0.02506265664160401
0 0.559086439617413 0.045269423558897244 0.01966568338249754 0.02506265664160401
0 0.5323366407437202 0.03552916381863753 0.01966568338249754 0.02506265664160401
0 0.9577858228300705 0.33098370927318294 0.01966568338249754 0.02506265664160401
0 0.41896844551711804 0.9397499430394167 0.01966568338249754 0.02506265664160401
0 0.34254044873513895 0.9852044884939621 0.01966568338249754 0.02506265664160401
0 0.2763028515240904 0.2400746183640921 0.01966568338249754 0.02506265664160401
