0 0.37839993952126305 0.835431521093286 0.01953125 0.026041666666666668
0 0.4599746148459384 0.47504191070367546 0.01953125 0.026041666666666668
0 0.20064019926152274 0.5464704821322469 0.01953125 0.026041666666666668
0 0.18115967978100322 0.5448471055088703 0.01953125 0.026041666666666668
0 0.1008025369238604 0.5448471055088703 0.01953125 0.026041666666666668
0 0.032620718742042226 0.6568600925218573 0.01953125 0.026041666666666668
0 0.019227861599185065 0.5773146379764027 0.01953125 0.026041666666666668
0 0.0618414979628214 0.46043152109328583 0.01953125 0.026041666666666668
0 0.021662926534249987 0.3808860665478313 0.01953125 0.026041666666666668
0 0.09227980965113314 0.32731463797640276 0.01953125 0.026041666666666668
0 0.07888695250827599 0.2834834691452339 0.01953125 0.026041666666666668
0 0.16046162783295131 0.43121074187250663 0.01953125 0.026041666666666668
0 0.15802656289788639 0.37439256005432475 0.01953125 0.026041666666666668
0 0.005835004456327903 0.27861333927510396 0.01953125 0.026041666666666668
0 0.026533056404379893 0.17471723537900008 0.01953125 0.026041666666666668
0 0.011922666793990237 0.0789380145997793 0.01953125 0.026041666666666668
0 0.010705134326457812 0.015626326288091057 0.01953125 0.026041666666666668
0 0.03749084861217207 0.06919775485951953 0.01953125 0.026041666666666668
0 0.07645188757321106 0.10166528732705198 0.01953125 0.026041666666666668
0 0.05656552393684743 0.010350352262116868 0.01953125 0.026041666666666668
0 0.07117591354723705 0.045252949664714305 0.01953125 0.026041666666666668
0 0.09065643302775651 0.05742827434003897 0.01953125 0.026041666666666668
0 0.09065643302775651 0.09070749511925975 0.01953125 0.026041666666666668
0 0.12231227718360069 0.05580489771666231 0.01953125 0.026041666666666668
0 0.11683338107970459 0.024960741872506433 0.01953125 0.026041666666666668
0 0.11196325120957469 0.013597105508870095 0.01953125 0.026041666666666668
0 0.07848110835243186 0.016032170443935085 0.01953125 0.026041666666666668
0 0.13570513432645784 0.010350352262116868 0.01953125 0.026041666666666668
0 0.15822948497580852 0.016032170443935085 0.01953125 0.026041666666666668
0 0.17892753692386043 0.034701001612766215 0.01953125 0.026041666666666668
0 0.2002343551056786 0.013597105508870095 0.01953125 0.026041666666666668
0 0.15822948497580852 0.04444126135302598 0.01953125 0.026041666666666668
0 0.1637083810797046 0.06473346914523376 0.01953125 0.026041666666666668
0 0.15275058887191242 0.10288281979458443 0.01953125 0.026041666666666668
0 0.12413857588489942 0.13535035226211686 0.01953125 0.026041666666666668
0 0.10344052393684744 0.13940879382055843 0.01953125 0.026041666666666668
0 0.0577830564043799 0.18161658602835065 0.01953125 0.026041666666666668
0 0.11926844601476952 0.20434385875562341 0.01953125 0.026041666666666668
0 0.1557944200407436 0.19135684576861042 0.01953125 0.026041666666666668
0 0.08943890056022406 0.23599970291146755 0.01953125 0.026041666666666668
0 0.138748965495289 0.2327529496647143 0.01953125 0.026041666666666668
0 0.20753954991087342 0.25142178083354544 0.01953125 0.026041666666666668
0 0.18805903043035394 0.2262594431712078 0.01953125 0.026041666666666668
0 0.23736909536541892 0.18242827434003897 0.01953125 0.026041666666666668
0 0.2209324070537306 0.13372697563874025 0.01953125 0.026041666666666668
0 0.1868414979628215 0.08583736524912987 0.01953125 0.026041666666666668
0 0.19962558887191242 0.059051650963415546 0.01953125 0.026041666666666668
0 0.214235978482302 0.03875944317120776 0.01953125 0.026041666666666668
0 0.2550233161446397 0.021713988625753206 0.01953125 0.026041666666666668
0 0.29033175770308123 0.021713988625753206 0.01953125 0.026041666666666668
0 0.3244226667939903 0.016032170443935085 0.01953125 0.026041666666666668
0 0.3725151992615228 0.050934767846532426 0.01953125 0.026041666666666668
0 0.3877343551056786 0.05012307953484419 0.01953125 0.026041666666666668
0 0.35668727718360077 0.008726975638740208 0.01953125 0.026041666666666668
0 0.2781564330277566 0.10450619641796104 0.01953125 0.026041666666666668
0 0.261110978482302 0.06148671589848053 0.01953125 0.026041666666666668
0 0.2732863031576267 0.20677892369068832 0.01953125 0.026041666666666668
0 0.2824177966641202 0.23356463797640262 0.01953125 0.026041666666666668
0 0.34572948497580847 0.20677892369068832 0.01953125 0.026041666666666668
0 0.3177262382225618 0.1572659366777013 0.01953125 0.026041666666666668
0 0.3712976667939903 0.15888931330107792 0.01953125 0.026041666666666668
0 0.41573760185892544 0.10450619641796104 0.01953125 0.026041666666666668
0 0.40721487458619815 0.0736620405738052 0.01953125 0.026041666666666668
0 0.4346093551056786 0.045252949664714305 0.01953125 0.026041666666666668
0 0.44252331614463963 0.014408793820558425 0.01953125 0.026041666666666668
0 0.45408987458619815 0.0631100925218571 0.01953125 0.026041666666666668
0 0.36521000445632795 0.283889313301078 0.01953125 0.026041666666666668
0 0.3232051343264578 0.3398958068075715 0.01953125 0.026041666666666668
0 0.2824177966641202 0.3512594431712079 0.01953125 0.026041666666666668
0 0.2404129265342501 0.2984997029114676 0.01953125 0.026041666666666668
0 0.22032364081996433 0.34963606654783114 0.01953125 0.026041666666666668
0 0.29094052393684755 0.4648958068075715 0.01953125 0.026041666666666668
0 0.35486097848230197 0.46651918343094806 0.01953125 0.026041666666666668
0 0.4437408486121721 0.445415287327052 0.01953125 0.026041666666666668
0 0.43278305640438 0.35937632628809096 0.01953125 0.026041666666666668
0 0.4674827317290553 0.3041815210932857 0.01953125 0.026041666666666668
0 0.41208500445632795 0.2262594431712078 0.01953125 0.026041666666666668
0 0.3372067577030813 0.09314256005432466 0.01953125 0.026041666666666668
0 0.3536434460147696 0.08421398862575324 0.01953125 0.026041666666666668
0 0.2404129265342501 0.2587269756387403 0.01953125 0.026041666666666668
0 0.5074583810797046 0.050934767846532426 0.01953125 0.026041666666666668
0 0.5159811083524319 0.10450619641796104 0.01953125 0.026041666666666668
0 0.5695525369238607 0.10694126135302597 0.01953125 0.026041666666666668
0 0.5695525369238607 0.05012307953484419 0.01953125 0.026041666666666668
0 0.6103398745861983 0.05012307953484419 0.01953125 0.026041666666666668
0 0.6322554590017826 0.04200619641796108 0.01953125 0.026041666666666668
0 0.664520069391393 0.045252949664714305 0.01953125 0.026041666666666668
0 0.7095687706900943 0.04444126135302598 0.01953125 0.026041666666666668
0 0.6602587057550294 0.10775294966471431 0.01953125 0.026041666666666668
0 0.7144389005602243 0.09882437823614286 0.01953125 0.026041666666666668
0 0.7272229914693151 0.11099970291146753 0.01953125 0.026041666666666668
0 0.6827830564043801 0.14509061200237663 0.01953125 0.026041666666666668
0 0.5725963680926918 0.21814256005432467 0.01953125 0.026041666666666668
0 0.49467429017061376 0.20190879382055846 0.01953125 0.026041666666666668
0 0.5178074070537306 0.27252567693744156 0.01953125 0.026041666666666668
0 0.5433755888719125 0.281454248366013 0.01953125 0.026041666666666668
0 0.5865979914693151 0.43242827434003894 0.01953125 0.026041666666666668
0 0.6639113031576268 0.32366204057380527 0.01953125 0.026041666666666668
0 0.6474746148459385 0.27252567693744156 0.01953125 0.026041666666666668
0 0.6736515628978866 0.23599970291146755 0.01953125 0.026041666666666668
0 0.7095687706900943 0.2457399626517273 0.01953125 0.026041666666666668
0 0.7485298096511332 0.20759061200237663 0.01953125 0.026041666666666668
0 0.7570525369238605 0.1848633392751039 0.01953125 0.026041666666666668
0 0.7576613031576268 0.13859710550887014 0.01953125 0.026041666666666668
0 0.7698366278329515 0.11343476784653246 0.01953125 0.026041666666666668
0 0.7753155239368476 0.05742827434003897 0.01953125 0.026041666666666668
0 0.7947960434173671 0.04200619641796108 0.01953125 0.026041666666666668
0 0.8410622771836008 0.08259061200237665 0.01953125 0.026041666666666668
0 0.820364225235549 0.11586983278159742 0.01953125 0.026041666666666668
0 0.8118414979628216 0.156454248366013 0.01953125 0.026041666666666668
0 0.867239225235549 0.1556425600543247 0.01953125 0.026041666666666668
0 0.8599340304303541 0.11018801459977921 0.01953125 0.026041666666666668
0 0.8891548096511332 0.07447372888549353 0.01953125 0.026041666666666668
0 0.898895069391393 0.07853217044393508 0.01953125 0.026041666666666668
0 0.9342035109498346 0.11181139122315586 0.01953125 0.026041666666666668
0 0.9408999395212632 0.08502567693744155 0.01953125 0.026041666666666668
0 0.8721093551056788 0.04849970291146754 0.01953125 0.026041666666666668
0 0.8526288356251592 0.03064256005432465 0.01953125 0.026041666666666668
0 0.9049827317290554 0.028207495119259754 0.01953125 0.026041666666666668
0 0.9293333810797048 0.3082399626517273 0.01953125 0.026041666666666668
0 0.8861109784823021 0.382915287327052 0.01953125 0.026041666666666668
0 0.7990574070537307 0.3739867158984806 0.01953125 0.026041666666666668
0 0.8002749395212632 0.3009347678465325 0.01953125 0.026041666666666668
0 0.8544551343264579 0.2197659366777013 0.01953125 0.026041666666666668
0 0.9128966927680164 0.16944126135302598 0.01953125 0.026041666666666668
0 0.9390736408199645 0.18242827434003897 0.01953125 0.026041666666666668
0 0.8964600044563281 0.27009061200237666 0.01953125 0.026041666666666668
0 0.909244095365419 0.2246360665478312 0.01953125 0.026041666666666668
0 0.698002212248536 0.4673308717426364 0.01953125 0.026041666666666668
0 0.506240848612172 0.013597105508870095 0.01953125 0.026041666666666668
0 0.4788463680926915 0.02333736524912987 0.01953125 0.026041666666666668
0 0.5421580564043799 0.013597105508870095 0.01953125 0.026041666666666668
0 0.563464874586198 0.008726975638740208 0.01953125 0.026041666666666668
0 0.6085135758848993 0.014408793820558425 0.01953125 0.026041666666666668
0 0.6541710434173669 0.021713988625753206 0.01953125 0.026041666666666668
0 0.6821742901706136 0.021713988625753206 0.01953125 0.026041666666666668
0 0.7497473421186657 0.02009061200237664 0.01953125 0.026041666666666668
0 0.7333106538069774 0.045252949664714305 0.01953125 0.026041666666666668
0 0.7947960434173669 0.013597105508870095 0.01953125 0.026041666666666668
0 0.8294957187420422 0.01927892369068831 0.01953125 0.026041666666666668
0 0.459365848612172 0.26197372888549353 0.01953125 0.026041666666666668
0 0.7412246148459385 0.7266652873270522 0.01953125 0.026041666666666668
0 0.9080265628978864 0.6747172353790002 0.01953125 0.026041666666666668
0 0.9250720174433411 0.8240678847296494 0.01953125 0.026041666666666668
0 0.9908187706900942 0.8403016509634157 0.01953125 0.026041666666666668
0 0.6913057836771072 0.5594574951192599 0.01953125 0.026041666666666668
0 0.8008837057550294 0.4993925600543248 0.01953125 0.026041666666666668
0 0.7801856538069775 0.5627042483660132 0.01953125 0.026041666666666668
0 0.9421174719887955 0.23478217044393515 0.01953125 0.026041666666666668
0 0.9944713680926918 0.30783411849588327 0.01953125 0.026041666666666668
0 0.9737733161446398 0.1941977548595195 0.01953125 0.026041666666666668
0 0.9749908486121721 0.08543152109328574 0.01953125 0.026041666666666668
0 0.9774259135472371 0.05458736524912996 0.01953125 0.026041666666666668
0 0.9628155239368474 0.020496456158220853 0.01953125 0.026041666666666668
0 0.9315655239368474 0.013597105508870095 0.01953125 0.026041666666666668
0 0.9863544849758085 0.01927892369068831 0.01953125 0.026041666666666668
0 0.8852992901706138 0.016032170443935085 0.01953125 0.026041666666666668
0 0.8609486408199643 0.006291910703675313 0.01953125 0.026041666666666668
0 0.7032781862745098 0.007915287327051972 0.01953125 0.026041666666666668
0 0.5815249395212629 0.008726975638740208 0.01953125 0.026041666666666668
0 0.008644694766018353 0.35634810450986926 0.01953125 0.026041666666666668
0 0.9776756637969873 0.45957820773997243 0.01953125 0.026041666666666668
0 0.35130203742336097 0.38498613314789787 0.01953125 0.026041666666666668
0 0.334319020440344 0.23846598662775143 0.01953125 0.026041666666666668
0 0.31833500445632806 0.26377401193577665 0.01953125 0.026041666666666668
