0 0.007508850062806931 0.968098669212778 0.02857142857142857 0.046296296296296294
0 0.03628582848007304 0.9642128889481008 0.02857142857142857 0.046296296296296294
0 0.06106600433938561 0.953850808242295 0.02857142857142857 0.046296296296296294
0 0.08344809866392597 0.9551460683305207 0.02857142857142857 0.046296296296296294
0 0.09863594838414981 0.953850808242295 0.02857142857142857 0.046296296296296294
0 0.12901164782459745 0.9680986692127779 0.02857142857142857 0.046296296296296294
0 0.1681803128925431 0.9331266468306836 0.02857142857142857 0.046296296296296294
0 0.2049508964257165 0.9668034091245522 0.02857142857142857 0.046296296296296294
0 0.24252084047048075 0.9823465301832607 0.02857142857142857 0.046296296296296294
0 0.2688997373529748 0.9706891893892292 0.02857142857142857 0.046296296296296294
0 0.2545112481443417 0.939602947271812 0.02857142857142857 0.046296296296296294
0 0.250514445586388 0.9124024854190721 0.02857142857142857 0.046296296296296294
0 0.2864856686079708 0.9188787858602007 0.02857142857142857 0.046296296296296294
0 0.30007479730501313 0.9473745078011665 0.02857142857142857 0.046296296296296294
0 0.3136639260020555 0.9149930055955235 0.02857142857142857 0.046296296296296294
0 0.3376447413497773 0.9253550863013292 0.02857142857142857 0.046296296296296294
0 0.33284857828023295 0.962917628859875 0.02857142857142857 0.046296296296296294
0 0.34563834646568464 0.962917628859875 0.02857142857142857 0.046296296296296294
0 0.36162555669749913 0.9823465301832607 0.02857142857142857 0.046296296296296294
0 0.37521468539454156 0.9862323104479379 0.02857142857142857 0.046296296296296294
0 0.38001084846408584 0.9460792477129407 0.02857142857142857 0.046296296296296294
0 0.35922747516272696 0.9188787858602007 0.02857142857142857 0.046296296296296294
0 0.34563834646568464 0.8787257231252035 0.02857142857142857 0.046296296296296294
0 0.37521468539454156 0.8890878038310092 0.02857142857142857 0.046296296296296294
0 0.4039916638118076 0.9331266468306836 0.02857142857142857 0.046296296296296294
0 0.39120189562635604 0.9149930055955235 0.02857142857142857 0.046296296296296294
0 0.4167814319972594 0.9331266468306836 0.02857142857142857 0.046296296296296294
0 0.4199788740436223 0.981051270095035 0.02857142857142857 0.046296296296296294
0 0.4407622473449812 0.9642128889481008 0.02857142857142857 0.046296296296296294
0 0.4615456206463401 0.981051270095035 0.02857142857142857 0.046296296296296294
0 0.4551507365536143 0.9292408665660064 0.02857142857142857 0.046296296296296294
0 0.43356800274066454 0.9214693060366521 0.02857142857142857 0.046296296296296294
0 0.4263737581363481 0.9059261849779434 0.02857142857142857 0.046296296296296294
0 0.4135839899508965 0.9111072253308463 0.02857142857142857 0.046296296296296294
0 0.40079422176544477 0.885202023566332 0.02857142857142857 0.046296296296296294
0 0.40878782688135207 0.8644778621547206 0.02857142857142857 0.046296296296296294
0 0.4287718396711203 0.8683636424193978 0.02857142857142857 0.046296296296296294
0 0.4567494575767957 0.867068382331172 0.02857142857142857 0.046296296296296294
0 0.47593410985497325 0.8696589025076235 0.02857142857142857 0.046296296296296294
0 0.43676544478702745 0.885202023566332 0.02857142857142857 0.046296296296296294
0 0.5039117277606486 0.9758702297421321 0.02857142857142857 0.046296296296296294
0 0.4791315519013361 0.9460792477129407 0.02857142857142857 0.046296296296296294
0 0.4943194016215599 0.9240598262131036 0.02857142857142857 0.046296296296296294
0 0.5246951010620076 0.9680986692127779 0.02857142857142857 0.046296296296296294
0 0.5566695215256366 0.981051270095035 0.02857142857142857 0.046296296296296294
0 0.5414816718054128 0.9408982073600378 0.02857142857142857 0.046296296296296294
0 0.5646631266415439 0.9551460683305207 0.02857142857142857 0.046296296296296294
0 0.5430803928285943 0.9111072253308463 0.02857142857142857 0.046296296296296294
0 0.5151027749229188 0.9098119652426206 0.02857142857142857 0.046296296296296294
0 0.4983162041795135 0.8787257231252035 0.02857142857142857 0.046296296296296294
0 0.4919213200867877 0.8541157814489149 0.02857142857142857 0.046296296296296294
0 0.5087078908301931 0.8554110415371405 0.02857142857142857 0.046296296296296294
0 0.5342874272010963 0.8864972836545577 0.02857142857142857 0.046296296296296294
0 0.5430803928285943 0.8385726603902063 0.02857142857142857 0.046296296296296294
0 0.5686599291994976 0.7867622568611776 0.02857142857142857 0.046296296296296294
0 0.6126247573369876 0.7349518533321491 0.02857142857142857 0.046296296296296294
0 0.6541915039397054 0.7181134721852147 0.02857142857142857 0.046296296296296294
0 0.6581883064976591 0.6922082704207004 0.02857142857142857 0.046296296296296294
0 0.6741755167294736 0.6960940506853774 0.02857142857142857 0.046296296296296294
0 0.6885640059381067 0.6714841090090888 0.02857142857142857 0.046296296296296294
0 0.7077486582162841 0.6922082704207004 0.02857142857142857 0.046296296296296294
0 0.731729473564006 0.6960940506853774 0.02857142857142857 0.046296296296296294
0 0.7716974991435424 0.7284755528910204 0.02857142857142857 0.046296296296296294
0 0.775694301701496 0.6870272300677975 0.02857142857142857 0.046296296296296294
0 0.7589077309580908 0.6753698892737661 0.02857142857142857 0.046296296296296294
0 0.6150228388717598 0.8541157814489149 0.02857142857142857 0.046296296296296294
0 0.5950388260819915 0.9318313867424578 0.02857142857142857 0.046296296296296294
0 0.5686599291994976 0.9240598262131036 0.02857142857142857 0.046296296296296294
0 0.6078285942674433 0.9603271086834235 0.02857142857142857 0.046296296296296294
0 0.6238158044992578 0.9693939293010035 0.02857142857142857 0.046296296296296294
0 0.6246151650108485 0.9460792477129407 0.02857142857142857 0.046296296296296294
0 0.655790224962887 0.9564413284187464 0.02857142857142857 0.046296296296296294
0 0.6797710403106088 0.9680986692127779 0.02857142857142857 0.046296296296296294
0 0.7005544136119677 0.9525555481540693 0.02857142857142857 0.046296296296296294
0 0.7421211602146854 0.962917628859875 0.02857142857142857 0.046296296296296294
0 0.708548018727875 0.8826115033898806 0.02857142857142857 0.046296296296296294
0 0.7517134863537741 0.8890878038310092 0.02857142857142857 0.046296296296296294
0 0.7780923832362682 0.9732797095656807 0.02857142857142857 0.046296296296296294
0 0.7988757565376271 0.9603271086834235 0.02857142857142857 0.046296296296296294
0 0.8116655247230788 0.9473745078011665 0.02857142857142857 0.046296296296296294
0 0.825254653420121 0.9862323104479379 0.02857142857142857 0.046296296296296294
0 0.8620252369532947 0.9655081490363264 0.02857142857142857 0.046296296296296294
0 0.8836079707662442 0.9797560100068092 0.02857142857142857 0.046296296296296294
0 0.8500348292794337 0.9408982073600378 0.02857142857142857 0.046296296296296294
0 0.8732162841155647 0.9344219069189093 0.02857142857142857 0.046296296296296294
0 0.8772130866735185 0.9344219069189093 0.02857142857142857 0.046296296296296294
0 0.8540316318373873 0.9111072253308463 0.02857142857142857 0.046296296296296294
0 0.8596271554185224 0.885202023566332 0.02857142857142857 0.046296296296296294
0 0.8620252369532947 0.8437537007431091 0.02857142857142857 0.046296296296296294
0 0.8076687221651251 0.8087816783610149 0.02857142857142857 0.046296296296296294
0 0.8268533744433026 0.7880575169494034 0.02857142857142857 0.046296296296296294
0 0.8796111682082907 0.7919432972140805 0.02857142857142857 0.046296296296296294
0 0.8628245974648854 0.7906480371258547 0.02857142857142857 0.046296296296296294
0 0.8748150051387462 0.8139627187139177 0.02857142857142857 0.046296296296296294
0 0.8748150051387462 0.8282105796844006 0.02857142857142857 0.046296296296296294
0 0.8860060523010165 0.8450489608313348 0.02857142857142857 0.046296296296296294
0 0.8436399451867078 0.8256200595079491 0.02857142857142857 0.046296296296296294
0 0.854830992348978 0.8178484989785948 0.02857142857142857 0.046296296296296294
0 0.699755053100377 0.44351833348136294 0.02857142857142857 0.046296296296296294
0 0.6789716797990181 0.4383372931284601 0.02857142857142857 0.046296296296296294
0 0.6861659244033346 0.4383372931284601 0.02857142857142857 0.046296296296296294
0 0.7005544136119677 0.5976542839802232 0.02857142857142857 0.046296296296296294
0 0.7077486582162841 0.5769301225686116 0.02857142857142857 0.046296296296296294
0 0.6845672033801532 0.5834064230097402 0.02857142857142857 0.046296296296296294
0 0.6757742377526551 0.5834064230097402 0.02857142857142857 0.046296296296296294
0 0.6621851090556127 0.5834064230097402 0.02857142857142857 0.046296296296296294
0 0.6493953408701612 0.5834064230097402 0.02857142857142857 0.046296296296296294
0 0.652592782916524 0.5821111629215145 0.02857142857142857 0.046296296296296294
0 0.7269333104944616 0.6041305844213517 0.02857142857142857 0.046296296296296294
0 0.7764936622130868 0.626150005921189 0.02857142857142857 0.046296296296296294
0 0.7245352289596895 0.657236248038606 0.02857142857142857 0.046296296296296294
0 0.6973569715656047 0.6365120866269947 0.02857142857142857 0.046296296296296294
0 0.6837678428685623 0.6352168265387689 0.02857142857142857 0.046296296296296294
0 0.6781723192874272 0.6520552076857031 0.02857142857142857 0.046296296296296294
0 0.6677806326367478 0.6637125484797346 0.02857142857142857 0.046296296296296294
0 0.6501947013817518 0.648169427421026 0.02857142857142857 0.046296296296296294
0 0.6294113280803929 0.6559409879503804 0.02857142857142857 0.046296296296296294
0 0.6238158044992578 0.6442836471563489 0.02857142857142857 0.046296296296296294
0 0.617420920406532 0.680550929626669 0.02857142857142857 0.046296296296296294
0 0.6094273152906247 0.7012750910382803 0.02857142857142857 0.046296296296296294
0 0.5686599291994976 0.7556760147437603 0.02857142857142857 0.046296296296296294
0 0.5966375471051731 0.6973893107736032 0.02857142857142857 0.046296296296296294
0 0.5894433025008564 0.725885032714569 0.02857142857142857 0.046296296296296294
0 0.5734560922690419 0.7271802928027947 0.02857142857142857 0.046296296296296294
0 0.543879753340185 0.7517902344790833 0.02857142857142857 0.046296296296296294
0 0.5566695215256366 0.7375423735086004 0.02857142857142857 0.046296296296296294
0 0.543879753340185 0.7906480371258547 0.02857142857142857 0.046296296296296294
0 0.5310899851547333 0.7789906963318233 0.02857142857142857 0.046296296296296294
0 0.5318893456663242 0.7971243375669834 0.02857142857142857 0.046296296296296294
0 0.0027126869932625045 0.9007451446250406 0.02857142857142857 0.046296296296296294
0 0.019499257736667792 0.8476394810077863 0.02857142857142857 0.046296296296296294
0 0.005910129039625401 0.8282105796844006 0.02857142857142857 0.046296296296296294
0 0.010706292109169787 0.7932385573023062 0.02857142857142857 0.046296296296296294
0 0.027492862852575073 0.9124024854190721 0.02857142857142857 0.046296296296296294
0 0.0402826310380267 0.8839067634781063 0.02857142857142857 0.046296296296296294
0 0.041081991549617426 0.8605920818900434 0.02857142857142857 0.046296296296296294
0 0.06826024894370217 0.8554110415371405 0.02857142857142857 0.046296296296296294
0 0.07705321457120018 0.8204390191550464 0.02857142857142857 0.046296296296296294
0 0.08344809866392597 0.7997148577434348 0.02857142857142857 0.046296296296296294
0 0.09224106429142398 0.785466996772952 0.02857142857142857 0.046296296296296294
0 0.0642634463857485 0.7789906963318233 0.02857142857142857 0.046296296296296294
0 0.04427943359598032 0.7751049160671463 0.02857142857142857 0.046296296296296294
0 0.03069030489893797 0.7686286156260176 0.02857142857142857 0.046296296296296294
0 0.012305013132351234 0.7699238757142433 0.02857142857142857 0.046296296296296294
0 0.027492862852575073 0.7427234138615033 0.02857142857142857 0.046296296296296294
0 0.014703094667123407 0.7453139340379548 0.02857142857142857 0.046296296296296294
0 0.012305013132351234 0.7129324318323119 0.02857142857142857 0.046296296296296294
0 0.13220908987096033 0.8890878038310092 0.02857142857142857 0.046296296296296294
0 0.11462315861596437 0.876135202948752 0.02857142857142857 0.046296296296296294
0 0.09383978531460542 0.894268844183912 0.02857142857142857 0.046296296296296294
0 0.11222507708119216 0.9279456064777806 0.02857142857142857 0.046296296296296294
0 0.12901164782459745 0.9279456064777806 0.02857142857142857 0.046296296296296294
0 0.1753745574968596 0.885202023566332 0.02857142857142857 0.046296296296296294
0 0.21854002512275897 0.9162882656837493 0.02857142857142857 0.046296296296296294
0 0.20415153591412585 0.9046309248897179 0.02857142857142857 0.046296296296296294
0 0.2385240379125271 0.9033356648014921 0.02857142857142857 0.046296296296296294
0 0.2297310722850291 0.8813162433016549 0.02857142857142857 0.046296296296296294
0 0.22253682768071253 0.8295058397726263 0.02857142857142857 0.046296296296296294
0 0.16338414982299876 0.8592968218018178 0.02857142857142857 0.046296296296296294
0 0.13860397396368618 0.8191437590668206 0.02857142857142857 0.046296296296296294
0 0.1513937421491378 0.8359821402137548 0.02857142857142857 0.046296296296296294
0 0.17137775493890603 0.8061911581845634 0.02857142857142857 0.046296296296296294
0 0.18736496517072052 0.8061911581845634 0.02857142857142857 0.046296296296296294
0 0.19855601233299072 0.7880575169494034 0.02857142857142857 0.046296296296296294
0 0.20335217540253508 0.7595617950084376 0.02857142857142857 0.046296296296296294
0 0.1969572913098093 0.8191437590668206 0.02857142857142857 0.046296296296296294
0 0.2561099691675231 0.8424584406548834 0.02857142857142857 0.046296296296296294
0 0.2736959004225191 0.8320963599490776 0.02857142857142857 0.046296296296296294
0 0.28568630809638 0.8528205213606891 0.02857142857142857 0.046296296296296294
0 0.00750885006280689 0.6947987905971518 0.02857142857142857 0.046296296296296294
0 0.009906931597579062 0.6701888489208633 0.02857142857142857 0.046296296296296294
0 0.017900536713486345 0.6947987905971518 0.02857142857142857 0.046296296296296294
0 0.04507879410757105 0.7388376335968261 0.02857142857142857 0.046296296296296294
0 0.03628582848007304 0.7323613331556976 0.02857142857142857 0.046296296296296294
0 0.041081991549617426 0.7129324318323119 0.02857142857142857 0.046296296296296294
0 0.06106600433938561 0.7556760147437603 0.02857142857142857 0.046296296296296294
0 0.08344809866392597 0.7582665349202119 0.02857142857142857 0.046296296296296294
0 0.08744490122187963 0.7362471134203749 0.02857142857142857 0.046296296296296294
0 0.06346408587415778 0.7245897726263432 0.02857142857142857 0.046296296296296294
0 0.0898429827566518 0.7090466515676347 0.02857142857142857 0.046296296296296294
0 0.07785257508279089 0.7012750910382803 0.02857142857142857 0.046296296296296294
0 0.19455920977503707 0.8554110415371405 0.02857142857142857 0.046296296296296294
0 0.2577086901907046 0.8813162433016549 0.02857142857142857 0.046296296296296294
0 0.3024728788397853 0.8618873419782692 0.02857142857142857 0.046296296296296294
0 0.32645369418750714 0.8683636424193978 0.02857142857142857 0.046296296296296294
0 0.3136639260020555 0.8864972836545577 0.02857142857142857 0.046296296296296294
0 0.2696990978645655 0.9020404047132664 0.02857142857142857 0.046296296296296294
0 0.3816095694872674 0.8722494226840749 0.02857142857142857 0.046296296296296294
0 0.36082619618590844 0.867068382331172 0.02857142857142857 0.046296296296296294
0 0.04507879410757105 0.6870272300677975 0.02857142857142857 0.046296296296296294
0 0.07865193559438162 0.6753698892737661 0.02857142857142857 0.046296296296296294
0 0.09623786684937763 0.680550929626669 0.02857142857142857 0.046296296296296294
0 0.10583019298846637 0.6922082704207004 0.02857142857142857 0.046296296296296294
0 0.11622187963914582 0.7129324318323119 0.02857142857142857 0.046296296296296294
0 0.10742891401164781 0.7284755528910204 0.02857142857142857 0.046296296296296294
0 0.10023466940733125 0.7582665349202119 0.02857142857142857 0.046296296296296294
0 0.11542251912755509 0.7569712748319861 0.02857142857142857 0.046296296296296294
0 0.11542251912755509 0.7751049160671463 0.02857142857142857 0.046296296296296294
0 0.12581420577823454 0.7958290774787576 0.02857142857142857 0.046296296296296294
0 0.13300845038255107 0.7686286156260176 0.02857142857142857 0.046296296296296294
0 0.1513937421491378 0.7699238757142433 0.02857142857142857 0.046296296296296294
0 0.15059438163754707 0.7919432972140805 0.02857142857142857 0.046296296296296294
0 0.17057839442731526 0.7466091941261804 0.02857142857142857 0.046296296296296294
0 0.18256880210117615 0.7284755528910204 0.02857142857142857 0.046296296296296294
0 0.16098606828822654 0.707751391479409 0.02857142857142857 0.046296296296296294
0 0.14899566061436564 0.7271802928027947 0.02857142857142857 0.046296296296296294
0 0.16498287084618019 0.7310660730674718 0.02857142857142857 0.046296296296296294
0 0.14579821856800274 0.7427234138615033 0.02857142857142857 0.046296296296296294
0 0.13140972935936962 0.7336565932439233 0.02857142857142857 0.046296296296296294
0 0.13700525294050472 0.7103419116558604 0.02857142857142857 0.046296296296296294
0 0.11941932168550871 0.6947987905971518 0.02857142857142857 0.046296296296296294
0 0.12501484526664383 0.6688935888326375 0.02857142857142857 0.046296296296296294
0 0.12981100833618817 0.6416931269798974 0.02857142857142857 0.046296296296296294
0 0.1306103688477789 0.6222642256565117 0.02857142857142857 0.046296296296296294
0 0.11941932168550871 0.6339215664505431 0.02857142857142857 0.046296296296296294
0 0.10902763503482926 0.6365120866269947 0.02857142857142857 0.046296296296296294
0 0.1473969395911842 0.6313310462740918 0.02857142857142857 0.046296296296296294
0 0.15219310266072852 0.6792556695384433 0.02857142857142857 0.046296296296296294
0 0.17057839442731526 0.689617750244249 0.02857142857142857 0.046296296296296294
0 0.17457519698526894 0.6740746291855404 0.02857142857142857 0.046296296296296294
0 0.162584789311408 0.6403978668916719 0.02857142857142857 0.046296296296296294
0 0.22173746716912185 0.8100769384492404 0.02857142857142857 0.046296296296296294
0 0.2201387461459404 0.7764001761553719 0.02857142857142857 0.046296296296296294
0 0.2201387461459404 0.7595617950084376 0.02857142857142857 0.046296296296296294
0 0.22653363023866618 0.771219135802469 0.02857142857142857 0.046296296296296294
0 0.250514445586388 0.762152315184889 0.02857142857142857 0.046296296296296294
0 0.2385240379125271 0.7725143958906947 0.02857142857142857 0.046296296296296294
0 0.2497150850747973 0.780285956420049 0.02857142857142857 0.046296296296296294
0 0.2545112481443417 0.8036006380081119 0.02857142857142857 0.046296296296296294
0 0.2537118876327509 0.8320963599490776 0.02857142857142857 0.046296296296296294
0 0.27929142400365425 0.8061911581845634 0.02857142857142857 0.046296296296296294
0 0.2872850291195615 0.785466996772952 0.02857142857142857 0.046296296296296294
0 0.30646968139773895 0.785466996772952 0.02857142857142857 0.046296296296296294
0 0.28968311065433366 0.8074864182727891 0.02857142857142857 0.046296296296296294
0 0.3352466598150052 0.8295058397726263 0.02857142857142857 0.046296296296296294
0 0.33045049674546073 0.7997148577434348 0.02857142857142857 0.046296296296296294
0 0.31446328651364625 0.8087816783610149 0.02857142857142857 0.046296296296296294
0 0.3160620075368277 0.8424584406548834 0.02857142857142857 0.046296296296296294
0 0.2992754367934224 0.8424584406548834 0.02857142857142857 0.046296296296296294
0 0.37361596437136 0.8282105796844006 0.02857142857142857 0.046296296296296294
0 0.3544313120931826 0.8204390191550464 0.02857142857142857 0.046296296296296294
0 0.3640236382322713 0.8010101178316604 0.02857142857142857 0.046296296296296294
0 0.3536319515815919 0.8010101178316604 0.02857142857142857 0.046296296296296294
0 0.3640236382322713 0.785466996772952 0.02857142857142857 0.046296296296296294
0 0.38640573255681165 0.7932385573023062 0.02857142857142857 0.046296296296296294
0 0.3928006166495376 0.8126674586256919 0.02857142857142857 0.046296296296296294
0 0.39439933767271895 0.8502300011842377 0.02857142857142857 0.046296296296296294
0 0.4079884663697614 0.8230295393314977 0.02857142857142857 0.046296296296296294
0 0.4303705606943017 0.8074864182727891 0.02857142857142857 0.046296296296296294
0 0.4287718396711203 0.8424584406548834 0.02857142857142857 0.046296296296296294
0 0.4599468996231586 0.8372774003019806 0.02857142857142857 0.046296296296296294
0 0.4655424232042937 0.8217342792432719 0.02857142857142857 0.046296296296296294
0 0.4671411442274752 0.7971243375669834 0.02857142857142857 0.046296296296296294
0 0.4519532945072514 0.798419597655209 0.02857142857142857 0.046296296296296294
0 0.4615456206463401 0.7789906963318233 0.02857142857142857 0.046296296296296294
0 0.4455584104145255 0.7686286156260176 0.02857142857142857 0.046296296296296294
0 0.4319692817174832 0.7841717366847262 0.02857142857142857 0.046296296296296294
0 0.48472707548247124 0.7699238757142433 0.02857142857142857 0.046296296296296294
0 0.4975168436679228 0.7699238757142433 0.02857142857142857 0.046296296296296294
0 0.5063098092954208 0.794533817390532 0.02857142857142857 0.046296296296296294
0 0.4935200411099692 0.8113721985374662 0.02857142857142857 0.046296296296296294
0 0.5167014959461002 0.8113721985374662 0.02857142857142857 0.046296296296296294
0 0.49032259906360637 0.8256200595079491 0.02857142857142857 0.046296296296296294
0 0.5103066118533744 0.7595617950084376 0.02857142857142857 0.046296296296296294
0 0.5222970195272353 0.7634475752731148 0.02857142857142857 0.046296296296296294
0 0.5159021354345095 0.7504949743908575 0.02857142857142857 0.046296296296296294
0 0.5135040538997373 0.7414281537732776 0.02857142857142857 0.046296296296296294
0 0.5175008564576911 0.7245897726263432 0.02857142857142857 0.046296296296296294
0 0.5270931825967797 0.725885032714569 0.02857142857142857 0.046296296296296294
0 0.5574688820372273 0.7103419116558604 0.02857142857142857 0.046296296296296294
0 0.543879753340185 0.698684570861829 0.02857142857142857 0.046296296296296294
0 0.535086787712687 0.7116371717440861 0.02857142857142857 0.046296296296296294
0 0.5151027749229188 0.7090466515676347 0.02857142857142857 0.046296296296296294
0 0.5095072513417838 0.7064561313911832 0.02857142857142857 0.046296296296296294
0 0.4919213200867877 0.707751391479409 0.02857142857142857 0.046296296296296294
0 0.491121959575197 0.7207039923616662 0.02857142857142857 0.046296296296296294
0 0.4751347493433824 0.7207039923616662 0.02857142857142857 0.046296296296296294
0 0.4743353888317917 0.7012750910382803 0.02857142857142857 0.046296296296296294
0 0.4639437021811123 0.6999798309500547 0.02857142857142857 0.046296296296296294
0 0.46234498115793077 0.7582665349202119 0.02857142857142857 0.046296296296296294
0 0.4551507365536143 0.7414281537732776 0.02857142857142857 0.046296296296296294
0 0.5007142857142857 0.7362471134203749 0.02857142857142857 0.046296296296296294
0 0.42077823455521296 0.7647428353613405 0.02857142857142857 0.046296296296296294
0 0.4351667237638461 0.7673333555377918 0.02857142857142857 0.046296296296296294
0 0.4439596893913441 0.7479044542144061 0.02857142857142857 0.046296296296296294
0 0.44875585246088834 0.7168182120969889 0.02857142857142857 0.046296296296296294
0 0.40718910585817053 0.7738096559789205 0.02857142857142857 0.046296296296296294
0 0.40159358227703545 0.7517902344790833 0.02857142857142857 0.046296296296296294
0 0.4079884663697614 0.7245897726263432 0.02857142857142857 0.046296296296296294
0 0.42077823455521296 0.7116371717440861 0.02857142857142857 0.046296296296296294
0 0.42157759506680365 0.7401328936850519 0.02857142857142857 0.046296296296296294
0 0.41838015302044074 0.7919432972140805 0.02857142857142857 0.046296296296296294
0 0.3848070115336303 0.7297708129792461 0.02857142857142857 0.046296296296296294
0 0.3664217197670436 0.7595617950084376 0.02857142857142857 0.046296296296296294
0 0.3536319515815919 0.7686286156260176 0.02857142857142857 0.046296296296296294
0 0.3368453808381866 0.7725143958906947 0.02857142857142857 0.046296296296296294
0 0.36002683567431765 0.7388376335968261 0.02857142857142857 0.046296296296296294
0 0.3248549731643257 0.7440186739497291 0.02857142857142857 0.046296296296296294
0 0.33924346237295877 0.7323613331556976 0.02857142857142857 0.046296296296296294
0 0.3288517757222793 0.7232945125381176 0.02857142857142857 0.046296296296296294
0 0.39120189562635604 0.7142276919205375 0.02857142857142857 0.046296296296296294
0 0.4135839899508965 0.7012750910382803 0.02857142857142857 0.046296296296296294
0 0.42797247915952946 0.698684570861829 0.02857142857142857 0.046296296296296294
0 0.44635777092611634 0.689617750244249 0.02857142857142857 0.046296296296296294
0 0.4687398652506566 0.6766651493619917 0.02857142857142857 0.046296296296296294
0 0.49032259906360637 0.6857319699795718 0.02857142857142857 0.046296296296296294
0 0.4791315519013361 0.6779604094502175 0.02857142857142857 0.046296296296296294
0 0.5151027749229188 0.6883224901560233 0.02857142857142857 0.046296296296296294
0 0.4983162041795135 0.680550929626669 0.02857142857142857 0.046296296296296294
0 0.5790516158501771 0.6559409879503804 0.02857142857142857 0.046296296296296294
0 0.5862458604544936 0.6727793690973146 0.02857142857142857 0.046296296296296294
0 0.5950388260819915 0.6740746291855404 0.02857142857142857 0.046296296296296294
0 0.5726567317574512 0.6857319699795718 0.02857142857142857 0.046296296296296294
0 0.5518733584560924 0.689617750244249 0.02857142857142857 0.046296296296296294
0 0.5566695215256366 0.6714841090090888 0.02857142857142857 0.046296296296296294
0 0.5135040538997373 0.6624172883915088 0.02857142857142857 0.046296296296296294
0 0.19136176772867416 0.6960940506853774 0.02857142857142857 0.046296296296296294
0 0.20335217540253508 0.6960940506853774 0.02857142857142857 0.046296296296296294
0 0.2177406646111682 0.7012750910382803 0.02857142857142857 0.046296296296296294
0 0.2233361881923033 0.7168182120969889 0.02857142857142857 0.046296296296296294
0 0.2353265958661642 0.7219992524498919 0.02857142857142857 0.046296296296296294
0 0.250514445586388 0.7310660730674718 0.02857142857142857 0.046296296296296294
0 0.2657022953066119 0.725885032714569 0.02857142857142857 0.046296296296296294
0 0.27929142400365425 0.7336565932439233 0.02857142857142857 0.046296296296296294
0 0.29208119218910583 0.7349518533321491 0.02857142857142857 0.046296296296296294
0 0.28168950553842637 0.7090466515676347 0.02857142857142857 0.046296296296296294
0 0.22653363023866618 0.7362471134203749 0.02857142857142857 0.046296296296296294
0 0.21214514103003307 0.7517902344790833 0.02857142857142857 0.046296296296296294
0 0.17377583647367817 0.626150005921189 0.02857142857142857 0.046296296296296294
0 0.1937598492634464 0.6494646875092518 0.02857142857142857 0.046296296296296294
0 0.2049508964257165 0.6792556695384433 0.02857142857142857 0.046296296296296294
0 0.2289317117734384 0.6818461897148945 0.02857142857142857 0.046296296296296294
0 0.2449189220052529 0.6999798309500547 0.02857142857142857 0.046296296296296294
0 0.25211316660956945 0.6766651493619917 0.02857142857142857 0.046296296296296294
0 0.2968773552586502 0.7194087322734404 0.02857142857142857 0.046296296296296294
0 0.2992754367934224 0.698684570861829 0.02857142857142857 0.046296296296296294
0 0.3192594495831906 0.7103419116558604 0.02857142857142857 0.046296296296296294
0 0.30646968139773895 0.7103419116558604 0.02857142857142857 0.046296296296296294
0 0.312065204978874 0.6922082704207004 0.02857142857142857 0.046296296296296294
0 0.19136176772867416 0.6339215664505431 0.02857142857142857 0.046296296296296294
0 0.1066295535000571 0.49532873701039154 0.02857142857142857 0.046296296296296294
0 0.07625385405960945 0.48108087603990873 0.02857142857142857 0.046296296296296294
0 0.09943530889574054 0.5406628400982916 0.02857142857142857 0.046296296296296294
0 0.11382379810437361 0.543253360274743 0.02857142857142857 0.046296296296296294
0 0.09064234326824253 0.49791925718684305 0.02857142857142857 0.046296296296296294
0 0.11861996117391799 0.5018050374515202 0.02857142857142857 0.046296296296296294
0 0.22253682768071253 0.5277102392160344 0.02857142857142857 0.046296296296296294
0 0.22253682768071253 0.5834064230097402 0.02857142857142857 0.046296296296296294
0 0.26170549274865823 0.5419581001865174 0.02857142857142857 0.046296296296296294
0 0.259307411213886 0.4901476966574887 0.02857142857142857 0.046296296296296294
0 0.24252084047048075 0.6287405260976402 0.02857142857142857 0.046296296296296294
0 0.30966712344410185 0.6274452660094146 0.02857142857142857 0.046296296296296294
0 0.3256543336759164 0.6235594857447374 0.02857142857142857 0.046296296296296294
0 0.3232562521411442 0.6442836471563489 0.02857142857142857 0.046296296296296294
0 0.3272530546990978 0.6650078085679604 0.02857142857142857 0.046296296296296294
0 0.3408421833961402 0.6611220283032831 0.02857142857142857 0.046296296296296294
0 0.35123387004681966 0.6416931269798974 0.02857142857142857 0.046296296296296294
0 0.36082619618590844 0.6416931269798974 0.02857142857142857 0.046296296296296294
0 0.35922747516272696 0.6714841090090888 0.02857142857142857 0.046296296296296294
0 0.35603003311636405 0.6196737054800602 0.02857142857142857 0.046296296296296294
0 0.34563834646568464 0.626150005921189 0.02857142857142857 0.046296296296296294
0 0.3632242777206806 0.6326263063623174 0.02857142857142857 0.046296296296296294
0 0.37121788283658785 0.626150005921189 0.02857142857142857 0.046296296296296294
0 0.5518733584560924 0.5691585620392574 0.02857142857142857 0.046296296296296294
0 0.4519532945072514 0.4007747505699143 0.02857142857142857 0.046296296296296294
0 0.46634178371588436 0.39559371021701145 0.02857142857142857 0.046296296296296294
0 0.47833219138974525 0.39818423039346285 0.02857142857142857 0.046296296296296294
0 0.49991492520269504 0.39688897030523723 0.02857142857142857 0.046296296296296294
0 0.5087078908301931 0.39818423039346285 0.02857142857142857 0.046296296296296294
0 0.5190995774808724 0.4020700106581401 0.02857142857142857 0.046296296296296294
0 0.5294912641315519 0.39688897030523723 0.02857142857142857 0.046296296296296294
0 0.53828422975905 0.39688897030523723 0.02857142857142857 0.046296296296296294
0 0.5982362681283545 0.4033652707463657 0.02857142857142857 0.046296296296296294
0 0.6709780746831108 0.3917079299523344 0.02857142857142857 0.046296296296296294
0 0.6661819116135663 0.41113683127572004 0.02857142857142857 0.046296296296296294
0 0.6573889459860683 0.4098415711874943 0.02857142857142857 0.046296296296296294
0 0.4375648052986183 0.5393675800100659 0.02857142857142857 0.046296296296296294
0 0.8164616877926231 0.7673333555377918 0.02857142857142857 0.046296296296296294
0 0.8332482585360285 0.7414281537732776 0.02857142857142857 0.046296296296296294
0 0.8236559323969397 0.725885032714569 0.02857142857142857 0.046296296296296294
0 0.8316495375128469 0.707751391479409 0.02857142857142857 0.046296296296296294
0 0.849235468767843 0.7336565932439233 0.02857142857142857 0.046296296296296294
0 0.8828086102546535 0.7207039923616662 0.02857142857142857 0.046296296296296294
0 0.8852066917894256 0.7647428353613405 0.02857142857142857 0.046296296296296294
0 0.8764137261619276 0.7699238757142433 0.02857142857142857 0.046296296296296294
0 0.8612258764417038 0.762152315184889 0.02857142857142857 0.046296296296296294
0 0.8652226789996575 0.7271802928027947 0.02857142857142857 0.046296296296296294
0 0.8588277949069316 0.6973893107736032 0.02857142857142857 0.046296296296296294
0 0.8404425031403449 0.6973893107736032 0.02857142857142857 0.046296296296296294
0 0.8804105287198813 0.6844367098913461 0.02857142857142857 0.046296296296296294
0 0.8772130866735185 0.666303068656186 0.02857142857142857 0.046296296296296294
0 0.854830992348978 0.6455789072445747 0.02857142857142857 0.046296296296296294
0 0.8620252369532947 0.6391026068034461 0.02857142857142857 0.046296296296296294
0 0.8676207605344296 0.6391026068034461 0.02857142857142857 0.046296296296296294
0 0.84603802672148 0.6740746291855404 0.02857142857142857 0.046296296296296294
0 0.5238957405504169 0.5691585620392574 0.02857142857142857 0.046296296296296294
0 0.5318893456663242 0.5730443423039345 0.02857142857142857 0.046296296296296294
0 0.6230164439876671 0.5652727817745803 0.02857142857142857 0.046296296296296294
0 0.47833219138974525 0.5406628400982916 0.02857142857142857 0.046296296296296294
0 0.2744952609341098 0.6196737054800602 0.02857142857142857 0.046296296296296294
0 0.2529125271211602 0.6196737054800602 0.02857142857142857 0.046296296296296294
0 0.2888837501427429 0.6494646875092518 0.02857142857142857 0.046296296296296294
0 0.3112658444672833 0.6637125484797346 0.02857142857142857 0.046296296296296294
0 0.2888837501427429 0.6753698892737661 0.02857142857142857 0.046296296296296294
0 0.2736959004225191 0.6727793690973146 0.02857142857142857 0.046296296296296294
0 0.3040715998629667 0.6792556695384433 0.02857142857142857 0.046296296296296294
0 0.37121788283658785 0.7090466515676347 0.02857142857142857 0.046296296296296294
0 0.5478765558981387 0.5303007593924859 0.02857142857142857 0.046296296296296294
0 0.5838477789197214 0.5445486203629688 0.02857142857142857 0.046296296296296294
0 0.5678605686879069 0.5367770598336145 0.02857142857142857 0.046296296296296294
0 0.5742554527806326 0.5458438804511945 0.02857142857142857 0.046296296296296294
0 0.4495552129724792 0.6598267682150576 0.02857142857142857 0.046296296296296294
0 0.4567494575767957 0.6637125484797346 0.02857142857142857 0.046296296296296294
0 0.464743062692703 0.6624172883915088 0.02857142857142857 0.046296296296296294
0 0.40319230330021694 0.6857319699795718 0.02857142857142857 0.046296296296296294
0 0.37681340641772293 0.6753698892737661 0.02857142857142857 0.046296296296296294
0 0.34643770697727533 0.689617750244249 0.02857142857142857 0.046296296296296294
0 0.40559038483498916 0.6727793690973146 0.02857142857142857 0.046296296296296294
0 0.42397567660157587 0.6688935888326375 0.02857142857142857 0.046296296296296294
0 0.3744153248829507 0.6559409879503804 0.02857142857142857 0.046296296296296294
0 0.41598207148566857 0.6429883870681231 0.02857142857142857 0.046296296296296294
0 0.7629045335160444 0.5678633019510316 0.02857142857142857 0.046296296296296294
0 0.773296220166724 0.5678633019510316 0.02857142857142857 0.046296296296296294
0 0.4151827109740779 0.5782253826568374 0.02857142857142857 0.046296296296296294
0 0.4039916638118076 0.5821111629215145 0.02857142857142857 0.046296296296296294
0 0.38240892999885806 0.5859969431861917 0.02857142857142857 0.046296296296296294
0 0.5510739979445015 0.5458438804511945 0.02857142857142857 0.046296296296296294
0 0.43116992120589254 0.6313310462740918 0.02857142857142857 0.046296296296296294
0 0.43276864222907385 0.5743396023921602 0.02857142857142857 0.046296296296296294
0 0.09711788211788214 0.8330014892514894 0.02857142857142857 0.046296296296296294
0 0.11609890109890114 0.8491890054390056 0.02857142857142857 0.046296296296296294
0 0.12009490509490514 0.8249077311577314 0.02857142857142857 0.046296296296296294
0 0.060154845154845184 0.9123203185703188 0.02857142857142857 0.046296296296296294
0 0.037177822177822215 0.9220328282828284 0.02857142857142857 0.046296296296296294
0 0.028186813186813223 0.8006264568764571 0.02857142857142857 0.046296296296296294
0 0.0381768231768232 0.8249077311577314 0.02857142857142857 0.046296296296296294
0 0.04317182817182819 0.7990077052577055 0.02857142857142857 0.046296296296296294
0 0.29192307692307695 0.889657795907796 0.02857142857142857 0.046296296296296294
0 0.3798351648351649 0.8589015151515154 0.02857142857142857 0.046296296296296294
0 0.3698451548451549 0.8589015151515154 0.02857142857142857 0.046296296296296294
0 0.3518631368631369 0.8524265086765088 0.02857142857142857 0.046296296296296294
0 0.3518631368631369 0.8378577441077442 0.02857142857142857 0.046296296296296294
0 0.5446703296703298 0.8540452602952605 0.02857142857142857 0.046296296296296294
0 0.5326823176823177 0.8718515281015283 0.02857142857142857 0.046296296296296294
0 0.4437712287712288 0.9349828412328414 0.02857142857142857 0.046296296296296294
0 0.8323826173826174 0.9592641155141157 0.02857142857142857 0.046296296296296294
0 0.8373776223776226 0.98354538979539 0.02857142857142857 0.046296296296296294
0 0.21999500499500504 0.6500825563325564 0.02857142857142857 0.046296296296296294
0 0.21999500499500504 0.6597950660450662 0.02857142857142857 0.046296296296296294
0 0.229985014985015 0.6533200595700598 0.02857142857142857 0.046296296296296294
0 0.24297202797202805 0.6533200595700598 0.02857142857142857 0.046296296296296294
0 0.261953046953047 0.6371325433825434 0.02857142857142857 0.046296296296296294
0 0.24996503496503497 0.6419887982387984 0.02857142857142857 0.046296296296296294
0 0.25096403596403605 0.6549388111888114 0.02857142857142857 0.046296296296296294
0 0.26095404595404603 0.6743638306138308 0.02857142857142857 0.046296296296296294
0 0.26495004995005 0.6970263532763534 0.02857142857142857 0.046296296296296294
0 0.266948051948052 0.6840763403263405 0.02857142857142857 0.046296296296296294
0 0.1400749250749251 0.6792200854700856 0.02857142857142857 0.046296296296296294
0 0.1410739260739261 0.6630325692825694 0.02857142857142857 0.046296296296296294
0 0.15505994005994012 0.6500825563325564 0.02857142857142857 0.046296296296296294
0 0.14407092907092905 0.6452263014763017 0.02857142857142857 0.046296296296296294
0 0.19501998001998003 0.664651320901321 0.02857142857142857 0.046296296296296294
0 0.19302197802197807 0.6824575887075889 0.02857142857142857 0.046296296296296294
0 0.18502997002997007 0.6743638306138308 0.02857142857142857 0.046296296296296294
0 0.1810339660339661 0.6970263532763534 0.02857142857142857 0.046296296296296294
0 0.17004495504495504 0.6597950660450662 0.02857142857142857 0.046296296296296294
0 0.1810339660339661 0.6500825563325564 0.02857142857142857 0.046296296296296294
0 0.20301198801198803 0.6355137917637919 0.02857142857142857 0.046296296296296294
0 0.21100399600399605 0.6355137917637919 0.02857142857142857 0.046296296296296294
0 0.23298201798201806 0.6290387852887854 0.02857142857142857 0.046296296296296294
0 0.20700799200799208 0.6549388111888114 0.02857142857142857 0.046296296296296294
0 0.32588911088911093 0.8848015410515413 0.02857142857142857 0.046296296296296294
0 0.34287212787212795 0.8637577700077701 0.02857142857142857 0.046296296296296294
0 0.09711788211788214 0.8103389665889666 0.02857142857142857 0.046296296296296294
0 0.11210289710289714 0.8006264568764571 0.02857142857142857 0.046296296296296294
0 0.08712787212787215 0.9268890831390834 0.02857142857142857 0.046296296296296294
0 0.19601898101898102 0.8831827894327896 0.02857142857142857 0.046296296296296294
0 0.1800349650349651 0.9770703833203834 0.02857142857142857 0.046296296296296294
0 0.02419080919080922 0.6743638306138308 0.02857142857142857 0.046296296296296294
0 0.02718781218781219 0.7067388629888631 0.02857142857142857 0.046296296296296294
0 0.056158841158841184 0.7132138694638697 0.02857142857142857 0.046296296296296294
0 0.10710789210789215 0.6630325692825694 0.02857142857142857 0.046296296296296294
0 0.20401098901098902 0.7213076275576277 0.02857142857142857 0.046296296296296294
0 0.20301198801198803 0.7358763921263922 0.02857142857142857 0.046296296296296294
0 0.18702797202797203 0.7504451566951568 0.02857142857142857 0.046296296296296294
0 0.18403096903096908 0.7747264309764311 0.02857142857142857 0.046296296296296294
0 0.16804695304695308 0.7682514245014247 0.02857142857142857 0.046296296296296294
0 0.1730419580419581 0.7892951955451957 0.02857142857142857 0.046296296296296294
0 0.1810339660339661 0.7941514504014505 0.02857142857142857 0.046296296296296294
0 0.221993006993007 0.7925326987826989 0.02857142857142857 0.046296296296296294
0 0.27494005994006 0.7650139212639213 0.02857142857142857 0.046296296296296294
0 0.279935064935065 0.7520639083139083 0.02857142857142857 0.046296296296296294
0 0.288926073926074 0.7536826599326601 0.02857142857142857 0.046296296296296294
0 0.30491008991009 0.7617764180264182 0.02857142857142857 0.046296296296296294
0 0.3278871128871129 0.766632672882673 0.02857142857142857 0.046296296296296294
0 0.34786713286713294 0.7488264050764052 0.02857142857142857 0.046296296296296294
0 0.38982517482517487 0.7374951437451438 0.02857142857142857 0.046296296296296294
0 0.38483016983016993 0.7569201631701633 0.02857142857142857 0.046296296296296294
0 0.3758391608391609 0.7763451825951827 0.02857142857142857 0.046296296296296294
0 0.39781718281718287 0.779582685832686 0.02857142857142857 0.046296296296296294
0 0.06614885114885116 0.8815640378140379 0.02857142857142857 0.046296296296296294
0 0.1340809190809191 0.8540452602952605 0.02857142857142857 0.046296296296296294
0 0.1490659340659341 0.8589015151515154 0.02857142857142857 0.046296296296296294
0 0.16804695304695308 0.8410952473452475 0.02857142857142857 0.046296296296296294
0 0.31789710289710293 0.8249077311577314 0.02857142857142857 0.046296296296296294
0 0.3119030969030969 0.7358763921263922 0.02857142857142857 0.046296296296296294
0 0.303911088911089 0.7294013856513858 0.02857142857142857 0.046296296296296294
0 0.3368781218781219 0.7132138694638697 0.02857142857142857 0.046296296296296294
0 0.3438711288711289 0.7083576146076147 0.02857142857142857 0.046296296296296294
0 0.3518631368631369 0.7083576146076147 0.02857142857142857 0.046296296296296294
0 0.3288861138861139 0.7051201113701114 0.02857142857142857 0.046296296296296294
0 0.3358791208791209 0.6856950919450921 0.02857142857142857 0.046296296296296294
0 0.3278871128871129 0.6808388370888372 0.02857142857142857 0.046296296296296294
0 0.330884115884116 0.6371325433825434 0.02857142857142857 0.046296296296296294
0 0.33288211788211797 0.6484638047138048 0.02857142857142857 0.046296296296296294
0 0.290924075924076 0.6403700466200468 0.02857142857142857 0.046296296296296294
0 0.279935064935065 0.651701307951308 0.02857142857142857 0.046296296296296294
0 0.271943056943057 0.6468450530950532 0.02857142857142857 0.046296296296296294
0 0.8433716283716285 0.8669952732452734 0.02857142857142857 0.046296296296296294
0 0.8463686313686315 0.8540452602952605 0.02857142857142857 0.046296296296296294
0 0.8383766233766236 0.7909139471639473 0.02857142857142857 0.046296296296296294
0 0.7984165834165835 0.7277826340326342 0.02857142857142857 0.046296296296296294
0 0.7184965034965036 0.6986451048951051 0.02857142857142857 0.046296296296296294
0 0.7174975024975027 0.6792200854700856 0.02857142857142857 0.046296296296296294
0 0.7025124875124876 0.5561949624449626 0.02857142857142857 0.046296296296296294
0 0.6305844155844157 0.7035013597513599 0.02857142857142857 0.046296296296296294
0 0.6675474525474526 0.6355137917637919 0.02857142857142857 0.046296296296296294
0 0.8353796203796204 0.7747264309764311 0.02857142857142857 0.046296296296296294
0 0.8263886113886115 0.7536826599326601 0.02857142857142857 0.046296296296296294
0 0.8134015984015985 0.7423513986013988 0.02857142857142857 0.046296296296296294
0 0.8403746253746255 0.7569201631701633 0.02857142857142857 0.046296296296296294
0 0.8463686313686315 0.771488927738928 0.02857142857142857 0.046296296296296294
0 0.8893256743256743 0.7812014374514376 0.02857142857142857 0.046296296296296294
0 0.9033116883116884 0.7909139471639473 0.02857142857142857 0.046296296296296294
0 0.9152997002997004 0.7828201890701892 0.02857142857142857 0.046296296296296294
0 0.8983166833166835 0.7779639342139343 0.02857142857142857 0.046296296296296294
0 0.9013136863136864 0.7601576664076666 0.02857142857142857 0.046296296296296294
0 0.8973176823176825 0.7423513986013988 0.02857142857142857 0.046296296296296294
0 0.9083066933066934 0.7536826599326601 0.02857142857142857 0.046296296296296294
0 0.9123026973026974 0.7374951437451438 0.02857142857142857 0.046296296296296294
0 0.8853296703296704 0.7488264050764052 0.02857142857142857 0.046296296296296294
0 0.8743406593406595 0.7536826599326601 0.02857142857142857 0.046296296296296294
0 0.8653496503496504 0.7536826599326601 0.02857142857142857 0.046296296296296294
0 0.8643506493506494 0.7423513986013988 0.02857142857142857 0.046296296296296294
0 0.8423726273726275 0.7261638824138826 0.02857142857142857 0.046296296296296294
0 0.8453696303696305 0.7132138694638697 0.02857142857142857 0.046296296296296294
0 0.8543606393606396 0.7067388629888631 0.02857142857142857 0.046296296296296294
0 0.8953196803196805 0.7051201113701114 0.02857142857142857 0.046296296296296294
0 0.9003146853146854 0.6937888500388502 0.02857142857142857 0.046296296296296294
0 0.8693456543456544 0.7018826081326083 0.02857142857142857 0.046296296296296294
0 0.8803346653346654 0.7002638565138567 0.02857142857142857 0.046296296296296294
0 0.9222927072927074 0.7617764180264182 0.02857142857142857 0.046296296296296294
0 0.9133016983016985 0.7601576664076666 0.02857142857142857 0.046296296296296294
0 0.9133016983016985 0.7731076793576795 0.02857142857142857 0.046296296296296294
0 0.9063086913086914 0.7245451307951308 0.02857142857142857 0.046296296296296294
0 0.9003146853146854 0.7213076275576277 0.02857142857142857 0.046296296296296294
0 0.8923226773226774 0.7213076275576277 0.02857142857142857 0.046296296296296294
0 0.9043106893106894 0.7099763662263663 0.02857142857142857 0.046296296296296294
0 0.9133016983016985 0.7018826081326083 0.02857142857142857 0.046296296296296294
0 0.9232917082917084 0.7099763662263663 0.02857142857142857 0.046296296296296294
0 0.9182967032967034 0.7310201372701374 0.02857142857142857 0.046296296296296294
0 0.9352797202797204 0.7342576405076406 0.02857142857142857 0.046296296296296294
0 0.9542607392607394 0.7391138953638956 0.02857142857142857 0.046296296296296294
0 0.9642507492507494 0.7391138953638956 0.02857142857142857 0.046296296296296294
0 0.9762387612387613 0.7294013856513858 0.02857142857142857 0.046296296296296294
0 0.9722427572427573 0.7148326210826212 0.02857142857142857 0.046296296296296294
0 0.9862287712287714 0.7196888759388761 0.02857142857142857 0.046296296296296294
0 0.9742407592407594 0.6873138435638437 0.02857142857142857 0.046296296296296294
0 0.9832317682317684 0.6856950919450921 0.02857142857142857 0.046296296296296294
0 0.9892257742257743 0.6921700984200986 0.02857142857142857 0.046296296296296294
0 0.9932217782217783 0.7180701243201244 0.02857142857142857 0.046296296296296294
0 0.9832317682317684 0.7051201113701114 0.02857142857142857 0.046296296296296294
0 0.9692457542457543 0.7018826081326083 0.02857142857142857 0.046296296296296294
0 0.9562587412587413 0.7213076275576277 0.02857142857142857 0.046296296296296294
0 0.9632517482517484 0.7132138694638697 0.02857142857142857 0.046296296296296294
0 0.9522627372627374 0.7115951178451181 0.02857142857142857 0.046296296296296294
0 0.9562587412587413 0.7035013597513599 0.02857142857142857 0.046296296296296294
0 0.9522627372627374 0.6905513468013469 0.02857142857142857 0.046296296296296294
0 0.9502647352647354 0.7035013597513599 0.02857142857142857 0.046296296296296294
0 0.9362787212787214 0.6986451048951051 0.02857142857142857 0.046296296296296294
0 0.9422727272727273 0.6873138435638437 0.02857142857142857 0.046296296296296294
0 0.9332817182817184 0.6824575887075889 0.02857142857142857 0.046296296296296294
0 0.9262887112887115 0.6808388370888372 0.02857142857142857 0.046296296296296294
0 0.9352797202797204 0.7132138694638697 0.02857142857142857 0.046296296296296294
0 0.9282867132867134 0.7051201113701114 0.02857142857142857 0.046296296296296294
0 0.9492657342657345 0.7196888759388761 0.02857142857142857 0.046296296296296294
0 0.9472677322677324 0.7277826340326342 0.02857142857142857 0.046296296296296294
0 0.9322827172827174 0.7245451307951308 0.02857142857142857 0.046296296296296294
0 0.9172977022977024 0.6905513468013469 0.02857142857142857 0.046296296296296294
0 0.9073076923076925 0.6873138435638437 0.02857142857142857 0.046296296296296294
0 0.9982167832167834 0.6759825822325823 0.02857142857142857 0.046296296296296294
0 0.9892257742257743 0.6743638306138308 0.02857142857142857 0.046296296296296294
0 0.9842307692307694 0.6614138176638178 0.02857142857142857 0.046296296296296294
0 0.9862287712287714 0.6533200595700598 0.02857142857142857 0.046296296296296294
0 0.9662487512487514 0.6792200854700856 0.02857142857142857 0.046296296296296294
0 0.9682467532467534 0.6662700725200726 0.02857142857142857 0.046296296296296294
0 0.9562587412587413 0.6549388111888114 0.02857142857142857 0.046296296296296294
0 0.9642507492507494 0.6484638047138048 0.02857142857142857 0.046296296296296294
0 0.9742407592407594 0.6403700466200468 0.02857142857142857 0.046296296296296294
0 0.9752397602397603 0.6500825563325564 0.02857142857142857 0.046296296296296294
0 0.9222927072927074 0.6549388111888114 0.02857142857142857 0.046296296296296294
0 0.9242907092907093 0.638751295001295 0.02857142857142857 0.046296296296296294
0 0.9143006993006995 0.6371325433825434 0.02857142857142857 0.046296296296296294
0 0.9342807192807194 0.6371325433825434 0.02857142857142857 0.046296296296296294
0 0.9123026973026974 0.651701307951308 0.02857142857142857 0.046296296296296294
0 0.9093056943056945 0.6678888241388243 0.02857142857142857 0.046296296296296294
0 0.9452697302697305 0.6581763144263145 0.02857142857142857 0.046296296296296294
0 0.9532617382617383 0.6695075757575759 0.02857142857142857 0.046296296296296294
0 0.9352797202797204 0.6695075757575759 0.02857142857142857 0.046296296296296294
0 0.9292857142857145 0.6695075757575759 0.02857142857142857 0.046296296296296294
0 0.9672477522477524 0.5400074462574463 0.02857142857142857 0.046296296296296294
0 0.9742407592407594 0.5270574333074334 0.02857142857142857 0.046296296296296294
0 0.9802347652347654 0.520582426832427 0.02857142857142857 0.046296296296296294
0 0.9832317682317684 0.5497199559699562 0.02857142857142857 0.046296296296296294
0 0.9762387612387613 0.5432449494949496 0.02857142857142857 0.046296296296296294
0 0.9722427572427573 0.5659074721574723 0.02857142857142857 0.046296296296296294
0 0.9512637362637364 0.5707637270137271 0.02857142857142857 0.046296296296296294
0 0.9552597402597404 0.5659074721574723 0.02857142857142857 0.046296296296296294
0 0.9602547452547454 0.5594324656824659 0.02857142857142857 0.046296296296296294
0 0.9642507492507494 0.5707637270137271 0.02857142857142857 0.046296296296296294
0 0.8743406593406595 0.7374951437451438 0.02857142857142857 0.046296296296296294
0 0.8873276723276724 0.7326388888888891 0.02857142857142857 0.046296296296296294
0 0.9332817182817184 0.7472076534576536 0.02857142857142857 0.046296296296296294
0 0.9442707292707294 0.7504451566951568 0.02857142857142857 0.046296296296296294
0 0.8124025974025975 0.7067388629888631 0.02857142857142857 0.046296296296296294
0 0.8203946053946056 0.6986451048951051 0.02857142857142857 0.046296296296296294
0 0.8213936063936066 0.6937888500388502 0.02857142857142857 0.046296296296296294
0 0.8243906093906095 0.6856950919450921 0.02857142857142857 0.046296296296296294
0 0.8163986013986014 0.6824575887075889 0.02857142857142857 0.046296296296296294
0 0.8223926073926076 0.6743638306138308 0.02857142857142857 0.046296296296296294
0 0.8343806193806195 0.6889325951825953 0.02857142857142857 0.046296296296296294
0 0.8433716283716285 0.6889325951825953 0.02857142857142857 0.046296296296296294
0 0.8303846153846155 0.6808388370888372 0.02857142857142857 0.046296296296296294
0 0.8313836163836165 0.6662700725200726 0.02857142857142857 0.046296296296296294
0 0.8473676323676325 0.6905513468013469 0.02857142857142857 0.046296296296296294
0 0.8623526473526475 0.6840763403263405 0.02857142857142857 0.046296296296296294
0 0.8553596403596405 0.6743638306138308 0.02857142857142857 0.046296296296296294
0 0.8643506493506494 0.6759825822325823 0.02857142857142857 0.046296296296296294
0 0.8633516483516485 0.6597950660450662 0.02857142857142857 0.046296296296296294
0 0.8493656343656344 0.6597950660450662 0.02857142857142857 0.046296296296296294
0 0.8413736263736266 0.6597950660450662 0.02857142857142857 0.046296296296296294
0 0.8453696303696305 0.6484638047138048 0.02857142857142857 0.046296296296296294
0 0.8583566433566435 0.6371325433825434 0.02857142857142857 0.046296296296296294
0 0.8743406593406595 0.651701307951308 0.02857142857142857 0.046296296296296294
0 0.8653496503496504 0.651701307951308 0.02857142857142857 0.046296296296296294
0 0.8743406593406595 0.638751295001295 0.02857142857142857 0.046296296296296294
0 0.8783366633366635 0.630657536907537 0.02857142857142857 0.046296296296296294
0 0.8843306693306694 0.630657536907537 0.02857142857142857 0.046296296296296294
0 0.8853296703296704 0.6614138176638178 0.02857142857142857 0.046296296296296294
0 0.8883266733266734 0.6500825563325564 0.02857142857142857 0.046296296296296294
0 0.8803346653346654 0.6484638047138048 0.02857142857142857 0.046296296296296294
0 0.8523626373626374 0.7779639342139343 0.02857142857142857 0.046296296296296294
0 0.5436713286713287 0.405651061901062 0.02857142857142857 0.046296296296296294
0 0.5536613386613387 0.405651061901062 0.02857142857142857 0.046296296296296294
0 0.5596553446553447 0.4040323102823104 0.02857142857142857 0.046296296296296294
0 0.5746403596403598 0.40241355866355877 0.02857142857142857 0.046296296296296294
0 0.5846303696303696 0.39593855218855234 0.02857142857142857 0.046296296296296294
0 0.5896253746253747 0.39593855218855234 0.02857142857142857 0.046296296296296294
0 0.6136013986013987 0.405651061901062 0.02857142857142857 0.046296296296296294
0 0.6185964035964037 0.40726981351981356 0.02857142857142857 0.046296296296296294
0 0.6295854145854147 0.41050731675731683 0.02857142857142857 0.046296296296296294
0 0.6365784215784216 0.41536357161357174 0.02857142857142857 0.046296296296296294
0 0.6505644355644357 0.41374481999482005 0.02857142857142857 0.046296296296296294
0 0.7434715284715285 0.575619981869982 0.02857142857142857 0.046296296296296294
0 0.7514635364635366 0.5740012302512304 0.02857142857142857 0.046296296296296294
0 0.7414735264735266 0.5869512432012434 0.02857142857142857 0.046296296296296294
0 0.7484665334665335 0.5837137399637401 0.02857142857142857 0.046296296296296294
0 0.7564585414585415 0.5804762367262368 0.02857142857142857 0.046296296296296294
0 0.7694455544455546 0.5772387334887336 0.02857142857142857 0.046296296296296294
0 0.7414735264735266 0.6047575110075111 0.02857142857142857 0.046296296296296294
0 0.7474675324675325 0.6031387593887595 0.02857142857142857 0.046296296296296294
0 0.7574575424575426 0.6031387593887595 0.02857142857142857 0.046296296296296294
0 0.7674475524475526 0.5982825045325048 0.02857142857142857 0.046296296296296294
0 0.7804345654345655 0.5950450012950014 0.02857142857142857 0.046296296296296294
0 0.7774375624375626 0.5820949883449885 0.02857142857142857 0.046296296296296294
0 0.7814335664335664 0.575619981869982 0.02857142857142857 0.046296296296296294
0 0.7854295704295706 0.5691449753949755 0.02857142857142857 0.046296296296296294
0 0.7894255744255746 0.5772387334887336 0.02857142857142857 0.046296296296296294
0 0.7924225774225775 0.575619981869982 0.02857142857142857 0.046296296296296294
0 0.7974175824175824 0.575619981869982 0.02857142857142857 0.046296296296296294
0 0.8014135864135866 0.575619981869982 0.02857142857142857 0.046296296296296294
0 0.8024125874125876 0.575619981869982 0.02857142857142857 0.046296296296296294
0 0.8064085914085916 0.575619981869982 0.02857142857142857 0.046296296296296294
0 0.7864285714285716 0.5869512432012434 0.02857142857142857 0.046296296296296294
0 0.7934215784215786 0.588569994819995 0.02857142857142857 0.046296296296296294
0 0.7964185814185815 0.5950450012950014 0.02857142857142857 0.046296296296296294
0 0.8004145854145854 0.588569994819995 0.02857142857142857 0.046296296296296294
0 0.8044105894105896 0.5837137399637401 0.02857142857142857 0.046296296296296294
0 0.8104045954045955 0.5853324915824918 0.02857142857142857 0.046296296296296294
0 0.8163986013986014 0.5820949883449885 0.02857142857142857 0.046296296296296294
0 0.8193956043956045 0.5772387334887336 0.02857142857142857 0.046296296296296294
0 0.8243906093906095 0.5804762367262368 0.02857142857142857 0.046296296296296294
0 0.8293856143856145 0.5772387334887336 0.02857142857142857 0.046296296296296294
0 0.8323826173826174 0.5707637270137271 0.02857142857142857 0.046296296296296294
0 0.8503646353646355 0.5723824786324788 0.02857142857142857 0.046296296296296294
0 0.8433716283716285 0.5723824786324788 0.02857142857142857 0.046296296296296294
0 0.8523626373626374 0.5804762367262368 0.02857142857142857 0.046296296296296294
0 0.8583566433566435 0.5820949883449885 0.02857142857142857 0.046296296296296294
0 0.8403746253746255 0.5837137399637401 0.02857142857142857 0.046296296296296294
0 0.8353796203796204 0.5869512432012434 0.02857142857142857 0.046296296296296294
0 0.8293856143856145 0.5869512432012434 0.02857142857142857 0.046296296296296294
0 0.8243906093906095 0.5918074980574981 0.02857142857142857 0.046296296296296294
0 0.8193956043956045 0.5918074980574981 0.02857142857142857 0.046296296296296294
0 0.8144005994005995 0.5934262496762498 0.02857142857142857 0.046296296296296294
0 0.8074075924075925 0.5966637529137531 0.02857142857142857 0.046296296296296294
0 0.7674475524475526 0.6112325174825176 0.02857142857142857 0.046296296296296294
0 0.7734415584415586 0.6063762626262628 0.02857142857142857 0.046296296296296294
0 0.7814335664335664 0.6079950142450143 0.02857142857142857 0.046296296296296294
0 0.7854295704295706 0.6079950142450143 0.02857142857142857 0.046296296296296294
0 0.7894255744255746 0.6047575110075111 0.02857142857142857 0.046296296296296294
0 0.7944205794205795 0.6047575110075111 0.02857142857142857 0.046296296296296294
0 0.8034115884115886 0.6047575110075111 0.02857142857142857 0.046296296296296294
0 0.8094055944055946 0.5999012561512563 0.02857142857142857 0.046296296296296294
0 0.8153996003996005 0.6015200077700079 0.02857142857142857 0.046296296296296294
0 0.8213936063936066 0.6047575110075111 0.02857142857142857 0.046296296296296294
0 0.8283866133866135 0.5999012561512563 0.02857142857142857 0.046296296296296294
0 0.8323826173826174 0.5950450012950014 0.02857142857142857 0.046296296296296294
0 0.8383766233766236 0.5999012561512563 0.02857142857142857 0.046296296296296294
0 0.8423726273726275 0.5950450012950014 0.02857142857142857 0.046296296296296294
0 0.8453696303696305 0.5901887464387465 0.02857142857142857 0.046296296296296294
0 0.8513636363636364 0.5934262496762498 0.02857142857142857 0.046296296296296294
0 0.7874275724275726 0.6144700207200209 0.02857142857142857 0.046296296296296294
0 0.7964185814185815 0.6144700207200209 0.02857142857142857 0.046296296296296294
0 0.8024125874125876 0.6160887723387725 0.02857142857142857 0.046296296296296294
0 0.8094055944055946 0.6160887723387725 0.02857142857142857 0.046296296296296294
0 0.8144005994005995 0.617707523957524 0.02857142857142857 0.046296296296296294
0 0.8203946053946056 0.6079950142450143 0.02857142857142857 0.046296296296296294
0 0.8293856143856145 0.6096137658637659 0.02857142857142857 0.046296296296296294
0 0.8363786213786214 0.6079950142450143 0.02857142857142857 0.046296296296296294
0 0.8463686313686315 0.6015200077700079 0.02857142857142857 0.046296296296296294
0 0.8193956043956045 0.6209450271950273 0.02857142857142857 0.046296296296296294
0 0.8253896103896106 0.6274200336700338 0.02857142857142857 0.046296296296296294
0 0.8313836163836165 0.6258012820512823 0.02857142857142857 0.046296296296296294
0 0.8353796203796204 0.6241825304325305 0.02857142857142857 0.046296296296296294
0 0.8383766233766236 0.6225637788137789 0.02857142857142857 0.046296296296296294
0 0.8443706293706295 0.6160887723387725 0.02857142857142857 0.046296296296296294
0 0.8463686313686315 0.6112325174825176 0.02857142857142857 0.046296296296296294
0 0.7994155844155845 0.638751295001295 0.02857142857142857 0.046296296296296294
0 0.7924225774225775 0.638751295001295 0.02857142857142857 0.046296296296296294
0 0.7884265734265735 0.6274200336700338 0.02857142857142857 0.046296296296296294
0 0.7964185814185815 0.6274200336700338 0.02857142857142857 0.046296296296296294
0 0.8084065934065935 0.6338950401450403 0.02857142857142857 0.046296296296296294
0 0.8124025974025975 0.630657536907537 0.02857142857142857 0.046296296296296294
0 0.7974175824175824 0.6468450530950532 0.02857142857142857 0.046296296296296294
0 0.8044105894105896 0.6565575628075629 0.02857142857142857 0.046296296296296294
0 0.7974175824175824 0.6614138176638178 0.02857142857142857 0.046296296296296294
0 0.7974175824175824 0.6695075757575759 0.02857142857142857 0.046296296296296294
0 0.8004145854145854 0.6776013338513339 0.02857142857142857 0.046296296296296294
0 0.8104045954045955 0.6695075757575759 0.02857142857142857 0.046296296296296294
0 0.8163986013986014 0.6662700725200726 0.02857142857142857 0.046296296296296294
0 0.8144005994005995 0.6533200595700598 0.02857142857142857 0.046296296296296294
0 0.8183966033966035 0.6533200595700598 0.02857142857142857 0.046296296296296294
0 0.8223926073926076 0.64360754985755 0.02857142857142857 0.046296296296296294
0 0.8283866133866135 0.638751295001295 0.02857142857142857 0.046296296296296294
0 0.8343806193806195 0.638751295001295 0.02857142857142857 0.046296296296296294
0 0.8423726273726275 0.6338950401450403 0.02857142857142857 0.046296296296296294
0 0.8623526473526475 0.7067388629888631 0.02857142857142857 0.046296296296296294
0 0.9972177822177825 0.5950450012950014 0.02857142857142857 0.046296296296296294
0 0.9912237762237763 0.5869512432012434 0.02857142857142857 0.046296296296296294
0 0.9862287712287714 0.5934262496762498 0.02857142857142857 0.046296296296296294
0 0.9802347652347654 0.5901887464387465 0.02857142857142857 0.046296296296296294
0 0.9722427572427573 0.5869512432012434 0.02857142857142857 0.046296296296296294
0 0.9972177822177825 0.6031387593887595 0.02857142857142857 0.046296296296296294
0 0.9972177822177825 0.6144700207200209 0.02857142857142857 0.046296296296296294
0 0.9922227772227773 0.630657536907537 0.02857142857142857 0.046296296296296294
0 0.9862287712287714 0.6290387852887854 0.02857142857142857 0.046296296296296294
0 0.9822327672327674 0.6193262755762757 0.02857142857142857 0.046296296296296294
0 0.9992157842157844 0.6565575628075629 0.02857142857142857 0.046296296296296294
0 0.9982167832167834 0.6468450530950532 0.02857142857142857 0.046296296296296294
0 0.9972177822177825 0.6371325433825434 0.02857142857142857 0.046296296296296294
0 0.9932217782217783 0.6403700466200468 0.02857142857142857 0.046296296296296294
0 0.9862287712287714 0.6452263014763017 0.02857142857142857 0.046296296296296294
0 0.9372777222777223 0.6581763144263145 0.02857142857142857 0.046296296296296294
0 0.9442707292707294 0.6403700466200468 0.02857142857142857 0.046296296296296294
0 0.9512637362637364 0.64360754985755 0.02857142857142857 0.046296296296296294
0 0.9462687312687315 0.6500825563325564 0.02857142857142857 0.046296296296296294
0 0.9562587412587413 0.6338950401450403 0.02857142857142857 0.046296296296296294
0 0.9592557442557443 0.6290387852887854 0.02857142857142857 0.046296296296296294
0 0.9572577422577423 0.6241825304325305 0.02857142857142857 0.046296296296296294
0 0.9482667332667334 0.6241825304325305 0.02857142857142857 0.046296296296296294
0 0.9312837162837164 0.6241825304325305 0.02857142857142857 0.046296296296296294
0 0.9232917082917084 0.6258012820512823 0.02857142857142857 0.046296296296296294
0 0.9452697302697305 0.6160887723387725 0.02857142857142857 0.046296296296296294
0 0.9382767232767234 0.6209450271950273 0.02857142857142857 0.046296296296296294
0 0.9392757242757244 0.6031387593887595 0.02857142857142857 0.046296296296296294
0 0.9492657342657345 0.6096137658637659 0.02857142857142857 0.046296296296296294
0 0.9542607392607394 0.6063762626262628 0.02857142857142857 0.046296296296296294
0 0.9632517482517484 0.6063762626262628 0.02857142857142857 0.046296296296296294
0 0.9692457542457543 0.6096137658637659 0.02857142857142857 0.046296296296296294
0 0.9782367632367635 0.6047575110075111 0.02857142857142857 0.046296296296296294
0 0.9862287712287714 0.6063762626262628 0.02857142857142857 0.046296296296296294
0 0.9642507492507494 0.630657536907537 0.02857142857142857 0.046296296296296294
0 0.9692457542457543 0.630657536907537 0.02857142857142857 0.046296296296296294
0 0.9782367632367635 0.6290387852887854 0.02857142857142857 0.046296296296296294
0 0.9622527472527475 0.6160887723387725 0.02857142857142857 0.046296296296296294
0 0.9712437562437564 0.6209450271950273 0.02857142857142857 0.046296296296296294
0 0.9592557442557443 0.6160887723387725 0.02857142857142857 0.046296296296296294
0 0.9202947052947054 0.5594324656824659 0.02857142857142857 0.046296296296296294
0 0.9302847152847155 0.5594324656824659 0.02857142857142857 0.046296296296296294
0 0.9412737262737263 0.5675262237762239 0.02857142857142857 0.046296296296296294
0 0.9143006993006995 0.5740012302512304 0.02857142857142857 0.046296296296296294
0 0.9222927072927074 0.5707637270137271 0.02857142857142857 0.046296296296296294
0 0.9332817182817184 0.5707637270137271 0.02857142857142857 0.046296296296296294
0 0.9133016983016985 0.5901887464387465 0.02857142857142857 0.046296296296296294
0 0.9192957042957044 0.5853324915824918 0.02857142857142857 0.046296296296296294
0 0.9252897102897105 0.5788574851074852 0.02857142857142857 0.046296296296296294
0 0.9312837162837164 0.5804762367262368 0.02857142857142857 0.046296296296296294
0 0.9392757242757244 0.5804762367262368 0.02857142857142857 0.046296296296296294
0 0.9472677322677324 0.588569994819995 0.02857142857142857 0.046296296296296294
0 0.9162987012987014 0.6063762626262628 0.02857142857142857 0.046296296296296294
0 0.9232917082917084 0.6047575110075111 0.02857142857142857 0.046296296296296294
0 0.9282867132867134 0.5999012561512563 0.02857142857142857 0.046296296296296294
0 0.9362787212787214 0.5934262496762498 0.02857142857142857 0.046296296296296294
0 0.9602547452547454 0.5723824786324788 0.02857142857142857 0.046296296296296294
0 0.9123026973026974 0.6193262755762757 0.02857142857142857 0.046296296296296294
0 0.9192957042957044 0.6193262755762757 0.02857142857142857 0.046296296296296294
0 0.9242907092907093 0.6144700207200209 0.02857142857142857 0.046296296296296294
0 0.9332817182817184 0.6096137658637659 0.02857142857142857 0.046296296296296294
0 0.9552597402597404 0.5901887464387465 0.02857142857142857 0.046296296296296294
0 0.3838311688311689 0.6160887723387725 0.02857142857142857 0.046296296296296294
0 0.3778371628371629 0.6225637788137789 0.02857142857142857 0.046296296296296294
0 0.37484015984015995 0.6015200077700079 0.02857142857142857 0.046296296296296294
0 0.3738411588411589 0.5820949883449885 0.02857142857142857 0.046296296296296294
0 0.39082417582417583 0.5869512432012434 0.02857142857142857 0.046296296296296294
0 0.3958191808191809 0.5804762367262368 0.02857142857142857 0.046296296296296294
0 0.39082417582417583 0.6873138435638437 0.02857142857142857 0.046296296296296294
0 0.39681818181818185 0.6954076016576017 0.02857142857142857 0.046296296296296294
0 0.4038111888111889 0.6954076016576017 0.02857142857142857 0.046296296296296294
0 0.3838311688311689 0.6727450789950792 0.02857142857142857 0.046296296296296294
0 0.38982517482517487 0.6743638306138308 0.02857142857142857 0.046296296296296294
0 0.38283216783216795 0.6581763144263145 0.02857142857142857 0.046296296296296294
0 0.38483016983016993 0.6581763144263145 0.02857142857142857 0.046296296296296294
0 0.38083416583416585 0.6419887982387984 0.02857142857142857 0.046296296296296294
0 0.3858291708291709 0.6419887982387984 0.02857142857142857 0.046296296296296294
0 0.3938211788211789 0.6258012820512823 0.02857142857142857 0.046296296296296294
0 0.39681818181818185 0.6241825304325305 0.02857142857142857 0.046296296296296294
0 0.3938211788211789 0.6695075757575759 0.02857142857142857 0.046296296296296294
0 0.39781718281718287 0.664651320901321 0.02857142857142857 0.046296296296296294
0 0.4018131868131869 0.6533200595700598 0.02857142857142857 0.046296296296296294
0 0.4038111888111889 0.6355137917637919 0.02857142857142857 0.046296296296296294
0 0.40780719280719285 0.6355137917637919 0.02857142857142857 0.046296296296296294
0 0.41480019980019983 0.6079950142450143 0.02857142857142857 0.046296296296296294
0 0.40780719280719285 0.6063762626262628 0.02857142857142857 0.046296296296296294
0 0.42179320679320687 0.6047575110075111 0.02857142857142857 0.046296296296296294
0 0.4098051948051949 0.5966637529137531 0.02857142857142857 0.046296296296296294
0 0.4177972027972029 0.5966637529137531 0.02857142857142857 0.046296296296296294
0 0.4287862137862139 0.6112325174825176 0.02857142857142857 0.046296296296296294
0 0.4367782217782219 0.6031387593887595 0.02857142857142857 0.046296296296296294
0 0.43977522477522485 0.6079950142450143 0.02857142857142857 0.046296296296296294
0 0.4487662337662338 0.5869512432012434 0.02857142857142857 0.046296296296296294
0 0.45376123876123886 0.5351511914011915 0.02857142857142857 0.046296296296296294
0 0.4627522477522479 0.5448637011137012 0.02857142857142857 0.046296296296296294
0 0.4607542457542458 0.6112325174825176 0.02857142857142857 0.046296296296296294
0 0.4647502497502498 0.5999012561512563 0.02857142857142857 0.046296296296296294
0 0.4587562437562438 0.5934262496762498 0.02857142857142857 0.046296296296296294
0 0.4507642357642358 0.6047575110075111 0.02857142857142857 0.046296296296296294
0 0.43777722277722286 0.588569994819995 0.02857142857142857 0.046296296296296294
0 0.48972527472527483 0.5966637529137531 0.02857142857142857 0.046296296296296294
0 0.49671828171828175 0.6063762626262628 0.02857142857142857 0.046296296296296294
0 0.5057092907092908 0.5820949883449885 0.02857142857142857 0.046296296296296294
0 0.4957192807192808 0.6290387852887854 0.02857142857142857 0.046296296296296294
0 0.4887262737262738 0.6322762885262887 0.02857142857142857 0.046296296296296294
0 0.4827322677322678 0.6258012820512823 0.02857142857142857 0.046296296296296294
0 0.4847302697302699 0.6112325174825176 0.02857142857142857 0.046296296296296294
0 0.48772727272727284 0.6112325174825176 0.02857142857142857 0.046296296296296294
0 0.4927222777222778 0.6128512691012693 0.02857142857142857 0.046296296296296294
0 0.4957192807192808 0.6128512691012693 0.02857142857142857 0.046296296296296294
0 0.5027122877122878 0.617707523957524 0.02857142857142857 0.046296296296296294
0 0.5057092907092908 0.6063762626262628 0.02857142857142857 0.046296296296296294
0 0.5057092907092908 0.6338950401450403 0.02857142857142857 0.046296296296296294
0 0.5007142857142857 0.6403700466200468 0.02857142857142857 0.046296296296296294
0 0.49771728271728277 0.6533200595700598 0.02857142857142857 0.046296296296296294
0 0.4927222777222778 0.664651320901321 0.02857142857142857 0.046296296296296294
0 0.5476673326673327 0.6597950660450662 0.02857142857142857 0.046296296296296294
0 0.5546603396603398 0.6549388111888114 0.02857142857142857 0.046296296296296294
0 0.5606543456543458 0.6630325692825694 0.02857142857142857 0.046296296296296294
0 0.5876273726273726 0.6937888500388502 0.02857142857142857 0.046296296296296294
0 0.5816333666333667 0.7067388629888631 0.02857142857142857 0.046296296296296294
0 0.5576573426573428 0.7682514245014247 0.02857142857142857 0.046296296296296294
0 0.5686463536463536 0.5610512173012174 0.02857142857142857 0.046296296296296294
0 0.6086063936063938 0.49306364931364943 0.02857142857142857 0.046296296296296294
0 0.6155994005994007 0.4882073944573946 0.02857142857142857 0.046296296296296294
0 0.6205944055944056 0.4849698912198913 0.02857142857142857 0.046296296296296294
0 0.6265884115884117 0.4849698912198913 0.02857142857142857 0.046296296296296294
0 0.6265884115884117 0.4914448976948978 0.02857142857142857 0.046296296296296294
0 0.6305844155844157 0.4914448976948978 0.02857142857142857 0.046296296296296294
0 0.6315834165834167 0.4833511396011397 0.02857142857142857 0.046296296296296294
0 0.6385764235764236 0.49306364931364943 0.02857142857142857 0.046296296296296294
0 0.6425724275724276 0.4817323879823881 0.02857142857142857 0.046296296296296294
0 0.6565584415584416 0.48658864283864295 0.02857142857142857 0.046296296296296294
0 0.6625524475524477 0.48658864283864295 0.02857142857142857 0.046296296296296294
0 0.6665484515484517 0.49306364931364943 0.02857142857142857 0.046296296296296294
0 0.6495654345654347 0.4882073944573946 0.02857142857142857 0.046296296296296294
0 0.6935214785214786 0.6630325692825694 0.02857142857142857 0.046296296296296294
0 0.6405744255744256 0.6290387852887854 0.02857142857142857 0.046296296296296294
0 0.6155994005994007 0.6549388111888114 0.02857142857142857 0.046296296296296294
0 0.5956193806193807 0.7472076534576536 0.02857142857142857 0.046296296296296294
0 0.5156993006993007 0.5400074462574463 0.02857142857142857 0.046296296296296294
0 0.5236913086913088 0.5383886946386948 0.02857142857142857 0.046296296296296294
0 0.5306843156843157 0.5545762108262109 0.02857142857142857 0.046296296296296294
0 0.5326823176823177 0.5481012043512045 0.02857142857142857 0.046296296296296294
0 0.5326823176823177 0.5416261978761979 0.02857142857142857 0.046296296296296294
0 0.5037112887112889 0.5432449494949496 0.02857142857142857 0.046296296296296294
0 0.5097052947052948 0.5481012043512045 0.02857142857142857 0.046296296296296294
0 0.5476673326673327 0.5513387075887077 0.02857142857142857 0.046296296296296294
0 0.5426723276723278 0.5691449753949755 0.02857142857142857 0.046296296296296294
0 0.5426723276723278 0.5481012043512045 0.02857142857142857 0.046296296296296294
0 0.5636513486513487 0.5497199559699562 0.02857142857142857 0.046296296296296294
0 0.5556593406593409 0.5416261978761979 0.02857142857142857 0.046296296296296294
0 0.5596553446553447 0.5319136881636882 0.02857142857142857 0.046296296296296294
0 0.5566583416583418 0.5319136881636882 0.02857142857142857 0.046296296296296294
0 0.5846303696303696 0.575619981869982 0.02857142857142857 0.046296296296296294
0 0.5766383616383618 0.5610512173012174 0.02857142857142857 0.046296296296296294
0 0.5966183816183818 0.5383886946386948 0.02857142857142857 0.046296296296296294
0 0.4407742257742258 0.6128512691012693 0.02857142857142857 0.046296296296296294
0 0.4427722277722278 0.6128512691012693 0.02857142857142857 0.046296296296296294
0 0.4527622377622378 0.630657536907537 0.02857142857142857 0.046296296296296294
0 0.4617532467532468 0.6258012820512823 0.02857142857142857 0.046296296296296294
0 0.4697452547452548 0.6241825304325305 0.02857142857142857 0.046296296296296294
0 0.4757392607392608 0.6160887723387725 0.02857142857142857 0.046296296296296294
0 0.4727422577422578 0.6096137658637659 0.02857142857142857 0.046296296296296294
0 0.42578921078921084 0.6484638047138048 0.02857142857142857 0.046296296296296294
0 0.4327822177822178 0.6565575628075629 0.02857142857142857 0.046296296296296294
0 0.4327822177822178 0.6419887982387984 0.02857142857142857 0.046296296296296294
0 0.4407742257742258 0.64360754985755 0.02857142857142857 0.046296296296296294
0 0.4467682317682318 0.6452263014763017 0.02857142857142857 0.046296296296296294
0 0.4407742257742258 0.630657536907537 0.02857142857142857 0.046296296296296294
0 0.43977522477522485 0.6678888241388243 0.02857142857142857 0.046296296296296294
0 0.4327822177822178 0.6711263273763275 0.02857142857142857 0.046296296296296294
0 0.4327822177822178 0.6889325951825953 0.02857142857142857 0.046296296296296294
0 0.4587562437562438 0.6808388370888372 0.02857142857142857 0.046296296296296294
0 0.44576923076923086 0.6824575887075889 0.02857142857142857 0.046296296296296294
0 0.47973526473526484 0.902607808857809 0.02857142857142857 0.046296296296296294
0 0.4807342657342658 0.8831827894327896 0.02857142857142857 0.046296296296296294
0 0.4617532467532468 0.8912765475265476 0.02857142857142857 0.046296296296296294
0 0.4467682317682318 0.9009890572390574 0.02857142857142857 0.046296296296296294
0 0.38982517482517487 0.957645363895364 0.02857142857142857 0.046296296296296294
0 0.38982517482517487 0.889657795907796 0.02857142857142857 0.046296296296296294
0 0.4098051948051949 0.8038639601139602 0.02857142857142857 0.046296296296296294
0 0.12908591408591413 0.7018826081326083 0.02857142857142857 0.046296296296296294
0 0.23398101898101906 0.7553014115514117 0.02857142857142857 0.046296296296296294
0 0.23398101898101906 0.7407326469826472 0.02857142857142857 0.046296296296296294
0 0.31689810189810197 0.7569201631701633 0.02857142857142857 0.046296296296296294
0 0.5286863136863138 0.6549388111888114 0.02857142857142857 0.046296296296296294
0 0.5406743256743258 0.651701307951308 0.02857142857142857 0.046296296296296294
0 0.5206943056943059 0.6597950660450662 0.02857142857142857 0.046296296296296294
0 0.5306843156843157 0.6856950919450921 0.02857142857142857 0.046296296296296294
0 0.5366783216783216 0.6873138435638437 0.02857142857142857 0.046296296296296294
0 0.5346803196803197 0.6727450789950792 0.02857142857142857 0.046296296296296294
0 0.5436713286713287 0.6711263273763275 0.02857142857142857 0.046296296296296294
0 0.5256893106893108 0.7018826081326083 0.02857142857142857 0.046296296296296294
0 0.5057092907092908 0.6840763403263405 0.02857142857142857 0.046296296296296294
0 0.5236913086913088 0.6759825822325823 0.02857142857142857 0.046296296296296294
0 0.4997152847152847 0.6678888241388243 0.02857142857142857 0.046296296296296294
0 0.5017132867132869 0.7002638565138567 0.02857142857142857 0.046296296296296294
0 0.43378121878121884 0.7132138694638697 0.02857142857142857 0.046296296296296294
0 0.4447702297702299 0.7310201372701374 0.02857142857142857 0.046296296296296294
0 0.4587562437562438 0.7245451307951308 0.02857142857142857 0.046296296296296294
0 0.4727422577422578 0.7374951437451438 0.02857142857142857 0.046296296296296294
0 0.25496003996004 0.7504451566951568 0.02857142857142857 0.046296296296296294
0 0.19202297702297708 0.7196888759388761 0.02857142857142857 0.046296296296296294
0 0.22798701298701304 0.7035013597513599 0.02857142857142857 0.046296296296296294
0 0.6995154845154846 0.9867828930328932 0.02857142857142857 0.046296296296296294
0 0.6575574425574426 0.9916391478891481 0.02857142857142857 0.046296296296296294
0 0.6455694305694307 0.9689766252266254 0.02857142857142857 0.046296296296296294
0 0.4597552447552448 0.915557821807822 0.02857142857142857 0.046296296296296294
0 0.3858291708291709 0.7002638565138567 0.02857142857142857 0.046296296296296294
0 0.3738411588411589 0.6905513468013469 0.02857142857142857 0.046296296296296294
0 0.35885614385614395 0.6824575887075889 0.02857142857142857 0.046296296296296294
0 0.31789710289710293 0.6840763403263405 0.02857142857142857 0.046296296296296294
0 0.29392107892107894 0.6419887982387984 0.02857142857142857 0.046296296296296294
0 0.30091408591408597 0.6419887982387984 0.02857142857142857 0.046296296296296294
0 0.298916083916084 0.6549388111888114 0.02857142857142857 0.046296296296296294
0 0.30990509490509494 0.64360754985755 0.02857142857142857 0.046296296296296294
0 0.31689810189810197 0.6338950401450403 0.02857142857142857 0.046296296296296294
0 0.3188961038961039 0.6274200336700338 0.02857142857142857 0.046296296296296294
0 0.4727422577422578 0.758538914788915 0.02857142857142857 0.046296296296296294
0 0.4837312687312687 0.7520639083139083 0.02857142857142857 0.046296296296296294
0 0.5426723276723278 0.7196888759388761 0.02857142857142857 0.046296296296296294
0 0.3718431568431569 0.8006264568764571 0.02857142857142857 0.046296296296296294
0 0.12009490509490514 0.7229263791763793 0.02857142857142857 0.046296296296296294
0 0.17703796203796207 0.7083576146076147 0.02857142857142857 0.046296296296296294
0 0.1590559440559441 0.7844389406889408 0.02857142857142857 0.046296296296296294
0 0.38183316683316687 0.6015200077700079 0.02857142857142857 0.046296296296296294
0 0.4907242757242758 0.638751295001295 0.02857142857142857 0.046296296296296294
