0 0.022573066439115 0.8281028002338342 0.01953125 0.0353356890459364
0 0.11789845598998573 0.9342329430988427 0.01953125 0.0353356890459364
0 0.15731183820813424 0.8181530993402396 0.01953125 0.0353356890459364
0 0.17014410218613604 0.6572996015604609 0.01953125 0.0353356890459364
0 0.004241260756255234 0.6788572868299158 0.01953125 0.0353356890459364
0 0.07573530291940835 0.4914712533338849 0.01953125 0.0353356890459364
0 0.17106069247027908 0.49976267074521363 0.01953125 0.0353356890459364
0 0.20497453298356963 0.5213203560146686 0.01953125 0.0353356890459364
0 0.26271972088457785 0.5262952064614659 0.01953125 0.0353356890459364
0 0.27463539457843666 0.6606161685249924 0.01953125 0.0353356890459364
0 0.24163814434928915 0.6506664676313978 0.01953125 0.0353356890459364
0 0.1893924981531388 0.4168484966319257 0.01953125 0.0353356890459364
0 0.20955748440428457 0.3919742443979394 0.01953125 0.0353356890459364
0 0.2590533597480059 0.3836828269866105 0.01953125 0.0353356890459364
0 0.12706435883141562 0.4068987957383312 0.01953125 0.0353356890459364
0 0.0519039555316906 0.3836828269866105 0.01953125 0.0353356890459364
0 0.0839846154766952 0.36212514171715565 0.01953125 0.0353356890459364
0 0.0024080801879692785 0.2692612667102731 0.01953125 0.0353356890459364
0 0.030822378996401903 0.2725778336748046 0.01953125 0.0353356890459364
0 0.11606527542169978 0.29413551894425954 0.01953125 0.0353356890459364
0 0.14906252565084735 0.30574350332011985 0.01953125 0.0353356890459364
0 0.12523117826312966 0.23941216402948945 0.01953125 0.0353356890459364
0 0.08031825434012323 0.20292992741964275 0.01953125 0.0353356890459364
0 0.10506619201198394 0.15318142295166995 0.01953125 0.0353356890459364
0 0.02807260814397292 0.173080824738859 0.01953125 0.0353356890459364
0 0.007907621892827198 0.0586592644625217 0.01953125 0.0353356890459364
0 0.02807260814397292 0.08353351669650798 0.01953125 0.0353356890459364
0 0.02715601785982994 0.008910759994548902 0.01953125 0.0353356890459364
0 0.008824212176970174 0.017202177405877605 0.01953125 0.0353356890459364
0 0.05832008752069156 0.03544329571080093 0.01953125 0.0353356890459364
0 0.08765097661326715 0.07855866624971077 0.01953125 0.0353356890459364
0 0.11973163655827175 0.09182493410783688 0.01953125 0.0353356890459364
0 0.07458956506422967 0.0012442927015367147 0.01953125 0.0353356890459364
0 0.09979579787816185 0.05679678935743969 0.01953125 0.0353356890459364
0 0.13554281895973838 0.04767623020497803 0.01953125 0.0353356890459364
0 0.13966747523838183 0.09493730944955216 0.01953125 0.0353356890459364
0 0.14333383637495375 0.1662434991869798 0.01953125 0.0353356890459364
0 0.11675271813480712 0.1256155538714687 0.01953125 0.0353356890459364
0 0.17449790603581536 0.1587812235167839 0.01953125 0.0353356890459364
0 0.16945665947302893 0.08996245900275487 0.01953125 0.0353356890459364
0 0.18503869430345976 0.10488701034314675 0.01953125 0.0353356890459364
0 0.1932880068607466 0.07835447462689456 0.01953125 0.0353356890459364
0 0.20382879512839097 0.08498760855595756 0.01953125 0.0353356890459364
0 0.201995614560105 0.02446026145325737 0.01953125 0.0353356890459364
0 0.2125364028277494 0.02943511190005469 0.01953125 0.0353356890459364
0 0.23636775021546708 0.0236311197121245 0.01953125 0.0353356890459364
0 0.2533246704721123 0.012023135336264219 0.01953125 0.0353356890459364
0 0.2267435522319657 0.06177163980423701 0.01953125 0.0353356890459364
0 0.24232558706239646 0.11981156168353854 0.01953125 0.0353356890459364
0 0.23545115993132407 0.17370577485717575 0.01953125 0.0353356890459364
0 0.24232558706239646 0.22345427932514852 0.01953125 0.0353356890459364
0 0.21757764939053584 0.19360517664436483 0.01953125 0.0353356890459364
0 0.21574446882224982 0.2350622637010088 0.01953125 0.0353356890459364
0 0.18824676029796017 0.23920797240667324 0.01953125 0.0353356890459364
0 0.19053823600831768 0.29641875254484196 0.01953125 0.0353356890459364
0 0.26524034416597125 0.3080267369207022 0.01953125 0.0353356890459364
0 0.2766977227177585 0.2350622637010088 0.01953125 0.0353356890459364
0 0.27257306643911505 0.1380526799884619 0.01953125 0.0353356890459364
0 0.2954878235426898 0.1380526799884619 0.01953125 0.0353356890459364
0 0.30877838266276314 0.12893212083600022 0.01953125 0.0353356890459364
0 0.2927380526902609 0.0924498842261535 0.01953125 0.0353356890459364
0 0.27165647615497207 0.050163655428376634 0.01953125 0.0353356890459364
0 0.2812806741384735 0.014510560559662832 0.01953125 0.0353356890459364
0 0.2954878235426898 0.002902576183802551 0.01953125 0.0353356890459364
0 0.30740349723654864 0.057625931098572565 0.01953125 0.0353356890459364
0 0.32894336891390885 0.01368141881852996 0.01953125 0.0353356890459364
0 0.34360881346019667 0.0675756319921671 0.01953125 0.0353356890459364
0 0.3399424523236247 0.025289403194390242 0.01953125 0.0353356890459364
0 0.359649143432699 0.0319225371234533 0.01953125 0.0353356890459364
0 0.358732553148556 0.06591734850990137 0.01953125 0.0353356890459364
0 0.3733979976948438 0.03440996234685191 0.01953125 0.0353356890459364
0 0.37523117826312974 0.006219143148334031 0.01953125 0.0353356890459364
0 0.3784392442576302 0.06923391547443289 0.01953125 0.0353356890459364
0 0.3481917648809116 0.11069100253107685 0.01953125 0.0353356890459364
0 0.37018993170034326 0.1057161520842796 0.01953125 0.0353356890459364
0 0.35598278229612695 0.15463551481111948 0.01953125 0.0353356890459364
0 0.31015326808897764 0.18448461749190315 0.01953125 0.0353356890459364
0 0.2968627089689043 0.199409168832295 0.01953125 0.0353356890459364
0 0.2849470352750454 0.1778514835628401 0.01953125 0.0353356890459364
0 0.32848507377183733 0.1919468931620991 0.01953125 0.0353356890459364
0 0.3239021223511224 0.2516450985236664 0.01953125 0.0353356890459364
0 0.32206894178283646 0.309685020402968 0.01953125 0.0353356890459364
0 0.3041954312420482 0.4149860215268437 0.01953125 0.0353356890459364
0 0.2698232955866861 0.4265940059027041 0.01953125 0.0353356890459364
0 0.34223392803398217 0.3370466978603531 0.01953125 0.0353356890459364
0 0.37614776854727267 0.31714729607316394 0.01953125 0.0353356890459364
0 0.36881504627412887 0.2632530828995267 0.01953125 0.0353356890459364
0 0.39081321309356054 0.2740319255342542 0.01953125 0.0353356890459364
0 0.3871468519569886 0.19609260186776348 0.01953125 0.0353356890459364
0 0.39539616451427545 0.220137712360617 0.01953125 0.0353356890459364
0 0.4082284284922773 0.15131894784658792 0.01953125 0.0353356890459364
0 0.38164731025213067 0.11234928601334263 0.01953125 0.0353356890459364
0 0.40868672363434877 0.10654529382541249 0.01953125 0.0353356890459364
0 0.3999791159349904 0.08167104159142609 0.01953125 0.0353356890459364
0 0.41556115076542127 0.041872238017047834 0.01953125 0.0353356890459364
0 0.4187692167599216 0.07669619114462882 0.01953125 0.0353356890459364
0 0.4063952479239914 0.07006305721556576 0.01953125 0.0353356890459364
0 0.41556115076542127 0.006219143148334031 0.01953125 0.0353356890459364
0 0.433892956448281 0.01616884404192857 0.01953125 0.0353356890459364
0 0.42335216818063665 0.028605970158921815 0.01953125 0.0353356890459364
0 0.4288517098854946 0.05513850587517395 0.01953125 0.0353356890459364
0 0.45176646698906925 0.05348022239290812 0.01953125 0.0353356890459364
0 0.43985079329521043 0.07918361636802744 0.01953125 0.0353356890459364
0 0.4623072552567137 0.03440996234685191 0.01953125 0.0353356890459364
0 0.4751395192347154 0.05182193891064238 0.01953125 0.0353356890459364
0 0.4581825989780702 0.10405786860201383 0.01953125 0.0353356890459364
0 0.4687233872457145 0.09991215989634943 0.01953125 0.0353356890459364
0 0.4490166961366403 0.130590404318266 0.01953125 0.0353356890459364
0 0.4664319115353571 0.1380526799884619 0.01953125 0.0353356890459364
0 0.4325180710220665 0.15712294003451818 0.01953125 0.0353356890459364
0 0.4146445604812783 0.1886303261975676 0.01953125 0.0353356890459364
0 0.4091450187764203 0.260765657676128 0.01953125 0.0353356890459364
0 0.41693603619163566 0.28149420120445007 0.01953125 0.0353356890459364
0 0.4403090884372819 0.2872981933923803 0.01953125 0.0353356890459364
0 0.41922751190199314 0.34119240656601746 0.01953125 0.0353356890459364
0 0.4004374110770619 0.3469963987539476 0.01953125 0.0353356890459364
0 0.41097819934470625 0.4149860215268437 0.01953125 0.0353356890459364
0 0.3986042305087759 0.4821465025586071 0.01953125 0.0353356890459364
0 0.4499332864207833 0.41996087197364096 0.01953125 0.0353356890459364
0 0.48109735608164483 0.41415687978571086 0.01953125 0.0353356890459364
0 0.470098272671929 0.33373013089582154 0.01953125 0.0353356890459364
0 0.4760561095188584 0.23920797240667324 0.01953125 0.0353356890459364
0 0.47559781437678694 0.1828263340096374 0.01953125 0.0353356890459364
0 0.3149653670807281 0.6490081841491321 0.01953125 0.0353356890459364
0 0.34429625617330384 0.5113706551210739 0.01953125 0.0353356890459364
0 0.37729350640245135 0.6672493024540556 0.01953125 0.0353356890459364
0 0.33788012418430285 0.6125259475392855 0.01953125 0.0353356890459364
0 0.402041444074312 0.7816708627303929 0.01953125 0.0353356890459364
0 0.32596445049044404 0.9690568962264235 0.01953125 0.0353356890459364
0 0.38554281895973824 0.9756900301554867 0.01953125 0.0353356890459364
0 0.4625364028277492 0.9839814475668154 0.01953125 0.0353356890459364
0 0.4368718748717455 0.814836532375708 0.01953125 0.0353356890459364
0 0.48728434049960995 0.7932788471062532 0.01953125 0.0353356890459364
0 0.46161981254360623 0.6407167667378032 0.01953125 0.0353356890459364
0 0.44512118742903245 0.594284829234362 0.01953125 0.0353356890459364
0 0.49920001419346877 0.6125259475392855 0.01953125 0.0353356890459364
0 0.4212898400413148 0.49976267074521363 0.01953125 0.0353356890459364
0 0.46070322225946325 0.5113706551210739 0.01953125 0.0353356890459364
0 0.479951618226466 0.5445363247663892 0.01953125 0.0353356890459364
0 0.5019497850458977 0.42513991404325446 0.01953125 0.0353356890459364
0 0.49370047248861076 0.4185067801141914 0.01953125 0.0353356890459364
0 0.5450295284006181 0.33559260600090346 0.01953125 0.0353356890459364
0 0.5037829656141837 0.2875023850151965 0.01953125 0.0353356890459364
0 0.5001166044776117 0.22780417965362917 0.01953125 0.0353356890459364
0 0.5156986393080426 0.23941216402948945 0.01953125 0.0353356890459364
0 0.5331138547067592 0.29413551894425954 0.01953125 0.0353356890459364
0 0.5477792992530471 0.5113706551210739 0.01953125 0.0353356890459364
0 0.5486958895371901 0.6175007979860827 0.01953125 0.0353356890459364
0 0.5468627089689041 0.7800125792481271 0.01953125 0.0353356890459364
0 0.5459461186847612 0.8761930212195411 0.01953125 0.0353356890459364
0 0.5780267786297657 0.9043838404180592 0.01953125 0.0353356890459364
0 0.6953503350000682 0.9474992109569688 0.01953125 0.0353356890459364
0 0.6953503350000682 0.8878010055954015 0.01953125 0.0353356890459364
0 0.7182650921036429 0.8579519029146178 0.01953125 0.0353356890459364
0 0.6541037722136337 0.7584548939786723 0.01953125 0.0353356890459364
0 0.6816014807379233 0.7252892243333571 0.01953125 0.0353356890459364
0 0.7118489601146419 0.7368972087092173 0.01953125 0.0353356890459364
0 0.7549287034693625 0.7534800435318749 0.01953125 0.0353356890459364
0 0.5991083551650543 0.5818477031173688 0.01953125 0.0353356890459364
0 0.6224814074107006 0.5976013961988935 0.01953125 0.0353356890459364
0 0.6156069802796281 0.4657678593587657 0.01953125 0.0353356890459364
0 0.6453961645142752 0.5088832298976753 0.01953125 0.0353356890459364
0 0.6412715082356317 0.4408936071247792 0.01953125 0.0353356890459364
0 0.6522705916453477 0.4317730479723175 0.01953125 0.0353356890459364
0 0.6623530847709206 0.43923532364251344 0.01953125 0.0353356890459364
0 0.6820597758799948 0.4425518906070449 0.01953125 0.0353356890459364
0 0.7049745329835695 0.435918756677982 0.01953125 0.0353356890459364
0 0.704516237841498 0.49644610378068216 0.01953125 0.0353356890459364
0 0.7301807657975017 0.48898382811048624 0.01953125 0.0353356890459364
0 0.7058911232677125 0.6034053883868237 0.01953125 0.0353356890459364
0 0.6802265953117088 0.6034053883868237 0.01953125 0.0353356890459364
0 0.7173485018194997 0.6000888214222921 0.01953125 0.0353356890459364
0 0.7402632589230745 0.5884808370464318 0.01953125 0.0353356890459364
0 0.7750936897205081 0.6000888214222921 0.01953125 0.0353356890459364
0 0.7920506099771534 0.5959431127166277 0.01953125 0.0353356890459364
0 0.8080909399496556 0.6042345301279566 0.01953125 0.0353356890459364
0 0.8190900233593714 0.6863195625001116 0.01953125 0.0353356890459364
0 0.7521789326169334 0.8554644776912191 0.01953125 0.0353356890459364
0 0.742554734633432 0.4914712533338849 0.01953125 0.0353356890459364
0 0.7691358528735787 0.49893352900408083 0.01953125 0.0353356890459364
0 0.7911340196930103 0.504737521192011 0.01953125 0.0353356890459364
0 0.7659277868790783 0.4425518906070449 0.01953125 0.0353356890459364
0 0.744387915201718 0.4259690557843875 0.01953125 0.0353356890459364
0 0.8401715998946603 0.8529770524678204 0.01953125 0.0353356890459364
0 0.8685858987030929 0.8645850368436808 0.01953125 0.0353356890459364
0 0.8667527181348069 0.8032285479998478 0.01953125 0.0353356890459364
0 0.8905840655225246 0.808203398446645 0.01953125 0.0353356890459364
0 0.930914038024816 0.6937818381703076 0.01953125 0.0353356890459364
0 0.9501624339918189 0.7866457131771901 0.01953125 0.0353356890459364
0 0.9538287951283908 0.6639327354895239 0.01953125 0.0353356890459364
0 0.8960836072273825 0.6888069877235103 0.01953125 0.0353356890459364
0 0.8481917648809116 0.5843351283407674 0.01953125 0.0353356890459364
0 0.8225272369249079 0.5619483013301796 0.01953125 0.0353356890459364
0 0.8692733414162003 0.5785311361528372 0.01953125 0.0353356890459364
0 0.9100616090605633 0.5810185613762359 0.01953125 0.0353356890459364
0 0.9141862653392068 0.5528277421777179 0.01953125 0.0353356890459364
0 0.9192275119019931 0.5478528917309208 0.01953125 0.0353356890459364
0 0.9453503350000683 0.49312953681615057 0.01953125 0.0353356890459364
0 0.9733063386664295 0.42845648100778594 0.01953125 0.0353356890459364
0 0.9792641755133589 0.5022500959686123 0.01953125 0.0353356890459364
0 0.9792641755133589 0.5569734508833825 0.01953125 0.0353356890459364
0 0.93664272730071 0.4533307332417723 0.01953125 0.0353356890459364
0 0.9343512515903525 0.38451196872774335 0.01953125 0.0353356890459364
0 0.9522247621311408 0.3878285356922749 0.01953125 0.0353356890459364
0 0.9641404358249995 0.3952908113624708 0.01953125 0.0353356890459364
0 0.894937869372204 0.44586845757157645 0.01953125 0.0353356890459364
0 0.9109781993447063 0.45996386717083537 0.01953125 0.0353356890459364
0 0.9141862653392068 0.3944616696213379 0.01953125 0.0353356890459364
0 0.8862302616728456 0.49727524552181496 0.01953125 0.0353356890459364
0 0.8674401608479143 0.4466975993127094 0.01953125 0.0353356890459364
0 0.8697316365582718 0.5155163638267383 0.01953125 0.0353356890459364
0 0.8596491434326989 0.5097123716388082 0.01953125 0.0353356890459364
0 0.8486500600229832 0.5047375211920109 0.01953125 0.0353356890459364
0 0.8326097300504808 0.5097123716388082 0.01953125 0.0353356890459364
0 0.7991541846792617 0.3969490948447366 0.01953125 0.0353356890459364
0 0.8275684834876943 0.44338103234817783 0.01953125 0.0353356890459364
0 0.5871926814711955 0.3712457008696172 0.01953125 0.0353356890459364
0 0.6027747163016264 0.3563211495292254 0.01953125 0.0353356890459364
0 0.5615281535151918 0.3347634642597705 0.01953125 0.0353356890459364
0 0.5651945146517638 0.2841858180506649 0.01953125 0.0353356890459364
0 0.5826097300504806 0.26926126671027306 0.01953125 0.0353356890459364
0 0.5019497850458977 0.179713958667922 0.01953125 0.0353356890459364
0 0.5138654587397565 0.1929802265260481 0.01953125 0.0353356890459364
0 0.5253228372915438 0.1888345178203837 0.01953125 0.0353356890459364
0 0.545029528400618 0.20210078567850978 0.01953125 0.0353356890459364
0 0.5624447437993348 0.21619619527776873 0.01953125 0.0353356890459364
0 0.5940671086022681 0.21205048657210432 0.01953125 0.0353356890459364
0 0.5968168794546969 0.23029160487702768 0.01953125 0.0353356890459364
0 0.6188150462741286 0.21702533701890164 0.01953125 0.0353356890459364
0 0.6426463936618463 0.22780417965362906 0.01953125 0.0353356890459364
0 0.6353136713887024 0.24687443969968526 0.01953125 0.0353356890459364
0 0.6270643588314155 0.2933063772031266 0.01953125 0.0353356890459364
0 0.633022195678345 0.3024269363555882 0.01953125 0.0353356890459364
0 0.6426463936618463 0.3115474955080499 0.01953125 0.0353356890459364
0 0.6669360361916354 0.2933063772031266 0.01953125 0.0353356890459364
0 0.6903090884372817 0.3082309285435184 0.01953125 0.0353356890459364
0 0.6751853487489223 0.3098892120257841 0.01953125 0.0353356890459364
0 0.6825180710220663 0.36212514171715554 0.01953125 0.0353356890459364
0 0.7022247621311406 0.36212514171715554 0.01953125 0.0353356890459364
0 0.7090991892622129 0.31735148769598004 0.01953125 0.0353356890459364
0 0.7205565678140002 0.32730118858957463 0.01953125 0.0353356890459364
0 0.7205565678140002 0.3720748426107501 0.01953125 0.0353356890459364
0 0.7540121131852194 0.3861702522100091 0.01953125 0.0353356890459364
0 0.7695941480156501 0.3861702522100091 0.01953125 0.0353356890459364
0 0.7851761828460809 0.36212514171715554 0.01953125 0.0353356890459364
0 0.8057994642392983 0.31900977117824586 0.01953125 0.0353356890459364
0 0.8227563844959435 0.3828536852454776 0.01953125 0.0353356890459364
0 0.7819681168515805 0.28004010934500045 0.01953125 0.0353356890459364
0 0.7746353945784366 0.28916066849746214 0.01953125 0.0353356890459364
0 0.7897591342667959 0.2982812276499238 0.01953125 0.0353356890459364
0 0.7792183459991515 0.2501910066642168 0.01953125 0.0353356890459364
0 0.7911340196930103 0.24438701447628663 0.01953125 0.0353356890459364
0 0.7870093634143669 0.2087339196075728 0.01953125 0.0353356890459364
0 0.8076326448075841 0.2178544787600345 0.01953125 0.0353356890459364
0 0.8002999225344403 0.17473910822112476 0.01953125 0.0353356890459364
0 0.7838012974198665 0.17722653344452338 0.01953125 0.0353356890459364
0 0.8044245788130837 0.13908601335241086 0.01953125 0.0353356890459364
0 0.7301807657975017 0.17308082473885894 0.01953125 0.0353356890459364
0 0.7549287034693624 0.13908601335241086 0.01953125 0.0353356890459364
0 0.7274309949450727 0.21536705353663585 0.01953125 0.0353356890459364
0 0.7361386026444311 0.23360817184155924 0.01953125 0.0353356890459364
0 0.7659277868790783 0.20707563612530705 0.01953125 0.0353356890459364
0 0.73888837349686 0.2825275345683991 0.01953125 0.0353356890459364
0 0.7196399775298573 0.28169839282726616 0.01953125 0.0353356890459364
0 0.6985584009945686 0.2742361171570703 0.01953125 0.0353356890459364
0 0.6770185293172084 0.2593115658166785 0.01953125 0.0353356890459364
0 0.6614364944867775 0.23941216402948934 0.01953125 0.0353356890459364
0 0.6499791159349902 0.1929802265260481 0.01953125 0.0353356890459364
0 0.670144102186136 0.20044250219624404 0.01953125 0.0353356890459364
0 0.6871010224427813 0.19795507697284537 0.01953125 0.0353356890459364
0 0.7159736163932854 0.19795507697284537 0.01953125 0.0353356890459364
0 0.702683057273212 0.13245287942334794 0.01953125 0.0353356890459364
0 0.7113906649725703 0.1332820211644808 0.01953125 0.0353356890459364
0 0.6385217373832028 0.14323172205807533 0.01953125 0.0353356890459364
0 0.6151486851375566 0.18303052563245353 0.01953125 0.0353356890459364
0 0.5881092717553386 0.1490357142460055 0.01953125 0.0353356890459364
0 0.5716106466407647 0.17556824996225764 0.01953125 0.0353356890459364
0 0.5716106466407647 0.19712593523171248 0.01953125 0.0353356890459364
0 0.5532788409579049 0.15981455688073293 0.01953125 0.0353356890459364
0 0.5321972644226163 0.1490357142460055 0.01953125 0.0353356890459364
0 0.5697774660724788 0.14489000554034107 0.01953125 0.0353356890459364
0 0.5890258620394815 0.12084489504748754 0.01953125 0.0353356890459364
0 0.516156934450114 0.14323172205807533 0.01953125 0.0353356890459364
0 0.475368666805751 0.14323172205807533 0.01953125 0.0353356890459364
0 0.4854511599313239 0.13742772987014515 0.01953125 0.0353356890459364
0 0.49690853848311123 0.13908601335241086 0.01953125 0.0353356890459364
0 0.5390716915536886 0.12416146201201911 0.01953125 0.0353356890459364
0 0.48407627450510937 0.027776828417788852 0.01953125 0.0353356890459364
0 0.49370047248861076 0.028605970158921815 0.01953125 0.0353356890459364
0 0.5083659170348985 0.02943511190005469 0.01953125 0.0353356890459364
0 0.510657392745256 0.06260078154536988 0.01953125 0.0353356890459364
0 0.5253228372915438 0.058455072839705434 0.01953125 0.0353356890459364
0 0.5024080801879691 0.08664589203822334 0.01953125 0.0353356890459364
0 0.5454878235426895 0.0675756319921671 0.01953125 0.0353356890459364
0 0.55786179237862 0.01948541100646015 0.01953125 0.0353356890459364
0 0.5661111049359069 0.02114369448872589 0.01953125 0.0353356890459364
0 0.5665694000779783 0.0675756319921671 0.01953125 0.0353356890459364
0 0.592233928033982 0.041872238017047834 0.01953125 0.0353356890459364
0 0.5986500600229829 0.016997985783061442 0.01953125 0.0353356890459364
0 0.6133155045692706 0.05430936413404108 0.01953125 0.0353356890459364
0 0.624772883121058 0.1090327190488111 0.01953125 0.0353356890459364
0 0.6316473102521305 0.0758670494034959 0.01953125 0.0353356890459364
0 0.6518122965032762 0.08830417552048915 0.01953125 0.0353356890459364
0 0.6275226539734869 0.05430936413404108 0.01953125 0.0353356890459364
0 0.6389800325252744 0.02943511190005469 0.01953125 0.0353356890459364
0 0.6550203624977766 0.058455072839705434 0.01953125 0.0353356890459364
0 0.6696858070440644 0.09327902596728638 0.01953125 0.0353356890459364
0 0.70818259897807 0.09493730944955216 0.01953125 0.0353356890459364
0 0.7228480435243577 0.1090327190488111 0.01953125 0.0353356890459364
0 0.6893924981531386 0.032751678864586166 0.01953125 0.0353356890459364
0 0.6618947896288491 0.005390001407201162 0.01953125 0.0353356890459364
0 0.6990166961366401 0.006219143148334031 0.01953125 0.0353356890459364
0 0.8591908482906274 0.3843077771049272 0.01953125 0.0353356890459364
0 0.8564410774381985 0.4116694545623122 0.01953125 0.0353356890459364
0 0.8788975393997017 0.3751872179524655 0.01953125 0.0353356890459364
0 0.8459002891705542 0.3436798317894161 0.01953125 0.0353356890459364
0 0.8257353029194083 0.3528003909418777 0.01953125 0.0353356890459364
0 0.8275684834876943 0.32460957174335986 0.01953125 0.0353356890459364
0 0.8692733414162003 0.34533811527168184 0.01953125 0.0353356890459364
0 0.8908132130935605 0.3395341230837517 0.01953125 0.0353356890459364
0 0.9105199042026348 0.33870498134261884 0.01953125 0.0353356890459364
0 0.9169360361916357 0.3055393116973036 0.01953125 0.0353356890459364
0 0.9535996475573552 0.3063684534384365 0.01953125 0.0353356890459364
0 0.9824722415078595 0.3834786353637943 0.01953125 0.0353356890459364
0 0.968265092103643 0.2632530828995267 0.01953125 0.0353356890459364
0 0.9801807657975018 0.21847942887835123 0.01953125 0.0353356890459364
0 0.9696399775298575 0.1828263340096374 0.01953125 0.0353356890459364
0 0.9604740746884276 0.22345427932514852 0.01953125 0.0353356890459364
0 0.9352678418744954 0.22262513758401561 0.01953125 0.0353356890459364
0 0.9242687584647796 0.26491136638179247 0.01953125 0.0353356890459364
0 0.9082284284922774 0.2665696498640583 0.01953125 0.0353356890459364
0 0.8802724248259162 0.29641875254484196 0.01953125 0.0353356890459364
0 0.9151028556233497 0.2242834210662814 0.01953125 0.0353356890459364
0 0.8908132130935605 0.2159920036549526 0.01953125 0.0353356890459364
0 0.8504832405912691 0.2972478942859748 0.01953125 0.0353356890459364
0 0.8536913065857694 0.2690570750874569 0.01953125 0.0353356890459364
0 0.8239021223511225 0.24667024807686916 0.01953125 0.0353356890459364
0 0.8330680251925523 0.21433372017268681 0.01953125 0.0353356890459364
0 0.855982782296127 0.19443431838549768 0.01953125 0.0353356890459364
0 0.8307765494821948 0.14054010521186056 0.01953125 0.0353356890459364
0 0.851399830875412 0.1496606643643222 0.01953125 0.0353356890459364
0 0.8252770077773369 0.1090327190488111 0.01953125 0.0353356890459364
0 0.8486500600229832 0.1173241364601399 0.01953125 0.0353356890459364
0 0.8399424523236247 0.09742473467295082 0.01953125 0.0353356890459364
0 0.7886133964116174 0.06674649025103423 0.01953125 0.0353356890459364
0 0.811528153515192 0.0758670494034959 0.01953125 0.0353356890459364
0 0.7744062470074011 0.1057161520842796 0.01953125 0.0353356890459364
0 0.7473668336251829 0.11234928601334263 0.01953125 0.0353356890459364
0 0.73728434049961 0.02694768667665598 0.01953125 0.0353356890459364
0 0.769823295586686 0.05348022239290812 0.01953125 0.0353356890459364
0 0.8756894734052012 0.01616884404192857 0.01953125 0.0353356890459364
0 0.9105199042026348 0.041872238017047834 0.01953125 0.0353356890459364
0 0.9343512515903525 0.05099279716950951 0.01953125 0.0353356890459364
0 0.9604740746884276 0.03938481279364923 0.01953125 0.0353356890459364
0 0.9481001058524974 0.008706568371732643 0.01953125 0.0353356890459364
0 0.9467252204262828 0.07420876592123016 0.01953125 0.0353356890459364
0 0.9728480435243579 0.11234928601334263 0.01953125 0.0353356890459364
0 0.9228938730385651 0.06923391547443289 0.01953125 0.0353356890459364
0 0.8834804908204166 0.09742473467295082 0.01953125 0.0353356890459364
0 0.9173943313337072 0.15131894784658792 0.01953125 0.0353356890459364
0 0.8885217373832031 0.19028860967983333 0.01953125 0.0353356890459364
0 0.8074034972365486 0.18614290097416888 0.01953125 0.0353356890459364
