0 0.12523960532475897 0.8982756572629642 0.01953125 0.03129890453834116
0 0.14498220074730353 0.8856206227010326 0.01953125 0.03129890453834116
0 0.1736089641099931 0.8524011569759624 0.01953125 0.03129890453834116
0 0.21309415495508216 0.8634743122176526 0.01953125 0.03129890453834116
0 0.21802980381071838 0.8175998119306507 0.01953125 0.03129890453834116
0 0.2397466587755173 0.8128541739699263 0.01953125 0.03129890453834116
0 0.2663991625959525 0.8207635705711337 0.01953125 0.03129890453834116
0 0.28712888778962425 0.8444917603747553 0.01953125 0.03129890453834116
0 0.27034768168046136 0.9014394159034471 0.01953125 0.03129890453834116
0 0.2634377732825708 0.9251676057070687 0.01953125 0.03129890453834116
0 0.20026146793042823 0.9077669331844128 0.01953125 0.03129890453834116
0 0.14300794120504903 0.9568051921118975 0.01953125 0.03129890453834116
0 0.1568277580008302 0.9678783473535875 0.01953125 0.03129890453834116
0 0.12030395646912286 0.9836971405560021 0.01953125 0.03129890453834116
0 0.11438117784235949 0.9599689507523803 0.01953125 0.03129890453834116
0 0.10845839921559615 0.9409863989094831 0.01953125 0.03129890453834116
0 0.09069006333530605 0.8840387433807912 0.01953125 0.03129890453834116
0 0.11438117784235949 0.8634743122176526 0.01953125 0.03129890453834116
0 0.14202081143392184 0.7780528289246147 0.01953125 0.03129890453834116
0 0.5399660904026762 0.2822345564933273 0.01953125 0.03129890453834116
0 0.549577820427967 0.268543147631011 0.01953125 0.03129890453834116
0 0.5629274454630928 0.2805231303855378 0.01953125 0.03129890453834116
0 0.5853548155221046 0.27196599984659003 0.01953125 0.03129890453834116
0 0.6179279006078118 0.29849310451732797 0.01953125 0.03129890453834116
0 0.6291415856373178 0.3087616611640653 0.01953125 0.03129890453834116
0 0.6537048957019495 0.36267158355943596 0.01953125 0.03129890453834116
0 0.5976364705544205 0.4251386364937545 0.01953125 0.03129890453834116
0 0.577345040501029 0.3917658273918582 0.01953125 0.03129890453834116
0 0.5068590203155638 0.28394598260111686 0.01953125 0.03129890453834116
0 0.4919074402762227 0.26255315625374753 0.01953125 0.03129890453834116
0 0.5207426303520948 0.4448200367333342 0.01953125 0.03129890453834116
0 0.536762180394246 0.4011786709847007 0.01953125 0.03129890453834116
0 0.4929754102790328 0.3720844271522785 0.01953125 0.03129890453834116
0 0.4935093952804378 0.4328400539788074 0.01953125 0.03129890453834116
0 0.4865675902621723 0.536381333500075 0.01953125 0.03129890453834116
0 0.4539945051764649 0.5346699073922854 0.01953125 0.03129890453834116
0 0.4422468351455541 0.494451393859231 0.01953125 0.03129890453834116
0 0.42515931510059274 0.5226899246377585 0.01953125 0.03129890453834116
0 0.41661555507811215 0.47562570667354603 0.01953125 0.03129890453834116
0 0.4363730001300986 0.419148645116491 0.01953125 0.03129890453834116
0 0.5944325605459901 0.22490178188237747 0.01953125 0.03129890453834116
0 0.6254036906274825 0.24287175601416774 0.01953125 0.03129890453834116
0 0.6157919606021918 0.2574188779303789 0.01953125 0.03129890453834116
0 0.6040442905712808 0.2805231303855378 0.01953125 0.03129890453834116
0 0.6435591806752538 0.30705023505627577 0.01953125 0.03129890453834116
0 0.6755982807595562 0.3592487313438569 0.01953125 0.03129890453834116
0 0.6985596358199728 0.40716866236196414 0.01953125 0.03129890453834116
0 0.7119092608550988 0.40973580152364847 0.01953125 0.03129890453834116
0 0.6990936208213778 0.34213447026596144 0.01953125 0.03129890453834116
0 0.7119092608550988 0.33015448751143467 0.01953125 0.03129890453834116
0 0.6964236958143526 0.33186591361922413 0.01953125 0.03129890453834116
0 0.7060354258396433 0.31475165254132875 0.01953125 0.03129890453834116
0 0.7113752758536938 0.31389593948743394 0.01953125 0.03129890453834116
0 0.7108412908522888 0.23260319936743043 0.01953125 0.03129890453834116
0 0.716181140866339 0.215488938289535 0.01953125 0.03129890453834116
0 0.7129772308579089 0.18725040751100752 0.01953125 0.03129890453834116
0 0.6745303107567461 0.19067325972658658 0.01953125 0.03129890453834116
0 0.6681224907398855 0.20949894691227158 0.01953125 0.03129890453834116
0 0.6681224907398855 0.20949894691227158 0.01953125 0.03129890453834116
0 0.6675885057384805 0.18297184224153362 0.01953125 0.03129890453834116
0 0.6579767757131899 0.19067325972658658 0.01953125 0.03129890453834116
0 0.4310331501160482 0.2788117042777482 0.01953125 0.03129890453834116
0 0.42195540509216256 0.33015448751143467 0.01953125 0.03129890453834116
0 0.37816863497694936 0.3378559049964876 0.01953125 0.03129890453834116
0 0.3952561550219106 0.3241644961341712 0.01953125 0.03129890453834116
0 0.40166397503877105 0.3712287140983837 0.01953125 0.03129890453834116
0 0.46093631019473036 0.18126041613374408 0.01953125 0.03129890453834116
0 0.482295710250932 0.1915289727804814 0.01953125 0.03129890453834116
0 0.4999172152972983 0.1881061205649023 0.01953125 0.03129890453834116
0 0.5266164653675502 0.17869327697205972 0.01953125 0.03129890453834116
0 0.5437039854125115 0.18468326834932317 0.01953125 0.03129890453834116
0 0.5693352654799533 0.17869327697205972 0.01953125 0.03129890453834116
0 0.5805489505094591 0.18126041613374408 0.01953125 0.03129890453834116
0 0.5944325605459901 0.1675690072714277 0.01953125 0.03129890453834116
0 0.646229105682279 0.215488938289535 0.01953125 0.03129890453834116
0 0.6451611356794689 0.23859319074469387 0.01953125 0.03129890453834116
0 0.7322006909084902 0.3558258791282778 0.01953125 0.03129890453834116
0 0.7508901659576668 0.42086007122428054 0.01953125 0.03129890453834116
0 0.6772002357637712 0.6176740736200783 0.01953125 0.03129890453834116
0 0.6286076006359127 0.5415156118234435 0.01953125 0.03129890453834116
0 0.6120540655923564 0.5526398815240756 0.01953125 0.03129890453834116
0 0.5784130105038391 0.5406598987695488 0.01953125 0.03129890453834116
0 0.5543836854406122 0.5346699073922854 0.01953125 0.03129890453834116
0 0.536762180394246 0.5295356290689167 0.01953125 0.03129890453834116
0 0.5666653404729282 0.45337716727228194 0.01953125 0.03129890453834116
0 0.6398212856654184 0.4713471414040722 0.01953125 0.03129890453834116
0 0.6157919606021918 0.4328400539788074 0.01953125 0.03129890453834116
0 0.7663757309984128 0.5380927596078645 0.01953125 0.03129890453834116
0 0.7781234010293236 0.5629084381708129 0.01953125 0.03129890453834116
0 0.7583659559773371 0.5646198642786024 0.01953125 0.03129890453834116
0 0.7669097159998177 0.596281247272709 0.01953125 0.03129890453834116
0 0.7551620459689069 0.6253754911051314 0.01953125 0.03129890453834116
0 0.7450163309422112 0.596281247272709 0.01953125 0.03129890453834116
0 0.7914730260644495 0.2848016956550116 0.01953125 0.03129890453834116
0 0.7791913710321335 0.2745331390082743 0.01953125 0.03129890453834116
0 0.7941429510714748 0.3121845133796443 0.01953125 0.03129890453834116
0 0.7872011460532093 0.3053388089484862 0.01953125 0.03129890453834116
0 0.7925409960672598 0.34213447026596144 0.01953125 0.03129890453834116
0 0.8053566361009805 0.19067325972658658 0.01953125 0.03129890453834116
0 0.8117644561178412 0.20522038164279777 0.01953125 0.03129890453834116
0 0.7914730260644495 0.22062321661290368 0.01953125 0.03129890453834116
0 0.7904050560616396 0.24458318212195732 0.01953125 0.03129890453834116
0 0.7711815960110582 0.24287175601416774 0.01953125 0.03129890453834116
0 0.7514241509590716 0.23260319936743043 0.01953125 0.03129890453834116
0 0.7669097159998177 0.21463322523564024 0.01953125 0.03129890453834116
0 0.7695796410068431 0.19666325110385 0.01953125 0.03129890453834116
0 0.7791913710321335 0.16928043337921725 0.01953125 0.03129890453834116
0 0.8352597961796627 0.2805231303855378 0.01953125 0.03129890453834116
0 0.8272500211585873 0.24287175601416774 0.01953125 0.03129890453834116
0 0.8042886660981705 0.23859319074469387 0.01953125 0.03129890453834116
0 0.8005507710883353 0.24715032128364162 0.01953125 0.03129890453834116
0 0.8208422011417266 0.2642645823615371 0.01953125 0.03129890453834116
0 0.8219101711445369 0.29507025230174894 0.01953125 0.03129890453834116
0 0.8106964861150309 0.30020453062511754 0.01953125 0.03129890453834116
0 0.8443375412035484 0.3387116180503823 0.01953125 0.03129890453834116
0 0.8181722761347016 0.33186591361922413 0.01953125 0.03129890453834116
0 0.8192402461375115 0.3541144530204883 0.01953125 0.03129890453834116
0 0.8267160361571821 0.37636299242175236 0.01953125 0.03129890453834116
0 0.8309879161684226 0.35839301828996206 0.01953125 0.03129890453834116
0 0.8379297211866881 0.3686615749366994 0.01953125 0.03129890453834116
0 0.7727835510152732 0.32330878308027644 0.01953125 0.03129890453834116
0 0.7588999409787422 0.3224530700263817 0.01953125 0.03129890453834116
0 0.7669097159998177 0.34470160942764577 0.01953125 0.03129890453834116
0 0.7503561809562617 0.34384589637375096 0.01953125 0.03129890453834116
0 0.7775894160279185 0.38919868823017395 0.01953125 0.03129890453834116
0 0.7653077609956026 0.38577583601459486 0.01953125 0.03129890453834116
0 0.7743855060194883 0.3712287140983837 0.01953125 0.03129890453834116
0 0.7802593410349439 0.3678058618828046 0.01953125 0.03129890453834116
0 0.798414831082715 0.38577583601459486 0.01953125 0.03129890453834116
0 0.797346861079905 0.3720844271522785 0.01953125 0.03129890453834116
0 0.8074925761066007 0.3883429751762792 0.01953125 0.03129890453834116
0 0.8074925761066007 0.40888008846975366 0.01953125 0.03129890453834116
0 0.8277840061599924 0.4148700798470171 0.01953125 0.03129890453834116
0 0.8427355861993333 0.4328400539788074 0.01953125 0.03129890453834116
0 0.8288519761628024 0.45337716727228194 0.01953125 0.03129890453834116
0 0.8053566361009805 0.43711861924828127 0.01953125 0.03129890453834116
0 0.7775894160279185 0.419148645116491 0.01953125 0.03129890453834116
0 0.7839972360447792 0.4448200367333342 0.01953125 0.03129890453834116
0 0.7877351310546141 0.46279001086512445 0.01953125 0.03129890453834116
0 0.8181722761347016 0.4730585675118617 0.01953125 0.03129890453834116
0 0.837395736185283 0.4747699936196512 0.01953125 0.03129890453834116
0 0.8288519761628024 0.5030085243981788 0.01953125 0.03129890453834116
0 0.8010847560897404 0.5132770810449161 0.01953125 0.03129890453834116
0 0.7594339259801474 0.48247141110470426 0.01953125 0.03129890453834116
0 0.7685116710040327 0.4884614024819676 0.01953125 0.03129890453834116
0 0.7695796410068431 0.5149885071527056 0.01953125 0.03129890453834116
0 0.7386085109253508 0.5175556463143899 0.01953125 0.03129890453834116
0 0.8160363361290813 0.5543513076318651 0.01953125 0.03129890453834116
0 0.8325898711726377 0.5526398815240756 0.01953125 0.03129890453834116
0 0.840065661192308 0.588579829787656 0.01953125 0.03129890453834116
0 0.8144343811248662 0.6202412127817627 0.01953125 0.03129890453834116
0 0.8267160361571821 0.6116840822428149 0.01953125 0.03129890453834116
0 0.837395736185283 0.6399226130213423 0.01953125 0.03129890453834116
0 0.8288519761628024 0.6613154393687117 0.01953125 0.03129890453834116
0 0.8288519761628024 0.6767182743388177 0.01953125 0.03129890453834116
0 0.7936089660700697 0.6938325354167133 0.01953125 0.03129890453834116
0 0.797346861079905 0.6767182743388177 0.01953125 0.03129890453834116
0 0.769045656005438 0.6655940046381856 0.01953125 0.03129890453834116
0 0.7626378359885776 0.6844196918238706 0.01953125 0.03129890453834116
0 0.7295307659014652 0.6501911696680798 0.01953125 0.03129890453834116
0 0.7359385859183255 0.6912653962550289 0.01953125 0.03129890453834116
0 0.7530261059632867 0.6621711524226065 0.01953125 0.03129890453834116
0 0.7936089660700697 0.6048383778116567 0.01953125 0.03129890453834116
0 0.7482202409506414 0.5380927596078645 0.01953125 0.03129890453834116
0 0.3509353999052924 0.40888008846975366 0.01953125 0.03129890453834116
0 0.3787026199783544 0.4516657411644924 0.01953125 0.03129890453834116
0 0.38350848499099977 0.5543513076318651 0.01953125 0.03129890453834116
0 0.3963241250247207 0.5526398815240756 0.01953125 0.03129890453834116
0 0.38297449998959476 0.588579829787656 0.01953125 0.03129890453834116
0 0.3856444249966199 0.6202412127817627 0.01953125 0.03129890453834116
0 0.40112999003736605 0.6407783260752373 0.01953125 0.03129890453834116
0 0.41180969006546686 0.6647382915842909 0.01953125 0.03129890453834116
0 0.3744307399671141 0.6690168568537647 0.01953125 0.03129890453834116
0 0.3717608149600889 0.6287983433207103 0.01953125 0.03129890453834116
0 0.3504014149038873 0.6262312041590261 0.01953125 0.03129890453834116
0 0.34879945989967226 0.6587483002070275 0.01953125 0.03129890453834116
0 0.32316817983223034 0.5748884209253398 0.01953125 0.03129890453834116
0 0.4128776600682769 0.40888008846975366 0.01953125 0.03129890453834116
0 0.43690698513150367 0.3772187054756471 0.01953125 0.03129890453834116
0 0.45292653517365483 0.3703730010444889 0.01953125 0.03129890453834116
0 0.4321011201188583 0.2026532424811134 0.01953125 0.03129890453834116
0 0.41981946508654244 0.2505731734992207 0.01953125 0.03129890453834116
0 0.11389370851457252 0.11065246573517558 0.01953125 0.03129890453834116
0 0.12454753691576691 0.11884741054856379 0.01953125 0.03129890453834116
0 0.1075014114738559 0.12021323468412849 0.01953125 0.03129890453834116
0 0.09812604248080489 0.1277252674297343 0.01953125 0.03129890453834116
0 0.08534144839937165 0.11884741054856379 0.01953125 0.03129890453834116
0 0.06744301668536513 0.11679867434521678 0.01953125 0.03129890453834116
0 0.07213070118189063 0.13728603637868722 0.01953125 0.03129890453834116
0 0.05508457573997967 0.12362779502304022 0.01953125 0.03129890453834116
0 0.04997073810740637 0.14957845359876953 0.01953125 0.03129890453834116
0 0.06403379159698293 0.17552911217449876 0.01953125 0.03129890453834116
0 0.07468761999817729 0.17074872770002233 0.01953125 0.03129890453834116
0 0.10451833952152151 0.18030949664897516 0.01953125 0.03129890453834116
0 0.11176294283433366 0.17552911217449876 0.01953125 0.03129890453834116
0 0.10494449265756926 0.15845631047994002 0.01953125 0.03129890453834116
0 0.09727373620870934 0.14889554153098714 0.01953125 0.03129890453834116
0 0.08704606094356275 0.13933477258203428 0.01953125 0.03129890453834116
0 0.03974306284225979 0.1420664208531637 0.01953125 0.03129890453834116
0 0.036333837753877586 0.15026136566655185 0.01953125 0.03129890453834116
0 0.029089234441065433 0.15640757427659302 0.01953125 0.03129890453834116
0 0.052527656923693024 0.18372405698788694 0.01953125 0.03129890453834116
0 0.06360763846093516 0.19533356214018688 0.01953125 0.03129890453834116
0 0.09386451112032715 0.18850444146236336 0.01953125 0.03129890453834116
0 0.0925860517121838 0.20626015522470445 0.01953125 0.03129890453834116
0 0.08193222331098947 0.22947916552930434 0.01953125 0.03129890453834116
0 0.09173374544008825 0.24108867068160425 0.01953125 0.03129890453834116
0 0.0780968450865595 0.22879625346152194 0.01953125 0.03129890453834116
0 0.06445994473303071 0.23152790173265134 0.01953125 0.03129890453834116
0 0.05551072887602745 0.2212842207159161 0.01953125 0.03129890453834116
0 0.04741381929111972 0.21377218797031028 0.01953125 0.03129890453834116
0 0.03675999088992536 0.18508988112345165 0.01953125 0.03129890453834116
0 0.026958468760826557 0.2042114190213574 0.01953125 0.03129890453834116
0 0.028663081305017657 0.23084498966486902 0.01953125 0.03129890453834116
0 0.042726134794594216 0.23152790173265134 0.01953125 0.03129890453834116
0 0.053806116331836344 0.25064943963055714 0.01953125 0.03129890453834116
0 0.06403379159698293 0.24450323102051602 0.01953125 0.03129890453834116
0 0.07298300745398618 0.26225894478285705 0.01953125 0.03129890453834116
0 0.052527656923693024 0.26908806546068054 0.01953125 0.03129890453834116
0 0.04229998165854644 0.2766000982062864 0.01953125 0.03129890453834116
0 0.03803845029806869 0.2936728999008451 0.01953125 0.03129890453834116
0 0.046135359882976415 0.29298998783306274 0.01953125 0.03129890453834116
0 0.028663081305017657 0.2868437792230216 0.01953125 0.03129890453834116
0 0.030367693849208757 0.2595272965117276 0.01953125 0.03129890453834116
0 0.036333837753877586 0.25542982410503356 0.01953125 0.03129890453834116
0 0.1028137269773304 0.26908806546068054 0.01953125 0.03129890453834116
0 0.14926441880653782 0.3291843274255272 0.01953125 0.03129890453834116
0 0.17866898519383426 0.3435254808489565 0.01953125 0.03129890453834116
0 0.2106304703974173 0.3175748222732273 0.01953125 0.03129890453834116
0 0.22341506447885054 0.3162089981376626 0.01953125 0.03129890453834116
0 0.23577350542423595 0.32781850328996254 0.01953125 0.03129890453834116
0 0.2515411714580037 0.336696360171133 0.01953125 0.03129890453834116
0 0.26304730613129357 0.3196235584765743 0.01953125 0.03129890453834116
0 0.2728488282603924 0.33874509637448014 0.01953125 0.03129890453834116
0 0.29032110683835116 0.3148431740020979 0.01953125 0.03129890453834116
0 0.3009749352395455 0.28547795508745694 0.01953125 0.03129890453834116
0 0.3052364666000233 0.25747856030838057 0.01953125 0.03129890453834116
0 0.31333337618493096 0.24108867068160425 0.01953125 0.03129890453834116
0 0.31631644813726534 0.2103576276313986 0.01953125 0.03129890453834116
0 0.3107764573686443 0.17894367251341053 0.01953125 0.03129890453834116
0 0.2928780256546378 0.11816449848078148 0.01953125 0.03129890453834116
0 0.27668420648482234 0.17143163976780465 0.01953125 0.03129890453834116
0 0.29245187251859 0.18508988112345165 0.01953125 0.03129890453834116
0 0.27370113453248784 0.19191900180127508 0.01953125 0.03129890453834116
0 0.25708116222662475 0.21445510003809262 0.01953125 0.03129890453834116
0 0.2532457840021948 0.18850444146236336 0.01953125 0.03129890453834116
0 0.24642733382543033 0.18099240871675756 0.01953125 0.03129890453834116
0 0.22980736151956718 0.1420664208531637 0.01953125 0.03129890453834116
0 0.21957968625442056 0.15640757427659302 0.01953125 0.03129890453834116
0 0.20466432649274846 0.15231010186989893 0.01953125 0.03129890453834116
0 0.21361354234975172 0.1325056519042108 0.01953125 0.03129890453834116
0 0.20509047962879626 0.11065246573517558 0.01953125 0.03129890453834116
0 0.19699357004388857 0.1263594432941696 0.01953125 0.03129890453834116
0 0.19017511986712415 0.11679867434521678 0.01953125 0.03129890453834116
0 0.19017511986712415 0.11679867434521678 0.01953125 0.03129890453834116
0 0.16758900365659207 0.13455438810755782 0.01953125 0.03129890453834116
0 0.14500288744606007 0.1311398277686461 0.01953125 0.03129890453834116
0 0.16886746306473543 0.1536759260054636 0.01953125 0.03129890453834116
0 0.16332747229611436 0.16118795875106942 0.01953125 0.03129890453834116
0 0.1543782564391111 0.17074872770002233 0.01953125 0.03129890453834116
0 0.15224749075887223 0.15026136566655185 0.01953125 0.03129890453834116
0 0.1415936623576779 0.1441151570565107 0.01953125 0.03129890453834116
0 0.13477521218091348 0.1441151570565107 0.01953125 0.03129890453834116
0 0.14244596862977343 0.10587208126069918 0.01953125 0.03129890453834116
0 0.1539521033030633 0.10382334505735216 0.01953125 0.03129890453834116
0 0.17483360696940425 0.10860372953182859 0.01953125 0.03129890453834116
0 0.17014592247287874 0.1215790588196932 0.01953125 0.03129890453834116
0 0.14926441880653782 0.11816449848078148 0.01953125 0.03129890453834116
0 0.1364798247251046 0.16323669495441645 0.01953125 0.03129890453834116
0 0.14457673431001228 0.18099240871675756 0.01953125 0.03129890453834116
0 0.12241677123552802 0.19533356214018688 0.01953125 0.03129890453834116
0 0.12753060886810133 0.18508988112345165 0.01953125 0.03129890453834116
0 0.13434905904486572 0.21650383624143968 0.01953125 0.03129890453834116
0 0.14244596862977343 0.21445510003809262 0.01953125 0.03129890453834116
0 0.1509690313507289 0.21445510003809262 0.01953125 0.03129890453834116
0 0.169719769336831 0.2233329569192632 0.01953125 0.03129890453834116
0 0.1863397416426942 0.20899180349583382 0.01953125 0.03129890453834116
0 0.07639223254236839 0.29572163610419216 0.01953125 0.03129890453834116
0 0.06659071041326958 0.29025833956193337 0.01953125 0.03129890453834116
0 0.08363683585518054 0.33396471190000365 0.01953125 0.03129890453834116
0 0.08576760153541942 0.35786663427238596 0.01953125 0.03129890453834116
0 0.06872147609350845 0.35991537047573285 0.01953125 0.03129890453834116
0 0.05423226946788412 0.35513498600125654 0.01953125 0.03129890453834116
0 0.04315228793064199 0.36128119461129765 0.01953125 0.03129890453834116
0 0.07085224177374733 0.37835399630585637 0.01953125 0.03129890453834116
0 0.069573782365604 0.3926951497292857 0.01953125 0.03129890453834116
0 0.08150607017494169 0.3906464135259386 0.01953125 0.03129890453834116
0 0.3853532561770048 0.14957845359876953 0.01953125 0.03129890453834116
0 0.3631932931025206 0.17552911217449876 0.01953125 0.03129890453834116
0 0.036333837753877586 0.3858660290514622 0.01953125 0.03129890453834116
0 0.03292461266549541 0.45825470823639114 0.01953125 0.03129890453834116
0 0.04144767538645089 0.45484014789747945 0.01953125 0.03129890453834116
0 0.05423226946788412 0.42206036864392665 0.01953125 0.03129890453834116
0 0.058919953964409646 0.4118166876271915 0.01953125 0.03129890453834116
0 0.10664910520176035 0.24382031895273365 0.01953125 0.03129890453834116
0 0.10664910520176035 0.2301620775970867 0.01953125 0.03129890453834116
0 0.10451833952152151 0.20011394661466328 0.01953125 0.03129890453834116
0 0.11517216792271585 0.19943103454688096 0.01953125 0.03129890453834116
0 0.0780968450865595 0.11816449848078148 0.01953125 0.03129890453834116
0 0.06996033814163426 0.8302548464925822 0.01953125 0.03129890453834116
0 0.10352275035995998 0.7748890702841318 0.01953125 0.03129890453834116
0 0.09463858241981496 0.7495790011602688 0.01953125 0.03129890453834116
0 0.3601764908530391 0.7590702770817175 0.01953125 0.03129890453834116
0 0.35918936108191174 0.7353420872780959 0.01953125 0.03129890453834116
0 0.3266140786347133 0.7733071909638904 0.01953125 0.03129890453834116
0 0.329575467948095 0.7226870527161644 0.01953125 0.03129890453834116
0 0.307858612983296 0.7274326906768886 0.01953125 0.03129890453834116
0 0.3039100938987871 0.7163595354351986 0.01953125 0.03129890453834116
0 0.18348026182126534 0.5676628793325031 0.01953125 0.03129890453834116
0 0.20322285724380992 0.5803179138944347 0.01953125 0.03129890453834116
0 0.14399507097617628 0.5977185864170905 0.01953125 0.03129890453834116
0 0.16176340685646642 0.7163595354351986 0.01953125 0.03129890453834116
0 0.13412377326490404 0.7258508113566472 0.01953125 0.03129890453834116
0 0.21309415495508216 0.689467586991094 0.01953125 0.03129890453834116
0 0.168673315254357 0.6609937592267482 0.01953125 0.03129890453834116
0 0.46481224659252507 0.6736487937886797 0.01953125 0.03129890453834116
0 0.5230529030890315 0.7843803462055805 0.01953125 0.03129890453834116
0 0.4036102007826371 0.7891259841663048 0.01953125 0.03129890453834116
0 0.55562818553623 0.1247366696648999 0.01953125 0.03129890453834116
0 0.31378139161005936 0.09151720393982968 0.01953125 0.03129890453834116
0 0.33352398703260394 0.09151720393982968 0.01953125 0.03129890453834116
0 0.05712765111698033 0.9140944504653786 0.01953125 0.03129890453834116
0 0.033436536609926855 0.9599689507523803 0.01953125 0.03129890453834116
0 0.07588311676839764 0.9757877439547947 0.01953125 0.03129890453834116
0 0.01862959004301845 0.29716151557121695 0.01953125 0.03129890453834116
0 0.2683734221382069 0.09309908326007103 0.01953125 0.03129890453834116
0 0.2821932389339881 0.06462525549572515 0.01953125 0.03129890453834116
0 0.2061842465571916 0.07569841073741519 0.01953125 0.03129890453834116
0 0.1923644297614104 0.0836078073386225 0.01953125 0.03129890453834116
0 0.7629254374729475 0.14688298014828008 0.01953125 0.03129890453834116
0 0.7639125672440749 0.11999103170417556 0.01953125 0.03129890453834116
0 0.3256269488635861 0.4790776373989825 0.01953125 0.03129890453834116
0 0.3256269488635861 0.4790776373989825 0.01953125 0.03129890453834116
0 0.2910774068741331 0.5138789824442942 0.01953125 0.03129890453834116
0 0.018128445568263797 0.1909654473986473 0.01953125 0.03129890453834116
0 0.006955686396529893 0.19234270818976995 0.01953125 0.03129890453834116
0 0.026293154193761666 0.18821092581640209 0.01953125 0.03129890453834116
0 0.0606708747221737 0.09731171360230981 0.01953125 0.03129890453834116
0 0.07141391238730241 0.08629362727332898 0.01953125 0.03129890453834116
0 0.08215695005243118 0.0814732145043998 0.01953125 0.03129890453834116
0 0.15048266960265008 0.08629362727332898 0.01953125 0.03129890453834116
0 0.16466347932061998 0.08698225766889026 0.01953125 0.03129890453834116
0 0.18142261807822088 0.08835951846001289 0.01953125 0.03129890453834116
0 0.23341892037744408 0.09180267043781937 0.01953125 0.03129890453834116
0 0.0941891522373754 0.0766528017354707 0.01953125 0.03129890453834116
0 0.09289998771755995 0.09111404004225808 0.01953125 0.03129890453834116
0 0.09977553182324236 0.09317993122894198 0.01953125 0.03129890453834116
0 0.11352662003460717 0.08767088806445153 0.01953125 0.03129890453834116
0 0.12083188564689472 0.08491636648220634 0.01953125 0.03129890453834116
0 0.1165346705808432 0.09800034399787116 0.01953125 0.03129890453834116
0 0.2110734020339763 0.17581557869629863 0.01953125 0.03129890453834116
0 0.2252542117519462 0.18889955621196342 0.01953125 0.03129890453834116
0 0.2209569966858947 0.22333107599002863 0.01953125 0.03129890453834116
0 0.19904119984903207 0.21231298966104778 0.01953125 0.03129890453834116
0 0.24974833762843981 0.09455719202006461 0.01953125 0.03129890453834116
0 0.13544241687146982 0.0814732145043998 0.01953125 0.03129890453834116
0 0.15220155562907067 0.06288019382424459 0.01953125 0.03129890453834116
0 0.13415325235165435 0.016741957321637132 0.01953125 0.03129890453834116
0 0.1285668727657874 0.02844867404617932 0.01953125 0.03129890453834116
0 0.12727770824597195 0.04015539077072151 0.01953125 0.03129890453834116
0 0.1259885437261565 0.049796216308579784 0.01953125 0.03129890453834116
0 0.16853097288006635 0.3259370049286631 0.01953125 0.03129890453834116
0 0.14403684700357283 0.30390083227070136 0.01953125 0.03129890453834116
0 0.09289998771755995 0.2653375301192683 0.01953125 0.03129890453834116
0 0.02801204022018225 0.3259370049286631 0.01953125 0.03129890453834116
0 0.018128445568263797 0.36725482866234144 0.01953125 0.03129890453834116
0 0.015550116528632899 0.38653647973805794 0.01953125 0.03129890453834116
0 0.01640955954184321 0.4051295004182132 0.01953125 0.03129890453834116
0 0.18357122561124667 0.1737496875096147 0.01953125 0.03129890453834116
0 0.24974833762843981 0.18339051304747297 0.01953125 0.03129890453834116
0 0.25275638817467583 0.14620447168716255 0.01953125 0.03129890453834116
0 0.25404555269449136 0.13449775496262031 0.01953125 0.03129890453834116
0 0.2604913752935686 0.1207251470513942 0.01953125 0.03129890453834116
0 0.24974833762843981 0.05737115065975414 0.01953125 0.03129890453834116
0 0.2385755784567058 0.06838923698873497 0.01953125 0.03129890453834116
0 0.3223712722447102 0.07183238896654152 0.01953125 0.03129890453834116
0 0.32623876580415656 0.05048484670414107 0.01953125 0.03129890453834116
0 0.3408492970287317 0.04635306433077324 0.01953125 0.03129890453834116
0 0.33655208196268016 0.02844867404617932 0.01953125 0.03129890453834116
0 0.32366043676452566 0.023628261277250213 0.01953125 0.03129890453834116
0 0.30947962704655574 0.030514565232863233 0.01953125 0.03129890453834116
0 0.2957285388351909 0.03326908681510849 0.01953125 0.03129890453834116
0 0.2849855011700621 0.04084402116628279 0.01953125 0.03129890453834116
0 0.2776802355577746 0.04497580353965068 0.01953125 0.03129890453834116
0 0.2965879818484011 0.0814732145043998 0.01953125 0.03129890453834116
0 0.05250616609667582 0.07734143213103198 0.01953125 0.03129890453834116
0 0.06878175509884625 0.7262613267917095 0.01953125 0.03129890453834116
0 0.05570506897602332 0.7262613267917095 0.01953125 0.03129890453834116
0 0.04335486541557944 0.7297539002371376 0.01953125 0.03129890453834116
0 0.0142955629204174 0.754201914355133 0.01953125 0.03129890453834116
0 0.03609003979178894 0.7844708842155084 0.01953125 0.03129890453834116
0 0.013569080358038344 0.8252175744121675 0.01953125 0.03129890453834116
0 0.09493512734449205 0.6843504454465743 0.01953125 0.03129890453834116
0 0.12472091240203316 0.6610666224770549 0.01953125 0.03129890453834116
0 0.15232724977243714 0.6901714011889543 0.01953125 0.03129890453834116
0 0.15886559283384857 0.659902431328579 0.01953125 0.03129890453834116
0 0.03972245260368421 0.5236920669568897 0.01953125 0.03129890453834116
0 0.06514934228695098 0.5295130226992696 0.01953125 0.03129890453834116
0 0.030278179292756547 0.5621103748565969 0.01953125 0.03129890453834116
0 0.0033983244847316284 0.5702597128959287 0.01953125 0.03129890453834116
0 0.009210184983764021 0.4468554511574752 0.01953125 0.03129890453834116
0 0.05788451666316048 0.4456912600089992 0.01953125 0.03129890453834116
0 0.031731144417514616 0.6191557411319197 0.01953125 0.03129890453834116
0 0.015748528045175507 0.6762011074072426 0.01953125 0.03129890453834116
0 0.013569080358038344 0.6366186083590594 0.01953125 0.03129890453834116
0 0.0033983244847316284 0.6133347853895398 0.01953125 0.03129890453834116
0 0.23224033163413285 0.7705005904337966 0.01953125 0.03129890453834116
0 0.26057315156691585 0.7833066930670323 0.01953125 0.03129890453834116
0 0.19301027326566403 0.749545149761229 0.01953125 0.03129890453834116
0 0.1915573081409059 0.7600228700975129 0.01953125 0.03129890453834116
0 0.21117233732514032 0.7716647815822726 0.01953125 0.03129890453834116
0 0.11963553446537982 0.7181119887523777 0.01953125 0.03129890453834116
0 0.12108849959013793 0.7379032382764693 0.01953125 0.03129890453834116
0 0.560826011651432 0.1562979067431834 0.01953125 0.03129890453834116
0 0.5462612510267245 0.1562979067431834 0.01953125 0.03129890453834116
0 0.5511161712349604 0.07927562332689007 0.01953125 0.03129890453834116
0 0.5588840435681377 0.07927562332689007 0.01953125 0.03129890453834116
0 0.5715068361095508 0.055935537443164846 0.01953125 0.03129890453834116
0 0.5778182323802573 0.010811371401296057 0.01953125 0.03129890453834116
0 0.5778182323802573 0.011589374264086863 0.01953125 0.03129890453834116
0 0.5666519159013149 0.021703411480367838 0.01953125 0.03129890453834116
0 0.596752421192377 0.019369402891995294 0.01953125 0.03129890453834116
0 0.596752421192377 0.019369402891995294 0.01953125 0.03129890453834116
0 0.5986943892756713 0.030261442971067077 0.01953125 0.03129890453834116
0 0.6307368626500277 0.052823525992001436 0.01953125 0.03129890453834116
0 0.6190850541502617 0.03959747732455718 0.01953125 0.03129890453834116
0 0.6152011179836732 0.016257391440831947 0.01953125 0.03129890453834116
0 0.6331643227541457 0.11039573783852373 0.01953125 0.03129890453834116
0 0.644330639233088 0.08472164336642597 0.01953125 0.03129890453834116
0 0.6181140701086146 0.07460760615014499 0.01953125 0.03129890453834116
0 0.676858604628268 0.07460760615014499 0.01953125 0.03129890453834116
0 0.6278239105250862 0.06682757752223661 0.01953125 0.03129890453834116
0 0.5865570887550818 0.09405767771991606 0.01953125 0.03129890453834116
0 0.6020928334214365 0.10494971779898785 0.01953125 0.03129890453834116
0 0.608404229692143 0.13918184376178483 0.01953125 0.03129890453834116
0 0.6195705461710853 0.1228437836431772 0.01953125 0.03129890453834116
0 0.5787892164219045 0.13762583803620318 0.01953125 0.03129890453834116
0 0.5894700408800233 0.12439978936875885 0.01953125 0.03129890453834116
0 0.5729633121720216 0.10339371207340617 0.01953125 0.03129890453834116
0 0.5384933786935472 0.1080617292501512 0.01953125 0.03129890453834116
0 0.6778295886699152 0.1516298895664383 0.01953125 0.03129890453834116
0 0.7045316498152121 0.021703411480367838 0.01953125 0.03129890453834116
0 0.6831700008989745 0.05437953171758317 0.01953125 0.03129890453834116
0 0.7453129795643929 0.11272974642689629 0.01953125 0.03129890453834116
0 0.7632761843348654 0.10105970348503364 0.01953125 0.03129890453834116
0 0.7700730726263956 0.0932796748571252 0.01953125 0.03129890453834116
0 0.7977461178133397 0.13373582372224896 0.01953125 0.03129890453834116
0 0.8127963704588709 0.12828980368271306 0.01953125 0.03129890453834116
0 0.834643511395932 0.14151585235015737 0.01953125 0.03129890453834116
0 0.8676569688119355 0.12984580940829477 0.01953125 0.03129890453834116
0 0.8448388438332272 0.21231411286412397 0.01953125 0.03129890453834116
0 0.7851233252719266 0.12439978936875885 0.01953125 0.03129890453834116
0 0.7725005327305136 0.1119517435641054 0.01953125 0.03129890453834116
0 0.9021269022904098 0.28311237337809053 0.01953125 0.03129890453834116
0 0.9234885512066474 0.28311237337809053 0.01953125 0.03129890453834116
0 0.9215465831233531 0.270664327573437 0.01953125 0.03129890453834116
0 0.8943590299572326 0.2558822731804111 0.01953125 0.03129890453834116
0 0.8856201735824081 0.24343422737575762 0.01953125 0.03129890453834116
0 0.875424841145113 0.26132829321994694 0.01953125 0.03129890453834116
0 0.8608600805204054 0.24110021878738505 0.01953125 0.03129890453834116
0 0.8569761443538166 0.3126764821641425 0.01953125 0.03129890453834116
0 0.8598890964787582 0.2870023876920447 0.01953125 0.03129890453834116
0 0.847266303937345 0.29556041918274395 0.01953125 0.03129890453834116
0 0.9205755990817059 0.34146258808740365 0.01953125 0.03129890453834116
0 0.9084382985611164 0.36635867969671054 0.01953125 0.03129890453834116
0 0.9040688703737041 0.37880672550136396 0.01953125 0.03129890453834116
0 0.8919315698531146 0.3990347999339259 0.01953125 0.03129890453834116
0 0.8948445219780561 0.4200408772292786 0.01953125 0.03129890453834116
0 0.9113512506860578 0.4169288657781152 0.01953125 0.03129890453834116
0 0.8793087773117014 0.4418249573874222 0.01953125 0.03129890453834116
0 0.889018617728173 0.4363789373478863 0.01953125 0.03129890453834116
0 0.8598890964787582 0.44104695452463133 0.01953125 0.03129890453834116
0 0.858918112437111 0.4200408772292786 0.01953125 0.03129890453834116
0 0.8482372879789923 0.3803627312269457 0.01953125 0.03129890453834116
0 0.8618310645620525 0.3850307484036907 0.01953125 0.03129890453834116
0 0.8564906523329932 0.3718046997362464 0.01953125 0.03129890453834116
0 0.875424841145113 0.3266805336943776 0.01953125 0.03129890453834116
0 0.9011559182487626 0.3391285794990311 0.01953125 0.03129890453834116
0 0.6880249211072104 0.36869268828508306 0.01953125 0.03129890453834116
0 0.6618083519827369 0.23954421306180343 0.01953125 0.03129890453834116
0 0.6205415302127325 0.16952395541062765 0.01953125 0.03129890453834116
0 0.6205415302127325 0.1407378494873665 0.01953125 0.03129890453834116
0 0.640932195087323 0.013923382852459405 0.01953125 0.03129890453834116
0 0.6472435913580296 0.04115348305013885 0.01953125 0.03129890453834116
0 0.5564565834640197 0.01781339716641362 0.01953125 0.03129890453834116
0 0.552572647297431 0.052823525992001436 0.01953125 0.03129890453834116
0 0.5414063308184887 0.0201474057547861 0.01953125 0.03129890453834116
0 0.5414063308184887 0.0201474057547861 0.01953125 0.03129890453834116
0 0.5229576340271926 0.035707463010602965 0.01953125 0.03129890453834116
0 0.5302400143395463 0.024815422931531182 0.01953125 0.03129890453834116
0 0.501595985110955 0.0987256948966611 0.01953125 0.03129890453834116
0 0.480719828215541 0.1469618723896933 0.01953125 0.03129890453834116
0 0.4676115436533043 0.02325941720594951 0.01953125 0.03129890453834116
0 0.45498875111189113 0.019369402891995294 0.01953125 0.03129890453834116
0 0.6980660629456175 0.8775629895564495 0.01953125 0.03129890453834116
0 0.650910827223478 0.8775629895564495 0.01953125 0.03129890453834116
0 0.6584734593675947 0.7378363466536789 0.01953125 0.03129890453834116
0 0.6477968022229594 0.715023833526696 0.01953125 0.03129890453834116
0 0.7247577058072058 0.7656390970271894 0.01953125 0.03129890453834116
0 0.7318754772369627 0.7549457314989161 0.01953125 0.03129890453834116
0 0.7599017022416305 0.7506683852876067 0.01953125 0.03129890453834116
0 0.7785858522447422 0.7528070583932613 0.01953125 0.03129890453834116
0 0.7905970915324569 0.7485297121819521 0.01953125 0.03129890453834116
0 0.7994943058196531 0.7577972956397889 0.01953125 0.03129890453834116
0 0.80661207724941 0.7307074363014967 0.01953125 0.03129890453834116
0 0.7710232201006255 0.8055609949994095 0.01953125 0.03129890453834116
0 0.7416624129528784 0.7955805205063544 0.01953125 0.03129890453834116
0 0.7429969950959577 0.8333637453729199 0.01953125 0.03129890453834116
0 0.7621260058134294 0.8469086750420661 0.01953125 0.03129890453834116
0 0.7759166879585834 0.892533701296032 0.01953125 0.03129890453834116
0 0.7358792236662008 0.8932465923312503 0.01953125 0.03129890453834116
0 0.7256474272359253 0.8718598612747036 0.01953125 0.03129890453834116
0 0.7171950736630891 0.8005707577528819 0.01953125 0.03129890453834116
0 0.7078529986615332 0.8069867770698459 0.01953125 0.03129890453834116
0 0.6971763415168978 0.8069867770698459 0.01953125 0.03129890453834116
0 0.8039429129632512 0.8568891495351211 0.01953125 0.03129890453834116
0 0.80661207724941 0.9018012847538688 0.01953125 0.03129890453834116
0 0.7919316736755364 0.911781759246924 0.01953125 0.03129890453834116
0 0.845314959398713 0.9203364516695425 0.01953125 0.03129890453834116
0 0.8319691379679189 0.9531294392895806 0.01953125 0.03129890453834116
0 0.8457598201130728 0.9780806255222181 0.01953125 0.03129890453834116
0 0.8648888308305445 0.9787935165574363 0.01953125 0.03129890453834116
0 0.9044814344085672 0.9595454586065444 0.01953125 0.03129890453834116
0 0.907150598694726 0.9816450806983092 0.01953125 0.03129890453834116
0 0.9178272558393614 0.9360200544443432 0.01953125 0.03129890453834116
0 0.9098197629808848 0.9217622337399789 0.01953125 0.03129890453834116
0 0.8951393594070113 0.8490473481477206 0.01953125 0.03129890453834116
0 0.8786795129756985 0.8419184377955385 0.01953125 0.03129890453834116
0 0.8617748058300259 0.823383270879865 0.01953125 0.03129890453834116
0 0.854657034400269 0.8355024184785746 0.01953125 0.03129890453834116
0 0.8301896951104797 0.8305121812320472 0.01953125 0.03129890453834116
0 0.8542121736859092 0.7820355908372083 0.01953125 0.03129890453834116
0 0.8448700986843533 0.7563715135693525 0.01953125 0.03129890453834116
0 0.8644439701161847 0.7456781480410792 0.01953125 0.03129890453834116
0 0.8172887343940454 0.7649262059919711 0.01953125 0.03129890453834116
0 0.8292999736817601 0.7135980514562594 0.01953125 0.03129890453834116
0 0.845314959398713 0.718588288702787 0.01953125 0.03129890453834116
0 0.8559916165433484 0.7064691411040772 0.01953125 0.03129890453834116
0 0.8635542486874651 0.6686859162375118 0.01953125 0.03129890453834116
0 0.8733411844033808 0.6665472431318571 0.01953125 0.03129890453834116
0 0.888911309405974 0.6772406086601304 0.01953125 0.03129890453834116
0 0.8964739415500907 0.6872210831531854 0.01953125 0.03129890453834116
0 0.9156029522675624 0.6872210831531854 0.01953125 0.03129890453834116
0 0.9213861415542398 0.6850824100475308 0.01953125 0.03129890453834116
0 0.9200515594111603 0.6701116983079481 0.01953125 0.03129890453834116
0 0.9307282165557957 0.6729632624488211 0.01953125 0.03129890453834116
0 0.9418497344147909 0.6914984293644947 0.01953125 0.03129890453834116
0 0.9405151522717115 0.715023833526696 0.01953125 0.03129890453834116
0 0.9703208201338185 0.7299945452662785 0.01953125 0.03129890453834116
0 0.9716554022768978 0.6986273397166769 0.01953125 0.03129890453834116
0 0.9680965165620194 0.6751019355544757 0.01953125 0.03129890453834116
0 0.9658722129902204 0.6273382361948552 0.01953125 0.03129890453834116
0 0.932507659413235 0.620209325842673 0.01953125 0.03129890453834116
0 0.9378459879855526 0.6023870499622176 0.01953125 0.03129890453834116
0 0.9138235094101231 0.5952581396100354 0.01953125 0.03129890453834116
0 0.9044814344085672 0.6102288513496179 0.01953125 0.03129890453834116
0 0.8938047772639319 0.5902679023635079 0.01953125 0.03129890453834116
0 0.8786795129756985 0.6323284734413827 0.01953125 0.03129890453834116
0 0.888911309405974 0.6173577617018001 0.01953125 0.03129890453834116
0 0.8715617415459416 0.6173577617018001 0.01953125 0.03129890453834116
0 0.8537673129715494 0.6130804154904909 0.01953125 0.03129890453834116
0 0.8502084272566709 0.5931194665043807 0.01953125 0.03129890453834116
0 0.8057223558206904 0.6102288513496179 0.01953125 0.03129890453834116
0 0.7785858522447422 0.6180706527370183 0.01953125 0.03129890453834116
0 0.7879279272462981 0.712172269385823 0.01953125 0.03129890453834116
0 0.8003840272483727 0.7071820321392955 0.01953125 0.03129890453834116
0 0.7776961308160226 0.7064691411040772 0.01953125 0.03129890453834116
0 0.7825895986739805 0.6850824100475308 0.01953125 0.03129890453834116
0 0.8760103486895396 0.712172269385823 0.01953125 0.03129890453834116
0 0.9084851808378055 0.7278558721606238 0.01953125 0.03129890453834116
0 0.9022571308367682 0.7356976735480242 0.01953125 0.03129890453834116
0 0.92094128083988 0.7884516101541723 0.01953125 0.03129890453834116
0 0.9360665451281134 0.7820355908372083 0.01953125 0.03129890453834116
0 0.9543058344168655 0.8027094308585366 0.01953125 0.03129890453834116
0 0.9298384951270762 0.816967251562901 0.01953125 0.03129890453834116
0 0.9151580915532025 0.8355024184785746 0.01953125 0.03129890453834116
0 0.9245001665547584 0.8618793867816488 0.01953125 0.03129890453834116
0 0.9333973808419546 0.8483344571125025 0.01953125 0.03129890453834116
0 0.9360665451281134 0.8618793867816488 0.01953125 0.03129890453834116
0 0.9467432022727488 0.888969246119941 0.01953125 0.03129890453834116
0 0.9632030487040616 0.9132075413173603 0.01953125 0.03129890453834116
0 0.9547506951312252 0.9296040351273792 0.01953125 0.03129890453834116
0 0.9596441629891831 0.9559810034304533 0.01953125 0.03129890453834116
0 0.9725451237056174 0.8426313288307569 0.01953125 0.03129890453834116
0 0.9761040094204959 0.823383270879865 0.01953125 0.03129890453834116
0 0.9956778808523273 0.8340766364081381 0.01953125 0.03129890453834116
0 0.994343298709248 0.9067915220003963 0.01953125 0.03129890453834116
0 0.991674134423089 0.9353071634091251 0.01953125 0.03129890453834116
0 0.980552616564094 0.9652485868882903 0.01953125 0.03129890453834116
0 0.9774385915635753 0.9859224269096185 0.01953125 0.03129890453834116
0 0.9543058344168655 0.9930513372618007 0.01953125 0.03129890453834116
0 0.8522728101735421 0.5380375929464928 0.01953125 0.03129890453834116
0 0.8566984970929812 0.5120329307344108 0.01953125 0.03129890453834116
0 0.8721884013110176 0.5191251113377059 0.01953125 0.03129890453834116
0 0.8755076665005967 0.546311803650337 0.01953125 0.03129890453834116
0 0.878089317203603 0.49903059962837 0.01953125 0.03129890453834116
0 0.8865718837991945 0.4848462384217799 0.01953125 0.03129890453834116
0 0.8655498709318592 0.46593375681299304 0.01953125 0.03129890453834116
0 0.9035370169903773 0.46179665146107085 0.01953125 0.03129890453834116
0 0.9035370169903773 0.48070913306985774 0.01953125 0.03129890453834116
0 0.9138636198024016 0.46356969661189457 0.01953125 0.03129890453834116
0 0.9193957284517003 0.48070913306985774 0.01953125 0.03129890453834116
0 0.9205021501815601 0.4517493956064029 0.01953125 0.03129890453834116
0 0.9275094878040053 0.44938533540530456 0.01953125 0.03129890453834116
0 0.9393113195891758 0.4458392451036569 0.01953125 0.03129890453834116
0 0.9407865485623222 0.42869980864569385 0.01953125 0.03129890453834116
0 0.9429993920220417 0.4162884925899276 0.01953125 0.03129890453834116
0 0.9404177413190355 0.37964555947290307 0.01953125 0.03129890453834116
0 0.9337792109398771 0.385555709975649 0.01953125 0.03129890453834116
0 0.9492691151579137 0.3707803337187842 0.01953125 0.03129890453834116
0 0.9548012238072124 0.4162884925899276 0.01953125 0.03129890453834116
0 0.9555388382937856 0.42869980864569385 0.01953125 0.03129890453834116
0 0.9518507658609198 0.4411111247014603 0.01953125 0.03129890453834116
0 0.964021404889377 0.48130014812013233 0.01953125 0.03129890453834116
0 0.9503755368877734 0.4907563889245258 0.01953125 0.03129890453834116
0 0.9374672833727429 0.4948934942764478 0.01953125 0.03129890453834116
0 0.9190269212084137 0.49903059962837 0.01953125 0.03129890453834116
0 0.9024305952605175 0.516170036086333 0.01953125 0.03129890453834116
0 0.9168140777486942 0.5616781949574763 0.01953125 0.03129890453834116
0 0.909069125639676 0.5386286079967674 0.01953125 0.03129890453834116
0 0.9470562716981943 0.5575410896055542 0.01953125 0.03129890453834116
0 0.955170031050499 0.5386286079967674 0.01953125 0.03129890453834116
0 0.9588581034833648 0.5368555628459436 0.01953125 0.03129890453834116
0 0.9621773686729441 0.5120329307344108 0.01953125 0.03129890453834116
0 0.9621773686729441 0.5120329307344108 0.01953125 0.03129890453834116
0 0.9548012238072124 0.5220801865890788 0.01953125 0.03129890453834116
0 0.9363608616428831 0.5244442467901773 0.01953125 0.03129890453834116
0 0.9245590298577125 0.5214891715388043 0.01953125 0.03129890453834116
0 0.9761920439178343 0.5451297735497879 0.01953125 0.03129890453834116
0 0.9710287425118221 0.5669973304099476 0.01953125 0.03129890453834116
0 0.9666030555923832 0.5971390979739515 0.01953125 0.03129890453834116
0 0.9843058032701393 0.6142785344319146 0.01953125 0.03129890453834116
0 0.9485315006713406 0.6426472568450949 0.01953125 0.03129890453834116
0 0.9396801268324624 0.6314179708898776 0.01953125 0.03129890453834116
0 0.9348856326697369 0.6450113170461933 0.01953125 0.03129890453834116
0 0.9193957284517003 0.6414652267445458 0.01953125 0.03129890453834116
0 0.8950544503947858 0.5545860143541812 0.01953125 0.03129890453834116
0 0.8862030765559079 0.5073048103322142 0.01953125 0.03129890453834116
0 0.9931571771090172 0.6586046632025089 0.01953125 0.03129890453834116
0 0.9931571771090172 0.6751530846101973 0.01953125 0.03129890453834116
0 0.1129408695310022 0.025888211590565806 0.01953125 0.03129890453834116
0 0.08141931034207878 0.03362817140150646 0.01953125 0.03129890453834116
0 0.09540064707910127 0.026702944202243777 0.01953125 0.03129890453834116
0 0.09641747156906655 0.03688710184821831 0.01953125 0.03129890453834116
0 0.18716905729846686 0.07599426720876051 0.01953125 0.03129890453834116
0 0.18716905729846686 0.07599426720876051 0.01953125 0.03129890453834116
0 0.17547557566386626 0.15991172621159072 0.01953125 0.03129890453834116
0 0.2905587085628956 0.6741309847371196 0.01953125 0.03129890453834116
0 0.2775716955758826 0.688539111821303 0.01953125 0.03129890453834116
0 0.2296196476238347 0.6549201486248751 0.01953125 0.03129890453834116
0 0.3634857814899686 0.5908840282507266 0.01953125 0.03129890453834116
0 0.7371121551163423 0.9302754662337137 0.01953125 0.03129890453834116
0 0.7940552120593992 0.834221285672491 0.01953125 0.03129890453834116
0 0.8499992680034553 0.8710420548876264 0.01953125 0.03129890453834116
0 0.3924568104609976 0.43719733935276994 0.01953125 0.03129890453834116
0 0.3824668004709876 0.4788208175959665 0.01953125 0.03129890453834116
0 0.3714777894819765 0.5252470048672242 0.01953125 0.03129890453834116
0 0.28056869857288563 0.8022032254854166 0.01953125 0.03129890453834116
0 0.26158767959186663 0.7365662021019145 0.01953125 0.03129890453834116
0 0.2665826845868716 0.7189562689990237 0.01953125 0.03129890453834116
0 0.2775716955758826 0.7237589780270847 0.01953125 0.03129890453834116
0 0.03281645082063782 0.8982574060466395 0.01953125 0.03129890453834116
0 0.37747179547598253 0.0898013863230141 0.01953125 0.03129890453834116
0 0.37747179547598253 0.06738874419206206 0.01953125 0.03129890453834116
0 0.9768723948765822 0.5124397807923944 0.01953125 0.03129890453834116
0 0.6531960712002585 0.3363404497634859 0.01953125 0.03129890453834116
0 0.6681810861852734 0.32993683772607113 0.01953125 0.03129890453834116
0 0.29755171555590265 0.6461151820734296 0.01953125 0.03129890453834116
0 0.2825667005708877 0.6589224061482593 0.01953125 0.03129890453834116
0 0.30654272454691167 0.532451068409316 0.01953125 0.03129890453834116
0 0.39944981745400454 0.020162105416127486 0.01953125 0.03129890453834116
0 0.3644847824889696 0.002552172313236594 0.01953125 0.03129890453834116
0 0.4274218454260325 0.004153075322590265 0.01953125 0.03129890453834116
0 0.39445481245899955 0.10020725588381309 0.01953125 0.03129890453834116
0 0.3265227445269316 0.18505511537955996 0.01953125 0.03129890453834116
0 0.3165327345369216 0.1578397642205468 0.01953125 0.03129890453834116
0 0.17167758968177668 0.06338648666867776 0.01953125 0.03129890453834116
0 0.034814452818639804 0.10180815889316688 0.01953125 0.03129890453834116
0 0.034814452818639804 0.1162162859773503 0.01953125 0.03129890453834116
0 0.0448044628086498 0.09700544986510574 0.01953125 0.03129890453834116
0 0.9299193479235351 0.2667011688565995 0.01953125 0.03129890453834116
0 0.9508983689025562 0.2779074899220754 0.01953125 0.03129890453834116
0 0.9459033639075511 0.31793006515591826 0.01953125 0.03129890453834116
0 0.9429063609105481 0.35154902835234625 0.01953125 0.03129890453834116
0 0.8499992680034553 0.45720862696969133 0.01953125 0.03129890453834116
0 0.8609882789924663 0.5612673225776827 0.01953125 0.03129890453834116
0 0.8719772899814772 0.5804781586899274 0.01953125 0.03129890453834116
0 0.9508983689025562 0.8718425063923033 0.01953125 0.03129890453834116
0 0.9938554118595991 0.7085503994382245 0.01953125 0.03129890453834116
