0 0.12024957458876924 0.7935162601626016 0.0221483942414175 0.03333333333333333
0 0.22072765578154127 0.7675000000000001 0.0221483942414175 0.03333333333333333
0 0.31040164222240235 0.7821341463414634 0.0221483942414175 0.03333333333333333
0 0.3935931718121169 0.8195325203252032 0.0221483942414175 0.03333333333333333
0 0.5124382140831375 0.8292886178861789 0.0221483942414175 0.03333333333333333
0 0.5502525457148261 0.7447357723577235 0.0221483942414175 0.03333333333333333
0 0.6669367690354644 0.8374186991869919 0.0221483942414175 0.03333333333333333
0 0.7004294627663885 0.7154674796747967 0.0221483942414175 0.03333333333333333
0 0.6453285795316425 0.7154674796747967 0.0221483942414175 0.03333333333333333
0 0.6528914458579802 0.6585569105691057 0.0221483942414175 0.03333333333333333
0 0.771736488129001 0.6585569105691057 0.0221483942414175 0.03333333333333333
0 0.8052291818599251 0.8048983739837399 0.0221483942414175 0.03333333333333333
0 0.8657321124706263 0.7821341463414634 0.0221483942414175 0.03333333333333333
0 0.9305566809820922 0.7675000000000001 0.0221483942414175 0.03333333333333333
0 0.9748534694649271 0.6553048780487803 0.0221483942414175 0.03333333333333333
0 0.9089484914782703 0.613028455284553 0.0221483942414175 0.03333333333333333
0 0.850606379817951 0.6878252032520326 0.0221483942414175 0.03333333333333333
0 0.8549280177187154 0.6081504065040652 0.0221483942414175 0.03333333333333333
0 0.8776166166977285 0.5626219512195123 0.0221483942414175 0.03333333333333333
0 0.9716122410393538 0.5479878048780489 0.0221483942414175 0.03333333333333333
0 0.9197525862301812 0.5008333333333335 0.0221483942414175 0.03333333333333333
0 0.9662101936633984 0.4927032520325204 0.0221483942414175 0.03333333333333333
0 0.984577154741647 0.44880081300813024 0.0221483942414175 0.03333333333333333
0 0.893822758825595 0.5040853658536586 0.0221483942414175 0.03333333333333333
0 0.904626853577506 0.4244105691056912 0.0221483942414175 0.03333333333333333
0 0.8678929314210087 0.46180894308943105 0.0221483942414175 0.03333333333333333
0 0.8365610566404669 0.4829471544715448 0.0221483942414175 0.03333333333333333
0 0.862490884045053 0.5008333333333335 0.0221483942414175 0.03333333333333333
0 0.7879426302568674 0.4796951219512196 0.0221483942414175 0.03333333333333333
0 0.7350025659725036 0.45693089430894324 0.0221483942414175 0.03333333333333333
0 0.7144747859438728 0.4748170731707318 0.0221483942414175 0.03333333333333333
0 0.6593739027091269 0.5447357723577236 0.0221483942414175 0.03333333333333333
0 0.628042027928585 0.5707520325203251 0.0221483942414175 0.03333333333333333
0 0.5740215541690301 0.6634349593495935 0.0221483942414175 0.03333333333333333
0 0.5599762309915459 0.5821341463414633 0.0221483942414175 0.03333333333333333
0 0.5135186235583287 0.6114024390243903 0.0221483942414175 0.03333333333333333
0 0.5232423088350485 0.5154674796747968 0.0221483942414175 0.03333333333333333
0 0.5524133646652082 0.4975813008130082 0.0221483942414175 0.03333333333333333
0 0.4821867487777869 0.5935162601626015 0.0221483942414175 0.03333333333333333
0 0.45517651189800945 0.7301016260162602 0.0221483942414175 0.03333333333333333
0 0.3579396591308106 0.6975813008130082 0.0221483942414175 0.03333333333333333
0 0.31472328012316675 0.6488008130081301 0.0221483942414175 0.03333333333333333
0 0.39035194338654366 0.5512398373983741 0.0221483942414175 0.03333333333333333
0 0.24773789266131868 0.702459349593496 0.0221483942414175 0.03333333333333333
0 0.11700834616319594 0.6845731707317073 0.0221483942414175 0.03333333333333333
0 0.040299273424628045 0.6910772357723577 0.0221483942414175 0.03333333333333333
0 0.01977149339599723 0.6097764227642276 0.0221483942414175 0.03333333333333333
0 0.11700834616319594 0.591890243902439 0.0221483942414175 0.03333333333333333
0 0.1634659535964132 0.596768292682927 0.0221483942414175 0.03333333333333333
0 0.11484752721281376 0.518719512195122 0.0221483942414175 0.03333333333333333
0 0.19263700942657272 0.5561178861788619 0.0221483942414175 0.03333333333333333
0 0.24989871161170094 0.5626219512195123 0.0221483942414175 0.03333333333333333
0 0.3233665559246956 0.5447357723577236 0.0221483942414175 0.03333333333333333
0 0.42384463711746756 0.5366056910569107 0.0221483942414175 0.03333333333333333
0 0.2164060178807769 0.4975813008130082 0.0221483942414175 0.03333333333333333
0 0.17102881992275085 0.5008333333333335 0.0221483942414175 0.03333333333333333
0 0.2434162547605543 0.45042682926829275 0.0221483942414175 0.03333333333333333
0 0.01988628690273609 0.550426829268293 0.0221483942414175 0.03333333333333333
0 0.004220349512465163 0.5707520325203255 0.0221483942414175 0.03333333333333333
0 0.02042649164033162 0.4959552845528458 0.0221483942414175 0.03333333333333333
0 0.047976933257704635 0.4520528455284555 0.0221483942414175 0.03333333333333333
0 0.10469843070523725 0.45530487804878067 0.0221483942414175 0.03333333333333333
0 0.05445939010885121 0.4187195121951221 0.0221483942414175 0.03333333333333333
0 0.12360559652108151 0.40408536585365873 0.0221483942414175 0.03333333333333333
0 0.013944034789185043 0.3634349593495937 0.0221483942414175 0.03333333333333333
0 0.08525106015179751 0.38050813008130097 0.0221483942414175 0.03333333333333333
0 0.13819112443616127 0.39351626016260177 0.0221483942414175 0.03333333333333333
0 0.16033951867757887 0.3878252032520326 0.0221483942414175 0.03333333333333333
0 0.17438484185506314 0.4317276422764229 0.0221483942414175 0.03333333333333333
0 0.2192218350754937 0.41302845528455295 0.0221483942414175 0.03333333333333333
0 0.28944845096291505 0.45693089430894324 0.0221483942414175 0.03333333333333333
0 0.31861950679307466 0.45693089430894324 0.0221483942414175 0.03333333333333333
0 0.28836804148772394 0.5439227642276425 0.0221483942414175 0.03333333333333333
0 0.3872255084677094 0.48945121951219533 0.0221483942414175 0.03333333333333333
0 0.3996502174324071 0.46587398373983757 0.0221483942414175 0.03333333333333333
0 0.46231396699349075 0.4626219512195124 0.0221483942414175 0.03333333333333333
0 0.40613267428355365 0.3146544715447156 0.0221483942414175 0.03333333333333333
0 0.4039718553331714 0.4154674796747969 0.0221483942414175 0.03333333333333333
0 0.35103179104880766 0.4479878048780489 0.0221483942414175 0.03333333333333333
0 0.35481322421197653 0.38213414634146353 0.0221483942414175 0.03333333333333333
0 0.3672379331766741 0.37806910569105706 0.0221483942414175 0.03333333333333333
0 0.3807430516165628 0.3439227642276424 0.0221483942414175 0.03333333333333333
0 0.3861450989925183 0.3276626016260164 0.0221483942414175 0.03333333333333333
0 0.42341922588661124 0.3203455284552847 0.0221483942414175 0.03333333333333333
0 0.2878278367501284 0.42359756097560997 0.0221483942414175 0.03333333333333333
0 0.3013329551900172 0.3634349593495937 0.0221483942414175 0.03333333333333333
0 0.28620722253734177 0.3414837398373985 0.0221483942414175 0.03333333333333333
0 0.2505537098560356 0.3731910569105693 0.0221483942414175 0.03333333333333333
0 0.20787753558598715 0.3634349593495937 0.0221483942414175 0.03333333333333333
0 0.21706101612511144 0.33416666666666683 0.0221483942414175 0.03333333333333333
0 0.22516408718904474 0.33254065040650416 0.0221483942414175 0.03333333333333333
0 0.23380736299057353 0.34717479674796764 0.0221483942414175 0.03333333333333333
0 0.24353104826729335 0.33416666666666683 0.0221483942414175 0.03333333333333333
0 0.15277665235124113 0.32928861788617897 0.0221483942414175 0.03333333333333333
0 0.14305296707452128 0.3349796747967481 0.0221483942414175 0.03333333333333333
0 0.12414580125867701 0.3544918699186993 0.0221483942414175 0.03333333333333333
0 0.08903249331496636 0.3414837398373985 0.0221483942414175 0.03333333333333333
0 0.0749871701374821 0.3585569105691058 0.0221483942414175 0.03333333333333333
0 0.062022256435188904 0.3349796747967481 0.0221483942414175 0.03333333333333333
0 0.06148205169759335 0.3089634146341465 0.0221483942414175 0.03333333333333333
0 0.09065310752775299 0.30733739837398383 0.0221483942414175 0.03333333333333333
0 0.04203468114415359 0.2821341463414635 0.0221483942414175 0.03333333333333333
0 0.07444696539988653 0.27075203252032526 0.0221483942414175 0.03333333333333333
0 0.11118088755638386 0.2967682926829269 0.0221483942414175 0.03333333333333333
0 0.03663263376819811 0.24961382113821146 0.0221483942414175 0.03333333333333333
0 0.01988628690273609 0.269939024390244 0.0221483942414175 0.03333333333333333
0 0.0025997352996785113 0.2715650406504066 0.0221483942414175 0.03333333333333333
0 0.05716041379682895 0.2235975609756098 0.0221483942414175 0.03333333333333333
0 0.08146962698862867 0.23335365853658543 0.0221483942414175 0.03333333333333333
0 0.10199740701725951 0.25774390243902445 0.0221483942414175 0.03333333333333333
0 0.11982416335791266 0.27725609756097563 0.0221483942414175 0.03333333333333333
0 0.13603030548577913 0.25286585365853664 0.0221483942414175 0.03333333333333333
0 0.15385706182643225 0.24067073170731712 0.0221483942414175 0.03333333333333333
0 0.17924668449342304 0.269939024390244 0.0221483942414175 0.03333333333333333
0 0.17492504659265862 0.30977642276422773 0.0221483942414175 0.03333333333333333
0 0.20409610242281828 0.30571138211382126 0.0221483942414175 0.03333333333333333
0 0.16087972341517437 0.27888211382113826 0.0221483942414175 0.03333333333333333
0 0.18248791291899635 0.24554878048780496 0.0221483942414175 0.03333333333333333
0 0.173304432379872 0.22603658536585367 0.0221483942414175 0.03333333333333333
0 0.15223644761364558 0.2162804878048781 0.0221483942414175 0.03333333333333333
0 0.19653323609648063 0.2235975609756098 0.0221483942414175 0.03333333333333333
0 0.21381978769953822 0.243109756097561 0.0221483942414175 0.03333333333333333
0 0.20571671663560492 0.2748170731707318 0.0221483942414175 0.03333333333333333
0 0.1041582259676417 0.21871951219512198 0.0221483942414175 0.03333333333333333
0 0.09119331226534855 0.21790650406504067 0.0221483942414175 0.03333333333333333
0 0.23218674877778683 0.2601829268292683 0.0221483942414175 0.03333333333333333
0 0.24731248143046222 0.23091463414634147 0.0221483942414175 0.03333333333333333
0 0.22786511087702246 0.22441056910569113 0.0221483942414175 0.03333333333333333
0 0.2429908435296978 0.261808943089431 0.0221483942414175 0.03333333333333333
0 0.2629784188207331 0.2504268292682928 0.0221483942414175 0.03333333333333333
0 0.27162169462226193 0.26750000000000007 0.0221483942414175 0.03333333333333333
0 0.26405882829592425 0.294329268292683 0.0221483942414175 0.03333333333333333
0 0.28620722253734177 0.26424796747967483 0.0221483942414175 0.03333333333333333
0 0.30025254571482607 0.27400406504065045 0.0221483942414175 0.03333333333333333
0 0.30727520730356817 0.2536788617886179 0.0221483942414175 0.03333333333333333
0 0.3337452394457501 0.278069105691057 0.0221483942414175 0.03333333333333333
0 0.32942360154498573 0.31221544715447164 0.0221483942414175 0.03333333333333333
0 0.3083556167787593 0.31221544715447164 0.0221483942414175 0.03333333333333333
0 0.2878278367501284 0.3170934959349595 0.0221483942414175 0.03333333333333333
0 0.355353428949572 0.31058943089430907 0.0221483942414175 0.03333333333333333
0 0.36993895686465184 0.2983943089430895 0.0221483942414175 0.03333333333333333
0 0.3856048942549227 0.2837601626016262 0.0221483942414175 0.03333333333333333
0 0.38938632741809165 0.2504268292682928 0.0221483942414175 0.03333333333333333
0 0.3558936336871676 0.2479878048780488 0.0221483942414175 0.03333333333333333
0 0.3618358858007186 0.22766260162601631 0.0221483942414175 0.03333333333333333
0 0.321860735218648 0.2390447154471545 0.0221483942414175 0.03333333333333333
0 0.3305040110201768 0.243109756097561 0.0221483942414175 0.03333333333333333
0 0.3348256489209412 0.21384146341463417 0.0221483942414175 0.03333333333333333
0 0.2916092699132973 0.22766260162601631 0.0221483942414175 0.03333333333333333
0 0.4120749263971047 0.26424796747967483 0.0221483942414175 0.03333333333333333
0 0.40343165059557584 0.24229674796747977 0.0221483942414175 0.03333333333333333
0 0.4396253680144777 0.2601829268292683 0.0221483942414175 0.03333333333333333
0 0.42990168273775786 0.2235975609756098 0.0221483942414175 0.03333333333333333
0 0.44016557275207324 0.2317276422764228 0.0221483942414175 0.03333333333333333
0 0.4515098722415798 0.25774390243902445 0.0221483942414175 0.03333333333333333
0 0.46339437646868187 0.23091463414634147 0.0221483942414175 0.03333333333333333
0 0.44394700591524205 0.2162804878048781 0.0221483942414175 0.03333333333333333
0 0.46609540015665957 0.27888211382113826 0.0221483942414175 0.03333333333333333
0 0.47689949490857053 0.30327235772357736 0.0221483942414175 0.03333333333333333
0 0.4498892580287931 0.3179065040650408 0.0221483942414175 0.03333333333333333
0 0.4925654322988414 0.2764430894308944 0.0221483942414175 0.03333333333333333
0 0.5820098317262242 0.44554878048780516 0.0221483942414175 0.03333333333333333
0 0.5285295627042649 0.4601829268292685 0.0221483942414175 0.03333333333333333
0 0.5350120195554114 0.4366056910569108 0.0221483942414175 0.03333333333333333
0 0.6192839586203172 0.4073373983739839 0.0221483942414175 0.03333333333333333
0 0.6387313291737569 0.3927032520325205 0.0221483942414175 0.03333333333333333
0 0.6911311887205251 0.4122154471544717 0.0221483942414175 0.03333333333333333
0 0.6462941955000946 0.35936991869918716 0.0221483942414175 0.03333333333333333
0 0.6554776760392188 0.32278455284552865 0.0221483942414175 0.03333333333333333
0 0.6857291413445696 0.33416666666666683 0.0221483942414175 0.03333333333333333
0 0.7127393782243471 0.3544918699186993 0.0221483942414175 0.03333333333333333
0 0.7143599924371338 0.40896341463414654 0.0221483942414175 0.03333333333333333
0 0.7743227183102396 0.40896341463414654 0.0221483942414175 0.03333333333333333
0 0.7910690651757017 0.3975813008130083 0.0221483942414175 0.03333333333333333
0 0.8099762309915459 0.3845731707317075 0.0221483942414175 0.03333333333333333
0 0.760817599870351 0.37237804878048797 0.0221483942414175 0.03333333333333333
0 0.7689206709342842 0.34148373983739855 0.0221483942414175 0.03333333333333333
0 0.777563946735813 0.3390447154471547 0.0221483942414175 0.03333333333333333
0 0.7327269535153824 0.3301016260162603 0.0221483942414175 0.03333333333333333
0 0.7046363071604139 0.3211585365853659 0.0221483942414175 0.03333333333333333
0 0.7257042919266402 0.30815040650406517 0.0221483942414175 0.03333333333333333
0 0.7689206709342842 0.3024593495934961 0.0221483942414175 0.03333333333333333
0 0.7548753477567999 0.29595528455284564 0.0221483942414175 0.03333333333333333
0 0.782425789374173 0.29920731707317083 0.0221483942414175 0.03333333333333333
0 0.7537949382816088 0.27644308943089446 0.0221483942414175 0.03333333333333333
0 0.757036166707182 0.26099593495934975 0.0221483942414175 0.03333333333333333
0 0.7970113172892527 0.2504268292682928 0.0221483942414175 0.03333333333333333
0 0.7948504983388706 0.29595528455284564 0.0221483942414175 0.03333333333333333
0 0.8240215541690302 0.29920731707317083 0.0221483942414175 0.03333333333333333
0 0.8256421683818169 0.32847560975609774 0.0221483942414175 0.03333333333333333
0 0.8369864678713235 0.3699390243902441 0.0221483942414175 0.03333333333333333
0 0.8099762309915459 0.32278455284552865 0.0221483942414175 0.03333333333333333
0 0.8434689247224699 0.29026422764227655 0.0221483942414175 0.03333333333333333
0 0.8467101531480433 0.3170934959349595 0.0221483942414175 0.03333333333333333
0 0.8769616184533939 0.3325406504065042 0.0221483942414175 0.03333333333333333
0 0.8677781379142696 0.3813211382113823 0.0221483942414175 0.03333333333333333
0 0.8931677605812606 0.33741869918699197 0.0221483942414175 0.03333333333333333
0 0.9234192258866112 0.3943292682926831 0.0221483942414175 0.03333333333333333
0 0.9574521243551307 0.3992073170731709 0.0221483942414175 0.03333333333333333
0 0.9687964238446373 0.42684959349593515 0.0221483942414175 0.03333333333333333
0 0.9963468654620105 0.3813211382113823 0.0221483942414175 0.03333333333333333
0 0.9833819517597172 0.33579268292682946 0.0221483942414175 0.03333333333333333
0 0.9687964238446373 0.33741869918699197 0.0221483942414175 0.03333333333333333
0 0.9871633849228859 0.288638211382114 0.0221483942414175 0.03333333333333333
0 0.9347635253761177 0.3301016260162603 0.0221483942414175 0.03333333333333333
0 0.9509696675039843 0.3154674796747969 0.0221483942414175 0.03333333333333333
0 0.9407057774896689 0.29107723577235783 0.0221483942414175 0.03333333333333333
0 0.8953285795316428 0.2918902439024392 0.0221483942414175 0.03333333333333333
0 0.8775018231909895 0.28457317073170746 0.0221483942414175 0.03333333333333333
0 0.92233881641142 0.34473577235772374 0.0221483942414175 0.03333333333333333
0 0.9385449585392867 0.26912601626016275 0.0221483942414175 0.03333333333333333
0 0.9520500769791754 0.2707520325203253 0.0221483942414175 0.03333333333333333
0 0.9590727385679174 0.2512398373983741 0.0221483942414175 0.03333333333333333
0 0.9482686438160065 0.22847560975609763 0.0221483942414175 0.03333333333333333
0 0.9650149906814683 0.2154674796747968 0.0221483942414175 0.03333333333333333
0 0.9731180617454018 0.22522357723577244 0.0221483942414175 0.03333333333333333
0 0.981221132809335 0.22522357723577244 0.0221483942414175 0.03333333333333333
0 0.9958066607244148 0.24636178861788627 0.0221483942414175 0.03333333333333333
0 0.9785201091213571 0.2553048780487806 0.0221483942414175 0.03333333333333333
0 0.9958066607244148 0.22197154471544717 0.0221483942414175 0.03333333333333333
0 0.982301542284526 0.2081504065040651 0.0221483942414175 0.03333333333333333
0 0.9720376522702107 0.2040853658536586 0.0221483942414175 0.03333333333333333
0 0.9914850228236504 0.18945121951219515 0.0221483942414175 0.03333333333333333
0 0.9741984712205929 0.18863821138211384 0.0221483942414175 0.03333333333333333
0 0.9531304864543663 0.1992073170731708 0.0221483942414175 0.03333333333333333
0 0.9196377927234423 0.22684959349593498 0.0221483942414175 0.03333333333333333
0 0.9250398400993979 0.21058943089430898 0.0221483942414175 0.03333333333333333
0 0.9272006590497801 0.19758130081300815 0.0221483942414175 0.03333333333333333
0 0.9158563595602736 0.1959552845528456 0.0221483942414175 0.03333333333333333
0 0.9347635253761177 0.19270325203252034 0.0221483942414175 0.03333333333333333
0 0.9082934932339357 0.20652439024390248 0.0221483942414175 0.03333333333333333
0 0.8974893984820248 0.2357926829268293 0.0221483942414175 0.03333333333333333
0 0.9104543121843179 0.25855691056910585 0.0221483942414175 0.03333333333333333
0 0.8769616184533939 0.23254065040650412 0.0221483942414175 0.03333333333333333
0 0.8748007995030117 0.20896341463414644 0.0221483942414175 0.03333333333333333
0 0.8866853037301138 0.1959552845528456 0.0221483942414175 0.03333333333333333
0 0.8537328147367853 0.24310975609756108 0.0221483942414175 0.03333333333333333
0 0.827802987332199 0.26099593495934975 0.0221483942414175 0.03333333333333333
0 0.8299638062825812 0.23335365853658543 0.0221483942414175 0.03333333333333333
0 0.8391472868217056 0.22522357723577244 0.0221483942414175 0.03333333333333333
0 0.8450895389352566 0.20489837398373992 0.0221483942414175 0.03333333333333333
0 0.7121991734867514 0.2788821138211383 0.0221483942414175 0.03333333333333333
0 0.695993031358885 0.2870121951219513 0.0221483942414175 0.03333333333333333
0 0.7197620398130892 0.24067073170731712 0.0221483942414175 0.03333333333333333
0 0.8256421683818169 0.20083333333333342 0.0221483942414175 0.03333333333333333
0 0.8126772546795237 0.21058943089430898 0.0221483942414175 0.03333333333333333
0 0.7899886557005107 0.22115853658536594 0.0221483942414175 0.03333333333333333
0 0.7716216946222619 0.23741869918699193 0.0221483942414175 0.03333333333333333
0 0.7797247656861951 0.2114024390243903 0.0221483942414175 0.03333333333333333
0 0.7889082462253195 0.1992073170731708 0.0221483942414175 0.03333333333333333
0 0.8024133646652083 0.19026422764227646 0.0221483942414175 0.03333333333333333
0 0.7743227183102396 0.1918902439024391 0.0221483942414175 0.03333333333333333
0 0.7532547335440133 0.21465447154471548 0.0221483942414175 0.03333333333333333
0 0.7586567809199687 0.1992073170731708 0.0221483942414175 0.03333333333333333
0 0.755955757231991 0.23010162601626025 0.0221483942414175 0.03333333333333333
0 0.7408300245793156 0.22684959349593498 0.0221483942414175 0.03333333333333333
0 0.7289455203522135 0.22115853658536594 0.0221483942414175 0.03333333333333333
0 0.7321867487777869 0.19758130081300815 0.0221483942414175 0.03333333333333333
0 0.744071253004889 0.19026422764227646 0.0221483942414175 0.03333333333333333
0 0.7024754882100317 0.23254065040650412 0.0221483942414175 0.03333333333333333
0 0.6830281176565918 0.22522357723577244 0.0221483942414175 0.03333333333333333
0 0.6927518029333118 0.20652439024390248 0.0221483942414175 0.03333333333333333
0 0.7094981497987738 0.1918902439024391 0.0221483942414175 0.03333333333333333
0 0.6716838181670854 0.22522357723577244 0.0221483942414175 0.03333333333333333
0 0.6614199281527698 0.2398577235772358 0.0221483942414175 0.03333333333333333
0 0.6581786997271967 0.2561178861788619 0.0221483942414175 0.03333333333333333
0 0.6754652513302543 0.2675000000000001 0.0221483942414175 0.03333333333333333
0 0.6711436134294898 0.20083333333333342 0.0221483942414175 0.03333333333333333
0 0.6878899602949519 0.19026422764227646 0.0221483942414175 0.03333333333333333
0 0.6527766523512412 0.21384146341463417 0.0221483942414175 0.03333333333333333
0 0.6435931718121167 0.1959552845528456 0.0221483942414175 0.03333333333333333
0 0.6597993139399834 0.19270325203252034 0.0221483942414175 0.03333333333333333
0 0.6246860059962727 0.19351626016260165 0.0221483942414175 0.03333333333333333
0 0.6171231396699349 0.20489837398373992 0.0221483942414175 0.03333333333333333
0 0.6252262107338682 0.24067073170731712 0.0221483942414175 0.03333333333333333
0 0.6398117386489479 0.22115853658536594 0.0221483942414175 0.03333333333333333
0 0.6101004780811927 0.28213414634146355 0.0221483942414175 0.03333333333333333
0 0.6138819112443616 0.2504268292682928 0.0221483942414175 0.03333333333333333
0 0.6171231396699349 0.23254065040650412 0.0221483942414175 0.03333333333333333
0 0.6036180212300463 0.22684959349593498 0.0221483942414175 0.03333333333333333
0 0.5965953596413041 0.21871951219512198 0.0221483942414175 0.03333333333333333
0 0.5890324933149663 0.18701219512195127 0.0221483942414175 0.03333333333333333
0 0.5652634848607622 0.1959552845528456 0.0221483942414175 0.03333333333333333
0 0.5436552953569402 0.1959552845528456 0.0221483942414175 0.03333333333333333
0 0.5706655322367177 0.2122154471544716 0.0221483942414175 0.03333333333333333
0 0.5641830753855711 0.22684959349593498 0.0221483942414175 0.03333333333333333
0 0.5652634848607622 0.25693089430894317 0.0221483942414175 0.03333333333333333
0 0.5685047132863356 0.30815040650406517 0.0221483942414175 0.03333333333333333
0 0.5857912648893931 0.2918902439024392 0.0221483942414175 0.03333333333333333
0 0.5949747454285174 0.30489837398374 0.0221483942414175 0.03333333333333333
0 0.5452759095697269 0.3268495934959351 0.0221483942414175 0.03333333333333333
0 0.547436728520109 0.29107723577235783 0.0221483942414175 0.03333333333333333
0 0.5269089484914782 0.31384146341463437 0.0221483942414175 0.03333333333333333
0 0.5366326337681981 0.2731910569105692 0.0221483942414175 0.03333333333333333
0 0.5490573427328957 0.24067073170731712 0.0221483942414175 0.03333333333333333
0 0.5485171379953001 0.21790650406504075 0.0221483942414175 0.03333333333333333
0 0.5290697674418604 0.23091463414634147 0.0221483942414175 0.03333333333333333
0 0.5058409637252519 0.3244105691056912 0.0221483942414175 0.03333333333333333
0 0.5902276962968966 0.24717479674796772 0.0221483942414175 0.03333333333333333
0 0.6075142478999542 0.17481707317073192 0.0221483942414175 0.03333333333333333
0 0.5097371903951599 0.2382317073170734 0.0221483942414175 0.03333333333333333
0 0.5081165761823733 0.2821341463414637 0.0221483942414175 0.03333333333333333
0 0.4811063393025957 0.22684959349593523 0.0221483942414175 0.03333333333333333
0 0.4789455203522136 0.2488008130081303 0.0221483942414175 0.03333333333333333
0 0.4621991734867516 0.20571138211382142 0.0221483942414175 0.03333333333333333
0 0.4443724171460985 0.1975813008130084 0.0221483942414175 0.03333333333333333
0 0.45193528347243606 0.18538617886178885 0.0221483942414175 0.03333333333333333
0 0.5010939145936312 0.20002032520325225 0.0221483942414175 0.03333333333333333
0 0.49299084352969785 0.20733739837398396 0.0221483942414175 0.03333333333333333
0 0.5075763714447777 0.16912601626016283 0.0221483942414175 0.03333333333333333
0 0.5118980093455421 0.18945121951219535 0.0221483942414175 0.03333333333333333
0 0.5183804661966886 0.19270325203252056 0.0221483942414175 0.03333333333333333
0 0.5286443562110041 0.19026422764227666 0.0221483942414175 0.03333333333333333
0 0.036092429030602544 0.18823170731707323 0.0221483942414175 0.03333333333333333
0 0.02312751532830936 0.22400406504065046 0.0221483942414175 0.03333333333333333
0 0.03447181481781589 0.21750000000000005 0.0221483942414175 0.03333333333333333
0 0.013944034789185043 0.2101829268292683 0.0221483942414175 0.03333333333333333
0 0.0031399400372740414 0.2101829268292683 0.0221483942414175 0.03333333333333333
0 0.03555222429300698 0.16302845528455287 0.0221483942414175 0.03333333333333333
0 0.05337898063366012 0.19229674796747973 0.0221483942414175 0.03333333333333333
0 0.05391918537125565 0.17278455284552843 0.0221483942414175 0.03333333333333333
0 0.07282635118709989 0.19229674796747973 0.0221483942414175 0.03333333333333333
0 0.009082192150825086 0.1231910569105691 0.0221483942414175 0.03333333333333333
0 0.004220349512465163 0.15002032520325206 0.0221483942414175 0.03333333333333333
0 0.00962239688842065 0.10042682926829267 0.0221483942414175 0.03333333333333333
0 0.013944034789185043 0.08823170731707312 0.0221483942414175 0.03333333333333333
0 0.0036801447748696023 0.08497967479674795 0.0221483942414175 0.03333333333333333
0 0.012863625313993952 0.06384146341463406 0.0221483942414175 0.03333333333333333
0 0.02204710585311827 0.05571138211382106 0.0221483942414175 0.03333333333333333
0 0.013944034789185043 0.05408536585365842 0.0221483942414175 0.03333333333333333
0 0.025288334278691572 0.03945121951219505 0.0221483942414175 0.03333333333333333
0 0.02096669637792718 0.049207317073170595 0.0221483942414175 0.03333333333333333
0 0.03501201955541145 0.0451422764227641 0.0221483942414175 0.03333333333333333
0 0.029609972179455966 0.03213414634146328 0.0221483942414175 0.03333333333333333
0 0.030690381654647058 0.021565040650406406 0.0221483942414175 0.03333333333333333
0 0.03393161008022036 0.014247967479674722 0.0221483942414175 0.03333333333333333
0 0.02204710585311827 0.006930894308942944 0.0221483942414175 0.03333333333333333
0 0.012863625313993952 0.02563008130081291 0.0221483942414175 0.03333333333333333
0 0.0036801447748696023 0.023191056910569045 0.0221483942414175 0.03333333333333333
0 0.030690381654647058 0.06221544715447142 0.0221483942414175 0.03333333333333333
0 0.033391405342624796 0.08335365853658534 0.0221483942414175 0.03333333333333333
0 0.04149447640655803 0.07197154471544706 0.0221483942414175 0.03333333333333333
0 0.05283877589606456 0.0760365853658536 0.0221483942414175 0.03333333333333333
0 0.047976933257704635 0.09473577235772358 0.0221483942414175 0.03333333333333333
0 0.04959754747049129 0.10611788617886177 0.0221483942414175 0.03333333333333333
0 0.04581611430732242 0.13376016260162601 0.0221483942414175 0.03333333333333333
0 0.021506901115522708 0.1118089430894309 0.0221483942414175 0.03333333333333333
0 0.06256246117278444 0.14270325203252032 0.0221483942414175 0.03333333333333333
0 0.07390676066229097 0.14839430894308941 0.0221483942414175 0.03333333333333333
0 0.0749871701374821 0.16546747967479675 0.0221483942414175 0.03333333333333333
0 0.08525106015179751 0.15002032520325206 0.0221483942414175 0.03333333333333333
0 0.09821597385409071 0.17359756097560974 0.0221483942414175 0.03333333333333333
0 0.11334170650676605 0.1996138211382114 0.0221483942414175 0.03333333333333333
0 0.11442211598195717 0.17034552845528458 0.0221483942414175 0.03333333333333333
0 0.1225251870458904 0.2109959349593496 0.0221483942414175 0.03333333333333333
0 0.12630662020905928 0.16302845528455287 0.0221483942414175 0.03333333333333333
0 0.13494989601058802 0.1557113821138211 0.0221483942414175 0.03333333333333333
0 0.15169624287605007 0.17359756097560974 0.0221483942414175 0.03333333333333333
0 0.15115603813845452 0.1979878048780488 0.0221483942414175 0.03333333333333333
0 0.1668219755287254 0.18904471544715448 0.0221483942414175 0.03333333333333333
0 0.18464873186937855 0.18823170731707323 0.0221483942414175 0.03333333333333333
0 0.18464873186937855 0.20367886178861788 0.0221483942414175 0.03333333333333333
0 0.1716838181670854 0.16302845528455287 0.0221483942414175 0.03333333333333333
0 0.18951057450773845 0.16546747967479675 0.0221483942414175 0.03333333333333333
0 0.1976136455716717 0.1557113821138211 0.0221483942414175 0.03333333333333333
0 0.20625692137320048 0.18091463414634149 0.0221483942414175 0.03333333333333333
0 0.22516408718904474 0.1833536585365854 0.0221483942414175 0.03333333333333333
0 0.22840531561461797 0.20367886178861788 0.0221483942414175 0.03333333333333333
0 0.23758879615374232 0.20936991869918706 0.0221483942414175 0.03333333333333333
0 0.2429908435296978 0.1996138211382114 0.0221483942414175 0.03333333333333333
0 0.21165896874915596 0.15733739837398378 0.0221483942414175 0.03333333333333333
0 0.2273249061394269 0.16871951219512193 0.0221483942414175 0.03333333333333333
0 0.25325473354401323 0.20855691056910572 0.0221483942414175 0.03333333333333333
0 0.13332928179780137 0.13782520325203254 0.0221483942414175 0.03333333333333333
0 0.14521378602490348 0.1353861788617886 0.0221483942414175 0.03333333333333333
0 0.13008805337222806 0.11018292682926827 0.0221483942414175 0.03333333333333333
0 0.15871890446479217 0.1231910569105691 0.0221483942414175 0.03333333333333333
0 0.15115603813845452 0.12075203252032518 0.0221483942414175 0.03333333333333333
0 0.14737460497528565 0.10530487804878044 0.0221483942414175 0.03333333333333333
0 0.16033951867757887 0.10367886178861786 0.0221483942414175 0.03333333333333333
0 0.17114361342948983 0.11587398373983741 0.0221483942414175 0.03333333333333333
0 0.1851889366069741 0.11343495934959345 0.0221483942414175 0.03333333333333333
0 0.19383221240850287 0.1231910569105691 0.0221483942414175 0.03333333333333333
0 0.20625692137320048 0.13619918699186992 0.0221483942414175 0.03333333333333333
0 0.22570429192664024 0.13782520325203254 0.0221483942414175 0.03333333333333333
0 0.23866920562893343 0.13945121951219508 0.0221483942414175 0.03333333333333333
0 0.25325473354401323 0.17034552845528458 0.0221483942414175 0.03333333333333333
0 0.26567944250871084 0.16546747967479675 0.0221483942414175 0.03333333333333333
0 0.2710814898846664 0.19067073170731708 0.0221483942414175 0.03333333333333333
0 0.283506198849364 0.1979878048780488 0.0221483942414175 0.03333333333333333
0 0.2770237419982174 0.17359756097560974 0.0221483942414175 0.03333333333333333
0 0.29809172676444384 0.18660569105691058 0.0221483942414175 0.03333333333333333
0 0.31105664046673703 0.20530487804878053 0.0221483942414175 0.03333333333333333
0 0.3040339788779949 0.2158739837398374 0.0221483942414175 0.03333333333333333
0 0.33266482997055896 0.19392276422764226 0.0221483942414175 0.03333333333333333
0 0.3450895389352566 0.18010162601626017 0.0221483942414175 0.03333333333333333
0 0.3564338384247631 0.17359756097560974 0.0221483942414175 0.03333333333333333
0 0.36669772843907855 0.17766260162601624 0.0221483942414175 0.03333333333333333
0 0.3683183426518652 0.20123983739837403 0.0221483942414175 0.03333333333333333
0 0.09767576911649516 0.13782520325203254 0.0221483942414175 0.03333333333333333
0 0.07930880803824646 0.11587398373983741 0.0221483942414175 0.03333333333333333
0 0.11442211598195717 0.12075203252032518 0.0221483942414175 0.03333333333333333
0 0.11712313966993491 0.10449186991869919 0.0221483942414175 0.03333333333333333
0 0.09983658806687734 0.10936991869918695 0.0221483942414175 0.03333333333333333
0 0.10253761175485508 0.09392276422764226 0.0221483942414175 0.03333333333333333
0 0.09065310752775299 0.09798780487804876 0.0221483942414175 0.03333333333333333
0 0.06580368959835774 0.10123983739837393 0.0221483942414175 0.03333333333333333
0 0.06904491802393103 0.08254065040650403 0.0221483942414175 0.03333333333333333
0 0.06148205169759335 0.06465447154471539 0.0221483942414175 0.03333333333333333
0 0.07174594171190879 0.06465447154471539 0.0221483942414175 0.03333333333333333
0 0.06958512276152658 0.04676829268292673 0.0221483942414175 0.03333333333333333
0 0.07876860330065093 0.04676829268292673 0.0221483942414175 0.03333333333333333
0 0.08038921751343758 0.027256097560975547 0.0221483942414175 0.03333333333333333
0 0.06904491802393103 0.023191056910569045 0.0221483942414175 0.03333333333333333
0 0.062022256435188904 0.028882113821138092 0.0221483942414175 0.03333333333333333
0 0.05283877589606456 0.021565040650406406 0.0221483942414175 0.03333333333333333
0 0.05986143748480669 0.041890243902438916 0.0221483942414175 0.03333333333333333
0 0.08741187910217972 0.08254065040650403 0.0221483942414175 0.03333333333333333
0 0.11928395862031708 0.08416666666666663 0.0221483942414175 0.03333333333333333
0 0.1295478486346325 0.09067073170731703 0.0221483942414175 0.03333333333333333
0 0.140892148124139 0.07847560975609752 0.0221483942414175 0.03333333333333333
0 0.11010047808119275 0.07034552845528452 0.0221483942414175 0.03333333333333333
0 0.11496232071955273 0.0614024390243902 0.0221483942414175 0.03333333333333333
0 0.11874375388272153 0.0451422764227641 0.0221483942414175 0.03333333333333333
0 0.1273870296842503 0.05571138211382106 0.0221483942414175 0.03333333333333333
0 0.1376509196985658 0.0451422764227641 0.0221483942414175 0.03333333333333333
0 0.12576641547146372 0.03945121951219505 0.0221483942414175 0.03333333333333333
0 0.09713556437889959 0.03945121951219505 0.0221483942414175 0.03333333333333333
0 0.15169624287605007 0.0760365853658536 0.0221483942414175 0.03333333333333333
0 0.1630405423655566 0.06709349593495925 0.0221483942414175 0.03333333333333333
0 0.18086729870620968 0.05977642276422756 0.0221483942414175 0.03333333333333333
0 0.16952299921670314 0.05408536585365842 0.0221483942414175 0.03333333333333333
0 0.16574156605353435 0.048394308943089374 0.0221483942414175 0.03333333333333333
0 0.16087972341517437 0.03945121951219505 0.0221483942414175 0.03333333333333333
0 0.15277665235124113 0.05083333333333324 0.0221483942414175 0.03333333333333333
0 0.1446735812873079 0.0614024390243902 0.0221483942414175 0.03333333333333333
0 0.2446114577424845 0.005304878048780401 0.0221483942414175 0.03333333333333333
0 0.23704859141614676 0.014247967479674722 0.0221483942414175 0.03333333333333333
0 0.23002592982740466 0.015060975609755948 0.0221483942414175 0.03333333333333333
0 0.22354347297625804 0.022378048780487728 0.0221483942414175 0.03333333333333333
0 0.21868163033789811 0.015060975609755948 0.0221483942414175 0.03333333333333333
0 0.21003835453636935 0.022378048780487728 0.0221483942414175 0.03333333333333333
0 0.19113118872052515 0.028882113821138092 0.0221483942414175 0.03333333333333333
0 0.17654566080544531 0.028882113821138092 0.0221483942414175 0.03333333333333333
0 0.16790238500391652 0.006930894308942944 0.0221483942414175 0.03333333333333333
0 0.18680955081976072 0.04758130081300806 0.0221483942414175 0.03333333333333333
0 0.173304432379872 0.03945121951219505 0.0221483942414175 0.03333333333333333
0 0.1922115981957162 0.04351626016260155 0.0221483942414175 0.03333333333333333
0 0.20463630716041387 0.048394308943089374 0.0221483942414175 0.03333333333333333
0 0.20463630716041387 0.03457317073170723 0.0221483942414175 0.03333333333333333
0 0.21868163033789811 0.03945121951219505 0.0221483942414175 0.03333333333333333
0 0.20571671663560492 0.05815040650406492 0.0221483942414175 0.03333333333333333
0 0.19923425978445838 0.06628048780487793 0.0221483942414175 0.03333333333333333
0 0.19005077924533403 0.08579268292682926 0.0221483942414175 0.03333333333333333
0 0.21003835453636935 0.10367886178861786 0.0221483942414175 0.03333333333333333
0 0.200854873997245 0.09310975609756095 0.0221483942414175 0.03333333333333333
0 0.20625692137320048 0.07441056910569102 0.0221483942414175 0.03333333333333333
0 0.21381978769953822 0.11912601626016259 0.0221483942414175 0.03333333333333333
0 0.2208424492882803 0.11587398373983741 0.0221483942414175 0.03333333333333333
0 0.21868163033789811 0.0760365853658536 0.0221483942414175 0.03333333333333333
0 0.2359681819409557 0.11912601626016259 0.0221483942414175 0.03333333333333333
0 0.2397496151041245 0.10123983739837393 0.0221483942414175 0.03333333333333333
0 0.24947330038084442 0.11343495934959345 0.0221483942414175 0.03333333333333333
0 0.23002592982740466 0.09961382113821135 0.0221483942414175 0.03333333333333333
0 0.24191043405450674 0.09067073170731703 0.0221483942414175 0.03333333333333333
0 0.2294857250898091 0.07441056910569102 0.0221483942414175 0.03333333333333333
0 0.2602773951327554 0.1353861788617886 0.0221483942414175 0.03333333333333333
0 0.4812211328093349 0.17359756097560974 0.0221483942414175 0.03333333333333333
0 0.4693366285822329 0.17034552845528458 0.0221483942414175 0.03333333333333333
0 0.4682562191070418 0.15002032520325206 0.0221483942414175 0.03333333333333333
0 0.4893242038732682 0.13782520325203254 0.0221483942414175 0.03333333333333333
0 0.4968870701996059 0.12806910569105692 0.0221483942414175 0.03333333333333333
0 0.4898644086108637 0.10286585365853658 0.0221483942414175 0.03333333333333333
0 0.4941860465116281 0.08985772357723576 0.0221483942414175 0.03333333333333333
0 0.4904046133484593 0.07115853658536575 0.0221483942414175 0.03333333333333333
0 0.482301542284526 0.07766260162601625 0.0221483942414175 0.03333333333333333
0 0.46609540015665957 0.09148373983739835 0.0221483942414175 0.03333333333333333
0 0.46069335278070406 0.11912601626016259 0.0221483942414175 0.03333333333333333
0 0.4693366285822329 0.1077439024390244 0.0221483942414175 0.03333333333333333
0 0.48176133754693046 0.05896341463414624 0.0221483942414175 0.03333333333333333
0 0.46015314804310853 0.1524593495934959 0.0221483942414175 0.03333333333333333
0 0.454751100667153 0.15002032520325206 0.0221483942414175 0.03333333333333333
0 0.44340680117764647 0.1557113821138211 0.0221483942414175 0.03333333333333333
0 0.4504294627663887 0.1646544715447154 0.0221483942414175 0.03333333333333333
0 0.44124598222726436 0.17441056910569108 0.0221483942414175 0.03333333333333333
0 0.4142357453474868 0.1670934959349594 0.0221483942414175 0.03333333333333333
0 0.42071820219863343 0.17441056910569108 0.0221483942414175 0.03333333333333333
0 0.4018110363827892 0.17603658536585368 0.0221483942414175 0.03333333333333333
0 0.4055924695459581 0.1979878048780488 0.0221483942414175 0.03333333333333333
0 0.3991100126948115 0.18904471544715448 0.0221483942414175 0.03333333333333333
0 0.38938632741809165 0.2101829268292683 0.0221483942414175 0.03333333333333333
0 0.382903870566945 0.17603658536585368 0.0221483942414175 0.03333333333333333
0 0.376961618453394 0.16302845528455287 0.0221483942414175 0.03333333333333333
0 0.38506468951732714 0.1557113821138211 0.0221483942414175 0.03333333333333333
0 0.4012708316451937 0.1557113821138211 0.0221483942414175 0.03333333333333333
0 0.41909758798584673 0.14839430894308941 0.0221483942414175 0.03333333333333333
0 0.4331429111633311 0.15083333333333335 0.0221483942414175 0.03333333333333333
0 0.44286659644005094 0.1353861788617886 0.0221483942414175 0.03333333333333333
0 0.44016557275207324 0.11749999999999995 0.0221483942414175 0.03333333333333333
0 0.42990168273775786 0.09392276422764226 0.0221483942414175 0.03333333333333333
0 0.4174769737730602 0.11912601626016259 0.0221483942414175 0.03333333333333333
0 0.4180171785106558 0.09798780487804876 0.0221483942414175 0.03333333333333333
0 0.3315844204953679 0.16302845528455287 0.0221483942414175 0.03333333333333333
0 0.3061947978283771 0.16302845528455287 0.0221483942414175 0.03333333333333333
0 0.31537827836750143 0.1646544715447154 0.0221483942414175 0.03333333333333333
0 0.29485049833887056 0.16302845528455287 0.0221483942414175 0.03333333333333333
0 0.2964711125516572 0.14107723577235773 0.0221483942414175 0.03333333333333333
0 0.2872876320125329 0.13050813008130077 0.0221483942414175 0.03333333333333333
0 0.2959309078140616 0.12481707317073168 0.0221483942414175 0.03333333333333333
0 0.31591848310509696 0.14514227642276423 0.0221483942414175 0.03333333333333333
0 0.31861950679307466 0.12075203252032518 0.0221483942414175 0.03333333333333333
0 0.31051643572914145 0.11343495934959345 0.0221483942414175 0.03333333333333333
0 0.3056545930907815 0.10367886178861786 0.0221483942414175 0.03333333333333333
0 0.3342854441833456 0.13376016260162601 0.0221483942414175 0.03333333333333333
0 0.3450895389352566 0.12888211382113823 0.0221483942414175 0.03333333333333333
0 0.3396874915593011 0.11343495934959345 0.0221483942414175 0.03333333333333333
0 0.34887097209842544 0.11912601626016259 0.0221483942414175 0.03333333333333333
0 0.3332050347081545 0.1077439024390244 0.0221483942414175 0.03333333333333333
0 0.3342854441833456 0.08823170731707312 0.0221483942414175 0.03333333333333333
0 0.32024012100586136 0.10286585365853658 0.0221483942414175 0.03333333333333333
0 0.31969991626826577 0.08823170731707312 0.0221483942414175 0.03333333333333333
0 0.34562974367285215 0.08579268292682926 0.0221483942414175 0.03333333333333333
0 0.3515719957864032 0.09554878048780484 0.0221483942414175 0.03333333333333333
0 0.3618358858007186 0.15002032520325206 0.0221483942414175 0.03333333333333333
0 0.35481322421197653 0.15815040650406506 0.0221483942414175 0.03333333333333333
0 0.35913486211274087 0.13782520325203254 0.0221483942414175 0.03333333333333333
0 0.3742605947654162 0.13945121951219508 0.0221483942414175 0.03333333333333333
0 0.3834440753045406 0.14351626016260163 0.0221483942414175 0.03333333333333333
0 0.3942481700564516 0.14107723577235773 0.0221483942414175 0.03333333333333333
0 0.393707965318856 0.12806910569105692 0.0221483942414175 0.03333333333333333
0 0.4007306269075982 0.10936991869918695 0.0221483942414175 0.03333333333333333
0 0.3872255084677094 0.09392276422764226 0.0221483942414175 0.03333333333333333
0 0.3926275558436649 0.09148373983739835 0.0221483942414175 0.03333333333333333
0 0.3926275558436649 0.07359756097560971 0.0221483942414175 0.03333333333333333
0 0.40721308375874476 0.07115853658536575 0.0221483942414175 0.03333333333333333
0 0.40883369797153135 0.027256097560975547 0.0221483942414175 0.03333333333333333
0 0.4163965642978691 0.04676829268292673 0.0221483942414175 0.03333333333333333
0 0.42449963536180224 0.05083333333333324 0.0221483942414175 0.03333333333333333
0 0.42071820219863343 0.017499999999999905 0.0221483942414175 0.03333333333333333
0 0.38992653215568723 0.01018292682926822 0.0221483942414175 0.03333333333333333
0 0.3818234610917539 0.021565040650406406 0.0221483942414175 0.03333333333333333
0 0.3796626421413717 0.07441056910569102 0.0221483942414175 0.03333333333333333
0 0.3645369094886963 0.08416666666666663 0.0221483942414175 0.03333333333333333
0 0.38020284687896727 0.10449186991869919 0.0221483942414175 0.03333333333333333
0 0.3758812089782029 0.09148373983739835 0.0221483942414175 0.03333333333333333
0 0.2694608756718797 0.10611788617886177 0.0221483942414175 0.03333333333333333
0 0.2570361667071821 0.10611788617886177 0.0221483942414175 0.03333333333333333
0 0.2710814898846664 0.09148373983739835 0.0221483942414175 0.03333333333333333
0 0.2645990330335198 0.08172764227642276 0.0221483942414175 0.03333333333333333
0 0.2548753477567999 0.07359756097560971 0.0221483942414175 0.03333333333333333
0 0.24893309564324884 0.05489837398373974 0.0221483942414175 0.03333333333333333
0 0.25811657618237316 0.022378048780487728 0.0221483942414175 0.03333333333333333
0 0.2775639467358129 0.08416666666666663 0.0221483942414175 0.03333333333333333
0 0.2872876320125329 0.08010162601626011 0.0221483942414175 0.03333333333333333
0 0.2700010804094753 0.06546747967479671 0.0221483942414175 0.03333333333333333
0 0.26351862355832867 0.06790650406504058 0.0221483942414175 0.03333333333333333
0 0.2732423088350486 0.05408536585365842 0.0221483942414175 0.03333333333333333
0 0.2764835372606218 0.03701219512195109 0.0221483942414175 0.03333333333333333
0 0.27540312778543075 0.021565040650406406 0.0221483942414175 0.03333333333333333
0 0.2813453798989818 0.023191056910569045 0.0221483942414175 0.03333333333333333
0 0.2916092699132973 0.022378048780487728 0.0221483942414175 0.03333333333333333
0 0.29701131728925273 0.019126016260162543 0.0221483942414175 0.03333333333333333
0 0.31105664046673703 0.019939024390243767 0.0221483942414175 0.03333333333333333
0 0.2991721362396349 0.04351626016260155 0.0221483942414175 0.03333333333333333
0 0.3056545930907815 0.03701219512195109 0.0221483942414175 0.03333333333333333
0 0.309976230991546 0.03213414634146328 0.0221483942414175 0.03333333333333333
0 0.2916092699132973 0.06709349593495925 0.0221483942414175 0.03333333333333333
0 0.28944845096291505 0.05083333333333324 0.0221483942414175 0.03333333333333333
0 0.3045741836155904 0.06871951219512189 0.0221483942414175 0.03333333333333333
0 0.309976230991546 0.08254065040650403 0.0221483942414175 0.03333333333333333
0 0.3148380736299059 0.07359756097560971 0.0221483942414175 0.03333333333333333
0 0.3142978688923103 0.05083333333333324 0.0221483942414175 0.03333333333333333
0 0.32888339680739015 0.06221544715447142 0.0221483942414175 0.03333333333333333
0 0.326722577857008 0.05408536585365842 0.0221483942414175 0.03333333333333333
0 0.32564216838181687 0.03376016260162591 0.0221483942414175 0.03333333333333333
0 0.3477905626232343 0.03701219512195109 0.0221483942414175 0.03333333333333333
0 0.34130810577208776 0.05408536585365842 0.0221483942414175 0.03333333333333333
0 0.355353428949572 0.048394308943089374 0.0221483942414175 0.03333333333333333
0 0.3402276962968967 0.07441056910569102 0.0221483942414175 0.03333333333333333
0 0.35319260999918983 0.06871951219512189 0.0221483942414175 0.03333333333333333
0 0.38776571320530495 0.11262195121951218 0.0221483942414175 0.03333333333333333
0 0.37101936633984295 0.11749999999999995 0.0221483942414175 0.03333333333333333
0 0.382903870566945 0.12481707317073168 0.0221483942414175 0.03333333333333333
0 0.5056282581098234 0.054085365853658515 0.0221483942414175 0.03333333333333333
0 0.5137313291737566 0.050833333333333335 0.0221483942414175 0.03333333333333333
0 0.5380405423655563 0.03213414634146337 0.0221483942414175 0.03333333333333333
0 0.528857061826432 0.04676829268292683 0.0221483942414175 0.03333333333333333
0 0.5239952191880721 0.06302845528455284 0.0221483942414175 0.03333333333333333
0 0.533718904464792 0.06384146341463416 0.0221483942414175 0.03333333333333333
0 0.5531662750182318 0.06628048780487802 0.0221483942414175 0.03333333333333333
0 0.5699126218836937 0.032947154471544685 0.0221483942414175 0.03333333333333333
0 0.5688322124085027 0.04676829268292683 0.0221483942414175 0.03333333333333333
0 0.5871991734867513 0.05815040650406502 0.0221483942414175 0.03333333333333333
0 0.5936816303378979 0.04676829268292683 0.0221483942414175 0.03333333333333333
0 0.6001640871890445 0.06221544715447152 0.0221483942414175 0.03333333333333333
0 0.628254733544013 0.054085365853658515 0.0221483942414175 0.03333333333333333
0 0.6271743240688219 0.07603658536585366 0.0221483942414175 0.03333333333333333
0 0.6169104340545064 0.0817276422764228 0.0221483942414175 0.03333333333333333
0 0.6028651108770222 0.0857926829268293 0.0221483942414175 0.03333333333333333
0 0.5807167166356048 0.0817276422764228 0.0221483942414175 0.03333333333333333
0 0.5580281176565917 0.0857926829268293 0.0221483942414175 0.03333333333333333
0 0.5515456608054451 0.0817276422764228 0.0221483942414175 0.03333333333333333
0 0.539661156578343 0.07847560975609758 0.0221483942414175 0.03333333333333333
0 0.5245354239256677 0.0817276422764228 0.0221483942414175 0.03333333333333333
0 0.5158921481241389 0.0874186991869919 0.0221483942414175 0.03333333333333333
0 0.5083292817978011 0.08091463414634148 0.0221483942414175 0.03333333333333333
0 0.5045478486346323 0.10042682926829272 0.0221483942414175 0.03333333333333333
0 0.5077890770602056 0.09717479674796749 0.0221483942414175 0.03333333333333333
0 0.5175127623369256 0.11180894308943096 0.0221483942414175 0.03333333333333333
0 0.5072488723226101 0.13376016260162604 0.0221483942414175 0.03333333333333333
0 0.5072488723226101 0.1175 0.0221483942414175 0.03333333333333333
0 0.4872612970315747 0.1175 0.0221483942414175 0.03333333333333333
0 0.4975251870458902 0.1597764227642277 0.0221483942414175 0.03333333333333333
0 0.5142715339113522 0.14514227642276428 0.0221483942414175 0.03333333333333333
0 0.5326384949896008 0.14270325203252038 0.0221483942414175 0.03333333333333333
0 0.5256158334008587 0.13213414634146348 0.0221483942414175 0.03333333333333333
0 0.5304776760392187 0.11587398373983746 0.0221483942414175 0.03333333333333333
0 0.5326384949896008 0.10774390243902446 0.0221483942414175 0.03333333333333333
0 0.5407415660535341 0.1036788617886179 0.0221483942414175 0.03333333333333333
0 0.5591085271317827 0.109369918699187 0.0221483942414175 0.03333333333333333
0 0.5429023850039162 0.13376016260162604 0.0221483942414175 0.03333333333333333
0 0.5331786997271964 0.12481707317073173 0.0221483942414175 0.03333333333333333
0 0.5412817707911297 0.1703455284552846 0.0221483942414175 0.03333333333333333
0 0.5207539907624987 0.1760365853658537 0.0221483942414175 0.03333333333333333
0 0.556407503443805 0.18823170731707325 0.0221483942414175 0.03333333333333333
0 0.5520858655430406 0.1719715447154472 0.0221483942414175 0.03333333333333333
0 0.556407503443805 0.1597764227642277 0.0221483942414175 0.03333333333333333
0 0.5704528266212893 0.14107723577235778 0.0221483942414175 0.03333333333333333
0 0.5639703697701427 0.15002032520325212 0.0221483942414175 0.03333333333333333
0 0.5666713934581205 0.13213414634146348 0.0221483942414175 0.03333333333333333
0 0.5699126218836937 0.16709349593495942 0.0221483942414175 0.03333333333333333
0 0.5871991734867513 0.1597764227642277 0.0221483942414175 0.03333333333333333
0 0.5801765118980092 0.17928861788617895 0.0221483942414175 0.03333333333333333
0 0.5736940550468625 0.18497967479674804 0.0221483942414175 0.03333333333333333
0 0.6001640871890445 0.14676829268292688 0.0221483942414175 0.03333333333333333
0 0.5963826540258756 0.1654674796747968 0.0221483942414175 0.03333333333333333
0 0.6142094103665288 0.13945121951219513 0.0221483942414175 0.03333333333333333
0 0.5807167166356048 0.13619918699186997 0.0221483942414175 0.03333333333333333
0 0.5801765118980092 0.11424796747967482 0.0221483942414175 0.03333333333333333
0 0.5726136455716715 0.12075203252032524 0.0221483942414175 0.03333333333333333
0 0.5699126218836937 0.10693089430894313 0.0221483942414175 0.03333333333333333
0 0.5753146692596492 0.09229674796747966 0.0221483942414175 0.03333333333333333
0 0.5850383545363691 0.0914837398373984 0.0221483942414175 0.03333333333333333
0 0.5904404019123246 0.0996138211382114 0.0221483942414175 0.03333333333333333
0 0.6017847014018312 0.1134349593495935 0.0221483942414175 0.03333333333333333
0 0.5931414256003023 0.11912601626016264 0.0221483942414175 0.03333333333333333
0 0.6169104340545064 0.109369918699187 0.0221483942414175 0.03333333333333333
0 0.6358175998703507 0.10205284552845531 0.0221483942414175 0.03333333333333333
0 0.6395990330335195 0.1288821138211383 0.0221483942414175 0.03333333333333333
0 0.6520237419982172 0.09473577235772362 0.0221483942414175 0.03333333333333333
0 0.6477021040974528 0.11099593495934963 0.0221483942414175 0.03333333333333333
0 0.650943332523026 0.06221544715447152 0.0221483942414175 0.03333333333333333
0 0.6568855846365771 0.054085365853658515 0.0221483942414175 0.03333333333333333
0 0.6622876320125326 0.04351626016260165 0.0221483942414175 0.03333333333333333
0 0.6617474272749371 0.07197154471544716 0.0221483942414175 0.03333333333333333
0 0.6622876320125326 0.12319105691056914 0.0221483942414175 0.03333333333333333
0 0.6644484509629148 0.10042682926829272 0.0221483942414175 0.03333333333333333
0 0.6779535694028035 0.0996138211382114 0.0221483942414175 0.03333333333333333
0 0.6811947978283769 0.0857926829268293 0.0221483942414175 0.03333333333333333
0 0.6487825135726439 0.13945121951219513 0.0221483942414175 0.03333333333333333
0 0.6525639467358127 0.16465447154471546 0.0221483942414175 0.03333333333333333
0 0.640139237771115 0.1719715447154472 0.0221483942414175 0.03333333333333333
0 0.6298753477567997 0.15002032520325212 0.0221483942414175 0.03333333333333333
0 0.6477021040974528 0.17928861788617895 0.0221483942414175 0.03333333333333333
0 0.6957803257434566 0.13538617886178864 0.0221483942414175 0.03333333333333333
0 0.6903782783675011 0.15571138211382116 0.0221483942414175 0.03333333333333333
0 0.6736319315020391 0.15002032520325212 0.0221483942414175 0.03333333333333333
0 0.6698504983388703 0.16465447154471546 0.0221483942414175 0.03333333333333333
0 0.6865968452043323 0.1735975609756098 0.0221483942414175 0.03333333333333333
0 0.6698504983388703 0.13376016260162604 0.0221483942414175 0.03333333333333333
0 0.7065844204953676 0.1703455284552846 0.0221483942414175 0.03333333333333333
0 0.7006421683818165 0.18091463414634154 0.0221483942414175 0.03333333333333333
0 0.7389967047511006 0.1735975609756098 0.0221483942414175 0.03333333333333333
0 0.7654667368932825 0.1760365853658537 0.0221483942414175 0.03333333333333333
0 0.7751904221700023 0.1719715447154472 0.0221483942414175 0.03333333333333333
0 0.7881553358722955 0.18335365853658545 0.0221483942414175 0.03333333333333333
0 0.7568234610917536 0.14270325203252038 0.0221483942414175 0.03333333333333333
0 0.7416977284390783 0.15083333333333337 0.0221483942414175 0.03333333333333333
0 0.7260317910488074 0.12806910569105695 0.0221483942414175 0.03333333333333333
0 0.721710153148043 0.11587398373983746 0.0221483942414175 0.03333333333333333
0 0.722790562623234 0.15245934959349597 0.0221483942414175 0.03333333333333333
0 0.7173885152472785 0.13376016260162604 0.0221483942414175 0.03333333333333333
0 0.711986467871323 0.14839430894308947 0.0221483942414175 0.03333333333333333
0 0.7098256489209409 0.13376016260162604 0.0221483942414175 0.03333333333333333
0 0.7011823731194121 0.12156504065040655 0.0221483942414175 0.03333333333333333
0 0.6984813494314344 0.10042682926829272 0.0221483942414175 0.03333333333333333
0 0.6876772546795235 0.0695325203252033 0.0221483942414175 0.03333333333333333
0 0.6946999162682654 0.04676829268292683 0.0221483942414175 0.03333333333333333
0 0.7136070820841097 0.05815040650406502 0.0221483942414175 0.03333333333333333
0 0.7292730194743806 0.06709349593495934 0.0221483942414175 0.03333333333333333
0 0.7136070820841097 0.07522357723577235 0.0221483942414175 0.03333333333333333
0 0.7055040110201766 0.0695325203252033 0.0221483942414175 0.03333333333333333
0 0.7200895389352563 0.07441056910569108 0.0221483942414175 0.03333333333333333
0 0.7622255084677092 0.05815040650406502 0.0221483942414175 0.03333333333333333
0 0.7443987521270561 0.08254065040650407 0.0221483942414175 0.03333333333333333
0 0.7568234610917536 0.08416666666666667 0.0221483942414175 0.03333333333333333
0 0.7638461226804958 0.09880081300813012 0.0221483942414175 0.03333333333333333
0 0.726571995786403 0.09798780487804881 0.0221483942414175 0.03333333333333333
0 0.7368358858007183 0.11018292682926832 0.0221483942414175 0.03333333333333333
0 0.760064689517327 0.11424796747967482 0.0221483942414175 0.03333333333333333
0 0.7498007995030116 0.12806910569105695 0.0221483942414175 0.03333333333333333
0 0.7757306269075979 0.14514227642276428 0.0221483942414175 0.03333333333333333
0 0.7822130837587444 0.12806910569105695 0.0221483942414175 0.03333333333333333
0 0.7724893984820246 0.12644308943089433 0.0221483942414175 0.03333333333333333
0 0.7967986116738243 0.14514227642276428 0.0221483942414175 0.03333333333333333
0 0.7849141074467222 0.14107723577235778 0.0221483942414175 0.03333333333333333
0 0.8016604543121842 0.13213414634146348 0.0221483942414175 0.03333333333333333
0 0.8065222969505442 0.14514227642276428 0.0221483942414175 0.03333333333333333
0 0.8059820922129487 0.16465447154471546 0.0221483942414175 0.03333333333333333
0 0.7973388164114198 0.1614024390243903 0.0221483942414175 0.03333333333333333
0 0.8194872106528373 0.18741869918699194 0.0221483942414175 0.03333333333333333
0 0.8297511006671529 0.1776626016260163 0.0221483942414175 0.03333333333333333
0 0.8238088485536018 0.1597764227642277 0.0221483942414175 0.03333333333333333
0 0.8243490532911973 0.14676829268292688 0.0221483942414175 0.03333333333333333
0 0.831911919617535 0.13619918699186997 0.0221483942414175 0.03333333333333333
0 0.843796423844637 0.14107723577235778 0.0221483942414175 0.03333333333333333
0 0.8546005185965481 0.1288821138211383 0.0221483942414175 0.03333333333333333
0 0.8491984712205926 0.16709349593495942 0.0221483942414175 0.03333333333333333
0 0.8610829754476946 0.1735975609756098 0.0221483942414175 0.03333333333333333
0 0.8616231801852902 0.1573373983739838 0.0221483942414175 0.03333333333333333
0 0.8697262512492234 0.14270325203252038 0.0221483942414175 0.03333333333333333
0 0.8783695270507522 0.12319105691056914 0.0221483942414175 0.03333333333333333
0 0.8983571023417876 0.13538617886178864 0.0221483942414175 0.03333333333333333
0 0.8961962833914053 0.14676829268292688 0.0221483942414175 0.03333333333333333
0 0.8961962833914053 0.1597764227642277 0.0221483942414175 0.03333333333333333
0 0.8837715744267077 0.1719715447154472 0.0221483942414175 0.03333333333333333
0 0.87134686546201 0.1760365853658537 0.0221483942414175 0.03333333333333333
0 0.8729674796747967 0.19392276422764232 0.0221483942414175 0.03333333333333333
0 0.9237467250087783 0.1719715447154472 0.0221483942414175 0.03333333333333333
0 0.9129426302568674 0.1614024390243903 0.0221483942414175 0.03333333333333333
0 0.9280683629095426 0.13213414634146348 0.0221483942414175 0.03333333333333333
0 0.9183446776328228 0.13376016260162604 0.0221483942414175 0.03333333333333333
0 0.9334704102854982 0.15408536585365862 0.0221483942414175 0.03333333333333333
0 0.9215859060583962 0.15002032520325212 0.0221483942414175 0.03333333333333333
0 0.9599404424276802 0.1760365853658537 0.0221483942414175 0.03333333333333333
0 0.9334704102854982 0.1719715447154472 0.0221483942414175 0.03333333333333333
0 0.9518373713637468 0.15002032520325212 0.0221483942414175 0.03333333333333333
0 0.9675033087540177 0.14351626016260166 0.0221483942414175 0.03333333333333333
0 0.9745259703427599 0.15408536585365862 0.0221483942414175 0.03333333333333333
0 0.9572394187397023 0.10123983739837399 0.0221483942414175 0.03333333333333333
0 0.9631816708532533 0.13213414634146348 0.0221483942414175 0.03333333333333333
0 0.9464353239877914 0.09067073170731708 0.0221483942414175 0.03333333333333333
0 0.9388724576614537 0.09310975609756099 0.0221483942414175 0.03333333333333333
0 0.9226663155335871 0.0817276422764228 0.0221483942414175 0.03333333333333333
0 0.8924148502282365 0.07847560975609758 0.0221483942414175 0.03333333333333333
0 0.8686458417740324 0.08660569105691057 0.0221483942414175 0.03333333333333333
0 0.8621633849228857 0.08416666666666667 0.0221483942414175 0.03333333333333333
0 0.8767489128379655 0.07928861788617889 0.0221483942414175 0.03333333333333333
0 0.8400149906814682 0.06628048780487802 0.0221483942414175 0.03333333333333333
0 0.8502788806957836 0.09392276422764231 0.0221483942414175 0.03333333333333333
0 0.8232686438160063 0.07928861788617889 0.0221483942414175 0.03333333333333333
0 0.8184068011776463 0.07278455284552848 0.0221483942414175 0.03333333333333333
0 0.8108439348513086 0.0735975609756098 0.0221483942414175 0.03333333333333333
0 0.8027408637873753 0.07034552845528462 0.0221483942414175 0.03333333333333333
0 0.7897759500850822 0.08497967479674799 0.0221483942414175 0.03333333333333333
0 0.9898144491167747 0.09446969696969693 0.0221483942414175 0.03333333333333333
0 0.9973069566092824 0.09522144522144518 0.0221483942414175 0.03333333333333333
0 0.9968074561097818 0.12078088578088578 0.0221483942414175 0.03333333333333333
0 0.9593449186472444 0.1200291375291375 0.0221483942414175 0.03333333333333333
0 0.9923119516142773 0.1621270396270396 0.0221483942414175 0.03333333333333333
