0 0.15735738474779234 0.7740592101980742 0.01953125 0.026041666666666668
0 0.09581158322107476 0.7492500498927307 0.01953125 0.026041666666666668
0 0.16594517100733433 0.6996317292820436 0.01953125 0.026041666666666668
0 0.06575433131267781 0.5736775308087612 0.01953125 0.026041666666666668
0 0.019952804595120607 0.6194790575263184 0.01953125 0.026041666666666668
0 0.01709020917527324 0.5488683705034175 0.01953125 0.026041666666666668
0 0.03712837711420454 0.5126088285186848 0.01953125 0.026041666666666668
0 0.10296807177069311 0.5221508132515092 0.01953125 0.026041666666666668
0 0.16165127787756334 0.5145172254652497 0.01953125 0.026041666666666668
0 0.13875051451878473 0.5851279124881505 0.01953125 0.026041666666666668
0 0.23894135421344118 0.6232958514194482 0.01953125 0.026041666666666668
0 0.30764364428977703 0.8885630269919673 0.01953125 0.026041666666666668
0 0.3348383007783266 0.8045935613431124 0.01953125 0.026041666666666668
0 0.025797270243975455 0.4138492865339521 0.01953125 0.026041666666666668
0 0.06444230841191441 0.3794981414957841 0.01953125 0.026041666666666668
0 0.11239078169435714 0.37377295065608945 0.01953125 0.026041666666666668
0 0.12240986566382278 0.4453378361522727 0.01953125 0.026041666666666668
0 0.16105490383176174 0.4233912712667765 0.01953125 0.026041666666666668
0 0.1560453618470289 0.372818752182807 0.01953125 0.026041666666666668
0 0.19683734657985336 0.38999432470189105 0.01953125 0.026041666666666668
0 0.1925434534500823 0.48923096592326504 0.01953125 0.026041666666666668
0 0.06515795726687622 0.3384676071446391 0.01953125 0.026041666666666668
0 0.013631239709624312 0.35945997355685283 0.01953125 0.026041666666666668
0 0.018640781694357136 0.3098416529461658 0.01953125 0.026041666666666668
0 0.07016749925160905 0.2936202789003643 0.01953125 0.026041666666666668
0 0.03724765192336479 0.3298798208850971 0.01953125 0.026041666666666668
0 0.09449956032031133 0.28980348500723446 0.01953125 0.026041666666666668
0 0.049413682457715935 0.25831493538891387 0.01953125 0.026041666666666668
0 0.015062537419547996 0.25926913386219635 0.01953125 0.026041666666666668
0 0.005043453450082345 0.2182385995110513 0.01953125 0.026041666666666668
0 0.034385056503517454 0.14381111859502074 0.01953125 0.026041666666666668
0 0.06372665955695257 0.2182385995110513 0.01953125 0.026041666666666668
0 0.07446139238138005 0.24781875218280702 0.01953125 0.026041666666666668
0 0.11382207940428082 0.2296889811904406 0.01953125 0.026041666666666668
0 0.11310643054931897 0.19915463004540246 0.01953125 0.026041666666666668
0 0.0780396366561892 0.17339127126677653 0.01953125 0.026041666666666668
0 0.003612155740158661 0.15049050790799784 0.01953125 0.026041666666666668
0 0.09521520917527317 0.15716989722097494 0.01953125 0.026041666666666668
0 0.062295361847028885 0.15621569874769248 0.01953125 0.026041666666666668
0 0.1317133007783266 0.3336966147782268 0.01953125 0.026041666666666668
0 0.13672284276305943 0.28598669111410474 0.01953125 0.026041666666666668
0 0.1295663542134411 0.3031622636331887 0.01953125 0.026041666666666668
0 0.16534879696153273 0.2745363094347154 0.01953125 0.026041666666666668
0 0.17465223207603653 0.33655921019807417 0.01953125 0.026041666666666668
0 0.1911121557401587 0.31365844683929556 0.01953125 0.026041666666666668
0 0.21115032367909 0.3203378361522727 0.01953125 0.026041666666666668
0 0.17035833894626554 0.23445997355685286 0.01953125 0.026041666666666668
0 0.17536788093099837 0.18293325599960086 0.01953125 0.026041666666666668
0 0.21115032367909 0.2182385995110513 0.01953125 0.026041666666666668
0 0.1317133007783266 0.1333149353889139 0.01953125 0.026041666666666668
0 0.23333543818290675 0.2745363094347154 0.01953125 0.026041666666666668
0 0.27054917864092204 0.273582110961433 0.01953125 0.026041666666666668
0 0.287724751160006 0.34705539340418107 0.01953125 0.026041666666666668
0 0.25552055268672363 0.34800959187746355 0.01953125 0.026041666666666668
0 0.2848621557401587 0.2993454697400589 0.01953125 0.026041666666666668
0 0.3084785679538991 0.43007066057975357 0.01953125 0.026041666666666668
0 0.2548049038317618 0.4491546300454024 0.01953125 0.026041666666666668
0 0.24263887329741057 0.5283531033278451 0.01953125 0.026041666666666668
0 0.2548049038317618 0.38140653844234906 0.01953125 0.026041666666666668
0 0.1632018503966472 0.15526150027441007 0.01953125 0.026041666666666668
0 0.1696426900913037 0.1266355460759368 0.01953125 0.026041666666666668
0 0.2032781862745098 0.16289508806066957 0.01953125 0.026041666666666668
0 0.2204537587935938 0.18961264531257796 0.01953125 0.026041666666666668
0 0.2519423084119144 0.1695744773736467 0.01953125 0.026041666666666668
0 0.23619803360275413 0.1695744773736467 0.01953125 0.026041666666666668
0 0.29631253741954794 0.18579585141944824 0.01953125 0.026041666666666668
0 0.27341177406076933 0.1867500498927307 0.01953125 0.026041666666666668
0 0.27341177406076933 0.2230095918774635 0.01953125 0.026041666666666668
0 0.30346902596916636 0.2516355460759368 0.01953125 0.026041666666666668
0 0.3192133007783266 0.22014699645761623 0.01953125 0.026041666666666668
0 0.3392514687172579 0.24972714912937188 0.01953125 0.026041666666666668
0 0.2905873465798534 0.15621569874769248 0.01953125 0.026041666666666668
0 0.32565414047298313 0.17243707279349405 0.01953125 0.026041666666666668
0 0.37002436948061673 0.20583401935837956 0.01953125 0.026041666666666668
0 0.3549957435264183 0.20965081325150928 0.01953125 0.026041666666666668
0 0.377180858030235 0.25449814149578415 0.01953125 0.026041666666666668
0 0.35356444581649454 0.2936202789003643 0.01953125 0.026041666666666668
0 0.3235071939080976 0.355643179663723 0.01953125 0.026041666666666668
0 0.34640795726687623 0.38713172928204376 0.01953125 0.026041666666666668
0 0.3571426900913037 0.34800959187746355 0.01953125 0.026041666666666668
0 0.3864842931447388 0.37472714912937194 0.01953125 0.026041666666666668
0 0.38219040001496785 0.4357958514194482 0.01953125 0.026041666666666668
0 0.39793467482412814 0.49209356134311233 0.01953125 0.026041666666666668
0 0.4279919267325251 0.49209356134311233 0.01953125 0.026041666666666668
0 0.3549957435264183 0.1762538666866238 0.01953125 0.026041666666666668
0 0.44015795726687623 0.24591035523624216 0.01953125 0.026041666666666668
0 0.41153200306840293 0.2783531033278452 0.01953125 0.026041666666666668
0 0.4236980336027541 0.30697905752631843 0.01953125 0.026041666666666668
0 0.4544709343661129 0.33274241630494433 0.01953125 0.026041666666666668
0 0.4759404000149679 0.3880859277553261 0.01953125 0.026041666666666668
0 0.49526291909893727 0.43007066057975357 0.01953125 0.026041666666666668
0 0.48238123970962427 0.2401851643965475 0.01953125 0.026041666666666668
0 0.4959785679538992 0.2716737140148681 0.01953125 0.026041666666666668
0 0.475224751160006 0.2163302025644864 0.01953125 0.026041666666666668
0 0.49168467482412814 0.2163302025644864 0.01953125 0.026041666666666668
0 0.4380110107019908 0.1924752407324253 0.01953125 0.026041666666666668
0 0.4251293313126777 0.21442180561792154 0.01953125 0.026041666666666668
0 0.3650148274958839 0.14858211096143295 0.01953125 0.026041666666666668
0 0.033729045053135724 0.07820997355685273 0.01953125 0.026041666666666668
0 0.0687958389462655 0.07725577508357032 0.01953125 0.026041666666666668
0 0.06450194581649452 0.06055730180112757 0.01953125 0.026041666666666668
0 0.10565175497679986 0.06055730180112757 0.01953125 0.026041666666666668
0 0.11745996108367009 0.0815496682133413 0.01953125 0.026041666666666668
0 0.12246950306840292 0.05721760714463902 0.01953125 0.026041666666666668
0 0.1339198847477922 0.05721760714463902 0.01953125 0.026041666666666668
0 0.14608591528214335 0.07391608042708177 0.01953125 0.026041666666666668
0 0.1600410679538991 0.06580539340418101 0.01953125 0.026041666666666668
0 0.14107637329741052 0.08632066057975352 0.01953125 0.026041666666666668
0 0.1310572893279449 0.09920233996906651 0.01953125 0.026041666666666668
0 0.07917274734321206 0.06723669111410467 0.01953125 0.026041666666666668
0 0.05734545726687618 0.05864890485456268 0.01953125 0.026041666666666668
0 0.08883400688519678 0.05721760714463902 0.01953125 0.026041666666666668
0 0.0730897320760365 0.037656538442348945 0.01953125 0.026041666666666668
0 0.018342594671456342 0.09156875218280695 0.01953125 0.026041666666666668
0 0.04088553360275406 0.014278675846929092 0.01953125 0.026041666666666668
0 0.050188968717257865 0.023343561343112332 0.01953125 0.026041666666666668
0 0.00868133512947161 0.02477485905303597 0.01953125 0.026041666666666668
0 0.012617403831761673 0.040519133862196265 0.01953125 0.026041666666666668
0 0.03229774734321207 0.05721760714463902 0.01953125 0.026041666666666668
0 0.02156301451878458 0.04672142393853213 0.01953125 0.026041666666666668
0 0.0891918313126777 0.03336264531257794 0.01953125 0.026041666666666668
0 0.08131969390809754 0.02000386668662378 0.01953125 0.026041666666666668
0 0.05806110612183802 0.030022950656089387 0.01953125 0.026041666666666668
0 0.1160286633737464 0.019049668213341326 0.01953125 0.026041666666666668
0 0.14608591528214335 0.037656538442348945 0.01953125 0.026041666666666668
0 0.12604774734321206 0.012370278900364226 0.01953125 0.026041666666666668
0 0.13857160230504412 0.01141608042708177 0.01953125 0.026041666666666668
0 0.17184927406076933 0.021435164396547423 0.01953125 0.026041666666666668
0 0.15753629696153268 0.023343561343112332 0.01953125 0.026041666666666668
0 0.15395805268672352 0.00998478271715813 0.01953125 0.026041666666666668
0 0.19117179314473878 0.03240844683929553 0.01953125 0.026041666666666668
0 0.20154870154168536 0.0815496682133413 0.01953125 0.026041666666666668
0 0.20620041909893727 0.024297759816394742 0.01953125 0.026041666666666668
0 0.22480728932794491 0.014755775083570321 0.01953125 0.026041666666666668
0 0.2344685488699296 0.025251958289677204 0.01953125 0.026041666666666668
0 0.24770805268672352 0.03336264531257794 0.01953125 0.026041666666666668
0 0.21264125879359375 0.07391608042708177 0.01953125 0.026041666666666668
0 0.22623858703786856 0.06246569874769246 0.01953125 0.026041666666666668
0 0.1804370603203113 0.14691226363318863 0.01953125 0.026041666666666668
0 0.19761263283939529 0.1373702789003642 0.01953125 0.026041666666666668
0 0.156104999251609 0.12544279798433366 0.01953125 0.026041666666666668
0 0.24770805268672352 0.06723669111410467 0.01953125 0.026041666666666668
0 0.18329965574015863 0.10969852317517337 0.01953125 0.026041666666666668
0 0.24269851070199097 0.13546188195379935 0.01953125 0.026041666666666668
0 0.2523597702439757 0.14166417203013523 0.01953125 0.026041666666666668
0 0.2670305717706932 0.14214127126677642 0.01953125 0.026041666666666668
0 0.2738292358928307 0.08059546974005889 0.01953125 0.026041666666666668
0 0.2630945030684032 0.05721760714463902 0.01953125 0.026041666666666668
0 0.25092847253405204 0.009984782717158086 0.01953125 0.026041666666666668
0 0.2698931671905406 0.015232874320211502 0.01953125 0.026041666666666668
0 0.280985724442449 0.04719852317517336 0.01953125 0.026041666666666668
0 0.27919660230504445 0.01570997355685273 0.01953125 0.026041666666666668
0 0.298161296961533 0.016664172030135187 0.01953125 0.026041666666666668
0 0.2956565259691666 0.07391608042708175 0.01953125 0.026041666666666668
0 0.2859952664271818 0.06580539340418101 0.01953125 0.026041666666666668
0 0.2917204572668765 0.04051913386219622 0.01953125 0.026041666666666668
0 0.3289341977248918 0.051969515541585576 0.01953125 0.026041666666666668
0 0.315336869480617 0.040042034625555036 0.01953125 0.026041666666666668
0 0.3181994649004643 0.06008020256448637 0.01953125 0.026041666666666668
0 0.31032732749588415 0.11637791248815049 0.01953125 0.026041666666666668
0 0.3554132053584796 0.02906875218280693 0.01953125 0.026041666666666668
0 0.35219278551115135 0.007599286533951945 0.01953125 0.026041666666666668
0 0.3249981290226017 0.004736691114104622 0.01953125 0.026041666666666668
0 0.3275029000149681 0.022389362869829833 0.01953125 0.026041666666666668
0 0.3482567168088613 0.04672142393853216 0.01953125 0.026041666666666668
0 0.3618540450531361 0.04242753080876115 0.01953125 0.026041666666666668
0 0.349330190091304 0.06914508806066956 0.01953125 0.026041666666666668
0 0.3339437397096246 0.11494661477822683 0.01953125 0.026041666666666668
0 0.3207042358928307 0.14214127126677642 0.01953125 0.026041666666666668
0 0.3457519458164948 0.15740844683929553 0.01953125 0.026041666666666668
0 0.3249981290226017 0.13403058424387568 0.01953125 0.026041666666666668
0 0.29708782367909026 0.20941226363318868 0.01953125 0.026041666666666668
0 0.31784164047298336 0.20082447737364673 0.01953125 0.026041666666666668
0 0.3697261824577163 0.06055730180112757 0.01953125 0.026041666666666668
0 0.3793874419997009 0.10635882851868483 0.01953125 0.026041666666666668
0 0.38153438856458655 0.053400813251509256 0.01953125 0.026041666666666668
0 0.37330442673252545 0.021435164396547374 0.01953125 0.026041666666666668
0 0.3847548084119148 0.020003866686623736 0.01953125 0.026041666666666668
0 0.3640009916180216 0.013801576610287865 0.01953125 0.026041666666666668
0 0.4108759916180216 0.016664172030135187 0.01953125 0.026041666666666668
0 0.3954895412363422 0.03383974454921917 0.01953125 0.026041666666666668
0 0.4033616786409224 0.053877912488150465 0.01953125 0.026041666666666668
0 0.42840938856458655 0.00903058424387563 0.01953125 0.026041666666666668
0 0.4273359152821437 0.05244661477822681 0.01953125 0.026041666666666668
0 0.4140964114653498 0.06008020256448637 0.01953125 0.026041666666666668
0 0.41982160230504456 0.07534737813700544 0.01953125 0.026041666666666668
0 0.4216107244424491 0.11160692012173828 0.01953125 0.026041666666666668
0 0.42053725116000634 0.17267562241181464 0.01953125 0.026041666666666668
0 0.3979943122287087 0.17267562241181464 0.01953125 0.026041666666666668
0 0.37831396871725825 0.17506111859502074 0.01953125 0.026041666666666668
0 0.417674655740159 0.13593898119044057 0.01953125 0.026041666666666668
0 0.4355658771142048 0.1564542483660131 0.01953125 0.026041666666666668
0 0.43341893054931935 0.13593898119044057 0.01953125 0.026041666666666668
0 0.28474288093099853 0.59276150027441 0.01953125 0.026041666666666668
0 0.38779631604550224 0.6481050117247917 0.01953125 0.026041666666666668
0 0.4307352473432122 0.6461966147782269 0.01953125 0.026041666666666668
0 0.5724337206256549 0.5126088285186848 0.01953125 0.026041666666666668
0 0.5194757053584794 0.3160439430225017 0.01953125 0.026041666666666668
0 0.546670361847029 0.3580286758469291 0.01953125 0.026041666666666668
0 0.5695711252058077 0.40573859951105135 0.01953125 0.026041666666666668
0 0.6465033771142047 0.4138492865339521 0.01953125 0.026041666666666668
0 0.5956923084119147 0.4195744773736468 0.01953125 0.026041666666666668
0 0.6887266595569528 0.48350577508357045 0.01953125 0.026041666666666668
0 0.7338125374195481 0.598963790350746 0.01953125 0.026041666666666668
0 0.6543755145187848 0.7230095918774636 0.01953125 0.026041666666666668
0 0.45462002787756356 0.02966512622860849 0.01953125 0.026041666666666668
0 0.46106086757222003 0.01845329416753978 0.01953125 0.026041666666666668
0 0.4490737492516093 0.006287263633188649 0.01953125 0.026041666666666668
0 0.4685751805493193 0.022985736915631393 0.01953125 0.026041666666666668
0 0.47430037138901393 0.012489553709524521 0.01953125 0.026041666666666668
0 0.4803833866561895 0.02179298882402833 0.01953125 0.026041666666666668
0 0.4873609629920673 0.026802530808761157 0.01953125 0.026041666666666668
0 0.5109773752058079 0.02179298882402833 0.01953125 0.026041666666666668
0 0.5025685011600063 0.03944566057975352 0.01953125 0.026041666666666668
0 0.5242168790226017 0.04660214912937185 0.01953125 0.026041666666666668
0 0.5351305240607697 0.04874909569425733 0.01953125 0.026041666666666668
0 0.5247536156638231 0.035390317068303145 0.01953125 0.026041666666666668
0 0.48181468436611313 0.05996092775532604 0.01953125 0.026041666666666668
0 0.47286907367909026 0.04660214912937185 0.01953125 0.026041666666666668
0 0.44585332940428113 0.09717466821334131 0.01953125 0.026041666666666668
0 0.4564091500149681 0.11220329416753978 0.01953125 0.026041666666666668
0 0.5111562874195483 0.0680716147782268 0.01953125 0.026041666666666668
0 0.4410226996332888 0.054712836152272605 0.01953125 0.026041666666666668
0 0.444243119480617 0.02227008806066956 0.01953125 0.026041666666666668
0 0.48297761375542614 0.1316450880606696 0.01953125 0.026041666666666668
0 0.46902246108367046 0.08345806515990624 0.01953125 0.026041666666666668
0 0.5244852473432124 0.14452676744998258 0.01953125 0.026041666666666668
0 0.4890606290226018 0.16551913386219635 0.01953125 0.026041666666666668
0 0.4726007053584796 0.1803092101980742 0.01953125 0.026041666666666668
0 0.5291369649004644 0.18889699645761623 0.01953125 0.026041666666666668
0 0.556331621389014 0.1559771491293719 0.01953125 0.026041666666666668
0 0.5570472702439758 0.13689317966372302 0.01953125 0.026041666666666668
0 0.5670663542134415 0.20654966821334142 0.01953125 0.026041666666666668
0 0.5105300946714567 0.2318359277553261 0.01953125 0.026041666666666668
0 0.5792323847477926 0.18126340867135668 0.01953125 0.026041666666666668
0 0.6049957435264187 0.21561455370952462 0.01953125 0.026041666666666668
0 0.5835262778775637 0.24805730180112764 0.01953125 0.026041666666666668
0 0.5541846748241285 0.2318359277553261 0.01953125 0.026041666666666668
0 0.3423526137554261 0.23708401935837956 0.01953125 0.026041666666666668
0 0.5785167358928305 0.2945744773736467 0.01953125 0.026041666666666668
0 0.5613411633737465 0.3165210422591429 0.01953125 0.026041666666666668
0 0.5112457435264183 0.3031622636331887 0.01953125 0.026041666666666668
0 0.5835262778775633 0.1419027216484559 0.01953125 0.026041666666666668
0 0.6042800946714564 0.1533531033278452 0.01953125 0.026041666666666668
0 0.6214556671905404 0.15621569874769248 0.01953125 0.026041666666666668
0 0.631474751160006 0.2296889811904406 0.01953125 0.026041666666666668
0 0.6178774229157312 0.2659485231751734 0.01953125 0.026041666666666668
0 0.618593071770693 0.3451469964576162 0.01953125 0.026041666666666668
0 0.6092896366561892 0.3031622636331887 0.01953125 0.026041666666666668
0 0.635768644289777 0.28598669111410474 0.01953125 0.026041666666666668
0 0.6436407816943571 0.2716737140148681 0.01953125 0.026041666666666668
0 0.6643945984882502 0.2764447063812803 0.01953125 0.026041666666666668
0 0.6558068122287083 0.2163302025644864 0.01953125 0.026041666666666668
0 0.7037552855111511 0.3165210422591429 0.01953125 0.026041666666666668
0 0.7216465068851968 0.2831240956942574 0.01953125 0.026041666666666668
0 0.7431159725340519 0.26404012622860856 0.01953125 0.026041666666666668
0 0.7459785679538992 0.20965081325150928 0.01953125 0.026041666666666668
0 0.678707575587487 0.15621569874769248 0.01953125 0.026041666666666668
0 0.6658258961981739 0.1419027216484559 0.01953125 0.026041666666666668
0 0.509993358030235 0.00903058424387563 0.01953125 0.026041666666666668
0 0.5472070984882503 0.04719852317517336 0.01953125 0.026041666666666668
0 0.5733282816943573 0.11303821783166194 0.01953125 0.026041666666666668
0 0.5722548084119145 0.06580539340418101 0.01953125 0.026041666666666668
0 0.587283434366113 0.040996233098837494 0.01953125 0.026041666666666668
0 0.5790534725340519 0.013324477373646636 0.01953125 0.026041666666666668
0 0.5683187397096244 0.00903058424387563 0.01953125 0.026041666666666668
0 0.5579418313126778 0.018095469740058826 0.01953125 0.026041666666666668
0 0.5414819076485557 0.012370278900364177 0.01953125 0.026041666666666668
0 0.5722548084119145 0.03574814149578403 0.01953125 0.026041666666666668
0 0.5919351519233649 0.020003866686623736 0.01953125 0.026041666666666668
0 0.5894303809309985 0.005690889587387078 0.01953125 0.026041666666666668
0 0.6012385870378688 0.016664172030135187 0.01953125 0.026041666666666668
0 0.6058903045951207 0.00903058424387563 0.01953125 0.026041666666666668
0 0.6159093885645863 0.016664172030135187 0.01953125 0.026041666666666668
0 0.6069637778775634 0.03336264531257794 0.01953125 0.026041666666666668
0 0.6277175946714566 0.02572905752631838 0.01953125 0.026041666666666668
0 0.6438196939080978 0.01714127126677641 0.01953125 0.026041666666666668
0 0.6388101519233649 0.03383974454921917 0.01953125 0.026041666666666668
0 0.6320114878012275 0.049106920121738264 0.01953125 0.026041666666666668
0 0.6355897320760366 0.07343898119044057 0.01953125 0.026041666666666668
0 0.6448931671905406 0.05674050790799781 0.01953125 0.026041666666666668
0 0.6048168313126779 0.12258020256448636 0.01953125 0.026041666666666668
0 0.5976603427630596 0.10540463004540239 0.01953125 0.026041666666666668
0 0.6649313351294719 0.05769470638128024 0.01953125 0.026041666666666668
0 0.6624265641371055 0.03670233996906649 0.01953125 0.026041666666666668
0 0.655985724442449 0.026683255999600836 0.01953125 0.026041666666666668
0 0.6742347702439757 0.030022950656089387 0.01953125 0.026041666666666668
0 0.689979045053136 0.06437409569425735 0.01953125 0.026041666666666668
0 0.7060811442897772 0.048629820885097035 0.01953125 0.026041666666666668
0 0.7003559534500825 0.018572568976700052 0.01953125 0.026041666666666668
0 0.689979045053136 0.030977149129371842 0.01953125 0.026041666666666668
0 0.6624265641371055 0.008076385770593171 0.01953125 0.026041666666666668
0 0.6330849610836703 0.011416080427081724 0.01953125 0.026041666666666668
0 0.7093015641371053 0.10588172928204359 0.01953125 0.026041666666666668
0 0.7053654954348153 0.12591989722097488 0.01953125 0.026041666666666668
0 0.7254036633737466 0.0452901262286085 0.01953125 0.026041666666666668
0 0.7175315259691665 0.020480965923264965 0.01953125 0.026041666666666668
0 0.7085859152821435 0.014278675846929092 0.01953125 0.026041666666666668
0 0.7479466023050443 0.09061455370952452 0.01953125 0.026041666666666668
0 0.7511670221523725 0.13212218729731076 0.01953125 0.026041666666666668
0 0.7665534725340519 0.14500386668662374 0.01953125 0.026041666666666668
0 0.7869494649004641 0.06008020256448634 0.01953125 0.026041666666666668
0 0.741953043144739 0.012728103327845137 0.01953125 0.026041666666666668
0 0.769326611847029 0.04206970638128025 0.01953125 0.026041666666666668
0 0.7637803332210749 0.09240367584692909 0.01953125 0.026041666666666668
0 0.8095818599386321 0.019168943022501623 0.01953125 0.026041666666666668
0 0.8004573370378688 0.010819706381280247 0.01953125 0.026041666666666668
0 0.789543691999701 0.006048714014868035 0.01953125 0.026041666666666668
0 0.7789878713890138 0.01296665294616575 0.01953125 0.026041666666666668
0 0.771294646198174 0.006048714014868035 0.01953125 0.026041666666666668
0 0.7596653523050444 0.013443752182806953 0.01953125 0.026041666666666668
0 0.761454474442449 0.02632543157211994 0.01953125 0.026041666666666668
0 0.7526877759691665 0.04087695828967718 0.01953125 0.026041666666666668
0 0.7793158771142046 0.11160692012173824 0.01953125 0.026041666666666668
0 0.7868301900913037 0.15645424836601304 0.01953125 0.026041666666666668
0 0.7864723656638228 0.12878249264082217 0.01953125 0.026041666666666668
0 0.8222548084119145 0.1216260040912039 0.01953125 0.026041666666666668
0 0.8520436919997008 0.11625863767899014 0.01953125 0.026041666666666668
0 0.8454239400913038 0.1532338285186848 0.01953125 0.026041666666666668
0 0.8269959820760366 0.18496092775532602 0.01953125 0.026041666666666668
0 0.8461395889462656 0.1799513857705932 0.01953125 0.026041666666666668
0 0.8640308103203115 0.15514222546524967 0.01953125 0.026041666666666668
0 0.8758390164271816 0.16277581325150922 0.01953125 0.026041666666666668
0 0.8733342454348153 0.1871078743202115 0.01953125 0.026041666666666668
0 0.8579477950531358 0.19879680561792143 0.01953125 0.026041666666666668
0 0.8259225087935939 0.20857733996906647 0.01953125 0.026041666666666668
0 0.8008747988699297 0.15657352317517337 0.01953125 0.026041666666666668
0 0.8017693599386321 0.11912123309883747 0.01953125 0.026041666666666668
0 0.7972965545951206 0.13486550790799778 0.01953125 0.026041666666666668
0 0.8241333866561892 0.05590558424387564 0.01953125 0.026041666666666668
0 0.8418456958164946 0.050180393404180984 0.01953125 0.026041666666666668
0 0.833436821770693 0.0504189430225016 0.01953125 0.026041666666666668
0 0.856516497343212 0.05208879035074587 0.01953125 0.026041666666666668
0 0.8719029477248915 0.07021856134311229 0.01953125 0.026041666666666668
0 0.8634940736790898 0.11697428653395193 0.01953125 0.026041666666666668
0 0.7599337206256549 0.22634928653395203 0.01953125 0.026041666666666668
0 0.7957161633737466 0.22825768348051687 0.01953125 0.026041666666666668
0 0.8200482244424488 0.23970806515990625 0.01953125 0.026041666666666668
0 0.7785405908546627 0.27405921019807417 0.01953125 0.026041666666666668
0 0.7656589114653497 0.3141355460759368 0.01953125 0.026041666666666668
0 0.785697079404281 0.3351279124881505 0.01953125 0.026041666666666668
0 0.7742466977248915 0.4343645537095245 0.01953125 0.026041666666666668
0 0.8214795221523724 0.3961966147782268 0.01953125 0.026041666666666668
0 0.49371234657985336 0.8103187521828069 0.01953125 0.026041666666666668
0 0.5538268503966473 0.8847462330988377 0.01953125 0.026041666666666668
0 0.6296856290226015 0.8103187521828069 0.01953125 0.026041666666666668
0 0.9051209820760364 0.042546805617921464 0.01953125 0.026041666666666668
0 0.9035107721523724 0.02370138577059322 0.01953125 0.026041666666666668
0 0.866297031694357 0.027041080427081768 0.01953125 0.026041666666666668
0 0.8671915927630593 0.02107733996906651 0.01953125 0.026041666666666668
0 0.8435751805493189 0.03133497355685277 0.01953125 0.026041666666666668
0 0.8299778523050442 0.02632543157211994 0.01953125 0.026041666666666668
0 0.8890188828393952 0.012728103327845137 0.01953125 0.026041666666666668
0 0.915140066045502 0.02227008806066956 0.01953125 0.026041666666666668
0 0.9310632530684029 0.02393993538891383 0.01953125 0.026041666666666668
0 0.9196128713890135 0.027995278900364212 0.01953125 0.026041666666666668
0 0.926411535511151 0.03706016439654742 0.01953125 0.026041666666666668
0 0.928379569862296 0.056144133862196265 0.01953125 0.026041666666666668
0 0.8525207912363418 0.030142225465249705 0.01953125 0.026041666666666668
0 0.8380289019233647 0.02250863767899017 0.01953125 0.026041666666666668
0 0.9047631576485555 0.008911309434715357 0.01953125 0.026041666666666668
0 0.8704120126103876 0.03706016439654742 0.01953125 0.026041666666666668
0 0.9012743694806166 0.11924050790799778 0.01953125 0.026041666666666668
0 0.8923287587935937 0.12735119493089855 0.01953125 0.026041666666666668
0 0.8887505145187846 0.06246569874769246 0.01953125 0.026041666666666668
0 0.8830253236790898 0.03908783615227263 0.01953125 0.026041666666666668
0 0.9899850087935937 0.05590558424387566 0.01953125 0.026041666666666668
0 0.9983938828393952 0.07045711096143291 0.01953125 0.026041666666666668
0 0.969767928640922 0.05876817966372299 0.01953125 0.026041666666666668
0 0.9457936919997006 0.05590558424387566 0.01953125 0.026041666666666668
0 0.9686944553584793 0.036821614778226805 0.01953125 0.026041666666666668
0 0.9921319553584793 0.013443752182806953 0.01953125 0.026041666666666668
0 0.9989306194806167 0.008434210198074152 0.01953125 0.026041666666666668
0 0.9835441690989372 0.012728103327845137 0.01953125 0.026041666666666668
0 0.9812183103203113 0.00437886668662376 0.01953125 0.026041666666666668
0 0.9509821461981739 0.026086881953799337 0.01953125 0.026041666666666668
0 0.9381004668088609 0.034674668213341316 0.01953125 0.026041666666666668
0 0.9413208866561892 0.007002912488150468 0.01953125 0.026041666666666668
0 0.9577808103203113 0.11482733996906648 0.01953125 0.026041666666666668
0 0.9672631576485556 0.10146856134311229 0.01953125 0.026041666666666668
0 0.9763876805493189 0.10075291248815048 0.01953125 0.026041666666666668
0 0.9871224133737464 0.1062395537095245 0.01953125 0.026041666666666668
0 0.9928476042134411 0.11959833233547869 0.01953125 0.026041666666666668
0 0.9819339591752733 0.025371233098837497 0.01953125 0.026041666666666668
0 0.9679788065035174 0.020123141495784053 0.01953125 0.026041666666666668
0 0.9586753713890137 0.036105965923264975 0.01953125 0.026041666666666668
0 0.9336574801676396 0.1335534850072345 0.01953125 0.026041666666666668
0 0.8098502282592426 0.1335534850072345 0.01953125 0.026041666666666668
0 0.8345401137554258 0.1335534850072345 0.01953125 0.026041666666666668
0 0.9712290450531357 0.14357256897670012 0.01953125 0.026041666666666668
0 0.952622174824128 0.15454585141944824 0.01953125 0.026041666666666668
0 0.9390248465798533 0.18317180561792148 0.01953125 0.026041666666666668
0 0.9604943122287083 0.1965305842438757 0.01953125 0.026041666666666668
0 0.909683243526418 0.16456493538891384 0.01953125 0.026041666666666668
0 0.9043158771142044 0.14691226363318868 0.01953125 0.026041666666666668
0 0.920149608030235 0.1382052025644864 0.01953125 0.026041666666666668
0 0.8596772797859602 0.21597237813700546 0.01953125 0.026041666666666668
0 0.9179728427630593 0.18961264531257796 0.01953125 0.026041666666666668
0 0.8936407816943571 0.18961264531257796 0.01953125 0.026041666666666668
0 0.8965033771142046 0.2163302025644864 0.01953125 0.026041666666666668
0 0.8736026137554258 0.256406538442349 0.01953125 0.026041666666666668
0 0.7948812397096243 0.24972714912937188 0.01953125 0.026041666666666668
0 0.792018644289777 0.2926660804270818 0.01953125 0.026041666666666668
0 0.8084785679538992 0.2793073018011276 0.01953125 0.026041666666666668
0 0.8320949801676396 0.28026150027441005 0.01953125 0.026041666666666668
0 0.8578583389462655 0.4577424163049444 0.01953125 0.026041666666666668
0 0.8406827664271815 0.4167118819537994 0.01953125 0.026041666666666668
0 0.9737934534500824 0.4281622636331887 0.01953125 0.026041666666666668
0 0.9637743694806167 0.3709103552362421 0.01953125 0.026041666666666668
0 0.9394423084119145 0.3041164621064711 0.01953125 0.026041666666666668
0 0.8893468885645862 0.2812156987476925 0.01953125 0.026041666666666668
0 0.9058068122287083 0.3279714239385322 0.01953125 0.026041666666666668
0 0.9079537587935937 0.2544981414957841 0.01953125 0.026041666666666668
0 0.9587648274958838 0.2506813476026543 0.01953125 0.026041666666666668
0 0.5708831481065709 0.48541417203013526 0.01953125 0.026041666666666668
0 0.5100529954348152 0.4300706605797535 0.01953125 0.026041666666666668
0 0.5422571939080976 0.2993454697400589 0.01953125 0.026041666666666668
0 0.6717896366561893 0.3384676071446391 0.01953125 0.026041666666666668
0 0.692006716808861 0.26284737813700537 0.01953125 0.026041666666666668
0 0.6755467931447389 0.23469852317517337 0.01953125 0.026041666666666668
0 0.8844566213890137 0.726349286533952 0.01953125 0.026041666666666668
0 0.9789222702439757 0.6080286758469291 0.01953125 0.026041666666666668
0 0.9202390641371053 0.5126088285186848 0.01953125 0.026041666666666668
0 0.825594503068403 0.013801576610287865 0.01953125 0.026041666666666668
0 0.8245210297859602 0.023343561343112332 0.01953125 0.026041666666666668
0 0.7239723656638228 0.0033053934041810313 0.01953125 0.026041666666666668
0 0.8481374419997008 0.00998478271715813 0.01953125 0.026041666666666668
0 0.4032500893714127 0.335036083197848 0.01953125 0.026041666666666668
0 0.06458875071007426 0.01269176085352574 0.01953125 0.026041666666666668
0 0.050602736724060314 0.007363755525520463 0.01953125 0.026041666666666668
0 0.19246087858220207 0.011359759521524418 0.01953125 0.026041666666666668
0 0.6769763630976864 0.011359759521524418 0.01953125 0.026041666666666668
