0 0.05776088806374255 0.6676846556942482 0.03225806451612903 0.05698005698005698
0 0.04097431732033726 0.668390643610468 0.03225806451612903 0.05698005698005698
0 0.04656984090147235 0.6161475378102078 0.03225806451612903 0.05698005698005698
0 0.01979126376318297 0.6189714894750867 0.03225806451612903 0.05698005698005698
0 0.034979113483406814 0.5893199969938581 0.03225806451612903 0.05698005698005698
0 0.008999896856708158 0.5794361661667818 0.03225806451612903 0.05698005698005698
0 0.08294074417885043 0.6055577190669118 0.03225806451612903 0.05698005698005698
0 0.11171772259611663 0.6203834653075262 0.03225806451612903 0.05698005698005698
0 0.10612219901498156 0.7029840515052347 0.03225806451612903 0.05698005698005698
0 0.16007903354735561 0.7185157856620688 0.03225806451612903 0.05698005698005698
0 0.20724130373120853 0.7276936285729253 0.03225806451612903 0.05698005698005698
0 0.397888785745597 0.7700529035461091 0.03225806451612903 0.05698005698005698
0 0.3487281142827673 0.7425193748135396 0.03225806451612903 0.05698005698005698
0 0.39149390165287123 0.6853343535997414 0.03225806451612903 0.05698005698005698
0 0.32115017663288725 0.6726265711077862 0.03225806451612903 0.05698005698005698
0 0.2831805523323276 0.6874523173484006 0.03225806451612903 0.05698005698005698
0 0.24321252675279126 0.7509912298081765 0.03225806451612903 0.05698005698005698
0 0.22362819421881844 0.6521529215374141 0.03225806451612903 0.05698005698005698
0 0.2611981382635826 0.7142798581647504 0.03225806451612903 0.05698005698005698
0 0.2611981382635826 0.6387391511292392 0.03225806451612903 0.05698005698005698
0 0.349527474794358 0.6655666919455889 0.03225806451612903 0.05698005698005698
0 0.36431564425878643 0.639445139045459 0.03225806451612903 0.05698005698005698
0 0.38669773858332684 0.6486229819563154 0.03225806451612903 0.05698005698005698
0 0.38629805832753145 0.6048517311506921 0.03225806451612903 0.05698005698005698
0 0.3435322709574276 0.6104996344804499 0.03225806451612903 0.05698005698005698
0 0.31235721100538916 0.5949679003236158 0.03225806451612903 0.05698005698005698
0 0.2947712797503932 0.5639044320099478 0.03225806451612903 0.05698005698005698
0 0.1852588896624635 0.6239134048886248 0.03225806451612903 0.05698005698005698
0 0.15848031252417416 0.6528589094536338 0.03225806451612903 0.05698005698005698
0 0.13649789845542915 0.607675682815571 0.03225806451612903 0.05698005698005698
0 0.1680726386632629 0.5610804803450687 0.03225806451612903 0.05698005698005698
0 0.142892782548155 0.5568445528477504 0.03225806451612903 0.05698005698005698
0 0.21683362987029728 0.5759062265856831 0.03225806451612903 0.05698005698005698
0 0.3499271550501533 0.5646104199261675 0.03225806451612903 0.05698005698005698
0 0.3767057321884427 0.5702583232559253 0.03225806451612903 0.05698005698005698
0 0.41747311827956984 0.5900259849100777 0.03225806451612903 0.05698005698005698
0 0.11731324617725171 0.5363709032773781 0.03225806451612903 0.05698005698005698
0 0.12330845001418218 0.5215451570367637 0.03225806451612903 0.05698005698005698
0 0.007401175833526719 0.5243691087016427 0.03225806451612903 0.05698005698005698
0 0.005402774554549889 0.5116613262096875 0.03225806451612903 0.05698005698005698
0 0.012197338903071064 0.4975415678852929 0.03225806451612903 0.05698005698005698
0 0.020590624274773702 0.5081313866285888 0.03225806451612903 0.05698005698005698
0 0.10212539645702791 0.5151912657907862 0.03225806451612903 0.05698005698005698
0 0.19125409349939398 0.5427247945233556 0.03225806451612903 0.05698005698005698
0 0.1980486578479152 0.5151912657907862 0.03225806451612903 0.05698005698005698
0 0.18366016863928206 0.513073302042127 0.03225806451612903 0.05698005698005698
0 0.20484322219643633 0.554726589099091 0.03225806451612903 0.05698005698005698
0 0.21363618782393434 0.546960722020674 0.03225806451612903 0.05698005698005698
0 0.2635962197983548 0.5462547341044544 0.03225806451612903 0.05698005698005698
0 0.1844595291508728 0.47706791831492074 0.03225806451612903 0.05698005698005698
0 0.15008702715247152 0.5250750966178624 0.03225806451612903 0.05698005698005698
0 0.16967135968644434 0.5321349757800597 0.03225806451612903 0.05698005698005698
0 0.14449150357133642 0.502483483298831 0.03225806451612903 0.05698005698005698
0 0.28877607591346277 0.50530743496371 0.03225806451612903 0.05698005698005698
0 0.3175530543307289 0.5158972537070059 0.03225806451612903 0.05698005698005698
0 0.3159543333075475 0.5526086253504319 0.03225806451612903 0.05698005698005698
0 0.30036680333152826 0.5342529395287189 0.03225806451612903 0.05698005698005698
0 0.42346832211650026 0.5413128186909162 0.03225806451612903 0.05698005698005698
0 0.41267695521002545 0.49612959205285345 0.03225806451612903 0.05698005698005698
0 0.07454745880714782 0.476361930398701 0.03225806451612903 0.05698005698005698
0 0.4436521750341661 0.7001600998403557 0.03225806451612903 0.05698005698005698
0 0.49481124777597274 0.7411073989811001 0.03225806451612903 0.05698005698005698
0 0.5439719192388025 0.7587570968865933 0.03225806451612903 0.05698005698005698
0 0.6155146850261725 0.6952181844268175 0.03225806451612903 0.05698005698005698
0 0.6638759959774115 0.717809797745849 0.03225806451612903 0.05698005698005698
0 0.5891357881436785 0.6733325590240059 0.03225806451612903 0.05698005698005698
0 0.5239879064490343 0.630973284050822 0.03225806451612903 0.05698005698005698
0 0.5447712797503932 0.6316792719670417 0.03225806451612903 0.05698005698005698
0 0.4464499368247336 0.6041457432344722 0.03225806451612903 0.05698005698005698
0 0.46283682731234366 0.5900259849100776 0.03225806451612903 0.05698005698005698
0 0.5008064516129032 0.5681403595072659 0.03225806451612903 0.05698005698005698
0 0.4384563317088264 0.5151912657907861 0.03225806451612903 0.05698005698005698
0 0.4432524947783708 0.49259965247175475 0.03225806451612903 0.05698005698005698
0 0.43965537247621256 0.47636193039870095 0.03225806451612903 0.05698005698005698
0 0.4536441814290503 0.4749499545662615 0.03225806451612903 0.05698005698005698
0 0.4752269152419999 0.5088373745448086 0.03225806451612903 0.05698005698005698
0 0.5123971790309687 0.491893664555535 0.03225806451612903 0.05698005698005698
0 0.5427728784714163 0.4777739062311404 0.03225806451612903 0.05698005698005698
0 0.5519655243547097 0.575906226585683 0.03225806451612903 0.05698005698005698
0 0.5307824707975554 0.5639044320099476 0.03225806451612903 0.05698005698005698
0 0.5391757561692581 0.525781084534082 0.03225806451612903 0.05698005698005698
0 0.511597818519378 0.5194271932881046 0.03225806451612903 0.05698005698005698
0 0.523588226193239 0.5095433624610283 0.03225806451612903 0.05698005698005698
0 0.5583604084474355 0.47918588206357987 0.03225806451612903 0.05698005698005698
0 0.5667536938191382 0.48059785789601933 0.03225806451612903 0.05698005698005698
0 0.5739479384234547 0.48977570080687577 0.03225806451612903 0.05698005698005698
0 0.5795434620045898 0.5116613262096875 0.03225806451612903 0.05698005698005698
0 0.5807425027719759 0.5434307824395754 0.03225806451612903 0.05698005698005698
0 0.6003268353059487 0.5561385649315306 0.03225806451612903 0.05698005698005698
0 0.6035242773523116 0.5872020332451987 0.03225806451612903 0.05698005698005698
0 0.7378168432995538 0.7721708672947682 0.03225806451612903 0.05698005698005698
0 0.6882564915809287 0.6472110061238758 0.03225806451612903 0.05698005698005698
0 0.7218296330677393 0.5970858640722749 0.03225806451612903 0.05698005698005698
0 0.6630766354658207 0.594261912407396 0.03225806451612903 0.05698005698005698
0 0.6558823908615042 0.5631984440937279 0.03225806451612903 0.05698005698005698
0 0.6251070111652614 0.6168535257264274 0.03225806451612903 0.05698005698005698
0 0.7130366674402413 0.47918588206357987 0.03225806451612903 0.05698005698005698
0 0.739615404450633 0.7100439306674319 0.03225806451612903 0.05698005698005698
0 0.7963700007735747 0.6959241723430372 0.03225806451612903 0.05698005698005698
0 0.8651150047703772 0.7425193748135395 0.03225806451612903 0.05698005698005698
0 0.9326609679997936 0.8110002026868535 0.03225806451612903 0.05698005698005698
0 0.862716923235605 0.6140295740615485 0.03225806451612903 0.05698005698005698
0 0.881501895257987 0.6260313686372839 0.03225806451612903 0.05698005698005698
0 0.9218696010933188 0.6352092115481405 0.03225806451612903 0.05698005698005698
0 0.9302628864650215 0.5970858640722749 0.03225806451612903 0.05698005698005698
0 0.7919735179598256 0.6168535257264274 0.03225806451612903 0.05698005698005698
0 0.8267457002140224 0.5617864682612884 0.03225806451612903 0.05698005698005698
0 0.8783044532116242 0.4671840874878444 0.03225806451612903 0.05698005698005698
0 0.843931951213223 0.46506612373918527 0.03225806451612903 0.05698005698005698
0 0.8023652046105051 0.5900259849100776 0.03225806451612903 0.05698005698005698
0 0.814355612284366 0.5787301782505619 0.03225806451612903 0.05698005698005698
0 0.4032844691988344 0.5455487461882347 0.03225806451612903 0.05698005698005698
0 0.35652187927077683 0.5173092295394454 0.03225806451612903 0.05698005698005698
0 0.3685122869446378 0.5088373745448086 0.03225806451612903 0.05698005698005698
0 0.3361381862252133 0.468596063320284 0.03225806451612903 0.05698005698005698
0 0.28138199118124846 0.48624576122577723 0.03225806451612903 0.05698005698005698
0 0.2961701606456769 0.48412779747711804 0.03225806451612903 0.05698005698005698
0 0.28577847399499745 0.46224217207430635 0.03225806451612903 0.05698005698005698
0 0.2729887058095458 0.4784798941473602 0.03225806451612903 0.05698005698005698
0 0.26659382171682006 0.4968355799690732 0.03225806451612903 0.05698005698005698
0 0.25580245481034525 0.5116613262096875 0.03225806451612903 0.05698005698005698
0 0.23941556432273528 0.53142898786384 0.03225806451612903 0.05698005698005698
0 0.24621012867125652 0.4678900754040642 0.03225806451612903 0.05698005698005698
0 0.3872972589670199 0.4876577370582167 0.03225806451612903 0.05698005698005698
0 0.599527474794358 0.5406068307746965 0.03225806451612903 0.05698005698005698
0 0.6175130863051493 0.47918588206358 0.03225806451612903 0.05698005698005698
0 0.7781845491348856 0.46083019624186694 0.03225806451612903 0.05698005698005698
0 0.49121412547381443 0.3524610511021382 0.03225806451612903 0.05698005698005698
0 0.44005505273200796 0.36658080942653276 0.03225806451612903 0.05698005698005698
0 0.34732923338748356 0.3750526644211696 0.03225806451612903 0.05698005698005698
0 0.37290876975838677 0.3736406885887301 0.03225806451612903 0.05698005698005698
0 0.2066417833475155 0.3849364952482458 0.03225806451612903 0.05698005698005698
0 0.21383602795183204 0.3736406885887301 0.03225806451612903 0.05698005698005698
0 0.21703346999819492 0.3821125435833668 0.03225806451612903 0.05698005698005698
0 0.12910381372321494 0.3891724227455642 0.03225806451612903 0.05698005698005698
0 0.09633003274799512 0.4047041569023983 0.03225806451612903 0.05698005698005698
0 0.10752107991026533 0.40188020523751933 0.03225806451612903 0.05698005698005698
0 0.2633963796704571 0.4103520602321561 0.03225806451612903 0.05698005698005698
0 0.27458742683272735 0.41458798772947447 0.03225806451612903 0.05698005698005698
0 0.2641957401820479 0.4272957702214297 0.03225806451612903 0.05698005698005698
0 0.2562021350661406 0.42447181855655075 0.03225806451612903 0.05698005698005698
0 0.2538040535313684 0.413176011897035 0.03225806451612903 0.05698005698005698
0 0.2450110879038704 0.4089400843997167 0.03225806451612903 0.05698005698005698
0 0.30656184729635644 0.41458798772947447 0.03225806451612903 0.05698005698005698
0 0.3161541734354451 0.41458798772947447 0.03225806451612903 0.05698005698005698
0 0.6087201206776515 0.434355649383627 0.03225806451612903 0.05698005698005698
0 0.624707330909466 0.4442394802107032 0.03225806451612903 0.05698005698005698
0 0.5199911038910806 0.4287077460538691 0.03225806451612903 0.05698005698005698
0 0.09712939325958586 0.4696550451946135 0.03225806451612903 0.05698005698005698
0 0.02119014465846678 0.45553528687021894 0.03225806451612903 0.05698005698005698
0 0.01704021784666945 0.4378982840521302 0.03225806451612903 0.05698005698005698
0 0.03202523283168442 0.43701597547751386 0.03225806451612903 0.05698005698005698
0 0.051006251812703414 0.4476036783729091 0.03225806451612903 0.05698005698005698
0 0.04551174631819792 0.42642827258211863 0.03225806451612903 0.05698005698005698
0 0.044512745319196925 0.41231133538825837 0.03225806451612903 0.05698005698005698
0 0.049008249814701414 0.39731208961978187 0.03225806451612903 0.05698005698005698
0 0.034522735329186933 0.39907670676901436 0.03225806451612903 0.05698005698005698
0 0.020037220843672453 0.4078997925151771 0.03225806451612903 0.05698005698005698
0 0.18037688118333278 0.4511329126713742 0.03225806451612903 0.05698005698005698
0 0.844462795269247 0.4131936439628747 0.03225806451612903 0.05698005698005698
0 0.8414657922722439 0.40966440966440965 0.03225806451612903 0.05698005698005698
0 0.8254817762882279 0.4131936439628747 0.03225806451612903 0.05698005698005698
0 0.8774298282362798 0.41495826111210726 0.03225806451612903 0.05698005698005698
0 0.9343728851793368 0.47142600988754835 0.03225806451612903 0.05698005698005698
0 0.9433638941703458 0.4696613927383158 0.03225806451612903 0.05698005698005698
0 0.9733339241403758 0.450250604096758 0.03225806451612903 0.05698005698005698
0 0.9523549031613548 0.45201522124599053 0.03225806451612903 0.05698005698005698
0 0.9993079501144018 0.4890721813798736 0.03225806451612903 0.05698005698005698
0 0.9553519061583579 0.49083679852910617 0.03225806451612903 0.05698005698005698
0 0.9743329251393769 0.5173060557675941 0.03225806451612903 0.05698005698005698
0 0.9643429151493668 0.5261291415137569 0.03225806451612903 0.05698005698005698
0 0.9943129451193967 0.5243645243645243 0.03225806451612903 0.05698005698005698
0 0.9803269311333828 0.4731906270367809 0.03225806451612903 0.05698005698005698
0 0.758548709355161 0.44495675264906037 0.03225806451612903 0.05698005698005698
0 0.7445626953691471 0.4467213697982929 0.03225806451612903 0.05698005698005698
0 0.3229842737907254 0.4467213697982929 0.03225806451612903 0.05698005698005698
0 0.3060012568077085 0.450250604096758 0.03225806451612903 0.05698005698005698
0 0.30799925880571033 0.4378982840521302 0.03225806451612903 0.05698005698005698
0 0.3542030550095066 0.4864252556560248 0.03225806451612903 0.05698005698005698
0 0.33722003802648964 0.5014245014245012 0.03225806451612903 0.05698005698005698
0 0.1843728851793368 0.6743569820492897 0.03225806451612903 0.05698005698005698
0 0.3292280300344817 0.39731208961978187 0.03225806451612903 0.05698005698005698
0 0.33821903902549066 0.3964297810451656 0.03225806451612903 0.05698005698005698
0 0.3217355225419742 0.3902536210228517 0.03225806451612903 0.05698005698005698
0 0.5637435145499661 0.4537798383952229 0.03225806451612903 0.05698005698005698
0 0.5332739840804356 0.45554445554445544 0.03225806451612903 0.05698005698005698
0 0.5892180400244916 0.40789979251517705 0.03225806451612903 0.05698005698005698
0 0.6421650929715446 0.4511329126713741 0.03225806451612903 0.05698005698005698
0 0.9873199381263897 0.6320061704677089 0.03225806451612903 0.05698005698005698
0 0.9803269311333828 0.5773030388415004 0.03225806451612903 0.05698005698005698
0 0.9433638941703458 0.7325893479739635 0.03225806451612903 0.05698005698005698
0 0.06724001804646963 0.5155414386183618 0.03225806451612903 0.05698005698005698
0 0.13916808997454158 0.42025211255980505 0.03225806451612903 0.05698005698005698
0 0.14416309496954657 0.4043705582167122 0.03225806451612903 0.05698005698005698
0 0.11719006799651958 0.41495826111210743 0.03225806451612903 0.05698005698005698
0 0.12418307498952659 0.45554445554445566 0.03225806451612903 0.05698005698005698
0 0.17313412394057554 0.48730756423064125 0.03225806451612903 0.05698005698005698
0 0.16514211594856754 0.4714260098875485 0.03225806451612903 0.05698005698005698
0 0.16614111694756858 0.44495675264906054 0.03225806451612903 0.05698005698005698
0 0.16014711095356257 0.4308398154552002 0.03225806451612903 0.05698005698005698
0 0.1821251329315845 0.4131936439628749 0.03225806451612903 0.05698005698005698
0 0.17313412394057554 0.3955474724705495 0.03225806451612903 0.05698005698005698
0 0.15814910895556056 0.39731208961978204 0.03225806451612903 0.05698005698005698
0 0.1911161419225935 0.39201823817208453 0.03225806451612903 0.05698005698005698
0 0.2090981599046115 0.4096644096644098 0.03225806451612903 0.05698005698005698
0 0.21709016789661953 0.4290751983059677 0.03225806451612903 0.05698005698005698
0 0.22108617189262345 0.40613517536594473 0.03225806451612903 0.05698005698005698
0 0.23307418388063544 0.39731208961978204 0.03225806451612903 0.05698005698005698
0 0.2340731848796365 0.4078997925151773 0.03225806451612903 0.05698005698005698
0 0.28102623183268344 0.41142902681364235 0.03225806451612903 0.05698005698005698
0 0.2900172408236924 0.4008413239182471 0.03225806451612903 0.05698005698005698
0 0.30000725081370244 0.39731208961978204 0.03225806451612903 0.05698005698005698
0 0.26004721085366245 0.3726074495305266 0.03225806451612903 0.05698005698005698
0 0.33896828977474136 0.4184874954105725 0.03225806451612903 0.05698005698005698
0 0.3529543037607554 0.41495826111210743 0.03225806451612903 0.05698005698005698
0 0.3689383197447713 0.4096644096644098 0.03225806451612903 0.05698005698005698
0 0.3819253327317843 0.4096644096644098 0.03225806451612903 0.05698005698005698
0 0.3919153427217943 0.4184874954105725 0.03225806451612903 0.05698005698005698
0 0.40190535271180433 0.43260443260443276 0.03225806451612903 0.05698005698005698
0 0.41189536270181426 0.443192135499828 0.03225806451612903 0.05698005698005698
0 0.4268803776868292 0.45907368984292074 0.03225806451612903 0.05698005698005698
0 0.4248823756888273 0.4396629012013629 0.03225806451612903 0.05698005698005698
0 0.43587138667783826 0.4255459640075026 0.03225806451612903 0.05698005698005698
0 0.4388683896748412 0.3990767067690146 0.03225806451612903 0.05698005698005698
0 0.4228843736908254 0.39731208961978204 0.03225806451612903 0.05698005698005698
0 0.4108963617028133 0.3990767067690146 0.03225806451612903 0.05698005698005698
0 0.39890834971480127 0.39731208961978204 0.03225806451612903 0.05698005698005698
0 0.3899173407237923 0.3814305352766893 0.03225806451612903 0.05698005698005698
0 0.3569503077567594 0.43260443260443276 0.03225806451612903 0.05698005698005698
0 0.39291434372079526 0.44495675264906054 0.03225806451612903 0.05698005698005698
0 0.45185540266185426 0.4290751983059677 0.03225806451612903 0.05698005698005698
0 0.4648424156488672 0.42378134685827007 0.03225806451612903 0.05698005698005698
0 0.47683042763687916 0.41672287826133997 0.03225806451612903 0.05698005698005698
0 0.4748324256388773 0.443192135499828 0.03225806451612903 0.05698005698005698
0 0.4658414166478682 0.39201823817208453 0.03225806451612903 0.05698005698005698
0 0.45884840965486123 0.3761366838289917 0.03225806451612903 0.05698005698005698
0 0.4758314266378783 0.38319515242592184 0.03225806451612903 0.05698005698005698
0 0.5038034546099063 0.390253621022852 0.03225806451612903 0.05698005698005698
0 0.5147924655989171 0.40260594106747966 0.03225806451612903 0.05698005698005698
0 0.5247824755889273 0.38848900387361945 0.03225806451612903 0.05698005698005698
0 0.5347724855789372 0.36378436378436385 0.03225806451612903 0.05698005698005698
0 0.5377694885759402 0.3814305352766893 0.03225806451612903 0.05698005698005698
0 0.5407664915729432 0.4043705582167122 0.03225806451612903 0.05698005698005698
0 0.5457614965679483 0.390253621022852 0.03225806451612903 0.05698005698005698
0 0.5537535045599562 0.37437206667975914 0.03225806451612903 0.05698005698005698
0 0.5687385195449711 0.3814305352766893 0.03225806451612903 0.05698005698005698
0 0.5647425155489671 0.4008413239182471 0.03225806451612903 0.05698005698005698
0 0.5577495085559603 0.42025211255980505 0.03225806451612903 0.05698005698005698
0 0.5727345235409752 0.4131936439628749 0.03225806451612903 0.05698005698005698
0 0.5777295285359803 0.3990767067690146 0.03225806451612903 0.05698005698005698
0 0.5777295285359803 0.3814305352766893 0.03225806451612903 0.05698005698005698
0 0.5937135445199963 0.38319515242592184 0.03225806451612903 0.05698005698005698
0 0.6146925654990172 0.4043705582167122 0.03225806451612903 0.05698005698005698
0 0.6186885694950212 0.4220167297090376 0.03225806451612903 0.05698005698005698
0 0.6276795784860302 0.42025211255980505 0.03225806451612903 0.05698005698005698
0 0.650656601463053 0.40613517536594473 0.03225806451612903 0.05698005698005698
0 0.6626446134510651 0.44495675264906054 0.03225806451612903 0.05698005698005698
0 0.6486585994650511 0.42378134685827007 0.03225806451612903 0.05698005698005698
0 0.688618639425091 0.390253621022852 0.03225806451612903 0.05698005698005698
0 0.8944128452192969 0.40260594106747966 0.03225806451612903 0.05698005698005698
0 0.9014058522123038 0.4096644096644098 0.03225806451612903 0.05698005698005698
0 0.9173898681963198 0.4078997925151773 0.03225806451612903 0.05698005698005698
0 0.9303768811833327 0.4096644096644098 0.03225806451612903 0.05698005698005698
0 0.9403668911733428 0.4043705582167122 0.03225806451612903 0.05698005698005698
0 0.9533539041603558 0.4043705582167122 0.03225806451612903 0.05698005698005698
0 0.9643429151493668 0.41142902681364235 0.03225806451612903 0.05698005698005698
0 0.9773299281363798 0.4096644096644098 0.03225806451612903 0.05698005698005698
0 0.9893179401243918 0.4043705582167122 0.03225806451612903 0.05698005698005698
0 0.9383688891753408 0.42378134685827007 0.03225806451612903 0.05698005698005698
0 0.9343728851793368 0.4396629012013629 0.03225806451612903 0.05698005698005698
0 0.9213858721923239 0.42731058115673515 0.03225806451612903 0.05698005698005698
0 0.9823249331313848 0.4467213697982931 0.03225806451612903 0.05698005698005698
0 0.9903169411233926 0.42731058115673515 0.03225806451612903 0.05698005698005698
