0 0.151688646788991 0.9568585452922803 0.01953125 0.040160642570281124
0 0.14557243883792065 0.784982457864076 0.01953125 0.040160642570281124
0 0.2852258537206933 0.47686313040131983 0.01953125 0.040160642570281124
0 0.02019017584097867 0.46219078147452186 0.01953125 0.040160642570281124
0 0.01407396788990834 0.2986988934330594 0.01953125 0.040160642570281124
0 0.03955816768603476 0.3741566879137343 0.01953125 0.040160642570281124
0 0.08441035932721726 0.3238514915932843 0.01953125 0.040160642570281124
0 0.12722381498470958 0.27983444481289044 0.01953125 0.040160642570281124
0 0.16290169469928656 0.33642779067339695 0.01953125 0.040160642570281124
0 0.006938391946992937 0.21276084971895723 0.01953125 0.040160642570281124
0 0.0334419597349644 0.21276084971895723 0.01953125 0.040160642570281124
0 0.06606173547400623 0.21066479987227177 0.01953125 0.040160642570281124
0 0.11091392711518872 0.18970430140541772 0.01953125 0.040160642570281124
0 0.13334002293577996 0.20647270017890101 0.01953125 0.040160642570281124
0 0.12416571100917445 0.14568725462502385 0.01953125 0.040160642570281124
0 0.15882422273190633 0.16035960355182188 0.01953125 0.040160642570281124
0 0.19144399847094817 0.16245565339850726 0.01953125 0.040160642570281124
0 0.20775388634046907 0.13311095554491145 0.01953125 0.040160642570281124
0 0.21692819826707457 0.16035960355182188 0.01953125 0.040160642570281124
0 0.2057151503567789 0.24000949772586766 0.01953125 0.040160642570281124
0 0.23935429408766581 0.28612259435294685 0.01953125 0.040160642570281124
0 0.5003125000000003 0.9442822462121678 0.01953125 0.040160642570281124
0 0.6715663226299696 0.7933666572508177 0.01953125 0.040160642570281124
0 0.7755418577981655 0.5879537722756469 0.01953125 0.040160642570281124
0 0.8703430810397558 0.5523209248819949 0.01953125 0.040160642570281124
0 0.9855316641182469 0.6466431679828385 0.01953125 0.040160642570281124
0 0.9580087283384304 0.14568725462502385 0.01953125 0.040160642570281124
0 0.9437375764525996 0.009444014590471742 0.01953125 0.040160642570281124
0 0.9824735601427119 0.0073479647437862915 0.01953125 0.040160642570281124
0 0.9029628567787975 0.057653161064236375 0.01953125 0.040160642570281124
0 0.8897110728848117 0.015732164130528095 0.01953125 0.040160642570281124
0 0.838742673292559 0.028308463210640507 0.01953125 0.040160642570281124
0 0.8662656090723755 0.009444014590471742 0.01953125 0.040160642570281124
0 0.806122897553517 0.022020313670584303 0.01953125 0.040160642570281124
0 0.8122391055045876 0.10167020784463011 0.01953125 0.040160642570281124
0 0.8601494011213052 0.10376625769131556 0.01953125 0.040160642570281124
0 0.8968466488277272 0.11843860661811342 0.01953125 0.040160642570281124
0 0.8468976172273193 0.18970430140541772 0.01953125 0.040160642570281124
0 0.8142778414882775 0.16035960355182188 0.01953125 0.040160642570281124
0 0.7612707059123346 0.17712800232530515 0.01953125 0.040160642570281124
0 0.7327284021406731 0.18970430140541772 0.01953125 0.040160642570281124
0 0.6909343144750258 0.27354629527283425 0.01953125 0.040160642570281124
0 0.5910362512742102 0.5355525261085113 0.01953125 0.040160642570281124
0 0.5003125000000003 0.4139816350007573 0.01953125 0.040160642570281124
0 0.4269180045871561 0.34061989036676765 0.01953125 0.040160642570281124
0 0.34129109327217144 0.4118855851540718 0.01953125 0.040160642570281124
0 0.46871209225280347 0.3385238405200822 0.01953125 0.040160642570281124
0 0.4809445081549442 0.29241074389300303 0.01953125 0.040160642570281124
0 0.5176417558613662 0.21485689956564252 0.01953125 0.040160642570281124
0 0.551280899592253 0.20856875002558634 0.01953125 0.040160642570281124
0 0.5991911952089707 0.23581739803249677 0.01953125 0.040160642570281124
0 0.6725856906218146 0.1645517032451926 0.01953125 0.040160642570281124
0 0.5991911952089707 0.1519754041650802 0.01953125 0.040160642570281124
0 0.6420046508664629 0.13311095554491145 0.01953125 0.040160642570281124
0 0.715399146279307 0.11843860661811342 0.01953125 0.040160642570281124
0 0.7561738659531093 0.09118995861120299 0.01953125 0.040160642570281124
0 0.7327284021406731 0.05346106137086562 0.01953125 0.040160642570281124
0 0.767386913863405 0.022020313670584303 0.01953125 0.040160642570281124
0 0.7286509301732929 0.028308463210640507 0.01953125 0.040160642570281124
0 0.6970505224260961 0.03878871244406761 0.01953125 0.040160642570281124
0 0.6593339067278291 0.022020313670584303 0.01953125 0.040160642570281124
0 0.6409852828746179 0.051365011524180174 0.01953125 0.040160642570281124
0 0.6532176987767587 0.06394131060429259 0.01953125 0.040160642570281124
0 0.6848181065239553 0.06813341029766348 0.01953125 0.040160642570281124
0 0.6256947629969422 0.01992426382389885 0.01953125 0.040160642570281124
0 0.5900168832823652 0.04298081213743851 0.01953125 0.040160642570281124
0 0.5981718272171256 0.022020313670584303 0.01953125 0.040160642570281124
0 0.604288035168196 0.04298081213743851 0.01953125 0.040160642570281124
0 0.5869587793068299 0.08699785891783224 0.01953125 0.040160642570281124
0 0.5563777395514782 0.08699785891783224 0.01953125 0.040160642570281124
0 0.6175398190621817 0.10376625769131556 0.01953125 0.040160642570281124
0 0.6552564347604488 0.09538205830457391 0.01953125 0.040160642570281124
0 0.5105061799184508 0.14149515493165307 0.01953125 0.040160642570281124
0 0.48502198012232434 0.20647270017890101 0.01953125 0.040160642570281124
0 0.46157651630988805 0.14149515493165307 0.01953125 0.040160642570281124
0 0.43303421253822644 0.14987935431839475 0.01953125 0.040160642570281124
0 0.38920138888888905 0.15407145401176547 0.01953125 0.040160642570281124
0 0.4187630606523957 0.22324109895238436 0.01953125 0.040160642570281124
0 0.3484266692150868 0.17712800232530515 0.01953125 0.040160642570281124
0 0.3035744775739043 0.13520700539159686 0.01953125 0.040160642570281124
0 0.3280393093781857 0.1687438029385635 0.01953125 0.040160642570281124
0 0.29236142966360873 0.19599245094547393 0.01953125 0.040160642570281124
0 0.25668354994903175 0.1645517032451926 0.01953125 0.040160642570281124
0 0.02528701580020396 0.16035960355182188 0.01953125 0.040160642570281124
0 0.03650006371049958 0.14987935431839475 0.01953125 0.040160642570281124
0 0.05994552752293586 0.14568725462502385 0.01953125 0.040160642570281124
0 0.08848783129459747 0.16245565339850726 0.01953125 0.040160642570281124
0 0.0874684633027524 0.12682280600485507 0.01953125 0.040160642570281124
0 0.10887519113149857 0.12053465646479887 0.01953125 0.040160642570281124
0 0.18838589449541296 0.09118995861120299 0.01953125 0.040160642570281124
0 0.20775388634046907 0.08909390876451755 0.01953125 0.040160642570281124
0 0.22100567023445478 0.04298081213743851 0.01953125 0.040160642570281124
0 0.46157651630988805 0.022020313670584303 0.01953125 0.040160642570281124
0 0.49929313200815506 0.030404513057325954 0.01953125 0.040160642570281124
0 0.5278354357798167 0.05346106137086562 0.01953125 0.040160642570281124
0 0.5482227956167179 0.030404513057325954 0.01953125 0.040160642570281124
0 0.33874267329255875 0.11508590938678252 0.01953125 0.040160642570281124
0 0.3550525611620796 0.09726948568995648 0.01953125 0.040160642570281124
0 0.33823298929663614 0.08364516168650128 0.01953125 0.040160642570281124
0 0.3713624490316005 0.05849256352627631 0.01953125 0.040160642570281124
0 0.3739108690112131 0.09936553553664186 0.01953125 0.040160642570281124
0 0.36422687308868507 0.1475746820104065 0.01953125 0.040160642570281124
0 0.40602096075433236 0.0951734358432711 0.01953125 0.040160642570281124
0 0.4253889525993884 0.10984578477006897 0.01953125 0.040160642570281124
0 0.4304857925586137 0.07106886260638878 0.01953125 0.040160642570281124
0 0.4111178007135577 0.051156389062877373 0.01953125 0.040160642570281124
0 0.39990475280326204 0.021811691209281506 0.01953125 0.040160642570281124
0 0.4228405326197758 0.014475516745882573 0.01953125 0.040160642570281124
0 0.44271820846075444 0.03648404013607944 0.01953125 0.040160642570281124
0 0.47686703618756376 0.02914786567268051 0.01953125 0.040160642570281124
0 0.5171320718654435 0.026003790902652334 0.01953125 0.040160642570281124
0 0.5084674439347604 0.010283417052511748 0.01953125 0.040160642570281124
0 0.5482227956167176 0.007139342282483571 0.01953125 0.040160642570281124
0 0.5839006753312946 0.007139342282483571 0.01953125 0.040160642570281124
0 0.563003631498471 0.02914786567268051 0.01953125 0.040160642570281124
0 0.5222289118246687 0.11298985954009708 0.01953125 0.040160642570281124
0 0.4855316641182468 0.1433825823170356 0.01953125 0.040160642570281124
0 0.5043899719673803 0.11508590938678252 0.01953125 0.040160642570281124
0 0.462595884301733 0.09936553553664186 0.01953125 0.040160642570281124
0 0.4840026121304791 0.09622146076661375 0.01953125 0.040160642570281124
0 0.020954701834862366 0.12137405892683872 0.01953125 0.040160642570281124
0 0.011270705912334335 0.10984578477006897 0.01953125 0.040160642570281124
0 0.01993533384301731 0.092029361073243 0.01953125 0.040160642570281124
0 0.030638697757390396 0.08574121153318673 0.01953125 0.040160642570281124
0 0.02758059378185525 0.06897281275970335 0.01953125 0.040160642570281124
0 0.017386913863404664 0.07106886260638878 0.01953125 0.040160642570281124
0 0.010251337920489281 0.07421293737641689 0.01953125 0.040160642570281124
0 0.044909849643221166 0.08993331122655755 0.01953125 0.040160642570281124
0 0.0377742737003058 0.092029361073243 0.01953125 0.040160642570281124
0 0.05765194954128439 0.06163663829630441 0.01953125 0.040160642570281124
0 0.048987321610601424 0.06897281275970335 0.01953125 0.040160642570281124
0 0.04185174566768602 0.07316491245307424 0.01953125 0.040160642570281124
0 0.06631657747196738 0.07421293737641689 0.01953125 0.040160642570281124
0 0.07345215341488275 0.09307738599658566 0.01953125 0.040160642570281124
0 0.06784562945973495 0.10984578477006897 0.01953125 0.040160642570281124
0 0.05000668960244646 0.12137405892683872 0.01953125 0.040160642570281124
0 0.09485888124362891 0.10355763523001277 0.01953125 0.040160642570281124
0 0.10250414118246685 0.09098133614990021 0.01953125 0.040160642570281124
0 0.087213621304791 0.08993331122655755 0.01953125 0.040160642570281124
0 0.07701994138634047 0.07840503706978771 0.01953125 0.040160642570281124
0 0.08976204128440365 0.03753206505942217 0.01953125 0.040160642570281124
0 0.10250414118246685 0.06373268814298988 0.01953125 0.040160642570281124
0 0.12340118501529049 0.06163663829630441 0.01953125 0.040160642570281124
0 0.11779466106014269 0.04696428936950647 0.01953125 0.040160642570281124
0 0.13155612895005092 0.04172416475279292 0.01953125 0.040160642570281124
0 0.13461423292558614 0.08574121153318673 0.01953125 0.040160642570281124
0 0.14124012487257895 0.10250961030667005 0.01953125 0.040160642570281124
0 0.1641759046890927 0.10041356045998467 0.01953125 0.040160642570281124
0 0.1636662206931702 0.07630898722310234 0.01953125 0.040160642570281124
0 0.15245317278287457 0.07316491245307424 0.01953125 0.040160642570281124
0 0.14225949286442402 0.06058861337296169 0.01953125 0.040160642570281124
0 0.1514338047910295 0.05325243890956275 0.01953125 0.040160642570281124
0 0.1641759046890927 0.03858008998276482 0.01953125 0.040160642570281124
0 0.1529628567787971 0.04172416475279292 0.01953125 0.040160642570281124
0 0.1437885448521916 0.03753206505942217 0.01953125 0.040160642570281124
0 0.1473563328236493 0.0155235416692253 0.01953125 0.040160642570281124
0 0.16978242864424054 0.02495576597930961 0.01953125 0.040160642570281124
0 0.23706071610601423 0.14233455739369294 0.01953125 0.040160642570281124
0 0.22788640417940872 0.11718195923346797 0.01953125 0.040160642570281124
0 0.22329924821610594 0.08469318660984401 0.01953125 0.040160642570281124
0 0.24113818807339446 0.06897281275970335 0.01953125 0.040160642570281124
0 0.2574480759429153 0.06373268814298988 0.01953125 0.040160642570281124
0 0.2895581676860346 0.06687676291301797 0.01953125 0.040160642570281124
0 0.25795775993883785 0.10774973492338352 0.01953125 0.040160642570281124
0 0.2839516437308868 0.09726948568995648 0.01953125 0.040160642570281124
0 0.33492004332313957 0.05220441398622003 0.01953125 0.040160642570281124
0 0.31198426350662584 0.030195890596023164 0.01953125 0.040160642570281124
0 0.3328813073394494 0.026003790902652334 0.01953125 0.040160642570281124
0 0.35785582313965336 0.0155235416692253 0.01953125 0.040160642570281124
0 0.3553074031600407 0.05220441398622003 0.01953125 0.040160642570281124
0 0.3639720310907237 0.044868239522821096 0.01953125 0.040160642570281124
0 0.3711076070336391 0.0155235416692253 0.01953125 0.040160642570281124
0 0.37365602701325173 0.02914786567268051 0.01953125 0.040160642570281124
0 0.40627580275229347 0.011331441975854398 0.01953125 0.040160642570281124
0 0.32217794342507633 0.0155235416692253 0.01953125 0.040160642570281124
0 0.34766214322120276 0.0155235416692253 0.01953125 0.040160642570281124
0 0.26560301987767576 0.01761959151591068 0.01953125 0.040160642570281124
0 0.2533706039755351 0.02495576597930961 0.01953125 0.040160642570281124
0 0.2441962920489296 0.045916264446163826 0.01953125 0.040160642570281124
0 0.2635642838939857 0.04172416475279292 0.01953125 0.040160642570281124
0 0.2788548037716615 0.02914786567268051 0.01953125 0.040160642570281124
0 0.2895581676860346 0.014475516745882573 0.01953125 0.040160642570281124
0 0.2941453236493374 0.014475516745882573 0.01953125 0.040160642570281124
0 0.30484868756371036 0.010283417052511748 0.01953125 0.040160642570281124
0 0.2090280963302752 0.03648404013607944 0.01953125 0.040160642570281124
0 0.19883441641182462 0.01761959151591068 0.01953125 0.040160642570281124
0 0.1942472604485219 0.04382021459947837 0.01953125 0.040160642570281124
0 0.1942472604485219 0.030195890596023164 0.01953125 0.040160642570281124
0 0.18303421253822624 0.030195890596023164 0.01953125 0.040160642570281124
0 0.18099547655453613 0.045916264446163826 0.01953125 0.040160642570281124
0 0.17589863659531088 0.05849256352627631 0.01953125 0.040160642570281124
0 0.17385990061162077 0.03858008998276482 0.01953125 0.040160642570281124
0 0.15805969673802236 0.05849256352627631 0.01953125 0.040160642570281124
0 0.1672340086646279 0.05639651367959085 0.01953125 0.040160642570281124
0 0.07345215341488275 0.04382021459947837 0.01953125 0.040160642570281124
0 0.06682626146788988 0.04382021459947837 0.01953125 0.040160642570281124
0 0.05204542558613657 0.04172416475279292 0.01953125 0.040160642570281124
0 0.07357957441386341 0.12808190969791494 0.01953125 0.040160642570281124
0 0.013436862895005106 0.04266787844548425 0.01953125 0.040160642570281124
0 0.021591806829765563 0.045811953215512353 0.01953125 0.040160642570281124
0 0.08275388634046893 0.03323565413539987 0.01953125 0.040160642570281124
0 0.11639303007135579 0.02065935505528735 0.01953125 0.040160642570281124
0 0.12429313200815498 0.029567566903700365 0.01953125 0.040160642570281124
0 0.132957759938838 0.020135342593615987 0.01953125 0.040160642570281124
0 0.13958365188583086 0.00913108089851755 0.01953125 0.040160642570281124
0 0.15538385575942915 0.012799168130217052 0.01953125 0.040160642570281124
0 0.1788293195718655 0.00913108089851755 0.01953125 0.040160642570281124
0 0.1668517456676861 0.0075590435135035 0.01953125 0.040160642570281124
0 0.16353879969418963 0.012799168130217052 0.01953125 0.040160642570281124
0 0.1788293195718655 0.01961133013194466 0.01953125 0.040160642570281124
0 0.1867294215086647 0.012799168130217052 0.01953125 0.040160642570281124
0 0.21782014525993887 0.011227130745203002 0.01953125 0.040160642570281124
0 0.20635225535168197 0.011227130745203002 0.01953125 0.040160642570281124
0 0.23260098114169217 0.01646725536191652 0.01953125 0.040160642570281124
0 0.24508823904179408 0.01961133013194466 0.01953125 0.040160642570281124
0 0.24610760703363915 0.011227130745203002 0.01953125 0.040160642570281124
0 0.16659690366972477 0.12179376015785873 0.01953125 0.040160642570281124
0 0.17551637359836902 0.11236153584777434 0.01953125 0.040160642570281124
0 0.04401790265035679 0.017515280285259244 0.01953125 0.040160642570281124
0 0.05777937054026506 0.024851454748658214 0.01953125 0.040160642570281124
0 0.10811066513761464 0.02495576597930961 0.01953125 0.040160642570281124
0 0.09485888124362891 0.02914786567268051 0.01953125 0.040160642570281124
0 0.10046540519877674 0.021811691209281506 0.01953125 0.040160642570281124
0 0.0780393093781855 0.02495576597930961 0.01953125 0.040160642570281124
0 0.06733594546381241 0.01761959151591068 0.01953125 0.040160642570281124
0 0.20087315239551476 0.06058861337296169 0.01953125 0.040160642570281124
0 0.03930332568807337 0.03648404013607944 0.01953125 0.040160642570281124
0 0.044400165647298664 0.02914786567268051 0.01953125 0.040160642570281124
