0 0.03897207754629639 0.9790011223344555 0.01953125 0.024242424242424242
0 0.032009548611111216 0.9518406285072951 0.01953125 0.024242424242424242
0 0.06085431134259267 0.9110998877665544 0.01953125 0.024242424242424242
0 0.11754918981481488 0.9431986531986533 0.01953125 0.024242424242424242
0 0.1642975983796297 0.969124579124579 0.01953125 0.024242424242424242
0 0.15932436342592599 0.892581369248036 0.01953125 0.024242424242424242
0 0.1354528356481482 0.8691245791245792 0.01953125 0.024242424242424242
0 0.11456524884259267 0.8271492704826038 0.01953125 0.024242424242424242
0 0.04493995949074081 0.8123344556677891 0.01953125 0.024242424242424242
0 0.09268301504629634 0.7777665544332211 0.01953125 0.024242424242424242
0 0.06781684027777785 0.7678900112233447 0.01953125 0.024242424242424242
0 0.08770978009259267 0.7234455667789002 0.01953125 0.024242424242424242
0 0.04792390046296302 0.703692480359147 0.01953125 0.024242424242424242
0 0.04692925347222232 0.6629517396184064 0.01953125 0.024242424242424242
0 0.040961371527777846 0.6370258136924803 0.01953125 0.024242424242424242
0 0.12948495370370378 0.7691245791245792 0.01953125 0.024242424242424242
0 0.1623083043981482 0.7431986531986532 0.01953125 0.024242424242424242
0 0.13346354166666669 0.7333221099887767 0.01953125 0.024242424242424242
0 0.19712094907407413 0.7493714927048261 0.01953125 0.024242424242424242
0 0.22099247685185192 0.8185072951739618 0.01953125 0.024242424242424242
0 0.26077835648148145 0.920976430976431 0.01953125 0.024242424242424242
0 0.2717194733796296 0.8197418630751965 0.01953125 0.024242424242424242
0 0.2926070601851852 0.7901122334455668 0.01953125 0.024242424242424242
0 0.2747034143518518 0.7110998877665544 0.01953125 0.024242424242424242
0 0.2438693576388889 0.6925813692480359 0.01953125 0.024242424242424242
0 0.17225477430555564 0.6851739618406285 0.01953125 0.024242424242424242
0 0.1921477141203704 0.6691245791245792 0.01953125 0.024242424242424242
0 0.20010489004629634 0.6185072951739619 0.01953125 0.024242424242424242
0 0.3294089988425926 0.732087542087542 0.01953125 0.024242424242424242
0 0.358253761574074 0.7345566778900113 0.01953125 0.024242424242424242
0 0.3841145833333333 0.758013468013468 0.01953125 0.024242424242424242
0 0.4010235821759259 0.8036924803591471 0.01953125 0.024242424242424242
0 0.4109700520833333 0.8481369248035915 0.01953125 0.024242424242424242
0 0.3841145833333333 0.8901122334455668 0.01953125 0.024242424242424242
0 0.3870985243055555 0.9333221099887766 0.01953125 0.024242424242424242
0 0.36621093749999994 0.8604826038159371 0.01953125 0.024242424242424242
0 0.31647858796296297 0.8864085297418631 0.01953125 0.024242424242424242
0 0.4935257523148147 0.8617171717171717 0.01953125 0.024242424242424242
0 0.5452473958333333 0.8283838383838383 0.01953125 0.024242424242424242
0 0.50048828125 0.7444332210998877 0.01953125 0.024242424242424242
0 0.5124240451388888 0.7098653198653199 0.01953125 0.024242424242424242
0 0.44976128472222215 0.7197418630751965 0.01953125 0.024242424242424242
0 0.4577184606481481 0.6888776655443323 0.01953125 0.024242424242424242
0 0.488552517361111 0.6975196408529741 0.01953125 0.024242424242424242
0 0.42390046296296285 0.6938159371492705 0.01953125 0.024242424242424242
0 0.4059968171296296 0.6691245791245792 0.01953125 0.024242424242424242
0 0.4079861111111111 0.6172727272727273 0.01953125 0.024242424242424242
0 0.4348415798611111 0.592581369248036 0.01953125 0.024242424242424242
0 0.44876663773148145 0.6382603815937149 0.01953125 0.024242424242424242
0 0.36720558449074076 0.6049270482603816 0.01953125 0.024242424242424242
0 0.3274197048611111 0.5876430976430977 0.01953125 0.024242424242424242
0 0.6476960358796295 0.9740628507295174 0.01953125 0.024242424242424242
0 0.6944444444444444 0.9543097643097643 0.01953125 0.024242424242424242
0 0.7511393229166665 0.8728282828282828 0.01953125 0.024242424242424242
0 0.7760054976851851 0.9543097643097643 0.01953125 0.024242424242424242
0 0.8048502604166665 0.8876430976430977 0.01953125 0.024242424242424242
0 0.8923791956018516 0.8370258136924804 0.01953125 0.024242424242424242
0 0.868507667824074 0.8543097643097642 0.01953125 0.024242424242424242
0 0.8595558449074072 0.8283838383838383 0.01953125 0.024242424242424242
0 0.922218605324074 0.7703591470258137 0.01953125 0.024242424242424242
0 0.9202293113425923 0.8728282828282828 0.01953125 0.024242424242424242
0 0.9271918402777777 0.9061616161616162 0.01953125 0.024242424242424242
0 0.949074074074074 0.9456677890011222 0.01953125 0.024242424242424242
0 0.9500687210648147 0.977766554433221 0.01953125 0.024242424242424242
0 0.7640697337962963 0.7234455667789002 0.01953125 0.024242424242424242
0 0.7262731481481481 0.6975196408529741 0.01953125 0.024242424242424242
0 0.6994176793981481 0.7024579124579126 0.01953125 0.024242424242424242
0 0.6735568576388888 0.66665544332211 0.01953125 0.024242424242424242
0 0.6606264467592591 0.6012233445566779 0.01953125 0.024242424242424242
0 0.6108940972222221 0.5888776655443323 0.01953125 0.024242424242424242
0 0.5561885127314814 0.6197418630751964 0.01953125 0.024242424242424242
0 0.5313223379629628 0.5777665544332211 0.01953125 0.024242424242424242
0 0.4945203993055555 0.6148035914702582 0.01953125 0.024242424242424242
0 0.5512152777777777 0.5913468013468014 0.01953125 0.024242424242424242
0 0.6049262152777777 0.6975196408529741 0.01953125 0.024242424242424242
0 0.653663917824074 0.7493714927048261 0.01953125 0.024242424242424242
0 0.8635344328703702 0.632087542087542 0.01953125 0.024242424242424242
0 0.8396629050925923 0.6345566778900114 0.01953125 0.024242424242424242
0 0.8545826099537035 0.5827048260381594 0.01953125 0.024242424242424242
0 0.9560366030092591 0.5703591470258138 0.01953125 0.024242424242424242
0 0.9460901331018516 0.5456677890011224 0.01953125 0.024242424242424242
0 0.9252025462962961 0.5148035914702581 0.01953125 0.024242424242424242
0 0.9540473090277777 0.4678900112233446 0.01953125 0.024242424242424242
0 0.8973524305555554 0.4530751964085298 0.01953125 0.024242424242424242
0 0.8665183738425923 0.4641863075196409 0.01953125 0.024242424242424242
0 0.8356843171296295 0.4567789001122335 0.01953125 0.024242424242424242
0 0.8496093749999998 0.39134680134680144 0.01953125 0.024242424242424242
0 0.8933738425925923 0.33085297418630766 0.01953125 0.024242424242424242
0 0.9431061921296295 0.3888776655443323 0.01953125 0.024242424242424242
0 0.9331597222222221 0.29628507295173967 0.01953125 0.024242424242424242
0 0.9053096064814814 0.29258136924803596 0.01953125 0.024242424242424242
0 0.9560366030092591 0.3333221099887768 0.01953125 0.024242424242424242
0 0.9063042534722221 0.23826038159371501 0.01953125 0.024242424242424242
0 0.9301757812499998 0.21480359147025824 0.01953125 0.024242424242424242
0 0.9003363715277777 0.20863075196408537 0.01953125 0.024242424242424242
0 0.9311704282407405 0.16912457912457918 0.01953125 0.024242424242424242
0 0.872486255787037 0.18270482603815943 0.01953125 0.024242424242424242
0 0.8257378472222221 0.17406285072951752 0.01953125 0.024242424242424242
0 0.8088288483796295 0.23208754208754218 0.01953125 0.024242424242424242
0 0.8426468460648147 0.2617171717171718 0.01953125 0.024242424242424242
0 0.8476200810185184 0.23949494949494954 0.01953125 0.024242424242424242
0 0.8217592592592591 0.27776655443322124 0.01953125 0.024242424242424242
0 0.8038556134259258 0.30245791245791254 0.01953125 0.024242424242424242
0 0.8237485532407407 0.3580134680134681 0.01953125 0.024242424242424242
0 0.7869466145833333 0.3456677890011224 0.01953125 0.024242424242424242
0 0.7680483217592591 0.329618406285073 0.01953125 0.024242424242424242
0 0.7521339699074072 0.3098653198653199 0.01953125 0.024242424242424242
0 0.7730215567129628 0.2851739618406286 0.01953125 0.024242424242424242
0 0.7421874999999998 0.2506060606060607 0.01953125 0.024242424242424242
0 0.7421874999999998 0.2209764309764311 0.01953125 0.024242424242424242
0 0.7571072048611109 0.1851739618406286 0.01953125 0.024242424242424242
0 0.707374855324074 0.21727272727272742 0.01953125 0.024242424242424242
0 0.7849573206018516 0.49134680134680137 0.01953125 0.024242424242424242
0 0.7561125578703702 0.5024579124579125 0.01953125 0.024242424242424242
0 0.7809787326388888 0.4481369248035916 0.01953125 0.024242424242424242
0 0.7590964988425926 0.4098653198653199 0.01953125 0.024242424242424242
0 0.7431821469907407 0.34690235690235705 0.01953125 0.024242424242424242
0 0.7163266782407407 0.329618406285073 0.01953125 0.024242424242424242
0 0.71533203125 0.3049270482603817 0.01953125 0.024242424242424242
0 0.6735568576388888 0.27159371492704837 0.01953125 0.024242424242424242
0 0.7063802083333333 0.25430976430976443 0.01953125 0.024242424242424242
0 0.7581018518518516 0.5975196408529743 0.01953125 0.024242424242424242
0 0.7779947916666665 0.6234455667789002 0.01953125 0.024242424242424242
0 0.7212999131944444 0.5901122334455668 0.01953125 0.024242424242424242
0 0.7053855613425926 0.5456677890011224 0.01953125 0.024242424242424242
0 0.7262731481481481 0.520976430976431 0.01953125 0.024242424242424242
0 0.6795247395833333 0.5172727272727273 0.01953125 0.024242424242424242
0 0.6835033275462963 0.4715937149270484 0.01953125 0.024242424242424242
0 0.6864872685185184 0.4333221099887767 0.01953125 0.024242424242424242
0 0.7004123263888888 0.39628507295173965 0.01953125 0.024242424242424242
0 0.6874819155092591 0.37159371492704835 0.01953125 0.024242424242424242
0 0.6695782696759258 0.41109988776655454 0.01953125 0.024242424242424242
0 0.6496853298611109 0.329618406285073 0.01953125 0.024242424242424242
0 0.6457067418981481 0.2950505050505051 0.01953125 0.024242424242424242
0 0.6278030960648147 0.24690235690235707 0.01953125 0.024242424242424242
0 0.6437174479166665 0.2407295173961842 0.01953125 0.024242424242424242
0 0.6287977430555554 0.20369248035914717 0.01953125 0.024242424242424242
0 0.5969690393518516 0.17900112233445573 0.01953125 0.024242424242424242
0 0.6815140335648147 0.16789001122334468 0.01953125 0.024242424242424242
0 0.5601671006944444 0.1814702581369249 0.01953125 0.024242424242424242
0 0.5750868055555554 0.17035914702581384 0.01953125 0.024242424242424242
0 0.5382848668981481 0.20863075196408537 0.01953125 0.024242424242424242
0 0.5263491030092591 0.1802356902356904 0.01953125 0.024242424242424242
0 0.4865632233796296 0.19875420875420882 0.01953125 0.024242424242424242
0 0.47263816550925913 0.1728282828282829 0.01953125 0.024242424242424242
0 0.4597077546296296 0.19258136924803598 0.01953125 0.024242424242424242
0 0.45075593171296285 0.17035914702581384 0.01953125 0.024242424242424242
0 0.44777199074074064 0.21850729517396192 0.01953125 0.024242424242424242
0 0.44677734374999994 0.2654208754208755 0.01953125 0.024242424242424242
0 0.50048828125 0.23826038159371501 0.01953125 0.024242424242424242
0 0.4875578703703703 0.229618406285073 0.01953125 0.024242424242424242
0 0.5482313368055554 0.25430976430976443 0.01953125 0.024242424242424242
0 0.5392795138888888 0.29258136924803596 0.01953125 0.024242424242424242
0 0.5919958043981481 0.3098653198653199 0.01953125 0.024242424242424242
0 0.6168619791666665 0.2839393939393941 0.01953125 0.024242424242424242
0 0.6178566261574072 0.3061616161616162 0.01953125 0.024242424242424242
0 0.6108940972222221 0.3790011223344557 0.01953125 0.024242424242424242
0 0.6278030960648147 0.39998877665544336 0.01953125 0.024242424242424242
0 0.6148726851851851 0.4530751964085298 0.01953125 0.024242424242424242
0 0.6287977430555554 0.4827048260381594 0.01953125 0.024242424242424242
0 0.6128833912037035 0.5148035914702581 0.01953125 0.024242424242424242
0 0.5740921585648147 0.4728282828282829 0.01953125 0.024242424242424242
0 0.5790653935185184 0.4320875420875422 0.01953125 0.024242424242424242
0 0.5721028645833333 0.37159371492704835 0.01953125 0.024242424242424242
0 0.5452473958333333 0.3530751964085298 0.01953125 0.024242424242424242
0 0.5243598090277777 0.3456677890011224 0.01953125 0.024242424242424242
0 0.5064561631944444 0.3283838383838385 0.01953125 0.024242424242424242
0 0.4955150462962962 0.31109988776655456 0.01953125 0.024242424242424242
0 0.4875578703703703 0.28764309764309776 0.01953125 0.024242424242424242
0 0.5412688078703702 0.5160381593714928 0.01953125 0.024242424242424242
0 0.52734375 0.4481369248035916 0.01953125 0.024242424242424242
0 0.5034722222222221 0.4938159371492706 0.01953125 0.024242424242424242
0 0.47263816550925913 0.5024579124579125 0.01953125 0.024242424242424242
0 0.4696542245370369 0.5370258136924805 0.01953125 0.024242424242424242
0 0.4398148148148147 0.512334455667789 0.01953125 0.024242424242424242
0 0.4626916956018518 0.44937149270482607 0.01953125 0.024242424242424242
0 0.4855685763888888 0.4098653198653199 0.01953125 0.024242424242424242
0 0.5084454571759258 0.4036924803591471 0.01953125 0.024242424242424242
0 0.42489510995370366 0.3876430976430978 0.01953125 0.024242424242424242
0 0.4378255208333333 0.36665544332211003 0.01953125 0.024242424242424242
0 0.44777199074074064 0.3209764309764311 0.01953125 0.024242424242424242
0 0.4308629918981481 0.2802356902356904 0.01953125 0.024242424242424242
0 0.385109230324074 0.5308529741863076 0.01953125 0.024242424242424242
0 0.39207175925925924 0.575297418630752 0.01953125 0.024242424242424242
0 0.4059968171296296 0.48147025813692484 0.01953125 0.024242424242424242
0 0.38908781828703703 0.4629517396184063 0.01953125 0.024242424242424242
0 0.3343822337962962 0.4185072951739619 0.01953125 0.024242424242424242
0 0.385109230324074 0.3740628507295175 0.01953125 0.024242424242424242
0 0.3502965856481481 0.3777665544332212 0.01953125 0.024242424242424242
0 0.2687355324074074 0.583939393939394 0.01953125 0.024242424242424242
0 0.28166594328703703 0.629618406285073 0.01953125 0.024242424242424242
0 0.2528211805555555 0.5629517396184063 0.01953125 0.024242424242424242
0 0.2766927083333333 0.5135690235690237 0.01953125 0.024242424242424242
0 0.3254304108796296 0.4950505050505051 0.01953125 0.024242424242424242
0 0.2926070601851852 0.4678900112233446 0.01953125 0.024242424242424242
0 0.2926070601851852 0.4098653198653199 0.01953125 0.024242424242424242
0 0.2995695891203704 0.3641863075196408 0.01953125 0.024242424242424242
0 0.3254304108796296 0.3629517396184063 0.01953125 0.024242424242424242
0 0.3502965856481481 0.3197418630751964 0.01953125 0.024242424242424242
0 0.3880931712962962 0.329618406285073 0.01953125 0.024242424242424242
0 0.39903428819444436 0.27900112233445573 0.01953125 0.024242424242424242
0 0.4129593460648147 0.229618406285073 0.01953125 0.024242424242424242
0 0.41892722800925924 0.20369248035914717 0.01953125 0.024242424242424242
0 0.4109700520833333 0.1802356902356904 0.01953125 0.024242424242424242
0 0.3861038773148148 0.19258136924803598 0.01953125 0.024242424242424242
0 0.36621093749999994 0.18270482603815943 0.01953125 0.024242424242424242
0 0.34035011574074076 0.18270482603815943 0.01953125 0.024242424242424242
0 0.3473126446759259 0.19628507295173966 0.01953125 0.024242424242424242
0 0.3592484085648148 0.21233445566778908 0.01953125 0.024242424242424242
0 0.3821252893518518 0.23455667789001133 0.01953125 0.024242424242424242
0 0.37118417245370366 0.27900112233445573 0.01953125 0.024242424242424242
0 0.34532335069444436 0.23208754208754218 0.01953125 0.024242424242424242
0 0.3224464699074074 0.23579124579124586 0.01953125 0.024242424242424242
0 0.31249999999999994 0.21233445566778908 0.01953125 0.024242424242424242
0 0.31349464699074076 0.17900112233445573 0.01953125 0.024242424242424242
0 0.3254304108796296 0.1654208754208755 0.01953125 0.024242424242424242
0 0.28862847222222227 0.18393939393939407 0.01953125 0.024242424242424242
0 0.31349464699074076 0.275297418630752 0.01953125 0.024242424242424242
0 0.3244357638888889 0.3185072951739619 0.01953125 0.024242424242424242
0 0.2737087673611111 0.3086307519640854 0.01953125 0.024242424242424242
0 0.2766927083333333 0.26665544332211016 0.01953125 0.024242424242424242
0 0.25381582754629634 0.2567789001122335 0.01953125 0.024242424242424242
0 0.25779441550925924 0.22838383838383847 0.01953125 0.024242424242424242
0 0.25878906250000006 0.23208754208754218 0.01953125 0.024242424242424242
0 0.26276765046296297 0.18764309764309778 0.01953125 0.024242424242424242
0 0.23093894675925924 0.19628507295173966 0.01953125 0.024242424242424242
0 0.23491753472222227 0.1728282828282829 0.01953125 0.024242424242424242
0 0.21104600694444448 0.17529741863075204 0.01953125 0.024242424242424242
0 0.22795500578703703 0.2209764309764311 0.01953125 0.024242424242424242
0 0.2170138888888889 0.2691245791245792 0.01953125 0.024242424242424242
0 0.23690682870370366 0.301223344556678 0.01953125 0.024242424242424242
0 0.25580512152777773 0.31727272727272743 0.01953125 0.024242424242424242
0 0.25679976851851855 0.3259147025813693 0.01953125 0.024242424242424242
0 0.25679976851851855 0.35677890011223345 0.01953125 0.024242424242424242
0 0.26376229745370366 0.3864085297418631 0.01953125 0.024242424242424242
0 0.2438693576388889 0.4123344556677891 0.01953125 0.024242424242424242
0 0.25679976851851855 0.4481369248035916 0.01953125 0.024242424242424242
0 0.2199978298611111 0.4617171717171718 0.01953125 0.024242424242424242
0 0.22298177083333331 0.41109988776655454 0.01953125 0.024242424242424242
0 0.20109953703703703 0.39751964085297425 0.01953125 0.024242424242424242
0 0.18518518518518517 0.3617171717171718 0.01953125 0.024242424242424242
0 0.19911024305555552 0.31603815937149277 0.01953125 0.024242424242424242
0 0.19612630208333331 0.2950505050505051 0.01953125 0.024242424242424242
0 0.19513165509259262 0.26295173961840634 0.01953125 0.024242424242424242
0 0.17324942129629634 0.1654208754208755 0.01953125 0.024242424242424242
0 0.17822265625000006 0.19875420875420882 0.01953125 0.024242424242424242
0 0.14738859953703703 0.17900112233445573 0.01953125 0.024242424242424242
0 0.16031901041666669 0.21603815937149276 0.01953125 0.024242424242424242
0 0.18220124421296297 0.22221099887766563 0.01953125 0.024242424242424242
0 0.18021195023148157 0.23702581369248052 0.01953125 0.024242424242424242
0 0.17225477430555564 0.25184062850729527 0.01953125 0.024242424242424242
0 0.1662868923611111 0.3086307519640854 0.01953125 0.024242424242424242
0 0.1085973668981482 0.18393939393939407 0.01953125 0.024242424242424242
0 0.09467230902777785 0.20739618406285087 0.01953125 0.024242424242424242
0 0.07875795717592599 0.19998877665544348 0.01953125 0.024242424242424242
0 0.08572048611111116 0.1814702581369249 0.01953125 0.024242424242424242
0 0.042950665509259356 0.16912457912457918 0.01953125 0.024242424242424242
0 0.012116608796296391 0.16789001122334468 0.01953125 0.024242424242424242
0 0.022063078703703776 0.21109988776655456 0.01953125 0.024242424242424242
0 0.024052372685185286 0.23579124579124586 0.01953125 0.024242424242424242
0 0.03698278356481488 0.22714927048260397 0.01953125 0.024242424242424242
0 0.051902488425925986 0.22838383838383847 0.01953125 0.024242424242424242
0 0.0698061342592593 0.2506060606060607 0.01953125 0.024242424242424242
0 0.09765625000000006 0.2814702581369249 0.01953125 0.024242424242424242
0 0.0698061342592593 0.29628507295173967 0.01953125 0.024242424242424242
0 0.024052372685185286 0.2888776655443323 0.01953125 0.024242424242424242
0 0.013111255787037146 0.32221099887766563 0.01953125 0.024242424242424242
0 0.042950665509259356 0.32714927048260395 0.01953125 0.024242424242424242
0 0.07378472222222227 0.3197418630751964 0.01953125 0.024242424242424242
0 0.06781684027777785 0.3506060606060606 0.01953125 0.024242424242424242
0 0.033004195601851916 0.37529741863075206 0.01953125 0.024242424242424242
0 0.09069372106481488 0.35554433221099896 0.01953125 0.024242424242424242
0 0.11257595486111116 0.3580134680134681 0.01953125 0.024242424242424242
0 0.1354528356481482 0.37653198653198655 0.01953125 0.024242424242424242
0 0.1384367766203704 0.3098653198653199 0.01953125 0.024242424242424242
0 0.1235170717592593 0.2864085297418631 0.01953125 0.024242424242424242
0 0.13147424768518523 0.25801346801346814 0.01953125 0.024242424242424242
0 0.1344581886574075 0.23702581369248052 0.01953125 0.024242424242424242
0 0.009132667824074181 0.4740628507295175 0.01953125 0.024242424242424242
0 0.009132667824074181 0.420976430976431 0.01953125 0.024242424242424242
0 0.027036313657407496 0.4802356902356903 0.01953125 0.024242424242424242
0 0.051902488425925986 0.4876430976430977 0.01953125 0.024242424242424242
0 0.0688114872685186 0.4061616161616162 0.01953125 0.024242424242424242
0 0.08671513310185192 0.401223344556678 0.01953125 0.024242424242424242
0 0.10362413194444448 0.401223344556678 0.01953125 0.024242424242424242
0 0.08870442708333337 0.4320875420875422 0.01953125 0.024242424242424242
0 0.10660807291666674 0.4456677890011224 0.01953125 0.024242424242424242
0 0.14241536458333343 0.4431986531986532 0.01953125 0.024242424242424242
0 0.16827618634259262 0.4481369248035916 0.01953125 0.024242424242424242
0 0.11357060185185192 0.49751964085297423 0.01953125 0.024242424242424242
0 0.14241536458333343 0.4938159371492706 0.01953125 0.024242424242424242
0 0.17623336226851855 0.49751964085297423 0.01953125 0.024242424242424242
0 0.20905671296296297 0.5098653198653199 0.01953125 0.024242424242424242
0 0.20209418402777785 0.5469023569023569 0.01953125 0.024242424242424242
0 0.22198712384259262 0.5370258136924805 0.01953125 0.024242424242424242
0 0.14341001157407413 0.6061616161616162 0.01953125 0.024242424242424242
0 0.13147424768518523 0.5629517396184063 0.01953125 0.024242424242424242
0 0.10064019097222227 0.5654208754208755 0.01953125 0.024242424242424242
0 0.09069372106481488 0.595050505050505 0.01953125 0.024242424242424242
0 0.07378472222222227 0.5394949494949496 0.01953125 0.024242424242424242
0 0.012116608796296391 0.5320875420875422 0.01953125 0.024242424242424242
0 0.008138020833333426 0.5876430976430977 0.01953125 0.024242424242424242
0 0.12252242476851855 0.6086307519640853 0.01953125 0.024242424242424242
0 0.3463179976851852 0.42468013468013477 0.01953125 0.024242424242424242
0 0.6546585648148147 0.20245791245791253 0.01953125 0.024242424242424242
0 0.4328522858796296 0.2456677890011224 0.01953125 0.024242424242424242
0 0.9896036516507882 0.11295822880579787 0.01953125 0.024242424242424242
0 0.9557255307572272 0.1221566519332617 0.01953125 0.024242424242424242
0 0.9694885173702363 0.19968621829331423 0.01953125 0.024242424242424242
0 0.995955799318331 0.3402906860988334 0.01953125 0.024242424242424242
0 0.9853688865390933 0.4059937084378609 0.01953125 0.024242424242424242
0 0.9599602958689224 0.3218938398439056 0.01953125 0.024242424242424242
0 0.88373452385841 0.10638792657189504 0.01953125 0.024242424242424242
0 0.9366690877545991 0.09061920121052852 0.01953125 0.024242424242424242
0 0.8562085506323915 0.09193326165730896 0.01953125 0.024242424242424242
0 0.8075087518478974 0.08667701987018683 0.01953125 0.024242424242424242
0 0.7768067047881078 0.09193326165730896 0.01953125 0.024242424242424242
0 0.7662197920088698 0.115586349699359 0.01953125 0.024242424242424242
0 0.7916283826790407 0.1458097399753116 0.01953125 0.024242424242424242
0 0.8276238861284493 0.14712380042209217 0.01953125 0.024242424242424242
0 0.7863349262894217 0.15500816310277554 0.01953125 0.024242424242424242
0 0.7630437181750984 0.15106598176243385 0.01953125 0.024242424242424242
0 0.7450459664503941 0.14712380042209217 0.01953125 0.024242424242424242
0 0.720696067058147 0.13135507506072552 0.01953125 0.024242424242424242
0 0.7154026106685283 0.10901604746545616 0.01953125 0.024242424242424242
0 0.7016396240555192 0.08667701987018683 0.01953125 0.024242424242424242
0 0.6730549595515769 0.11033010791223674 0.01953125 0.024242424242424242
0 0.6561158991047964 0.11295822880579787 0.01953125 0.024242424242424242
0 0.652939825271025 0.14712380042209217 0.01953125 0.024242424242424242
0 0.6719962682736531 0.0879910803169674 0.01953125 0.024242424242424242
0 0.6254138520450065 0.09324732210408952 0.01953125 0.024242424242424242
0 0.6180030130995402 0.12084259148648112 0.01953125 0.024242424242424242
0 0.5862422747618266 0.11952853103970056 0.01953125 0.024242424242424242
0 0.5724792881488174 0.14318161908175062 0.01953125 0.024242424242424242
0 0.6254138520450065 0.17209094891092264 0.01953125 0.024242424242424242
0 0.5629510666475033 0.10244574523155348 0.01953125 0.024242424242424242
0 0.544953314922799 0.0879910803169674 0.01953125 0.024242424242424242
0 0.5311903283097898 0.13398319595428665 0.01953125 0.024242424242424242
0 0.5089578114733904 0.12084259148648112 0.01953125 0.024242424242424242
0 0.49731220741622867 0.14843786086887273 0.01953125 0.024242424242424242
0 0.48566660335906703 0.11295822880579787 0.01953125 0.024242424242424242
0 0.48037314696944816 0.09324732210408952 0.01953125 0.024242424242424242
0 0.4496710999096584 0.10244574523155348 0.01953125 0.024242424242424242
0 0.4337907307408016 0.11952853103970056 0.01953125 0.024242424242424242
0 0.4528471737434297 0.14843786086887273 0.01953125 0.024242424242424242
0 0.42955596562910653 0.15238004220921442 0.01953125 0.024242424242424242
0 0.38509093195630756 0.14055349818818946 0.01953125 0.024242424242424242
0 0.40520606623685945 0.11295822880579787 0.01953125 0.024242424242424242
0 0.38614962323423135 0.10638792657189504 0.01953125 0.024242424242424242
0 0.4189690528498687 0.09061920121052852 0.01953125 0.024242424242424242
0 0.36709318023160326 0.10375980567833405 0.01953125 0.024242424242424242
0 0.3617997238419843 0.1287269541671645 0.01953125 0.024242424242424242
0 0.32792160294842315 0.12741289372038395 0.01953125 0.024242424242424242
0 0.3152173076133378 0.10375980567833405 0.01953125 0.024242424242424242
0 0.3353324418938897 0.08667701987018683 0.01953125 0.024242424242424242
0 0.28769133438731936 0.09193326165730896 0.01953125 0.024242424242424242
0 0.28875002566524316 0.11821447059291999 0.01953125 0.024242424242424242
0 0.2771044216080815 0.14186755863497003 0.01953125 0.024242424242424242
0 0.3014543210003286 0.16420658623023937 0.01953125 0.024242424242424242
0 0.25487190477168203 0.15632222354955613 0.01953125 0.024242424242424242
0 0.2421676094365967 0.11821447059291999 0.01953125 0.024242424242424242
0 0.22734593154566368 0.10375980567833405 0.01953125 0.024242424242424242
0 0.21887640132227343 0.09456138255087009 0.01953125 0.024242424242424242
0 0.19558519320795015 0.09061920121052852 0.01953125 0.024242424242424242
0 0.17970482403909338 0.11033010791223674 0.01953125 0.024242424242424242
0 0.23052200537943507 0.13398319595428665 0.01953125 0.024242424242424242
0 0.21146556237680697 0.14843786086887273 0.01953125 0.024242424242424242
0 0.19558519320795015 0.1497519213156533 0.01953125 0.024242424242424242
0 0.16064838103646528 0.11295822880579787 0.01953125 0.024242424242424242
0 0.14265062931176092 0.09587544299765065 0.01953125 0.024242424242424242
0 0.11406596480781878 0.09981762433799235 0.01953125 0.024242424242424242
0 0.10877250841819985 0.14055349818818946 0.01953125 0.024242424242424242
0 0.08865737413764796 0.13004101461394507 0.01953125 0.024242424242424242
0 0.08124653519218145 0.08930514076374796 0.01953125 0.024242424242424242
0 0.05795532707785822 0.09061920121052852 0.01953125 0.024242424242424242
0 0.06642485730124847 0.12609883327360338 0.01953125 0.024242424242424242
0 0.04101626663107766 0.12347071238004226 0.01953125 0.024242424242424242
0 0.03678150151938253 0.09718950344443122 0.01953125 0.024242424242424242
0 0.018783749794678173 0.12347071238004226 0.01953125 0.024242424242424242
0 0.502786603769711 0.05941026559949023 0.01953125 0.024242424242424242
0 0.537194070302234 0.05481105403575832 0.01953125 0.024242424242424242
0 0.5700134999178713 0.04955481224863613 0.01953125 0.024242424242424242
0 0.5858938690867281 0.07977820252458886 0.01953125 0.024242424242424242
0 0.6044209664503943 0.13102655994903037 0.01953125 0.024242424242424242
0 0.600715546977661 0.234837335244694 0.01953125 0.024242424242424242
0 0.5858938690867281 0.3590160474654562 0.01953125 0.024242424242424242
0 0.6070676946452038 0.38332616573089634 0.01953125 0.024242424242424242
0 0.4800247412943496 0.07649305140763744 0.01953125 0.024242424242424242
0 0.4212673753695796 0.05678214470592917 0.01953125 0.024242424242424242
0 0.4000935498111039 0.05743917492931945 0.01953125 0.024242424242424242
0 0.3582752443331144 0.05941026559949023 0.01953125 0.024242424242424242
0 0.3768023416967806 0.07846414207780829 0.01953125 0.024242424242424242
0 0.3773316873357425 0.04889778202524584 0.01953125 0.024242424242424242
0 0.30110591532523 0.04824075180185556 0.01953125 0.024242424242424242
0 0.2820494723226019 0.0554680842591486 0.01953125 0.024242424242424242
0 0.2672277944316689 0.06269541671644165 0.01953125 0.024242424242424242
0 0.24764200579007892 0.07912117230119858 0.01953125 0.024242424242424242
0 0.2502887339848884 0.05021184247202641 0.01953125 0.024242424242424242
0 0.22329210639783184 0.052182933142197255 0.01953125 0.024242424242424242
0 0.23599640173291728 0.045612630908294496 0.01953125 0.024242424242424242
0 0.18623791167049938 0.06400947716322221 0.01953125 0.024242424242424242
0 0.17459230761333774 0.06335244693983193 0.01953125 0.024242424242424242
0 0.1640053948340999 0.07977820252458886 0.01953125 0.024242424242424242
0 0.15183044513797636 0.06006729582288051 0.01953125 0.024242424242424242
0 0.12377512627299608 0.0554680842591486 0.01953125 0.024242424242424242
0 0.14071418671977662 0.062038386493051365 0.01953125 0.024242424242424242
0 0.3445122577201052 0.046926691355075 0.01953125 0.024242424242424242
0 0.3249264690785152 0.05481105403575832 0.01953125 0.024242424242424242
0 0.3217503952447438 0.06992274917373469 0.01953125 0.024242424242424242
0 0.3026939522421157 0.0830633536415402 0.01953125 0.024242424242424242
0 0.21746930436925102 0.06860868872695412 0.01953125 0.024242424242424242
0 0.2000008982835086 0.05152590291880697 0.01953125 0.024242424242424242
0 0.18676725730946125 0.38858240751801865 0.01953125 0.024242424242424242
0 0.1761803445302234 0.3741277426034325 0.01953125 0.024242424242424242
0 0.3630393550837714 0.29988332736033135 0.01953125 0.024242424242424242
0 0.04283566167884059 0.05605838485047591 0.01953125 0.024242424242424242
0 0.020255761766872382 0.07007160758372162 0.01953125 0.024242424242424242
0 0.00606268182220665 0.06286480732090953 0.01953125 0.024242424242424242
0 0.01251408179705471 0.048451206795285355 0.01953125 0.024242424242424242
0 0.07509266155308089 0.048851584587663824 0.01953125 0.024242424242424242
0 0.09734999146630668 0.06286480732090953 0.01953125 0.024242424242424242
0 0.11122050141223003 0.048851584587663824 0.01953125 0.024242424242424242
0 0.24347420089661526 0.03403760626966118 0.01953125 0.024242424242424242
0 0.1621865612135297 0.03724062860868878 0.01953125 0.024242424242424242
0 0.1957338410827396 0.02843231717636289 0.01953125 0.024242424242424242
0 0.11476877139839645 0.08568634148648116 0.01953125 0.024242424242424242
0 0.04767421165997662 0.14614338813562702 0.01953125 0.024242424242424242
0 0.07218953156439925 0.16496114437741413 0.01953125 0.024242424242424242
0 0.16379941120724173 0.1581547219069805 0.01953125 0.024242424242424242
0 0.2370228009217672 0.1597562330764943 0.01953125 0.024242424242424242
0 0.05735131162224871 0.1217203428005416 0.01953125 0.024242424242424242
0 0.07486080214792415 0.05385630699239438 0.01953125 0.024242424242424242
0 0.10711780202216445 0.05786008491617884 0.01953125 0.024242424242424242
0 0.608804860660187 0.45603294981682796 0.01953125 0.024242424242424242
0 0.5275172209771015 0.2682557651913352 0.01953125 0.024242424242424242
0 0.5384846009343431 0.506880929448891 0.01953125 0.024242424242424242
0 0.005740111823464233 0.22842102446939838 0.01953125 0.024242424242424242
0 0.3490453010789668 0.080281241289372 0.01953125 0.024242424242424242
0 0.5703283202162553 0.05866084050093577 0.01953125 0.024242424242424242
0 0.4930774423045336 0.035428662445745315 0.01953125 0.024242424242424242
0 0.4771970731356768 0.026230239318281362 0.01953125 0.024242424242424242
0 0.4962535161383049 0.015717755744036974 0.01953125 0.024242424242424242
0 0.44649502607588704 0.01965993708437867 0.01953125 0.024242424242424242
0 0.9027909668610381 0.053825508700672965 0.01953125 0.024242424242424242
0 0.8572672419103153 0.05513956914745353 0.01953125 0.024242424242424242
0 0.8329173425180683 0.08536295942340627 0.01953125 0.024242424242424242
0 0.809626134403745 0.036742722892525746 0.01953125 0.024242424242424242
0 0.8244478122946779 0.013089634850475842 0.01953125 0.024242424242424242
0 0.8551498593544677 0.015717755744036974 0.01953125 0.024242424242424242
0 0.7789240873439554 0.053825508700672965 0.01953125 0.024242424242424242
0 0.7545741879517083 0.061709871381356356 0.01953125 0.024242424242424242
0 0.7334003623932326 0.03280054155218418 0.01953125 0.024242424242424242
0 0.7164613019464521 0.015717755744036974 0.01953125 0.024242424242424242
0 0.6963461676659002 0.013089634850475842 0.01953125 0.024242424242424242
0 0.6550572078268726 0.05776769004101466 0.01953125 0.024242424242424242
0 0.6497637514372536 0.02360211842472023 0.01953125 0.024242424242424242
0 0.6169443218216164 0.026230239318281362 0.01953125 0.024242424242424242
0 0.6180030130995402 0.05908175048779523 0.01953125 0.024242424242424242
0 0.5925944224293693 0.020973997531159236 0.01953125 0.024242424242424242
0 0.5724792881488174 0.013089634850475842 0.01953125 0.024242424242424242
0 0.5428359323669514 0.024916178871500796 0.01953125 0.024242424242424242
0 0.40202999240308807 0.018345876637598107 0.01953125 0.024242424242424242
0 0.3723866366212221 0.014403695297256408 0.01953125 0.024242424242424242
0 0.3543888848965178 0.014403695297256408 0.01953125 0.024242424242424242
0 0.3247455291146519 0.035428662445745315 0.01953125 0.024242424242424242
0 0.3205107640029567 0.007833393063353717 0.01953125 0.024242424242424242
0 0.28769133438731936 0.024916178871500796 0.01953125 0.024242424242424242
0 0.2633414349950724 0.014403695297256408 0.01953125 0.024242424242424242
0 0.2855739518314718 0.009147453510134145 0.01953125 0.024242424242424242
0 0.20193734087549287 0.010461513956914711 0.01953125 0.024242424242424242
0 0.23687415304697773 0.009147453510134145 0.01953125 0.024242424242424242
0 0.17864613276116964 0.011775574403695276 0.01953125 0.024242424242424242
0 0.14265062931176092 0.014403695297256408 0.01953125 0.024242424242424242
0 0.0992442869168858 0.014403695297256408 0.01953125 0.024242424242424242
0 0.11724203864159011 0.010461513956914711 0.01953125 0.024242424242424242
0 0.05583794452201063 0.013089634850475842 0.01953125 0.024242424242424242
0 0.03784019279730633 0.013089634850475842 0.01953125 0.024242424242424242
0 0.009255528293364124 0.020973997531159236 0.01953125 0.024242424242424242
0 0.9536081482013796 0.027544299765061928 0.01953125 0.024242424242424242
0 0.9334930139208277 0.018345876637598107 0.01953125 0.024242424242424242
0 0.5481293887565704 0.011775574403695276 0.01953125 0.024242424242424242
0 0.7641024094530222 0.009147453510134145 0.01953125 0.024242424242424242
0 0.7418698926166227 0.006519332616573152 0.01953125 0.024242424242424242
0 0.8773823761908672 0.1352972564010672 0.01953125 0.024242424242424242
0 0.9017322755831143 0.3954812248636165 0.01953125 0.024242424242424242
0 0.9864275778170171 0.7975837215784655 0.01953125 0.024242424242424242
