0 0.017302855476812568 0.9100033449909591 0.01953125 0.02936857562408223
0 0.054073439009986055 0.827067050854462 0.01953125 0.02936857562408223
0 0.017302855476812568 0.8402887789052078 0.01953125 0.02936857562408223
0 0.012506692407268207 0.8018255700303107 0.01953125 0.02936857562408223
0 0.030891984173854952 0.7501406331046676 0.01953125 0.02936857562408223
0 0.027694542127492044 0.7152833500617921 0.01953125 0.02936857562408223
0 0.012506692407268207 0.690041869237641 0.01953125 0.02936857562408223
0 0.04448111287089728 0.6155194020425278 0.01953125 0.02936857562408223
0 0.07565617282293569 0.7020616220110463 0.01953125 0.02936857562408223
0 0.09084402254315949 0.7429287814406246 0.01953125 0.02936857562408223
0 0.09484082510111312 0.8018255700303107 0.01953125 0.02936857562408223
0 0.11322611686769984 0.8475006305692511 0.01953125 0.02936857562408223
0 0.15719094500518987 0.8859638394441481 0.01953125 0.02936857562408223
0 0.15878966602837133 0.8390868036278674 0.01953125 0.02936857562408223
0 0.1459998978429197 0.9664961830259642 0.01953125 0.02936857562408223
0 0.18037239984132095 0.9664961830259642 0.01953125 0.02936857562408223
0 0.07245873077657278 0.9857277874634127 0.01953125 0.02936857562408223
0 0.12042036147201639 0.7008596467337057 0.01953125 0.02936857562408223
0 0.13241076914587735 0.6179233525972088 0.01953125 0.02936857562408223
0 0.07645553333452641 0.5950858223277387 0.01953125 0.02936857562408223
0 0.024497100081129108 0.5482087865114578 0.01953125 0.02936857562408223
0 0.023697739569538384 0.4676764429296419 0.01953125 0.02936857562408223
0 0.023697739569538384 0.42320335766804207 0.01953125 0.02936857562408223
0 0.0524747179868046 0.3883460746251665 0.01953125 0.02936857562408223
0 0.07805425435770787 0.44363693738283116 0.01953125 0.02936857562408223
0 0.1060318722633833 0.48450409681240936 0.01953125 0.02936857562408223
0 0.09164338305475021 0.5482087865114578 0.01953125 0.02936857562408223
0 0.14360181630814753 0.589075945941036 0.01953125 0.02936857562408223
0 0.16038838705155278 0.5566226134528416 0.01953125 0.02936857562408223
0 0.14360181630814753 0.48089817098038773 0.01953125 0.02936857562408223
0 0.1483979793776919 0.40517372850793404 0.01953125 0.02936857562408223
0 0.17637559728336732 0.4556566901562365 0.01953125 0.02936857562408223
0 0.1491973398892826 0.36310459380101523 0.01953125 0.02936857562408223
0 0.05886960207953042 0.3594986679689937 0.01953125 0.02936857562408223
0 0.05327407849839533 0.32223743437143704 0.01953125 0.02936857562408223
0 0.003713726779770211 0.2741584232778157 0.01953125 0.02936857562408223
0 0.05487279952157678 0.27776434910983716 0.01953125 0.02936857562408223
0 0.0884459410083873 0.3246413849261181 0.01953125 0.02936857562408223
0 0.14040437426178462 0.333055211867502 0.01953125 0.02936857562408223
0 0.10763059328656475 0.21285768413344827 0.01953125 0.02936857562408223
0 0.08684721998520585 0.252522868285686 0.01953125 0.02936857562408223
0 0.03888558928976222 0.20444385719206465 0.01953125 0.02936857562408223
0 0.031691344685445676 0.2405031155122807 0.01953125 0.02936857562408223
0 0.040484310312943673 0.15275892026642154 0.01953125 0.02936857562408223
0 0.10363379072861112 0.11429571139152443 0.01953125 0.02936857562408223
0 0.1372069322154217 0.1058818844501406 0.01953125 0.02936857562408223
0 0.09883762765906676 0.06741867557524348 0.01953125 0.02936857562408223
0 0.16518455012109715 0.1395371922156756 0.01953125 0.02936857562408223
0 0.20115577314267985 0.14915299443440003 0.01953125 0.02936857562408223
0 0.2962796740219764 0.19603003025068078 0.01953125 0.02936857562408223
0 0.27469694020902674 0.26935052216845357 0.01953125 0.02936857562408223
0 0.24112379872221623 0.18521225275461609 0.01953125 0.02936857562408223
0 0.1995570521194984 0.33906508825420456 0.01953125 0.02936857562408223
0 0.18277048137609314 0.286178176051221 0.01953125 0.02936857562408223
0 0.21954106490926661 0.45685866543357706 0.01953125 0.02936857562408223
0 0.20755065723540567 0.4171934812813394 0.01953125 0.02936857562408223
0 0.2515154853728957 0.41238558017197724 0.01953125 0.02936857562408223
0 0.2994771160683393 0.31622755798473434 0.01953125 0.02936857562408223
0 0.3586297939260532 0.34267101408622624 0.01953125 0.02936857562408223
0 0.356231712391281 0.30540978048866957 0.01953125 0.02936857562408223
0 0.2691014166278917 0.4676764429296419 0.01953125 0.02936857562408223
0 0.24671932230335136 0.48089817098038773 0.01953125 0.02936857562408223
0 0.23792635667585335 0.5145534787459228 0.01953125 0.02936857562408223
0 0.22113978593244807 0.5566226134528416 0.01953125 0.02936857562408223
0 0.215544262351313 0.5950858223277387 0.01953125 0.02936857562408223
0 0.1811717603529117 0.6816280422962572 0.01953125 0.02936857562408223
0 0.20994873877017783 0.6816280422962572 0.01953125 0.02936857562408223
0 0.21314618081654077 0.7525445836593488 0.01953125 0.02936857562408223
0 0.19396152853836332 0.7825939655928622 0.01953125 0.02936857562408223
0 0.24352188025698845 0.7970176689209487 0.01953125 0.02936857562408223
0 0.21954106490926661 0.8883677899988293 0.01953125 0.02936857562408223
0 0.37701508569263986 0.16477867303982688 0.01953125 0.02936857562408223
0 0.3898048538780915 0.1683845988718486 0.01953125 0.02936857562408223
0 0.40659142462149683 0.10948781028216228 0.01953125 0.02936857562408223
0 0.4593492183864848 0.10347793389545953 0.01953125 0.02936857562408223
0 0.5288935828948781 0.11790163722354595 0.01953125 0.02936857562408223
0 0.4657441024792106 0.20444385719206465 0.01953125 0.02936857562408223
0 0.41458502973740413 0.20684780774674572 0.01953125 0.02936857562408223
0 0.34663938625219226 0.20684780774674572 0.01953125 0.02936857562408223
0 0.4185818322953578 0.28257225021919946 0.01953125 0.02936857562408223
0 0.4329703215039909 0.24531101662164279 0.01953125 0.02936857562408223
0 0.4569511368517127 0.2837742254965399 0.01953125 0.02936857562408223
0 0.4257760768996743 0.31141965687537226 0.01953125 0.02936857562408223
0 0.3898048538780915 0.3450749646409073 0.01953125 0.02936857562408223
0 0.3946010169476359 0.3835381735158044 0.01953125 0.02936857562408223
0 0.3602285149492347 0.4760902698710256 0.01953125 0.02936857562408223
0 0.4313716004808094 0.4171934812813394 0.01953125 0.02936857562408223
0 0.44975689224739607 0.38954804990250697 0.01953125 0.02936857562408223
0 0.48652747578056954 0.3763263218517612 0.01953125 0.02936857562408223
0 0.4985178834544305 0.4003658273985719 0.01953125 0.02936857562408223
0 0.5161038147094265 0.27536039855515626 0.01953125 0.02936857562408223
0 0.48652747578056954 0.26093669522706986 0.01953125 0.02936857562408223
0 0.5065114885703378 0.2104537335787672 0.01953125 0.02936857562408223
0 0.5288935828948781 0.2441090413443022 0.01953125 0.02936857562408223
0 0.5600686428469165 0.16958657414918904 0.01953125 0.02936857562408223
0 0.605632192007588 0.14314311804769725 0.01953125 0.02936857562408223
0 0.6224187627509932 0.06741867557524348 0.01953125 0.02936857562408223
0 0.5832500976830476 0.22127151107483214 0.01953125 0.02936857562408223
0 0.6184219601930396 0.2200695357974915 0.01953125 0.02936857562408223
0 0.5960398658684992 0.28858212660590205 0.01953125 0.02936857562408223
0 0.5680622479628238 0.31141965687537226 0.01953125 0.02936857562408223
0 0.5488775956846463 0.4039717532305934 0.01953125 0.02936857562408223
0 0.5792532951250939 0.4135875554493178 0.01953125 0.02936857562408223
0 0.6048328314959972 0.3667105196330369 0.01953125 0.02936857562408223
0 0.6527944621914408 0.4424349621054906 0.01953125 0.02936857562408223
0 0.6224187627509932 0.39435595101186915 0.01953125 0.02936857562408223
0 0.655192543726213 0.39315397573452865 0.01953125 0.02936857562408223
0 0.6783739985623441 0.4099816296172962 0.01953125 0.02936857562408223
0 0.7239375477230156 0.41839545655867993 0.01953125 0.02936857562408223
0 0.719940745165062 0.4424349621054906 0.01953125 0.02936857562408223
0 0.7191413846534712 0.3751243465744206 0.01953125 0.02936857562408223
0 0.68476888265507 0.333055211867502 0.01953125 0.02936857562408223
0 0.7183420241418805 0.3414690388088856 0.01953125 0.02936857562408223
0 0.7575106892098262 0.30060187937930744 0.01953125 0.02936857562408223
0 0.6424027755407614 0.12631546416492975 0.01953125 0.02936857562408223
0 0.6927624877709773 0.11068978555950273 0.01953125 0.02936857562408223
0 0.68476888265507 0.08665028001269204 0.01953125 0.02936857562408223
0 0.7143452215839269 0.08665028001269204 0.01953125 0.02936857562408223
0 0.737526676420058 0.07222657668460562 0.01953125 0.02936857562408223
0 0.7647049338141427 0.09746805750875694 0.01953125 0.02936857562408223
0 0.7191413846534712 0.14434509332503773 0.01953125 0.02936857562408223
0 0.6751765565159813 0.18761620330929715 0.01953125 0.02936857562408223
0 0.6424027755407614 0.14915299443440003 0.01953125 0.02936857562408223
0 0.667182951400074 0.14434509332503773 0.01953125 0.02936857562408223
0 0.7279343502809692 0.20684780774674572 0.01953125 0.02936857562408223
0 0.7703004573952779 0.19843398080536184 0.01953125 0.02936857562408223
0 0.8070710409284512 0.20684780774674572 0.01953125 0.02936857562408223
0 0.8022748778589069 0.1767984258132322 0.01953125 0.02936857562408223
0 0.8150646460443586 0.11790163722354595 0.01953125 0.02936857562408223
0 0.8206601696254937 0.06501472502056241 0.01953125 0.02936857562408223
0 0.8566313926470763 0.10948781028216228 0.01953125 0.02936857562408223
0 0.887007092087524 0.08424632945801099 0.01953125 0.02936857562408223
0 0.8734179633904815 0.15997077193046474 0.01953125 0.02936857562408223
0 0.9021949418077477 0.23208928857089683 0.01953125 0.02936857562408223
0 0.8942013366918405 0.20203990663738355 0.01953125 0.02936857562408223
0 0.9653444222234151 0.16477867303982688 0.01953125 0.02936857562408223
0 0.9621469801770521 0.20203990663738355 0.01953125 0.02936857562408223
0 0.9885258770595463 0.2537248435630265 0.01953125 0.02936857562408223
0 0.8750166844136631 0.31262163215271277 0.01953125 0.02936857562408223
0 0.8398448219036712 0.2741584232778157 0.01953125 0.02936857562408223
0 0.7774947019995944 0.2585327446723886 0.01953125 0.02936857562408223
0 0.8062716804168605 0.31382360743005333 0.01953125 0.02936857562408223
0 0.8310518562761731 0.3438729893635667 0.01953125 0.02936857562408223
0 0.9645450617118244 0.35589274213697203 0.01953125 0.02936857562408223
0 0.9789335509204575 0.3378631129768641 0.01953125 0.02936857562408223
0 0.9997169242218163 0.32944928603548024 0.01953125 0.02936857562408223
0 0.9669431432465966 0.41839545655867993 0.01953125 0.02936857562408223
0 0.934169362271377 0.38954804990250697 0.01953125 0.02936857562408223
0 0.8989974997613848 0.45685866543357706 0.01953125 0.02936857562408223
0 0.857430753158667 0.4857060720897499 0.01953125 0.02936857562408223
0 0.9037936628309292 0.5277752067966687 0.01953125 0.02936857562408223
0 0.9493572119916006 0.4977258248631552 0.01953125 0.02936857562408223
0 0.9469591304568286 0.5518147123434793 0.01953125 0.02936857562408223
0 0.9157840705047902 0.5746522426129497 0.01953125 0.02936857562408223
0 0.8806122079947981 0.5698443415035875 0.01953125 0.02936857562408223
0 0.8310518562761731 0.5109475529139011 0.01953125 0.02936857562408223
0 0.8422429034384433 0.5542186628981605 0.01953125 0.02936857562408223
0 0.8238576116718567 0.6119134762105061 0.01953125 0.02936857562408223
0 0.8790134869716166 0.6119134762105061 0.01953125 0.02936857562408223
0 0.9189815125511531 0.622731253706571 0.01953125 0.02936857562408223
0 0.9845290745015925 0.573450267335609 0.01953125 0.02936857562408223
0 0.977334829897276 0.6143174267651872 0.01953125 0.02936857562408223
0 0.9837297139900019 0.6479727345307221 0.01953125 0.02936857562408223
0 0.9165834310163808 0.6539826109174248 0.01953125 0.02936857562408223
0 0.9405642463641029 0.6840319928509383 0.01953125 0.02936857562408223
0 0.968541864269778 0.723697177003176 0.01953125 0.02936857562408223
0 0.9653444222234151 0.7633623611554136 0.01953125 0.02936857562408223
0 0.9069911048772922 0.7609584106007324 0.01953125 0.02936857562408223
0 0.9125866284584273 0.7128793995071111 0.01953125 0.02936857562408223
0 0.8678224398093467 0.7212932264484948 0.01953125 0.02936857562408223
0 0.8590294741818486 0.6840319928509383 0.01953125 0.02936857562408223
0 0.8734179633904815 0.6732142153548734 0.01953125 0.02936857562408223
0 0.8038735988820882 0.6708102648001923 0.01953125 0.02936857562408223
0 0.77269853893005 0.7176873006164733 0.01953125 0.02936857562408223
0 0.8278544142298101 0.7585544600460515 0.01953125 0.02936857562408223
0 0.8454403454848063 0.7489386578273272 0.01953125 0.02936857562408223
0 0.8182620880907214 0.7849979161475433 0.01953125 0.02936857562408223
0 0.8798128474832073 0.8126433475263757 0.01953125 0.02936857562408223
0 0.8718192423673001 0.8511065564012728 0.01953125 0.02936857562408223
0 0.910188546923655 0.8715401361160618 0.01953125 0.02936857562408223
0 0.9069911048772922 0.8330769272411647 0.01953125 0.02936857562408223
0 0.9421629673872841 0.7994216194756296 0.01953125 0.02936857562408223
0 0.968541864269778 0.8390868036278674 0.01953125 0.02936857562408223
0 0.9925226796174998 0.8499045811239322 0.01953125 0.02936857562408223
0 0.9597488986422802 0.8751460619480834 0.01953125 0.02936857562408223
0 0.9261757571554696 0.8991855674948942 0.01953125 0.02936857562408223
0 0.8894051736222961 0.9785159357993694 0.01953125 0.02936857562408223
0 0.8214595301370844 0.9448606280338345 0.01953125 0.02936857562408223
0 0.77269853893005 0.9845258121860723 0.01953125 0.02936857562408223
0 0.7631062127909614 0.9580823560845804 0.01953125 0.02936857562408223
0 0.7782940625111849 0.9100033449909591 0.01953125 0.02936857562408223
0 0.7191413846534712 0.7381208803312624 0.01953125 0.02936857562408223
0 0.7271349897693785 0.7092734736750895 0.01953125 0.02936857562408223
0 0.5288935828948781 0.4941198990311336 0.01953125 0.02936857562408223
0 0.5888456212641827 0.5758542178902901 0.01953125 0.02936857562408223
0 0.5384859090339669 0.4616665665429392 0.01953125 0.02936857562408223
0 0.6104283550771323 0.4977258248631552 0.01953125 0.02936857562408223
0 0.6416034150291707 0.5037357012498579 0.01953125 0.02936857562408223
0 0.6695810329348462 0.4941198990311336 0.01953125 0.02936857562408223
0 0.6719791144696183 0.5518147123434793 0.01953125 0.02936857562408223
0 0.7207401056766527 0.5157554540232633 0.01953125 0.02936857562408223
0 0.7687017363720963 0.5277752067966687 0.01953125 0.02936857562408223
0 0.8118672039979956 0.47969619570304717 0.01953125 0.02936857562408223
0 0.7359279553968766 0.5566226134528416 0.01953125 0.02936857562408223
0 0.7287337107925599 0.6672043389681708 0.01953125 0.02936857562408223
0 0.7846889466039108 0.6287411300932736 0.01953125 0.02936857562408223
0 0.6679823119116647 0.6287411300932736 0.01953125 0.02936857562408223
0 0.6487976596334872 0.589075945941036 0.01953125 0.02936857562408223
0 0.6887656852130236 0.6816280422962572 0.01953125 0.02936857562408223
0 0.6360078914480356 0.6287411300932736 0.01953125 0.02936857562408223
0 0.602434749961225 0.7261011275578569 0.01953125 0.02936857562408223
0 0.6655842303768925 0.7801900150381811 0.01953125 0.02936857562408223
0 0.667182951400074 0.8210571744677593 0.01953125 0.02936857562408223
0 0.7231381872114249 0.9063974191589373 0.01953125 0.02936857562408223
0 0.7455202815359653 0.8739440866707427 0.01953125 0.02936857562408223
0 0.6663835908884832 0.9015895180495751 0.01953125 0.02936857562408223
0 0.6503963806566687 0.9664961830259642 0.01953125 0.02936857562408223
0 0.6983580113521122 0.9568803808072399 0.01953125 0.02936857562408223
0 0.7231381872114249 0.9893337132954343 0.01953125 0.02936857562408223
0 0.6304123678669005 0.9761119852446885 0.01953125 0.02936857562408223
0 0.6160238786582674 0.9845258121860723 0.01953125 0.02936857562408223
0 0.6072309130307695 0.9364468010924508 0.01953125 0.02936857562408223
0 0.5536737587541907 0.9448606280338345 0.01953125 0.02936857562408223
0 0.5816513766598662 0.8499045811239322 0.01953125 0.02936857562408223
0 0.5680622479628238 0.8294710014091431 0.01953125 0.02936857562408223
0 0.5856481792178198 0.7789880397608404 0.01953125 0.02936857562408223
0 0.5696609689860053 0.7008596467337057 0.01953125 0.02936857562408223
0 0.5904443422873641 0.5842680448316738 0.01953125 0.02936857562408223
0 0.49611980191965827 0.4400310115508096 0.01953125 0.02936857562408223
0 0.47773451015307156 0.4857060720897499 0.01953125 0.02936857562408223
0 0.43696712406194443 0.5806621189996523 0.01953125 0.02936857562408223
0 0.4041933430867246 0.5758542178902901 0.01953125 0.02936857562408223
0 0.3906042143896823 0.625135204261252 0.01953125 0.02936857562408223
0 0.3834099697853657 0.6708102648001923 0.01953125 0.02936857562408223
0 0.3610278754608254 0.6756181659095545 0.01953125 0.02936857562408223
0 0.34663938625219226 0.64316483342136 0.01953125 0.02936857562408223
0 0.356231712391281 0.6083075503784845 0.01953125 0.02936857562408223
0 0.33784642062469433 0.5842680448316738 0.01953125 0.02936857562408223
0 0.3330502575551499 0.5313811326286902 0.01953125 0.02936857562408223
0 0.24831804332653282 0.7212932264484948 0.01953125 0.02936857562408223
0 0.27549630072061754 0.7501406331046676 0.01953125 0.02936857562408223
0 0.2898847899292506 0.7321110039445597 0.01953125 0.02936857562408223
0 0.4657441024792106 0.6491747098080627 0.01953125 0.02936857562408223
0 0.48572811526897886 0.622731253706571 0.01953125 0.02936857562408223
0 0.5129063726630636 0.692445819792322 0.01953125 0.02936857562408223
0 0.5264955013601059 0.6852339681282789 0.01953125 0.02936857562408223
0 0.5336897459644224 0.7321110039445597 0.01953125 0.02936857562408223
0 0.5328903854528317 0.7741801386514784 0.01953125 0.02936857562408223
0 0.5113076516398821 0.816249273358397 0.01953125 0.02936857562408223
0 0.48892555731534176 0.8402887789052078 0.01953125 0.02936857562408223
0 0.5280942223832874 0.8823579136121266 0.01953125 0.02936857562408223
0 0.496919162431249 0.8811559383347861 0.01953125 0.02936857562408223
0 0.514505093686245 0.9328408752604291 0.01953125 0.02936857562408223
0 0.5161038147094265 0.9701021088579858 0.01953125 0.02936857562408223
0 0.4625466604328477 0.9400527269244723 0.01953125 0.02936857562408223
0 0.4241773558764928 0.9809198863540505 0.01953125 0.02936857562408223
0 0.3993971800171802 0.9460626033111751 0.01953125 0.02936857562408223
0 0.3961997379708173 0.8991855674948942 0.01953125 0.02936857562408223
0 0.42337799536490217 0.8775500125027645 0.01953125 0.02936857562408223
0 0.4417632871314888 0.8499045811239322 0.01953125 0.02936857562408223
0 0.4425626476430796 0.7837959408702028 0.01953125 0.02936857562408223
0 0.4641453814560292 0.7357169297765812 0.01953125 0.02936857562408223
0 0.4577504973633033 0.692445819792322 0.01953125 0.02936857562408223
0 0.4305722399692186 0.7297070533898786 0.01953125 0.02936857562408223
0 0.3594291544376439 0.775382113928819 0.01953125 0.02936857562408223
0 0.32665537346242407 0.7970176689209487 0.01953125 0.02936857562408223
0 0.31306624476538175 0.6575885367494465 0.01953125 0.02936857562408223
0 0.2970790345335672 0.674416190632214 0.01953125 0.02936857562408223
0 0.2619071720235751 0.5950858223277387 0.01953125 0.02936857562408223
0 0.30267455811470223 0.5566226134528416 0.01953125 0.02936857562408223
0 0.3418432231826479 0.8390868036278674 0.01953125 0.02936857562408223
0 0.3346489785783314 0.8775500125027645 0.01953125 0.02936857562408223
0 0.2699007771394824 0.8643282844520185 0.01953125 0.02936857562408223
0 0.2635058930467566 0.8979835922175535 0.01953125 0.02936857562408223
0 0.3034739186262931 0.9484665538658561 0.01953125 0.02936857562408223
0 0.34344194420582935 0.9400527269244723 0.01953125 0.02936857562408223
0 0.3474387467637831 0.9809198863540505 0.01953125 0.02936857562408223
0 0.32026048936969825 0.9929396391274559 0.01953125 0.02936857562408223
0 0.24671932230335136 0.9616882819166019 0.01953125 0.02936857562408223
0 0.22913339104835534 0.9869297627407532 0.01953125 0.02936857562408223
0 0.2307321120715368 0.47969619570304717 0.01953125 0.02936857562408223
0 0.4945210808964768 0.1936260796959997 0.01953125 0.02936857562408223
0 0.156547413395983 0.01928639285759694 0.01953125 0.02936857562408223
0 0.09668929657269203 0.029150164768694666 0.01953125 0.02936857562408223
0 0.04093105076469499 0.011888563924273688 0.01953125 0.02936857562408223
0 0.28856326008844657 0.00818964945761198 0.01953125 0.02936857562408223
0 0.3287419960383269 0.01928639285759694 0.01953125 0.02936857562408223
0 0.3082426409618574 0.047644737102002725 0.01953125 0.02936857562408223
0 0.42631892620232176 0.03284907923535622 0.01953125 0.02936857562408223
0 0.4705975331674959 0.048877708590889954 0.01953125 0.02936857562408223
0 0.5960535862354893 0.053809594546438896 0.01953125 0.02936857562408223
0 0.6887106711811315 0.047644737102002725 0.01953125 0.02936857562408223
0 0.20738581398562742 0.12285599792412266 0.01953125 0.02936857562408223
0 0.24592460152939014 0.048877708590889954 0.01953125 0.02936857562408223
0 0.21722550442233277 0.036547993702017924 0.01953125 0.02936857562408223
0 0.008952056845402543 0.009422620946499217 0.01953125 0.02936857562408223
