0 0.12913916798003675 0.8155037073294537 0.01953125 0.02936857562408223
0 0.2481633339900185 0.7179941733424825 0.01953125 0.02936857562408223
0 0.4189014479905439 0.7982235367494842 0.01953125 0.02936857562408223
0 0.43531857433674825 0.725399960733898 0.01953125 0.02936857562408223
0 0.6183695330969269 0.7476173229081446 0.01953125 0.02936857562408223
0 0.7111262969529816 0.7957549409523457 0.01953125 0.02936857562408223
0 0.6971717395587079 0.7303371523281751 0.01953125 0.02936857562408223
0 0.8170167618859999 0.740211535516729 0.01953125 0.02936857562408223
0 0.8695515661938537 0.7328057481253135 0.01953125 0.02936857562408223
0 0.78007822760704 0.6945425132696667 0.01953125 0.02936857562408223
0 0.7858242218282115 0.6612164700082968 0.01953125 0.02936857562408223
0 0.8309713192802736 0.6056730645726802 0.01953125 0.02936857562408223
0 0.6922466016548466 0.6315933204426347 0.01953125 0.02936857562408223
0 0.7300059922511167 0.5933300855869876 0.01953125 0.02936857562408223
0 0.7554525380877335 0.5427238717456482 0.01953125 0.02936857562408223
0 0.6438160789335436 0.5600040423256177 0.01953125 0.02936857562408223
0 0.7308268485684267 0.7229313649367596 0.01953125 0.02936857562408223
0 0.5264336255581825 0.5451924675427866 0.01953125 0.02936857562408223
0 0.6388909410296824 0.5217408074699708 0.01953125 0.02936857562408223
0 0.6175486767796167 0.49211765790430867 0.01953125 0.02936857562408223
0 0.670904337404781 0.4871804663100316 0.01953125 0.02936857562408223
0 0.7423188370107698 0.3884366344244911 0.01953125 0.02936857562408223
0 0.7907493597320728 0.4007796134101837 0.01953125 0.02936857562408223
0 0.8244044687417917 0.46372880623721574 0.01953125 0.02936857562408223
0 0.8720141351457844 0.5019920410928628 0.01953125 0.02936857562408223
0 0.877760129366956 0.3909052302216296 0.01953125 0.02936857562408223
0 0.8523135835303393 0.3711564638445215 0.01953125 0.02936857562408223
0 0.877760129366956 0.3304246331917361 0.01953125 0.02936857562408223
0 0.8646264282899924 0.2810527172489659 0.01953125 0.02936857562408223
0 0.7948536413186239 0.29833288782893547 0.01953125 0.02936857562408223
0 0.7932119286840034 0.36251637855453683 0.01953125 0.02936857562408223
0 0.7562733944050435 0.29586429203179687 0.01953125 0.02936857562408223
0 0.7398562680588394 0.2946299941332277 0.01953125 0.02936857562408223
0 0.7685862391646969 0.3365961226845824 0.01953125 0.02936857562408223
0 0.7431396933280802 0.34153331427885947 0.01953125 0.02936857562408223
0 0.7119471532702918 0.3588134848588291 0.01953125 0.02936857562408223
0 0.6462786478854743 0.38473374072878336 0.01953125 0.02936857562408223
0 0.5838935677698978 0.3748593575402294 0.01953125 0.02936857562408223
0 0.6232946710007882 0.3427676121774287 0.01953125 0.02936857562408223
0 0.6249363836354087 0.3193159521046128 0.01953125 0.02936857562408223
0 0.5945646998949305 0.2218064181176416 0.01953125 0.02936857562408223
0 0.5444924645390072 0.31191016471319727 0.01953125 0.02936857562408223
0 0.5403881829524563 0.4180597839901533 0.01953125 0.02936857562408223
0 0.5247919129235621 0.40201391130875297 0.01953125 0.02936857562408223
0 0.501807936038876 0.3958424218159066 0.01953125 0.02936857562408223
0 0.5026287923561861 0.3563448890616905 0.01953125 0.02936857562408223
0 0.48539080969267157 0.3649849743516752 0.01953125 0.02936857562408223
0 0.4911368039138431 0.28352131304610445 0.01953125 0.02936857562408223
0 0.44024371224060954 0.34770480377170576 0.01953125 0.02936857562408223
0 0.4665111143945365 0.3933738260187682 0.01953125 0.02936857562408223
0 0.4287517237982665 0.43410565667155354 0.01953125 0.02936857562408223
0 0.45912340753874453 0.4723688915272005 0.01953125 0.02936857562408223
0 0.4550191259521935 0.5957986813841262 0.01953125 0.02936857562408223
0 0.5223293439716314 0.493351955802878 0.01953125 0.02936857562408223
0 0.5568053092986606 0.493351955802878 0.01953125 0.02936857562408223
0 0.5740432919621751 0.5575354465284793 0.01953125 0.02936857562408223
0 0.46569025807722636 0.7007140027625129 0.01953125 0.02936857562408223
0 0.3499495173364856 0.6328276183412037 0.01953125 0.02936857562408223
0 0.3836046263462045 0.5686441276156026 0.01953125 0.02936857562408223
0 0.411513741134752 0.5698784255141719 0.01953125 0.02936857562408223
0 0.3950966147885475 0.4476829335558155 0.01953125 0.02936857562408223
0 0.37129178158655124 0.49088336000573946 0.01953125 0.02936857562408223
0 0.3918131895193067 0.3452362079745672 0.01953125 0.02936857562408223
0 0.3565163678749674 0.3452362079745672 0.01953125 0.02936857562408223
0 0.3597997931442082 0.237852290799042 0.01953125 0.02936857562408223
0 0.306444132519044 0.2279779076104879 0.01953125 0.02936857562408223
0 0.3121901267402155 0.3563448890616905 0.01953125 0.02936857562408223
0 0.3376366725768323 0.3958424218159066 0.01953125 0.02936857562408223
0 0.32450297149986884 0.4304027629758458 0.01953125 0.02936857562408223
0 0.3269655404517995 0.5254437011656785 0.01953125 0.02936857562408223
0 0.3121901267402155 0.5525982549342022 0.01953125 0.02936857562408223
0 0.2908478624901499 0.5896271918912799 0.01953125 0.02936857562408223
0 0.261297035066982 0.5229751053685401 0.01953125 0.02936857562408223
0 0.2711473108747046 0.45138582725152326 0.01953125 0.02936857562408223
0 0.2153290812976098 0.3193159521046128 0.01953125 0.02936857562408223
0 0.19891195495140546 0.42669986928013803 0.01953125 0.02936857562408223
0 0.18824082282637258 0.3563448890616905 0.01953125 0.02936857562408223
0 0.17182369648016824 0.2625382487704271 0.01953125 0.02936857562408223
0 0.1677194148936171 0.348939101670275 0.01953125 0.02936857562408223
0 0.14227286905700037 0.35387629326455194 0.01953125 0.02936857562408223
0 0.09384234633569748 0.25142956768330377 0.01953125 0.02936857562408223
0 0.051978674152876325 0.2810527172489659 0.01953125 0.02936857562408223
0 0.06018723732597853 0.32425314369888986 0.01953125 0.02936857562408223
0 0.03227812253743109 0.344001910075998 0.01953125 0.02936857562408223
0 0.02489041568163915 0.3909052302216296 0.01953125 0.02936857562408223
0 0.018323565143157392 0.4390428482658306 0.01953125 0.02936857562408223
0 0.0642915189125296 0.4032482092073223 0.01953125 0.02936857562408223
0 0.09630491528762812 0.36992216594595234 0.01953125 0.02936857562408223
0 0.08399207052797483 0.43657425246869225 0.01953125 0.02936857562408223
0 0.1135428979511427 0.48594616841146243 0.01953125 0.02936857562408223
0 0.2202542192014711 0.41682548609158404 0.01953125 0.02936857562408223
0 0.19152424809561341 0.4785403810200469 0.01953125 0.02936857562408223
0 0.027352984633569798 0.5464267654413559 0.01953125 0.02936857562408223
0 0.004369007748883692 0.5698784255141719 0.01953125 0.02936857562408223
0 0.11108032899921205 0.5538325528327716 0.01953125 0.02936857562408223
0 0.08481292684528506 0.6859024279796819 0.01953125 0.02936857562408223
0 0.12913916798003686 0.6501077889211735 0.01953125 0.02936857562408223
0 0.1775696907013397 0.5550668507313408 0.01953125 0.02936857562408223
0 0.20712051812450757 0.5192722116728323 0.01953125 0.02936857562408223
0 0.23913391449960608 0.5044606368900013 0.01953125 0.02936857562408223
0 0.21122479971105868 0.6587478742111582 0.01953125 0.02936857562408223
0 0.24487990872077764 0.6414677036311885 0.01953125 0.02936857562408223
0 0.9627036859417181 0.25378489414481514 0.01953125 0.02936857562408223
0 0.9177486409866731 0.23876320511431554 0.01953125 0.02936857562408223
0 0.912753635991668 0.3333998460064631 0.01953125 0.02936857562408223
0 0.945720668958701 0.3123694813637636 0.01953125 0.02936857562408223
0 0.979686702924735 0.33189767710341306 0.01953125 0.02936857562408223
0 0.982683705921738 0.376962744194912 0.01953125 0.02936857562408223
0 0.956709679947712 0.45807986495960984 0.01953125 0.02936857562408223
0 0.912753635991668 0.5512143369487075 0.01953125 0.02936857562408223
0 0.985680708918741 0.5722447015914068 0.01953125 0.02936857562408223
0 0.979686702924735 0.647353146743905 0.01953125 0.02936857562408223
0 0.8757905990286311 0.6773965248049041 0.01953125 0.02936857562408223
0 0.31060578384381565 0.33189767710341317 0.01953125 0.02936857562408223
0 0.1802361534741854 0.32964442374883823 0.01953125 0.02936857562408223
0 0.1392771125151444 0.32889333929731324 0.01953125 0.02936857562408223
0 0.00890748214551406 0.3792159975494869 0.01953125 0.02936857562408223
0 0.8415748148128466 0.2830771877542894 0.01953125 0.02936857562408223
0 0.6642521374901693 0.3604388862613624 0.01953125 0.02936857562408223
0 0.6922241654621973 0.34241285942476285 0.01953125 0.02936857562408223
0 0.5653510385890704 0.34917261948848766 0.01953125 0.02936857562408223
0 0.5958205690586009 0.3544302106491625 0.01953125 0.02936857562408223
0 0.4287376519756837 0.3551812951006876 0.01953125 0.02936857562408223
