0 0.4227029220779221 0.6385471395142575 0.025 0.03868471953578337
0 0.16795766733266734 0.556617463774137 0.025 0.03868471953578337
0 0.23389173326673326 0.4715961021570308 0.025 0.03868471953578337
0 0.1409846403596404 0.44222508632566676 0.025 0.03868471953578337
0 0.015110514485514521 0.34638282413911053 0.025 0.03868471953578337
0 0.09702859640359644 0.2891866354148753 0.025 0.03868471953578337
0 0.05706855644355649 0.1979819020437977 0.025 0.03868471953578337
0 0.07105457042957046 0.11759806924216988 0.025 0.03868471953578337
0 0.07505057442557447 0.05576435170245627 0.025 0.03868471953578337
0 0.12500062437562437 0.1376940274425769 0.025 0.03868471953578337
0 0.12500062437562437 0.24435719019858293 0.025 0.03868471953578337
0 0.16196366133866133 0.24126550432159732 0.025 0.03868471953578337
0 0.21291271228771225 0.1346023415655913 0.025 0.03868471953578337
0 0.15297265234765237 0.09131873928779169 0.025 0.03868471953578337
0 0.12300262237762237 0.058856037579441974 0.025 0.03868471953578337
0 0.23688873626373624 0.07895199577984888 0.025 0.03868471953578337
0 0.19393169330669327 0.052672665825470574 0.025 0.03868471953578337
0 0.15996565934065937 0.02484749293259947 0.025 0.03868471953578337
0 0.1809446803196803 0.1129605404266915 0.025 0.03868471953578337
0 0.25287275224775224 0.1639733573969552 0.025 0.03868471953578337
0 0.23688873626373624 0.2659989913374827 0.025 0.03868471953578337
0 0.17994567932067934 0.33556192356966064 0.025 0.03868471953578337
0 0.2728527722277722 0.39739564110937436 0.025 0.03868471953578337
0 0.2938317932067932 0.4731419450955236 0.025 0.03868471953578337
0 0.349775849150849 0.4360417145716954 0.025 0.03868471953578337
0 0.41471091408591404 0.4762336309725093 0.025 0.03868471953578337
0 0.453671953046953 0.44222508632566676 0.025 0.03868471953578337
0 0.4756499750249749 0.38193721172444595 0.025 0.03868471953578337
0 0.47964597902097894 0.30619090773829666 0.025 0.03868471953578337
0 0.39972589910089895 0.2752740489684398 0.025 0.03868471953578337
0 0.349775849150849 0.32164933712322513 0.025 0.03868471953578337
0 0.32180382117882117 0.2629073054604971 0.025 0.03868471953578337
0 0.3597658591408592 0.22426123199817613 0.025 0.03868471953578337
0 0.30482080419580415 0.1933443732283192 0.025 0.03868471953578337
0 0.2728527722277722 0.12378144099614129 0.025 0.03868471953578337
0 0.2898357892107892 0.126873126873127 0.025 0.03868471953578337
0 0.2938317932067932 0.07740615284135609 0.025 0.03868471953578337
0 0.2648607642357642 0.06503940933341328 0.025 0.03868471953578337
0 0.3547708541458542 0.07740615284135609 0.025 0.03868471953578337
0 0.3407848401598402 0.1191439121806628 0.025 0.03868471953578337
0 0.38474088411588414 0.1392398703810697 0.025 0.03868471953578337
0 0.38474088411588414 0.06967693814889188 0.025 0.03868471953578337
0 0.36875686813186803 0.027939178809585172 0.025 0.03868471953578337
0 0.41471091408591404 0.09441042516477728 0.025 0.03868471953578337
0 0.43668893606393594 0.09750211104176298 0.025 0.03868471953578337
0 0.42869692807192794 0.048035137009992075 0.025 0.03868471953578337
0 0.468656968031968 0.07122278108738468 0.025 0.03868471953578337
0 0.42070492007992 0.1825234726588693 0.025 0.03868471953578337
0 0.5206050199800198 0.3092825936152823 0.025 0.03868471953578337
0 0.5196060189810189 0.24281134726009013 0.025 0.03868471953578337
0 0.48863698801198796 0.1825234726588693 0.025 0.03868471953578337
0 0.4956299950049949 0.10368548279573439 0.025 0.03868471953578337
0 0.47265297202797185 0.1438773991965483 0.025 0.03868471953578337
0 0.48364198301698297 0.048035137009992075 0.025 0.03868471953578337
0 0.5305950299700298 0.04648929407149928 0.025 0.03868471953578337
0 0.5246010239760238 0.08668121047231309 0.025 0.03868471953578337
0 0.5405850399600398 0.13151065568860548 0.025 0.03868471953578337
0 0.5136120129870129 0.1392398703810697 0.025 0.03868471953578337
0 0.5765490759240758 0.23199044669064034 0.025 0.03868471953578337
0 0.5685570679320677 0.30309922186131094 0.025 0.03868471953578337
0 0.6195061188811187 0.332470237692675 0.025 0.03868471953578337
0 0.6005250999000998 0.41130822755580987 0.025 0.03868471953578337
0 0.6994261988011986 0.5025129609268876 0.025 0.03868471953578337
0 0.7573682567432566 0.7467561452087565 0.025 0.03868471953578337
0 0.8642613636363634 0.39430395523238865 0.025 0.03868471953578337
0 0.9731524725274723 0.5844426366670082 0.025 0.03868471953578337
0 0.9341914335664333 0.36184125352403895 0.025 0.03868471953578337
0 0.7933322927072924 0.27063652015296136 0.025 0.03868471953578337
0 0.6954301948051946 0.29537000716884676 0.025 0.03868471953578337
0 0.6524731518481517 0.29382416423035396 0.025 0.03868471953578337
0 0.6255001248751247 0.2752740489684398 0.025 0.03868471953578337
0 0.6414841408591407 0.22580707493666893 0.025 0.03868471953578337
0 0.6894361888111886 0.24435719019858293 0.025 0.03868471953578337
0 0.7164092157842157 0.21344033142872612 0.025 0.03868471953578337
0 0.6894361888111886 0.185615158535855 0.025 0.03868471953578337
0 0.6644611638361637 0.1222355980576485 0.025 0.03868471953578337
0 0.6235021228771227 0.1516066138890125 0.025 0.03868471953578337
0 0.5885370879120877 0.1407857133195626 0.025 0.03868471953578337
0 0.6145111138861138 0.09595626810327018 0.025 0.03868471953578337
0 0.6644611638361637 0.06040188051793488 0.025 0.03868471953578337
0 0.6364891358641357 0.05576435170245627 0.025 0.03868471953578337
0 0.5905350899100898 0.058856037579441974 0.025 0.03868471953578337
0 0.5685570679320677 0.08977289634929878 0.025 0.03868471953578337
0 0.5725530719280718 0.058856037579441974 0.025 0.03868471953578337
0 0.5525730519480518 0.06040188051793488 0.025 0.03868471953578337
0 0.5875380869130867 0.012480749424656658 0.025 0.03868471953578337
0 0.6125131118881117 0.048035137009992075 0.025 0.03868471953578337
0 0.6284971278721276 0.021755807055613766 0.025 0.03868471953578337
0 0.6894361888111886 0.05112682288697777 0.025 0.03868471953578337
0 0.6884371878121877 0.07895199577984888 0.025 0.03868471953578337
0 0.6924331918081917 0.1346023415655913 0.025 0.03868471953578337
0 0.7014242007992005 0.09131873928779169 0.025 0.03868471953578337
0 0.7263992257742257 0.06813109521039909 0.025 0.03868471953578337
0 0.7673582667332666 0.08358952459532748 0.025 0.03868471953578337
0 0.7653602647352646 0.13151065568860548 0.025 0.03868471953578337
0 0.7413842407592406 0.1376940274425769 0.025 0.03868471953578337
0 0.7523732517482515 0.1809776297203765 0.025 0.03868471953578337
0 0.8143113136863136 0.1531524568275053 0.025 0.03868471953578337
0 0.8652603646353644 0.1330564986270984 0.025 0.03868471953578337
0 0.8442813436563434 0.08358952459532748 0.025 0.03868471953578337
0 0.8233023226773224 0.07895199577984888 0.025 0.03868471953578337
0 0.8073183066933065 0.07895199577984888 0.025 0.03868471953578337
0 0.7933322927072924 0.09595626810327018 0.025 0.03868471953578337
0 0.8752503746253744 0.058856037579441974 0.025 0.03868471953578337
0 0.8492763486513485 0.04030592231752787 0.025 0.03868471953578337
0 0.8193063186813185 0.05112682288697777 0.025 0.03868471953578337
0 0.9092164085914084 0.09750211104176298 0.025 0.03868471953578337
0 0.9142114135864133 0.048035137009992075 0.025 0.03868471953578337
0 0.8952303946053943 0.03412255056355647 0.025 0.03868471953578337
0 0.9401854395604393 0.021755807055613766 0.025 0.03868471953578337
0 0.9431824425574423 0.07276862402587758 0.025 0.03868471953578337
0 0.9441814435564433 0.1067771686727201 0.025 0.03868471953578337
0 0.9271984265734264 0.18716100147434792 0.025 0.03868471953578337
0 0.8902353896103894 0.27681989190693274 0.025 0.03868471953578337
0 0.22490072427572425 0.023301649994106673 0.025 0.03868471953578337
0 0.11900661838161841 0.021755807055613766 0.025 0.03868471953578337
0 0.7483772477522476 0.027939178809585172 0.025 0.03868471953578337
0 0.7703552697302696 0.012480749424656658 0.025 0.03868471953578337
0 0.6517550174520068 0.0349985316009603 0.025 0.03868471953578337
0 0.021294720767888364 0.6946843954753058 0.025 0.03868471953578337
0 0.037084424083769676 0.3107402418976444 0.025 0.03868471953578337
