0 0.4349572649572649 0.14861311527978185 0.03076923076923077 0.04329004329004329
0 0.4481196581196581 0.14614397947731259 0.03076923076923077 0.04329004329004329
0 0.5578062678062679 0.14737854737854716 0.03076923076923077 0.04329004329004329
0 0.17258689458689452 0.8066378066378066 0.03076923076923077 0.04329004329004329
0 0.20242165242165233 0.8350328683662016 0.03076923076923077 0.04329004329004329
0 0.13573219373219364 0.8300945967612633 0.03076923076923077 0.04329004329004329
0 0.07957264957264946 0.8263908930575596 0.03076923076923077 0.04329004329004329
0 0.04008547008546999 0.7930575597242263 0.03076923076923077 0.04329004329004329
0 0.09887749287749277 0.7868847202180534 0.03076923076923077 0.04329004329004329
0 0.06553276353276345 0.7276254609587942 0.03076923076923077 0.04329004329004329
0 0.09361253561253552 0.7313291646624979 0.03076923076923077 0.04329004329004329
0 0.10414245014245005 0.7103415103415102 0.03076923076923077 0.04329004329004329
0 0.02516809116809104 0.6844155844155843 0.03076923076923077 0.04329004329004329
0 0.0032307692307691344 0.6967612634279299 0.03076923076923077 0.04329004329004329
0 0.013760683760683652 0.6671316337983003 0.03076923076923077 0.04329004329004329
0 0.01639316239316228 0.6054032387365718 0.03076923076923077 0.04329004329004329
0 0.043595441595441486 0.6140452140452137 0.03076923076923077 0.04329004329004329
0 0.0672877492877492 0.590588423921757 0.03076923076923077 0.04329004329004329
0 0.06290028490028482 0.6325637325637324 0.03076923076923077 0.04329004329004329
0 0.0979999999999999 0.6276254609587942 0.03076923076923077 0.04329004329004329
0 0.09010256410256402 0.6054032387365718 0.03076923076923077 0.04329004329004329
0 0.22400569800569806 0.6143538560205225 0.03076923076923077 0.04329004329004329
0 0.19855840455840454 0.6100328683662015 0.03076923076923077 0.04329004329004329
0 0.17311111111111113 0.6106501523168187 0.03076923076923077 0.04329004329004329
0 0.14941880341880343 0.6211439794773126 0.03076923076923077 0.04329004329004329
0 0.13186894586894585 0.6223785473785471 0.03076923076923077 0.04329004329004329
0 0.14547008547008547 0.6699094115760781 0.03076923076923077 0.04329004329004329
0 0.11695156695156696 0.6575637325637324 0.03076923076923077 0.04329004329004329
0 0.18715099715099714 0.7125020041686707 0.03076923076923077 0.04329004329004329
0 0.15468376068376066 0.715588423921757 0.03076923076923077 0.04329004329004329
0 0.20426210826210825 0.7717612634279298 0.03076923076923077 0.04329004329004329
0 0.25691168091168093 0.7680575597242262 0.03076923076923077 0.04329004329004329
0 0.2823589743589744 0.7871933621933621 0.03076923076923077 0.04329004329004329
0 0.25515669515669515 0.724230399230399 0.03076923076923077 0.04329004329004329
0 0.27753276353276357 0.7205266955266952 0.03076923076923077 0.04329004329004329
0 0.3113162393162393 0.7137365720699053 0.03076923076923077 0.04329004329004329
0 0.34158974358974364 0.7100328683662016 0.03076923076923077 0.04329004329004329
0 0.39072934472934484 0.7050945967612632 0.03076923076923077 0.04329004329004329
0 0.3494871794871795 0.6662057078723743 0.03076923076923077 0.04329004329004329
0 0.3139487179487179 0.6544773128106458 0.03076923076923077 0.04329004329004329
0 0.25164672364672364 0.658798300464967 0.03076923076923077 0.04329004329004329
0 0.21698575498575495 0.6680575597242262 0.03076923076923077 0.04329004329004329
0 0.1853960113960114 0.6791686708353373 0.03076923076923077 0.04329004329004329
0 0.25559544159544156 0.5680575597242262 0.03076923076923077 0.04329004329004329
0 0.2885014245014245 0.6038600288600287 0.03076923076923077 0.04329004329004329
0 0.25427920227920225 0.6094155844155842 0.03076923076923077 0.04329004329004329
0 0.2674415954415955 0.6291686708353372 0.03076923076923077 0.04329004329004329
0 0.34334472934472937 0.5773168189834853 0.03076923076923077 0.04329004329004329
0 0.3113162393162393 0.5729958313291645 0.03076923076923077 0.04329004329004329
0 0.36747578347578347 0.6347242263908928 0.03076923076923077 0.04329004329004329
0 0.36133333333333334 0.5908970658970657 0.03076923076923077 0.04329004329004329
0 0.3885356125356126 0.5946007696007694 0.03076923076923077 0.04329004329004329
0 0.40564672364672366 0.6439834856501522 0.03076923076923077 0.04329004329004329
0 0.4135441595441596 0.6748476831810163 0.03076923076923077 0.04329004329004329
0 0.43065527065527076 0.6618847202180533 0.03076923076923077 0.04329004329004329
0 0.44952136752136757 0.6655884239217571 0.03076923076923077 0.04329004329004329
0 0.4398689458689459 0.6291686708353372 0.03076923076923077 0.04329004329004329
0 0.460928774928775 0.6316378066378063 0.03076923076923077 0.04329004329004329
0 0.47496866096866097 0.6859587942921274 0.03076923076923077 0.04329004329004329
0 0.42144159544159543 0.7131192881192878 0.03076923076923077 0.04329004329004329
0 0.417931623931624 0.7476871893538558 0.03076923076923077 0.04329004329004329
0 0.4420626780626781 0.7353415103415101 0.03076923076923077 0.04329004329004329
0 0.4811111111111111 0.7248476831810163 0.03076923076923077 0.04329004329004329
0 0.4657549857549858 0.8186748436748434 0.03076923076923077 0.04329004329004329
0 0.4815498575498576 0.62855138688472 0.03076923076923077 0.04329004329004329
0 0.4683874643874644 0.5692921276254608 0.03076923076923077 0.04329004329004329
0 0.4346039886039887 0.5723785473785471 0.03076923076923077 0.04329004329004329
0 0.44118518518518524 0.5544773128106458 0.03076923076923077 0.04329004329004329
0 0.4148603988603989 0.556946448613115 0.03076923076923077 0.04329004329004329
0 0.3920455840455841 0.556946448613115 0.03076923076923077 0.04329004329004329
0 0.36528205128205127 0.5575637325637323 0.03076923076923077 0.04329004329004329
0 0.33851851851851855 0.52855138688472 0.03076923076923077 0.04329004329004329
0 0.3560683760683761 0.5452180535513866 0.03076923076923077 0.04329004329004329
0 0.3508034188034188 0.5254649671316336 0.03076923076923077 0.04329004329004329
0 0.36615954415954416 0.5155884239217571 0.03076923076923077 0.04329004329004329
0 0.37668945868945874 0.5260822510822508 0.03076923076923077 0.04329004329004329
0 0.40564672364672366 0.5192921276254607 0.03076923076923077 0.04329004329004329
0 0.42846153846153845 0.5155884239217571 0.03076923076923077 0.04329004329004329
0 0.2950826210826211 0.5408970658970657 0.03076923076923077 0.04329004329004329
0 0.3113162393162393 0.5476871893538557 0.03076923076923077 0.04329004329004329
0 0.274900284900285 0.587193362193362 0.03076923076923077 0.04329004329004329
0 0.19987464387464388 0.5804032387365718 0.03076923076923077 0.04329004329004329
0 0.173988603988604 0.5816378066378065 0.03076923076923077 0.04329004329004329
0 0.17047863247863249 0.5637365720699051 0.03076923076923077 0.04329004329004329
0 0.15292877492877494 0.5773168189834853 0.03076923076923077 0.04329004329004329
0 0.16038746438746437 0.5513908930575595 0.03076923076923077 0.04329004329004329
0 0.12748148148148147 0.5544773128106458 0.03076923076923077 0.04329004329004329
0 0.12177777777777778 0.5804032387365718 0.03076923076923077 0.04329004329004329
0 0.11080911680911681 0.5600328683662015 0.03076923076923077 0.04329004329004329
0 0.07834188034188036 0.5495390412057076 0.03076923076923077 0.04329004329004329
0 0.03139601139601139 0.5655884239217571 0.03076923076923077 0.04329004329004329
0 0.03885470085470084 0.5279341029341027 0.03076923076923077 0.04329004329004329
0 0.02700854700854699 0.5446007696007693 0.03076923076923077 0.04329004329004329
0 0.5858860398860398 0.8634279300945967 0.03076923076923077 0.04329004329004329
0 0.5604387464387464 0.8362674362674362 0.03076923076923077 0.04329004329004329
0 0.5665811965811965 0.7177489177489176 0.03076923076923077 0.04329004329004329
0 0.4248660968660969 0.6143538560205226 0.03076923076923077 0.04329004329004329
0 0.40819373219373223 0.5989217572550906 0.03076923076923077 0.04329004329004329
0 0.5091054131054131 0.5729958313291645 0.03076923076923077 0.04329004329004329
0 0.5385014245014245 0.6118847202180534 0.03076923076923077 0.04329004329004329
0 0.5288490028490028 0.6260822510822509 0.03076923076923077 0.04329004329004329
0 0.5086666666666667 0.6464526214526213 0.03076923076923077 0.04329004329004329
0 0.49901424501424513 0.6260822510822509 0.03076923076923077 0.04329004329004329
0 0.524900284900285 0.6810205226871892 0.03076923076923077 0.04329004329004329
0 0.5187578347578348 0.7211439794773127 0.03076923076923077 0.04329004329004329
0 0.5349914529914531 0.7106501523168188 0.03076923076923077 0.04329004329004329
0 0.6407293447293447 0.7057118807118806 0.03076923076923077 0.04329004329004329
0 0.5946609686609687 0.6964526214526213 0.03076923076923077 0.04329004329004329
0 0.6683703703703705 0.7069464486131152 0.03076923076923077 0.04329004329004329
0 0.5692136752136753 0.6828723745390411 0.03076923076923077 0.04329004329004329
0 0.5872022792022793 0.6273168189834856 0.03076923076923077 0.04329004329004329
0 0.5643874643874643 0.6199094115760782 0.03076923076923077 0.04329004329004329
0 0.6350256410256411 0.6143538560205226 0.03076923076923077 0.04329004329004329
0 0.6056296296296297 0.5908970658970658 0.03076923076923077 0.04329004329004329
0 0.6560854700854702 0.5976871893538559 0.03076923076923077 0.04329004329004329
0 0.6543304843304844 0.5557118807118806 0.03076923076923077 0.04329004329004329
0 0.6332706552706553 0.5476871893538559 0.03076923076923077 0.04329004329004329
0 0.5942222222222222 0.5625020041686707 0.03076923076923077 0.04329004329004329
0 0.6152820512820514 0.5532427449094114 0.03076923076923077 0.04329004329004329
0 0.5687749287749289 0.5606501523168188 0.03076923076923077 0.04329004329004329
0 0.5402564102564102 0.5692921276254608 0.03076923076923077 0.04329004329004329
0 0.5301652421652422 0.5291686708353374 0.03076923076923077 0.04329004329004329
0 0.5402564102564102 0.5483044733044732 0.03076923076923077 0.04329004329004329
0 0.513054131054131 0.5291686708353374 0.03076923076923077 0.04329004329004329
0 0.44066096866096877 0.5162057078723744 0.03076923076923077 0.04329004329004329
0 0.4573333333333334 0.5322550905884238 0.03076923076923077 0.04329004329004329
0 0.7406780626780627 0.7316378066378063 0.03076923076923077 0.04329004329004329
0 0.7871851851851852 0.754477312810646 0.03076923076923077 0.04329004329004329
0 0.7898176638176638 0.7192921276254607 0.03076923076923077 0.04329004329004329
0 0.8306210826210827 0.6915143498476828 0.03076923076923077 0.04329004329004329
0 0.8608945868945869 0.7100328683662015 0.03076923076923077 0.04329004329004329
0 0.8845868945868947 0.7075637325637323 0.03076923076923077 0.04329004329004329
0 0.9732136752136753 0.7254649671316336 0.03076923076923077 0.04329004329004329
0 0.9982222222222222 0.6896624979958311 0.03076923076923077 0.04329004329004329
0 0.9552250712250713 0.6884279300945966 0.03076923076923077 0.04329004329004329
0 0.9749686609686611 0.6754649671316335 0.03076923076923077 0.04329004329004329
0 0.9245128205128206 0.6520081770081767 0.03076923076923077 0.04329004329004329
0 0.8679145299145298 0.6575637325637322 0.03076923076923077 0.04329004329004329
0 0.8437834757834758 0.6495390412057076 0.03076923076923077 0.04329004329004329
0 0.81 0.6575637325637322 0.03076923076923077 0.04329004329004329
0 0.784991452991453 0.6581810165143496 0.03076923076923077 0.04329004329004329
0 0.7494529914529915 0.6779341029341026 0.03076923076923077 0.04329004329004329
0 0.7068945868945868 0.72855138688472 0.03076923076923077 0.04329004329004329
0 0.7121595441595441 0.6587983004649668 0.03076923076923077 0.04329004329004329
0 0.709965811965812 0.6347242263908928 0.03076923076923077 0.04329004329004329
0 0.7244444444444444 0.6433662016995347 0.03076923076923077 0.04329004329004329
0 0.7503304843304843 0.6131192881192878 0.03076923076923077 0.04329004329004329
0 0.7481367521367521 0.6384279300945965 0.03076923076923077 0.04329004329004329
0 0.7920113960113961 0.6310205226871891 0.03076923076923077 0.04329004329004329
0 0.8367635327635328 0.6248476831810162 0.03076923076923077 0.04329004329004329
0 0.838079772079772 0.598304473304473 0.03076923076923077 0.04329004329004329
0 0.8648433048433048 0.6149711399711397 0.03076923076923077 0.04329004329004329
0 0.8648433048433048 0.5847242263908927 0.03076923076923077 0.04329004329004329
0 0.8999430199430201 0.6063291646624978 0.03076923076923077 0.04329004329004329
0 0.8832706552706553 0.6316378066378063 0.03076923076923077 0.04329004329004329
0 0.8964330484330486 0.6476871893538557 0.03076923076923077 0.04329004329004329
0 0.939868945868946 0.6266995350328681 0.03076923076923077 0.04329004329004329
0 0.9289002849002849 0.6236131152797817 0.03076923076923077 0.04329004329004329
0 0.9675099715099715 0.6427489177489175 0.03076923076923077 0.04329004329004329
0 0.917931623931624 0.5939834856501521 0.03076923076923077 0.04329004329004329
0 0.892045584045584 0.5871933621933619 0.03076923076923077 0.04329004329004329
0 0.7253219373219374 0.5791686708353372 0.03076923076923077 0.04329004329004329
0 0.7266381766381766 0.5452180535513866 0.03076923076923077 0.04329004329004329
0 0.7507692307692307 0.5483044733044731 0.03076923076923077 0.04329004329004329
0 0.7555954415954416 0.5773168189834853 0.03076923076923077 0.04329004329004329
0 0.7007521367521368 0.5791686708353372 0.03076923076923077 0.04329004329004329
0 0.6818860398860399 0.5754649671316335 0.03076923076923077 0.04329004329004329
0 0.7051396011396012 0.550156325156325 0.03076923076923077 0.04329004329004329
0 0.6897834757834758 0.5038600288600286 0.03076923076923077 0.04329004329004329
0 0.986814814814815 0.6217612634279297 0.03076923076923077 0.04329004329004329
0 0.9723361823361822 0.5908970658970656 0.03076923076923077 0.04329004329004329
0 0.9565413105413105 0.5989217572550903 0.03076923076923077 0.04329004329004329
0 0.9903247863247865 0.5804032387365717 0.03076923076923077 0.04329004329004329
0 0.9692649572649573 0.5705266955266952 0.03076923076923077 0.04329004329004329
0 0.9846210826210825 0.5649711399711397 0.03076923076923077 0.04329004329004329
0 0.9815498575498576 0.5446007696007693 0.03076923076923077 0.04329004329004329
0 0.9841823361823362 0.5242303992303989 0.03076923076923077 0.04329004329004329
0 0.9657549857549858 0.5390452140452138 0.03076923076923077 0.04329004329004329
0 0.9552250712250713 0.5581810165143496 0.03076923076923077 0.04329004329004329
0 0.9512763532763533 0.545835337502004 0.03076923076923077 0.04329004329004329
0 0.9438176638176639 0.5353415103415101 0.03076923076923077 0.04329004329004329
0 0.9503988603988606 0.5248476831810163 0.03076923076923077 0.04329004329004329
0 0.939868945868946 0.5162057078723743 0.03076923076923077 0.04329004329004329
0 0.9214415954415954 0.5094155844155841 0.03076923076923077 0.04329004329004329
0 0.9196866096866096 0.5229958313291644 0.03076923076923077 0.04329004329004329
0 0.9293390313390315 0.5304032387365718 0.03076923076923077 0.04329004329004329
0 0.9284615384615384 0.5532427449094113 0.03076923076923077 0.04329004329004329
0 0.9126666666666667 0.5421316337983002 0.03076923076923077 0.04329004329004329
0 0.5945754985754985 0.5186748436748434 0.03076923076923077 0.04329004329004329
0 0.5643019943019943 0.5433662016995348 0.03076923076923077 0.04329004329004329
0 0.6757435897435897 0.619909411576078 0.03076923076923077 0.04329004329004329
0 0.6621424501424501 0.519909411576078 0.03076923076923077 0.04329004329004329
0 0.6226552706552707 0.6470699054032385 0.03076923076923077 0.04329004329004329
0 0.013760683760683652 0.37330447330447303 0.03076923076923077 0.04329004329004329
0 0.03394301994301985 0.3905884239217569 0.03076923076923077 0.04329004329004329
0 0.049737891737891615 0.3868847202180532 0.03076923076923077 0.04329004329004329
0 0.0672877492877492 0.3782427449094113 0.03076923076923077 0.04329004329004329
0 0.0822051282051281 0.3696007696007693 0.03076923076923077 0.04329004329004329
0 0.09887749287749277 0.3658970658970656 0.03076923076923077 0.04329004329004329
0 0.11467236467236461 0.3683662016995347 0.03076923076923077 0.04329004329004329
0 0.1295897435897435 0.3621933621933619 0.03076923076923077 0.04329004329004329
0 0.14187464387464377 0.3658970658970656 0.03076923076923077 0.04329004329004329
0 0.1559145299145299 0.36342793009459645 0.03076923076923077 0.04329004329004329
0 0.16556695156695153 0.32886002886002863 0.03076923076923077 0.04329004329004329
0 0.13485470085470078 0.34244027577360886 0.03076923076923077 0.04329004329004329
0 0.14626210826210814 0.3412057078723743 0.03076923076923077 0.04329004329004329
0 0.1769743589743589 0.3658970658970656 0.03076923076923077 0.04329004329004329
0 0.19101424501424494 0.36342793009459645 0.03076923076923077 0.04329004329004329
0 0.2068091168091167 0.35725509058842364 0.03076923076923077 0.04329004329004329
0 0.2261139601139601 0.35725509058842364 0.03076923076923077 0.04329004329004329
0 0.23576638176638173 0.3547859547859545 0.03076923076923077 0.04329004329004329
0 0.2577037037037036 0.3584896584896582 0.03076923076923077 0.04329004329004329
0 0.27525356125356126 0.35725509058842364 0.03076923076923077 0.04329004329004329
0 0.298068376068376 0.3584896584896582 0.03076923076923077 0.04329004329004329
0 0.3085982905982905 0.35725509058842364 0.03076923076923077 0.04329004329004329
0 0.30947578347578336 0.3226871893538558 0.03076923076923077 0.04329004329004329
0 0.33404558404558404 0.32021805355138666 0.03076923076923077 0.04329004329004329
0 0.32702564102564097 0.35108225108225083 0.03076923076923077 0.04329004329004329
0 0.3559829059829059 0.35355138688471993 0.03076923076923077 0.04329004329004329
0 0.36651282051282047 0.35108225108225083 0.03076923076923077 0.04329004329004329
0 0.38669515669515664 0.34861311527978167 0.03076923076923077 0.04329004329004329
0 0.40950997150997154 0.34861311527978167 0.03076923076923077 0.04329004329004329
0 0.4226723646723647 0.3560205226871891 0.03076923076923077 0.04329004329004329
0 0.43495726495726494 0.35108225108225083 0.03076923076923077 0.04329004329004329
0 0.4507521367521367 0.34614397947731257 0.03076923076923077 0.04329004329004329
0 0.46128205128205124 0.34490941157607796 0.03076923076923077 0.04329004329004329
0 0.4709344729344729 0.34490941157607796 0.03076923076923077 0.04329004329004329
0 0.49374928774928784 0.3399711399711397 0.03076923076923077 0.04329004329004329
0 0.4858518518518518 0.34614397947731257 0.03076923076923077 0.04329004329004329
0 0.506911680911681 0.3436748436748434 0.03076923076923077 0.04329004329004329
0 0.5183190883190884 0.3436748436748434 0.03076923076923077 0.04329004329004329
0 0.534991452991453 0.3436748436748434 0.03076923076923077 0.04329004329004329
0 0.542011396011396 0.2770081770081767 0.03076923076923077 0.04329004329004329
0 0.5455213675213676 0.3399711399711397 0.03076923076923077 0.04329004329004329
0 0.5639487179487179 0.3337983004649669 0.03076923076923077 0.04329004329004329
0 0.5788660968660968 0.33256373256373234 0.03076923076923077 0.04329004329004329
0 0.5959772079772079 0.3334896584896583 0.03076923076923077 0.04329004329004329
0 0.6087008547008546 0.3341069424402756 0.03076923076923077 0.04329004329004329
0 0.6227407407407406 0.332872374539041 0.03076923076923077 0.04329004329004329
0 0.6337094017094016 0.33534151034151016 0.03076923076923077 0.04329004329004329
0 0.6438005698005697 0.3297859547859546 0.03076923076923077 0.04329004329004329
0 0.6538917378917377 0.32361311527978176 0.03076923076923077 0.04329004329004329
0 0.10501994301994293 0.5375020041686707 0.03076923076923077 0.04329004329004329
0 0.062022792022791935 0.5337983004649668 0.03076923076923077 0.04329004329004329
0 0.06816524216524207 0.46713163379830025 0.03076923076923077 0.04329004329004329
0 0.04886039886039875 0.5041686708353373 0.03076923076923077 0.04329004329004329
0 0.012005698005697897 0.499230399230399 0.03076923076923077 0.04329004329004329
0 0.00937321937321927 0.4733044733044731 0.03076923076923077 0.04329004329004329
0 0.00937321937321927 0.4140452140452138 0.03076923076923077 0.04329004329004329
0 0.10501994301994293 0.39552669552669517 0.03076923076923077 0.04329004329004329
0 0.08834757834757827 0.39799583132916444 0.03076923076923077 0.04329004329004329
0 0.12081481481481474 0.39305755972422607 0.03076923076923077 0.04329004329004329
0 0.17609686609686603 0.3881192881192878 0.03076923076923077 0.04329004329004329
0 0.15679202279202276 0.4066378066378064 0.03076923076923077 0.04329004329004329
0 0.18662678062678054 0.4375020041686707 0.03076923076923077 0.04329004329004329
0 0.19364672364672356 0.4375020041686707 0.03076923076923077 0.04329004329004329
0 0.21733903133903132 0.44244027577360895 0.03076923076923077 0.04329004329004329
0 0.23401139601139598 0.4436748436748435 0.03076923076923077 0.04329004329004329
0 0.22348148148148145 0.3942921276254606 0.03076923076923077 0.04329004329004329
0 0.2612136752136751 0.3942921276254606 0.03076923076923077 0.04329004329004329
0 0.2761310541310541 0.3782427449094113 0.03076923076923077 0.04329004329004329
0 0.39196011396011393 0.3782427449094113 0.03076923076923077 0.04329004329004329
0 0.35861538461538456 0.38935385602052236 0.03076923076923077 0.04329004329004329
0 0.3823076923076923 0.40169953503286815 0.03076923076923077 0.04329004329004329
0 0.37177777777777776 0.39552669552669517 0.03076923076923077 0.04329004329004329
0 0.7157549857549858 0.5177489177489176 0.03076923076923077 0.04329004329004329
0 0.7148774928774928 0.5016995350328681 0.03076923076923077 0.04329004329004329
0 0.7333048433048434 0.5041686708353373 0.03076923076923077 0.04329004329004329
0 0.9088034188034189 0.5103415103415101 0.03076923076923077 0.04329004329004329
0 0.9017834757834758 0.5029341029341028 0.03076923076923077 0.04329004329004329
0 0.900905982905983 0.5165143498476831 0.03076923076923077 0.04329004329004329
0 0.8921310541310542 0.5004649671316336 0.03076923076923077 0.04329004329004329
0 0.8833561253561255 0.49552669552669537 0.03076923076923077 0.04329004329004329
0 0.8824786324786326 0.5115760782427448 0.03076923076923077 0.04329004329004329
0 0.886866096866097 0.5202180535513866 0.03076923076923077 0.04329004329004329
0 0.8719487179487181 0.5202180535513866 0.03076923076923077 0.04329004329004329
0 0.8614188034188036 0.5103415103415101 0.03076923076923077 0.04329004329004329
0 0.8666837606837609 0.4930575597242262 0.03076923076923077 0.04329004329004329
0 0.8403589743589743 0.48071188071188053 0.03076923076923077 0.04329004329004329
0 0.8438689458689459 0.5362674362674361 0.03076923076923077 0.04329004329004329
0 0.8201766381766382 0.5387365720699053 0.03076923076923077 0.04329004329004329
0 0.8026267806267807 0.5165143498476831 0.03076923076923077 0.04329004329004329
0 0.7920968660968661 0.5091069424402757 0.03076923076923077 0.04329004329004329
0 0.7771794871794873 0.5498476831810164 0.03076923076923077 0.04329004329004329
0 0.7648945868945869 0.5177489177489176 0.03076923076923077 0.04329004329004329
0 0.7692820512820513 0.5350328683662016 0.03076923076923077 0.04329004329004329
0 0.7613846153846154 0.479477312810646 0.03076923076923077 0.04329004329004329
0 0.7587521367521368 0.5016995350328681 0.03076923076923077 0.04329004329004329
0 0.613088319088319 0.5029341029341028 0.03076923076923077 0.04329004329004329
0 0.6420455840455841 0.5251563251563248 0.03076923076923077 0.04329004329004329
0 0.6227407407407406 0.5239217572550903 0.03076923076923077 0.04329004329004329
0 0.6280056980056978 0.5078723745390411 0.03076923076923077 0.04329004329004329
0 0.6323931623931622 0.48811928811928795 0.03076923076923077 0.04329004329004329
0 0.6508205128205128 0.4831810165143497 0.03076923076923077 0.04329004329004329
0 0.6657378917378918 0.46836620169953486 0.03076923076923077 0.04329004329004329
0 0.8298290598290599 0.5226871893538558 0.03076923076923077 0.04329004329004329
0 0.865806267806268 0.5572550905884237 0.03076923076923077 0.04329004329004329
0 0.8184216524216524 0.5658970658970657 0.03076923076923077 0.04329004329004329
0 0.8008717948717949 0.5375020041686707 0.03076923076923077 0.04329004329004329
0 0.22435897435897434 0.5375020041686707 0.03076923076923077 0.04329004329004329
0 0.2041766381766381 0.5424402757736089 0.03076923076923077 0.04329004329004329
0 0.18925925925925918 0.5399711399711399 0.03076923076923077 0.04329004329004329
0 0.18399430199430192 0.5251563251563248 0.03076923076923077 0.04329004329004329
0 0.1813618233618233 0.4979958313291645 0.03076923076923077 0.04329004329004329
0 0.1559145299145299 0.49182299182299166 0.03076923076923077 0.04329004329004329
0 0.13309971509971502 0.5066378066378063 0.03076923076923077 0.04329004329004329
0 0.11116239316239306 0.49429212762546076 0.03076923076923077 0.04329004329004329
0 0.09887749287749277 0.479477312810646 0.03076923076923077 0.04329004329004329
0 0.1252022792022791 0.47824274490941143 0.03076923076923077 0.04329004329004329
0 0.047105413105413 0.4720699054032385 0.03076923076923077 0.04329004329004329
0 0.08571509971509964 0.4399711399711398 0.03076923076923077 0.04329004329004329
0 0.9974301994301996 0.5325637325637324 0.03076923076923077 0.04329004329004329
0 0.534991452991453 0.6535513868847201 0.03076923076923077 0.04329004329004329
0 0.48321937321937314 0.5498476831810164 0.03076923076923077 0.04329004329004329
0 0.44724216524216526 0.5955266955266952 0.03076923076923077 0.04329004329004329
0 0.5042792022792023 0.5091069424402757 0.03076923076923077 0.04329004329004329
0 0.48760683760683754 0.5313291646624978 0.03076923076923077 0.04329004329004329
0 0.5200740740740741 0.5004649671316336 0.03076923076923077 0.04329004329004329
0 0.5393789173789174 0.5091069424402757 0.03076923076923077 0.04329004329004329
0 0.5463988603988604 0.4757736091069422 0.03076923076923077 0.04329004329004329
0 0.5595612535612535 0.5029341029341028 0.03076923076923077 0.04329004329004329
0 0.5832535612535612 0.46836620169953486 0.03076923076923077 0.04329004329004329
0 0.570968660968661 0.4757736091069422 0.03076923076923077 0.04329004329004329
0 0.5964159544159544 0.46095879429212744 0.03076923076923077 0.04329004329004329
0 0.6087008547008546 0.47453904120570767 0.03076923076923077 0.04329004329004329
0 0.6157207977207977 0.4720699054032385 0.03076923076923077 0.04329004329004329
0 0.6490655270655271 0.46095879429212744 0.03076923076923077 0.04329004329004329
0 0.6385356125356126 0.4720699054032385 0.03076923076923077 0.04329004329004329
0 0.6306381766381767 0.4597242263908929 0.03076923076923077 0.04329004329004329
0 0.6402905982905983 0.4375020041686707 0.03076923076923077 0.04329004329004329
0 0.6534529914529916 0.43379830046496687 0.03076923076923077 0.04329004329004329
0 0.6771452991452992 0.4510822510822509 0.03076923076923077 0.04329004329004329
0 0.7043475783475784 0.4449094115760781 0.03076923076923077 0.04329004329004329
0 0.6973276353276353 0.4436748436748435 0.03076923076923077 0.04329004329004329
0 0.6859202279202279 0.4399711399711398 0.03076923076923077 0.04329004329004329
0 0.6973276353276353 0.4584896584896583 0.03076923076923077 0.04329004329004329
0 0.6859202279202279 0.46713163379830025 0.03076923076923077 0.04329004329004329
0 0.6920626780626782 0.4868847202180534 0.03076923076923077 0.04329004329004329
0 0.6718803418803418 0.4831810165143497 0.03076923076923077 0.04329004329004329
0 0.6762678062678062 0.46836620169953486 0.03076923076923077 0.04329004329004329
0 0.7034700854700854 0.4905884239217571 0.03076923076923077 0.04329004329004329
0 0.7183874643874643 0.48071188071188053 0.03076923076923077 0.04329004329004329
0 0.7175099715099714 0.4733044733044731 0.03076923076923077 0.04329004329004329
0 0.7210199430199429 0.46713163379830025 0.03076923076923077 0.04329004329004329
0 0.757874643874644 0.4547859547859546 0.03076923076923077 0.04329004329004329
0 0.7438347578347577 0.47453904120570767 0.03076923076923077 0.04329004329004329
0 0.7464672364672367 0.4856501523168188 0.03076923076923077 0.04329004329004329
0 0.7280398860398859 0.43379830046496687 0.03076923076923077 0.04329004329004329
0 0.7166324786324786 0.4313291646624977 0.03076923076923077 0.04329004329004329
0 0.7280398860398859 0.4449094115760781 0.03076923076923077 0.04329004329004329
0 0.7947293447293449 0.4930575597242262 0.03076923076923077 0.04329004329004329
0 0.8166666666666668 0.48194644861311514 0.03076923076923077 0.04329004329004329
0 0.8096467236467237 0.4733044733044731 0.03076923076923077 0.04329004329004329
0 0.8236866096866098 0.4905884239217571 0.03076923076923077 0.04329004329004329
0 0.8298290598290599 0.5004649671316336 0.03076923076923077 0.04329004329004329
0 0.8228091168091168 0.4560205226871892 0.03076923076923077 0.04329004329004329
0 0.7999943019943021 0.44984768318101637 0.03076923076923077 0.04329004329004329
0 0.7999943019943021 0.46466249799583115 0.03076923076923077 0.04329004329004329
0 0.8061367521367522 0.43626743626743597 0.03076923076923077 0.04329004329004329
0 0.8456239316239317 0.42021805355138664 0.03076923076923077 0.04329004329004329
0 0.8377264957264957 0.41651434984768293 0.03076923076923077 0.04329004329004329
0 0.7877094017094018 0.462193362193362 0.03076923076923077 0.04329004329004329
0 0.7666495726495727 0.43626743626743597 0.03076923076923077 0.04329004329004329
0 0.7719145299145299 0.4560205226871892 0.03076923076923077 0.04329004329004329
0 0.7903418803418805 0.4399711399711398 0.03076923076923077 0.04329004329004329
0 0.7815669515669516 0.4930575597242262 0.03076923076923077 0.04329004329004329
0 0.6718803418803417 0.4229958313291645 0.03076923076923077 0.04329004329004329
0 0.6753903133903132 0.40200817700817687 0.03076923076923077 0.04329004329004329
0 0.7078575498575497 0.40694644861311513 0.03076923076923077 0.04329004329004329
0 0.69425641025641 0.40879830046496696 0.03076923076923077 0.04329004329004329
0 0.6946951566951565 0.4236131152797818 0.03076923076923077 0.04329004329004329
0 0.6477492877492875 0.4143538560205225 0.03076923076923077 0.04329004329004329
0 0.6323931623931622 0.41250200416867067 0.03076923076923077 0.04329004329004329
0 0.6328319088319087 0.3995390412057077 0.03076923076923077 0.04329004329004329
0 0.6337094017094015 0.38719336219336203 0.03076923076923077 0.04329004329004329
0 0.6113333333333332 0.39089706589706574 0.03076923076923077 0.04329004329004329
0 0.5946609686609684 0.3773168189834855 0.03076923076923077 0.04329004329004329
0 0.5665811965811964 0.45015632515632503 0.03076923076923077 0.04329004329004329
0 0.5507863247863245 0.43040323873657194 0.03076923076923077 0.04329004329004329
0 0.5235840455840454 0.4310205226871892 0.03076923076923077 0.04329004329004329
0 0.5117378917378915 0.4186748436748435 0.03076923076923077 0.04329004329004329
0 0.4924330484330482 0.3600328683662015 0.03076923076923077 0.04329004329004329
0 0.6753903133903132 0.3365760782427447 0.03076923076923077 0.04329004329004329
0 0.3761652421652421 0.4399711399711398 0.03076923076923077 0.04329004329004329
0 0.3349230769230769 0.44614397947731266 0.03076923076923077 0.04329004329004329
0 0.26560113960113957 0.43873657206990524 0.03076923076923077 0.04329004329004329
0 0.298068376068376 0.4412057078723744 0.03076923076923077 0.04329004329004329
0 0.262091168091168 0.46836620169953486 0.03076923076923077 0.04329004329004329
0 0.23225641025641022 0.46713163379830025 0.03076923076923077 0.04329004329004329
0 0.16293447293447288 0.4584896584896583 0.03076923076923077 0.04329004329004329
0 0.1480170940170939 0.4547859547859546 0.03076923076923077 0.04329004329004329
0 0.1295897435897435 0.4584896584896583 0.03076923076923077 0.04329004329004329
0 0.11642735042735036 0.4696007696007694 0.03076923076923077 0.04329004329004329
0 0.19364672364672356 0.4720699054032385 0.03076923076923077 0.04329004329004329
0 0.18311680911680905 0.46466249799583115 0.03076923076923077 0.04329004329004329
0 0.22786894586894582 0.4905884239217571 0.03076923076923077 0.04329004329004329
0 0.24278632478632473 0.5103415103415101 0.03076923076923077 0.04329004329004329
0 0.2471737891737891 0.5399711399711399 0.03076923076923077 0.04329004329004329
0 0.27700854700854705 0.5214526214526213 0.03076923076923077 0.04329004329004329
0 0.2691111111111111 0.5140452140452139 0.03076923076923077 0.04329004329004329
0 0.2585811965811965 0.5078723745390411 0.03076923076923077 0.04329004329004329
0 0.29104843304843303 0.49429212762546076 0.03076923076923077 0.04329004329004329
0 0.30947578347578336 0.4930575597242262 0.03076923076923077 0.04329004329004329
0 0.3366780626780626 0.499230399230399 0.03076923076923077 0.04329004329004329
0 0.32263817663817657 0.5103415103415101 0.03076923076923077 0.04329004329004329
0 0.3208831908831908 0.5263908930575596 0.03076923076923077 0.04329004329004329
0 0.5893960113960113 0.4893538560205225 0.03076923076923077 0.04329004329004329
0 0.5534188034188036 0.4473785473785472 0.03076923076923077 0.04329004329004329
0 0.5306039886039886 0.4412057078723744 0.03076923076923077 0.04329004329004329
0 0.49725925925925935 0.43873657206990524 0.03076923076923077 0.04329004329004329
0 0.5042792022792023 0.4436748436748435 0.03076923076923077 0.04329004329004329
0 0.5112991452991453 0.4547859547859546 0.03076923076923077 0.04329004329004329
0 0.48409686609686603 0.47083533750200396 0.03076923076923077 0.04329004329004329
0 0.4779544159544159 0.4597242263908929 0.03076923076923077 0.04329004329004329
0 0.44022222222222224 0.4547859547859546 0.03076923076923077 0.04329004329004329
0 0.42442735042735047 0.4510822510822509 0.03076923076923077 0.04329004329004329
0 0.4016125356125357 0.4350328683662014 0.03076923076923077 0.04329004329004329
0 0.3910826210826211 0.42021805355138664 0.03076923076923077 0.04329004329004329
0 0.3937150997150997 0.45725509058842373 0.03076923076923077 0.04329004329004329
0 0.3840626780626781 0.44861311527978176 0.03076923076923077 0.04329004329004329
0 0.4051225071225072 0.48194644861311514 0.03076923076923077 0.04329004329004329
0 0.44285470085470086 0.4893538560205225 0.03076923076923077 0.04329004329004329
0 0.41740740740740745 0.4757736091069422 0.03076923076923077 0.04329004329004329
0 0.41828490028490034 0.45725509058842373 0.03076923076923077 0.04329004329004329
0 0.42179487179487185 0.3720699054032384 0.03076923076923077 0.04329004329004329
0 0.4068774928774929 0.37083533750200387 0.03076923076923077 0.04329004329004329
0 0.43846723646723645 0.3696007696007693 0.03076923076923077 0.04329004329004329
0 0.41301994301994305 0.3942921276254606 0.03076923076923077 0.04329004329004329
0 0.44373219373219375 0.37577360910694213 0.03076923076923077 0.04329004329004329
0 0.609054131054131 0.4217612634279298 0.03076923076923077 0.04329004329004329
0 0.5875555555555555 0.4291686708353373 0.03076923076923077 0.04329004329004329
0 0.6147578347578347 0.4446007696007694 0.03076923076923077 0.04329004329004329
0 0.5643019943019942 0.3587983004649669 0.03076923076923077 0.04329004329004329
0 0.5485071225071224 0.365588423921757 0.03076923076923077 0.04329004329004329
0 0.2954358974358974 0.39799583132916444 0.03076923076923077 0.04329004329004329
0 0.3103532763532763 0.399230399230399 0.03076923076923077 0.04329004329004329
0 0.3235156695156694 0.40787237453904096 0.03076923076923077 0.04329004329004329
0 0.3533504273504273 0.4757736091069422 0.03076923076923077 0.04329004329004329
0 0.36037037037037034 0.4473785473785472 0.03076923076923077 0.04329004329004329
0 0.36651282051282047 0.46836620169953486 0.03076923076923077 0.04329004329004329
0 0.38143019943019946 0.47453904120570767 0.03076923076923077 0.04329004329004329
0 0.35686039886039883 0.4967612634279299 0.03076923076923077 0.04329004329004329
0 0.3937150997150997 0.499230399230399 0.03076923076923077 0.04329004329004329
0 0.3998575498575499 0.49429212762546076 0.03076923076923077 0.04329004329004329
0 0.41477492877492883 0.4979958313291645 0.03076923076923077 0.04329004329004329
0 0.463037037037037 0.4831810165143497 0.03076923076923077 0.04329004329004329
0 0.4568945868945869 0.4436748436748435 0.03076923076923077 0.04329004329004329
0 0.44197720797720796 0.4189834856501521 0.03076923076923077 0.04329004329004329
0 0.4332022792022792 0.42762546095879406 0.03076923076923077 0.04329004329004329
0 0.47005698005698 0.3807118807118804 0.03076923076923077 0.04329004329004329
0 0.46128205128205124 0.3967612634279298 0.03076923076923077 0.04329004329004329
0 0.6911851851851851 0.3523168189834854 0.03076923076923077 0.04329004329004329
0 0.6841652421652421 0.3523168189834854 0.03076923076923077 0.04329004329004329
0 0.6692478632478632 0.3597242263908928 0.03076923076923077 0.04329004329004329
0 0.6832877492877493 0.3696007696007693 0.03076923076923077 0.04329004329004329
0 0.6727578347578349 0.3696007696007693 0.03076923076923077 0.04329004329004329
0 0.6481880341880343 0.36342793009459645 0.03076923076923077 0.04329004329004329
0 0.7017150997150998 0.37947731281064584 0.03076923076923077 0.04329004329004329
0 0.6929401709401709 0.38565015231681865 0.03076923076923077 0.04329004329004329
0 0.6973276353276353 0.3658970658970656 0.03076923076923077 0.04329004329004329
0 0.7096125356125356 0.3547859547859545 0.03076923076923077 0.04329004329004329
0 0.7087350427350426 0.36342793009459645 0.03076923076923077 0.04329004329004329
0 0.7464672364672367 0.37330447330447303 0.03076923076923077 0.04329004329004329
0 0.7420797720797719 0.3263908930575595 0.03076923076923077 0.04329004329004329
0 0.7333048433048434 0.3276254609587941 0.03076923076923077 0.04329004329004329
0 0.7140000000000001 0.3152797819464484 0.03076923076923077 0.04329004329004329
0 0.6999601139601139 0.3177489177489175 0.03076923076923077 0.04329004329004329
0 0.6727578347578349 0.3041686708353373 0.03076923076923077 0.04329004329004329
0 0.6736353276353276 0.3177489177489175 0.03076923076923077 0.04329004329004329
0 0.6674928774928776 0.32021805355138666 0.03076923076923077 0.04329004329004329
0 0.6578404558404559 0.307872374539041 0.03076923076923077 0.04329004329004329
0 0.6894301994301993 0.31651434984768295 0.03076923076923077 0.04329004329004329
0 0.6859202279202279 0.33132916466249773 0.03076923076923077 0.04329004329004329
0 0.6911851851851851 0.3300945967612632 0.03076923076923077 0.04329004329004329
0 0.7675270655270656 0.3337983004649669 0.03076923076923077 0.04329004329004329
0 0.7754245014245016 0.33132916466249773 0.03076923076923077 0.04329004329004329
0 0.7508547008547009 0.33503286836620144 0.03076923076923077 0.04329004329004329
0 0.7490997150997152 0.3498476831810162 0.03076923076923077 0.04329004329004329
0 0.8184216524216524 0.36466249799583106 0.03076923076923077 0.04329004329004329
0 0.7982393162393163 0.3399711399711397 0.03076923076923077 0.04329004329004329
0 0.8043817663817665 0.3547859547859545 0.03076923076923077 0.04329004329004329
0 0.8105242165242166 0.3523168189834854 0.03076923076923077 0.04329004329004329
0 0.814911680911681 0.3523168189834854 0.03076923076923077 0.04329004329004329
0 0.821931623931624 0.35725509058842364 0.03076923076923077 0.04329004329004329
0 0.8333390313390314 0.3597242263908928 0.03076923076923077 0.04329004329004329
0 0.757874643874644 0.39552669552669517 0.03076923076923077 0.04329004329004329
0 0.7306723646723645 0.3905884239217569 0.03076923076923077 0.04329004329004329
0 0.713122507122507 0.38935385602052236 0.03076923076923077 0.04329004329004329
0 0.6288831908831908 0.35355138688471993 0.03076923076923077 0.04329004329004329
0 0.6183532763532762 0.3720699054032384 0.03076923076923077 0.04329004329004329
0 0.6069458689458689 0.37330447330447303 0.03076923076923077 0.04329004329004329
0 0.994797720797721 0.36466249799583106 0.03076923076923077 0.04329004329004329
0 0.980757834757835 0.3597242263908928 0.03076923076923077 0.04329004329004329
0 0.9632079772079772 0.35355138688471993 0.03076923076923077 0.04329004329004329
0 0.9526780626780628 0.3547859547859545 0.03076923076923077 0.04329004329004329
0 0.9421481481481482 0.34861311527978167 0.03076923076923077 0.04329004329004329
0 0.9307407407407408 0.36095879429212735 0.03076923076923077 0.04329004329004329
0 0.9289857549857551 0.3547859547859545 0.03076923076923077 0.04329004329004329
0 0.9175783475783477 0.35108225108225083 0.03076923076923077 0.04329004329004329
0 0.8965185185185186 0.3547859547859545 0.03076923076923077 0.04329004329004329
0 0.8640512820512822 0.3473785473785471 0.03076923076923077 0.04329004329004329
0 0.8798461538461539 0.3152797819464484 0.03076923076923077 0.04329004329004329
0 0.9772478632478634 0.3115760782427447 0.03076923076923077 0.04329004329004329
0 0.9833903133903136 0.3091069424402756 0.03076923076923077 0.04329004329004329
0 0.9912877492877494 0.31034151034151014 0.03076923076923077 0.04329004329004329
0 0.9974301994301996 0.3115760782427447 0.03076923076923077 0.04329004329004329
0 0.979880341880342 0.32021805355138666 0.03076923076923077 0.04329004329004329
0 0.986900284900285 0.3276254609587941 0.03076923076923077 0.04329004329004329
0 0.9535555555555556 0.33256373256373234 0.03076923076923077 0.04329004329004329
0 0.9693504273504273 0.34244027577360886 0.03076923076923077 0.04329004329004329
0 0.9763703703703706 0.3375020041686706 0.03076923076923077 0.04329004329004329
0 0.9640854700854701 0.32392175725509037 0.03076923076923077 0.04329004329004329
0 0.9851452991452994 0.336267436267436 0.03076923076923077 0.04329004329004329
0 0.9956752136752138 0.3412057078723743 0.03076923076923077 0.04329004329004329
0 0.9912877492877494 0.35355138688471993 0.03076923076923077 0.04329004329004329
0 0.9816353276353278 0.3498476831810162 0.03076923076923077 0.04329004329004329
0 0.9518005698005698 0.30663780663780643 0.03076923076923077 0.04329004329004329
0 0.9518005698005698 0.3189834856501521 0.03076923076923077 0.04329004329004329
0 0.9368831908831909 0.3177489177489175 0.03076923076923077 0.04329004329004329
0 0.9219658119658121 0.29429212762546075 0.03076923076923077 0.04329004329004329
0 0.9105584045584046 0.3041686708353373 0.03076923076923077 0.04329004329004329
0 0.8973960113960116 0.307872374539041 0.03076923076923077 0.04329004329004329
0 0.9333732193732195 0.279477312810646 0.03076923076923077 0.04329004329004329
0 0.8666837606837609 0.30663780663780643 0.03076923076923077 0.04329004329004329
0 0.8526438746438747 0.31404521404521385 0.03076923076923077 0.04329004329004329
0 0.8342165242165243 0.32392175725509037 0.03076923076923077 0.04329004329004329
0 0.8429914529914531 0.32886002886002863 0.03076923076923077 0.04329004329004329
0 0.850011396011396 0.33256373256373234 0.03076923076923077 0.04329004329004329
0 0.8614188034188036 0.33256373256373234 0.03076923076923077 0.04329004329004329
0 0.8824786324786326 0.34490941157607796 0.03076923076923077 0.04329004329004329
0 0.8719487179487181 0.33256373256373234 0.03076923076923077 0.04329004329004329
0 0.8886210826210827 0.32021805355138666 0.03076923076923077 0.04329004329004329
0 0.8807236467236469 0.3263908930575595 0.03076923076923077 0.04329004329004329
0 0.8947635327635329 0.32392175725509037 0.03076923076923077 0.04329004329004329
0 0.8930085470085471 0.33503286836620144 0.03076923076923077 0.04329004329004329
0 0.9035384615384616 0.3251563251563249 0.03076923076923077 0.04329004329004329
0 0.907925925925926 0.33503286836620144 0.03076923076923077 0.04329004329004329
0 0.9158233618233619 0.32392175725509037 0.03076923076923077 0.04329004329004329
0 0.9219658119658121 0.31034151034151014 0.03076923076923077 0.04329004329004329
0 0.9263532763532765 0.33132916466249773 0.03076923076923077 0.04329004329004329
0 0.9324957264957265 0.3337983004649669 0.03076923076923077 0.04329004329004329
0 0.9412706552706553 0.3300945967612632 0.03076923076923077 0.04329004329004329
0 0.8543988603988604 0.4066378066378064 0.03076923076923077 0.04329004329004329
0 0.8394814814814815 0.3967612634279298 0.03076923076923077 0.04329004329004329
0 0.8087692307692308 0.42021805355138664 0.03076923076923077 0.04329004329004329
0 0.7912193732193733 0.41651434984768293 0.03076923076923077 0.04329004329004329
0 0.7956068376068377 0.39799583132916444 0.03076923076923077 0.04329004329004329
0 0.8140341880341881 0.40787237453904096 0.03076923076923077 0.04329004329004329
0 0.8052592592592593 0.3918229918229915 0.03076923076923077 0.04329004329004329
0 0.8140341880341881 0.3942921276254606 0.03076923076923077 0.04329004329004329
0 0.8192991452991454 0.38318101651434955 0.03076923076923077 0.04329004329004329
0 0.8052592592592593 0.37947731281064584 0.03076923076923077 0.04329004329004329
0 0.7991168091168092 0.3720699054032384 0.03076923076923077 0.04329004329004329
0 0.7833219373219373 0.3745390412057076 0.03076923076923077 0.04329004329004329
0 0.7719145299145299 0.3560205226871891 0.03076923076923077 0.04329004329004329
0 0.7833219373219373 0.35725509058842364 0.03076923076923077 0.04329004329004329
0 0.7719145299145299 0.37577360910694213 0.03076923076923077 0.04329004329004329
0 0.7613846153846154 0.36095879429212735 0.03076923076923077 0.04329004329004329
0 0.7587521367521368 0.3696007696007693 0.03076923076923077 0.04329004329004329
0 0.7605071225071225 0.38318101651434955 0.03076923076923077 0.04329004329004329
0 0.7710370370370371 0.3918229918229915 0.03076923076923077 0.04329004329004329
0 0.7824444444444444 0.40169953503286815 0.03076923076923077 0.04329004329004329
0 0.7710370370370371 0.40910694244027557 0.03076923076923077 0.04329004329004329
0 0.7613846153846154 0.40910694244027557 0.03076923076923077 0.04329004329004329
0 0.7640170940170941 0.42021805355138664 0.03076923076923077 0.04329004329004329
0 0.7385698005698005 0.4029341029341027 0.03076923076923077 0.04329004329004329
0 0.735059829059829 0.3745390412057076 0.03076923076923077 0.04329004329004329
0 0.72014245014245 0.3621933621933619 0.03076923076923077 0.04329004329004329
0 0.6543304843304844 0.3844155844155841 0.03076923076923077 0.04329004329004329
0 0.6464330484330485 0.37577360910694213 0.03076923076923077 0.04329004329004329
0 0.513931623931624 0.36342793009459645 0.03076923076923077 0.04329004329004329
0 0.5227065527065528 0.38194644861311494 0.03076923076923077 0.04329004329004329
0 0.5472763532763533 0.38194644861311494 0.03076923076923077 0.04329004329004329
0 0.577988603988604 0.38194644861311494 0.03076923076923077 0.04329004329004329
0 0.5797435897435896 0.36466249799583106 0.03076923076923077 0.04329004329004329
0 0.4788319088319088 0.43009459676126316 0.03076923076923077 0.04329004329004329
0 0.4507521367521367 0.42639089305755945 0.03076923076923077 0.04329004329004329
0 0.4744444444444444 0.40416867083533725 0.03076923076923077 0.04329004329004329
0 0.8456239316239317 0.5683662016995348 0.03076923076923077 0.04329004329004329
0 0.9184558404558405 0.5646624979958311 0.03076923076923077 0.04329004329004329
0 0.8921310541310542 0.5399711399711399 0.03076923076923077 0.04329004329004329
0 0.9035384615384616 0.5523168189834856 0.03076923076923077 0.04329004329004329
0 0.8894985754985756 0.5696007696007693 0.03076923076923077 0.04329004329004329
0 0.9026609686609688 0.5720699054032385 0.03076923076923077 0.04329004329004329
0 0.9368831908831909 0.5733044733044731 0.03076923076923077 0.04329004329004329
0 0.9518005698005698 0.5733044733044731 0.03076923076923077 0.04329004329004329
0 0.9430256410256411 0.6041686708353372 0.03076923076923077 0.04329004329004329
0 0.9904102564102566 0.6029341029341027 0.03076923076923077 0.04329004329004329
0 0.5060341880341881 0.37577360910694213 0.03076923076923077 0.04329004329004329
0 0.49287179487179494 0.3868847202180532 0.03076923076923077 0.04329004329004329
0 0.2866609686609687 0.43379830046496687 0.03076923076923077 0.04329004329004329
0 0.2138290598290598 0.5165143498476831 0.03076923076923077 0.04329004329004329
0 0.20856410256410246 0.4770081770081769 0.03076923076923077 0.04329004329004329
0 0.2471737891737891 0.4720699054032385 0.03076923076923077 0.04329004329004329
0 0.2761310541310541 0.45355138688472 0.03076923076923077 0.04329004329004329
0 0.2954358974358974 0.4658970658970657 0.03076923076923077 0.04329004329004329
0 0.30596581196581185 0.46466249799583115 0.03076923076923077 0.04329004329004329
0 0.5402564102564102 0.41651434984768293 0.03076923076923077 0.04329004329004329
0 0.5314814814814814 0.40910694244027557 0.03076923076923077 0.04329004329004329
0 0.520951566951567 0.4029341029341027 0.03076923076923077 0.04329004329004329
0 0.5560512820512821 0.4128106461439792 0.03076923076923077 0.04329004329004329
0 0.5683361823361823 0.4251563251563249 0.03076923076923077 0.04329004329004329
0 0.5683361823361823 0.4066378066378064 0.03076923076923077 0.04329004329004329
0 0.5674586894586895 0.3905884239217569 0.03076923076923077 0.04329004329004329
0 0.585008547008547 0.40540323873657186 0.03076923076923077 0.04329004329004329
0 0.5771111111111111 0.399230399230399 0.03076923076923077 0.04329004329004329
0 0.5990484330484329 0.3942921276254606 0.03076923076923077 0.04329004329004329
0 0.6227407407407406 0.4214526214526212 0.03076923076923077 0.04329004329004329
0 0.6218632478632478 0.4066378066378064 0.03076923076923077 0.04329004329004329
0 0.7438347578347577 0.5202180535513866 0.03076923076923077 0.04329004329004329
0 0.7376923076923075 0.4375020041686707 0.03076923076923077 0.04329004329004329
0 0.7473447293447294 0.42762546095879406 0.03076923076923077 0.04329004329004329
0 0.7262849002849002 0.4066378066378064 0.03076923076923077 0.04329004329004329
0 0.7420797720797719 0.38935385602052236 0.03076923076923077 0.04329004329004329
0 0.7508547008547009 0.38194644861311494 0.03076923076923077 0.04329004329004329
0 0.7798119658119658 0.4251563251563249 0.03076923076923077 0.04329004329004329
0 0.8263190883190884 0.4189834856501521 0.03076923076923077 0.04329004329004329
0 0.821931623931624 0.4313291646624977 0.03076923076923077 0.04329004329004329
0 0.821931623931624 0.40540323873657186 0.03076923076923077 0.04329004329004329
0 0.8315840455840456 0.4029341029341027 0.03076923076923077 0.04329004329004329
0 0.8254415954415955 0.3942921276254606 0.03076923076923077 0.04329004329004329
0 0.8271965811965812 0.38565015231681865 0.03076923076923077 0.04329004329004329
0 0.6595954415954416 0.5004649671316336 0.03076923076923077 0.04329004329004329
0 0.64380056980057 0.5004649671316336 0.03076923076923077 0.04329004329004329
0 0.513931623931624 0.48194644861311514 0.03076923076923077 0.04329004329004329
0 0.5463988603988604 0.48811928811928795 0.03076923076923077 0.04329004329004329
0 0.5227065527065528 0.46713163379830025 0.03076923076923077 0.04329004329004329
0 0.6587179487179488 0.42762546095879406 0.03076923076923077 0.04329004329004329
0 0.6560854700854701 0.4140452140452138 0.03076923076923077 0.04329004329004329
0 0.6622279202279202 0.3967612634279298 0.03076923076923077 0.04329004329004329
0 0.8675612535612537 0.3905884239217569 0.03076923076923077 0.04329004329004329
0 0.8701937321937323 0.3770081770081767 0.03076923076923077 0.04329004329004329
0 0.8561538461538462 0.38318101651434955 0.03076923076923077 0.04329004329004329
0 0.8482564102564103 0.37577360910694213 0.03076923076923077 0.04329004329004329
0 0.8342165242165243 0.37083533750200387 0.03076923076923077 0.04329004329004329
0 0.83597150997151 0.3782427449094113 0.03076923076923077 0.04329004329004329
0 0.8421139601139601 0.38318101651434955 0.03076923076923077 0.04329004329004329
0 0.5823760683760685 0.5115760782427448 0.03076923076923077 0.04329004329004329
0 0.5744786324786325 0.49429212762546076 0.03076923076923077 0.04329004329004329
0 0.31825071225071216 0.44861311527978176 0.03076923076923077 0.04329004329004329
0 0.3129857549857549 0.4350328683662014 0.03076923076923077 0.04329004329004329
0 0.7113675213675215 0.3300945967612632 0.03076923076923077 0.04329004329004329
0 0.7210199430199429 0.34244027577360886 0.03076923076923077 0.04329004329004329
0 0.7306723646723645 0.3412057078723743 0.03076923076923077 0.04329004329004329
0 0.46128205128205124 0.4597242263908929 0.03076923076923077 0.04329004329004329
0 0.5683361823361823 0.5955266955266952 0.03076923076923077 0.04329004329004329
0 0.08308262108262096 0.5128106461439793 0.03076923076923077 0.04329004329004329
0 0.7745470085470085 0.5115760782427448 0.03076923076923077 0.04329004329004329
0 0.42442735042735047 0.3881192881192878 0.03076923076923077 0.04329004329004329
0 0.3454529914529914 0.4066378066378064 0.03076923076923077 0.04329004329004329
0 0.37177777777777776 0.42268718935385574 0.03076923076923077 0.04329004329004329
0 0.33993006993006997 0.5544920447517849 0.03076923076923077 0.04329004329004329
