0 0.9875185220215013 0.9444738928530979 0.020618556701030927 0.044444444444444446
0 0.9482728543354667 0.9906172839506173 0.020618556701030927 0.044444444444444446
0 0.9498019063232344 0.9422765885151206 0.020618556701030927 0.044444444444444446
0 0.9090271866494319 0.9796307622607318 0.020618556701030927 0.044444444444444446
0 0.8937366667717561 0.9917159361196058 0.020618556701030927 0.044444444444444446
0 0.8504135271183414 0.99611054479556 0.020618556701030927 0.044444444444444446
0 0.873349306934855 0.9499671536980405 0.020618556701030927 0.044444444444444446
0 0.9207499185556501 0.8994291539245668 0.020618556701030927 0.044444444444444446
0 0.9518406423069243 0.9126129799524295 0.020618556701030927 0.044444444444444446
0 0.906988450665742 0.8247208064333447 0.020618556701030927 0.044444444444444446
0 0.9778345260989733 0.7906625891946992 0.020618556701030927 0.044444444444444446
0 0.9548987462824595 0.7708868501529051 0.020618556701030927 0.044444444444444446
0 0.9691698981682902 0.7566043719560539 0.020618556701030927 0.044444444444444446
0 0.9808926300745084 0.7071650243515688 0.020618556701030927 0.044444444444444446
0 0.9961831499521843 0.9159089364593952 0.020618556701030927 0.044444444444444446
0 0.8932269827758337 0.8730615018688413 0.020618556701030927 0.044444444444444446
0 0.8840526708492281 0.8093396760675048 0.020618556701030927 0.044444444444444446
0 0.8651943630000946 0.8335100237852531 0.020618556701030927 0.044444444444444446
0 0.8412392151917357 0.8730615018688413 0.020618556701030927 0.044444444444444446
0 0.7933289195750182 0.9181062407973724 0.020618556701030927 0.044444444444444446
0 0.807600071460849 0.9730388492468003 0.020618556701030927 0.044444444444444446
0 0.772941559738117 0.9598550232189376 0.020618556701030927 0.044444444444444446
0 0.8132065954159967 0.8664695888549101 0.020618556701030927 0.044444444444444446
0 0.7963870235505534 0.8785547627137842 0.020618556701030927 0.044444444444444446
0 0.7826255556606451 0.846693849813116 0.020618556701030927 0.044444444444444446
0 0.8300261672814402 0.8258194586023332 0.020618556701030927 0.044444444444444446
0 0.8458263711550386 0.7851693283497565 0.020618556701030927 0.044444444444444446
0 0.8753880429185451 0.7445191980971798 0.020618556701030927 0.044444444444444446
0 0.8341036392488204 0.7577030241250425 0.020618556701030927 0.044444444444444446
0 0.8753880429185451 0.7082636765205572 0.020618556701030927 0.044444444444444446
0 0.9238080225311853 0.7346313285762828 0.020618556701030927 0.044444444444444446
0 0.9197305505638051 0.786267980518745 0.020618556701030927 0.044444444444444446
0 0.9375694904210935 0.7005731113376373 0.020618556701030927 0.044444444444444446
0 0.9396082264047837 0.6368512855363009 0.020618556701030927 0.044444444444444446
0 0.9803829460785859 0.6742054592819118 0.020618556701030927 0.044444444444444446
0 0.9620343222253749 0.6544297202401178 0.020618556701030927 0.044444444444444446
0 0.9839507340500437 0.6060890248046212 0.020618556701030927 0.044444444444444446
0 0.9768151581071283 0.5786227205799072 0.020618556701030927 0.044444444444444446
0 0.9513309583110019 0.594003850945747 0.020618556701030927 0.044444444444444446
0 0.9401179104007064 0.6093849813115869 0.020618556701030927 0.044444444444444446
0 0.8386907952121231 0.6786000679578662 0.020618556701030927 0.044444444444444446
0 0.9635633742131425 0.5159995469475592 0.020618556701030927 0.044444444444444446
0 0.9350210704414809 0.5544523728621588 0.020618556701030927 0.044444444444444446
0 0.8804848828777704 0.5500577641862046 0.020618556701030927 0.044444444444444446
0 0.9095368706453545 0.5302820251444106 0.020618556701030927 0.044444444444444446
0 0.9095368706453545 0.6093849813115869 0.020618556701030927 0.044444444444444446
0 0.9192208665678825 0.5918065466077699 0.020618556701030927 0.044444444444444446
0 0.898323822735059 0.6500351115641635 0.020618556701030927 0.044444444444444446
0 0.888639826812531 0.6709095027749462 0.020618556701030927 0.044444444444444446
0 0.8514328951101864 0.594003850945747 0.020618556701030927 0.044444444444444446
0 0.8427682671795034 0.5830173292558615 0.020618556701030927 0.044444444444444446
0 0.8188131193711445 0.5149008947785707 0.020618556701030927 0.044444444444444446
0 0.8065807034690039 0.5698335032279986 0.020618556701030927 0.044444444444444446
0 0.8305358512773627 0.6577256767470835 0.020618556701030927 0.044444444444444446
0 0.8132065954159967 0.6401472420432666 0.020618556701030927 0.044444444444444446
0 0.7958773395546308 0.7203488503794314 0.020618556701030927 0.044444444444444446
0 0.7841546076484125 0.6775014157888776 0.020618556701030927 0.044444444444444446
0 0.7739609277299621 0.6775014157888776 0.020618556701030927 0.044444444444444446
0 0.7596897758441312 0.693981198323706 0.020618556701030927 0.044444444444444446
0 0.755612303876751 0.7126582851965114 0.020618556701030927 0.044444444444444446
0 0.7826255556606451 0.7774787631668366 0.020618556701030927 0.044444444444444446
0 0.816264699391532 0.7928598935326765 0.020618556701030927 0.044444444444444446
0 0.7433798879746104 0.938980632008155 0.020618556701030927 0.044444444444444446
0 0.7627478798196665 0.8785547627137842 0.020618556701030927 0.044444444444444446
0 0.7591800918482089 0.8362566542077245 0.020618556701030927 0.044444444444444446
0 0.7556123038767512 0.7785774153358251 0.020618556701030927 0.044444444444444446
0 0.7403217839990753 0.7912119152791937 0.020618556701030927 0.044444444444444446
0 0.7135633742131426 0.7807747196738023 0.020618556701030927 0.044444444444444446
0 0.6771209685046818 0.8230728281798618 0.020618556701030927 0.044444444444444446
0 0.6631046586168123 0.8395526107146903 0.020618556701030927 0.044444444444444446
0 0.6814532824700233 0.793958545701665 0.020618556701030927 0.044444444444444446
0 0.6773758105026432 0.7362793068297656 0.020618556701030927 0.044444444444444446
0 0.697508328341583 0.8505391324045758 0.020618556701030927 0.044444444444444446
0 0.7240118961295544 0.8587790236719901 0.020618556701030927 0.044444444444444446
0 0.5792616412875563 0.8911326311020505 0.020618556701030927 0.044444444444444446
0 0.5430740775770568 0.8845407180881191 0.020618556701030927 0.044444444444444446
0 0.5242157697279234 0.8779488050741876 0.020618556701030927 0.044444444444444446
0 0.5527580734995848 0.7538011099784804 0.020618556701030927 0.044444444444444446
0 0.5716163813487184 0.7790701098652173 0.020618556701030927 0.044444444444444446
0 0.591494057189697 0.7307294144297206 0.020618556701030927 0.044444444444444446
0 0.6383849848145696 0.7329267187676978 0.020618556701030927 0.044444444444444446
0 0.6373656168227246 0.8043391097519541 0.020618556701030927 0.044444444444444446
0 0.6149395210021333 0.8438905878355423 0.020618556701030927 0.044444444444444446
0 0.5813003772712464 0.8449892400045309 0.020618556701030927 0.044444444444444446
0 0.664888552602541 0.9515585003964212 0.020618556701030927 0.044444444444444446
0 0.6954695923578929 0.6637116321214184 0.020618556701030927 0.044444444444444446
0 0.709231060247801 0.64723184958659 0.020618556701030927 0.044444444444444446
0 0.7306377880765472 0.6461331974176016 0.020618556701030927 0.044444444444444446
0 0.7209537921540192 0.5802140672782878 0.020618556701030927 0.044444444444444446
0 0.771922191746272 0.5999898063200819 0.020618556701030927 0.044444444444444446
0 0.7612188278318989 0.6428372409106358 0.020618556701030927 0.044444444444444446
0 0.6684563405739988 0.6626129799524298 0.020618556701030927 0.044444444444444446
0 0.6761016005128367 0.6977698493600638 0.020618556701030927 0.044444444444444446
0 0.6516367687085555 0.6900792841771438 0.020618556701030927 0.044444444444444446
0 0.6460302447534075 0.657119719107487 0.020618556701030927 0.044444444444444446
0 0.6343075128471894 0.6626129799524298 0.020618556701030927 0.044444444444444446
0 0.6526561367004005 0.5977925019821048 0.020618556701030927 0.044444444444444446
0 0.6761016005128367 0.592299241137162 0.020618556701030927 0.044444444444444446
0 0.699547064325273 0.5758194586023335 0.020618556701030927 0.044444444444444446
0 0.6567336086677806 0.5626356325744709 0.020618556701030927 0.044444444444444446
0 0.627171936904274 0.5835100237852535 0.020618556701030927 0.044444444444444446
0 0.5945521611652322 0.584608675954242 0.020618556701030927 0.044444444444444446
0 0.5889456372100844 0.6516264582625442 0.020618556701030927 0.044444444444444446
0 0.6164685729899009 0.627456110544796 0.020618556701030927 0.044444444444444446
0 0.6113717330306756 0.6681062407973726 0.020618556701030927 0.044444444444444446
0 0.5502096535199723 0.7230388492468007 0.020618556701030927 0.044444444444444446
0 0.5400159736015216 0.702164458036018 0.020618556701030927 0.044444444444444446
0 0.5481709175362821 0.657119719107487 0.020618556701030927 0.044444444444444446
0 0.5328803976586063 0.6131736323479445 0.020618556701030927 0.044444444444444446
0 0.5079058818584025 0.7164469362328694 0.020618556701030927 0.044444444444444446
0 0.5089252498502475 0.7922539358930799 0.020618556701030927 0.044444444444444446
0 0.50943493384617 0.8230161966247597 0.020618556701030927 0.044444444444444446
0 0.50943493384617 0.8878366745950848 0.020618556701030927 0.044444444444444446
0 0.5751841693201761 0.5417612413636882 0.020618556701030927 0.044444444444444446
0 0.5328803976586063 0.5868059802922192 0.020618556701030927 0.044444444444444446
0 0.6021974211040702 0.5527477630535739 0.020618556701030927 0.044444444444444446
0 0.6353268808390344 0.5263801109978484 0.020618556701030927 0.044444444444444446
0 0.6883340164149774 0.5483531543776196 0.020618556701030927 0.044444444444444446
0 0.73522494403985 0.5966938498131162 0.020618556701030927 0.044444444444444446
0 0.7897611316035604 0.5428598935326768 0.020618556701030927 0.044444444444444446
0 0.7112697962314912 0.9686442405708461 0.020618556701030927 0.044444444444444446
0 0.7204441081580966 0.9444738928530978 0.020618556701030927 0.044444444444444446
0 0.5563258614710427 0.966446936232869 0.020618556701030927 0.044444444444444446
0 0.5226867177401557 0.9785321100917431 0.020618556701030927 0.044444444444444446
0 0.6225847809409712 0.9554604145429834 0.020618556701030927 0.044444444444444446
0 0.6088233130510631 0.9763348057537661 0.020618556701030927 0.044444444444444446
0 0.6312494088716543 0.9290927624872579 0.020618556701030927 0.044444444444444446
0 0.5667743833874545 0.6044410465511384 0.020618556701030927 0.044444444444444446
0 0.5073961978624799 0.5681855249745159 0.020618556701030927 0.044444444444444446
0 0.48700883802557876 0.5934545248612528 0.020618556701030927 0.044444444444444446
0 0.4729925281377093 0.5912572205232757 0.020618556701030927 0.044444444444444446
0 0.5033187258950996 0.6489364593951751 0.020618556701030927 0.044444444444444446
0 0.4989864119297582 0.6714588288594406 0.020618556701030927 0.044444444444444446
0 0.48395073405004363 0.7192501982104429 0.020618556701030927 0.044444444444444446
0 0.45260516830080816 0.6709095027749463 0.020618556701030927 0.044444444444444446
0 0.4791087360887796 0.6379499377052894 0.020618556701030927 0.044444444444444446
0 0.4533696942946919 0.7522097632800997 0.020618556701030927 0.044444444444444446
0 0.4431760143762413 0.594003850945747 0.020618556701030927 0.044444444444444446
0 0.4294145464863331 0.6159768943255183 0.020618556701030927 0.044444444444444446
0 0.4319629664659457 0.5599456337071017 0.020618556701030927 0.044444444444444446
0 0.4207499185556501 0.5786227205799072 0.020618556701030927 0.044444444444444446
0 0.38048488287777044 0.5621429380450788 0.020618556701030927 0.044444444444444446
0 0.3519425791061088 0.6269634160154038 0.020618556701030927 0.044444444444444446
0 0.3932269827758336 0.6225688073394495 0.020618556701030927 0.044444444444444446
0 0.3993431907269039 0.6500351115641635 0.020618556701030927 0.044444444444444446
0 0.4125949746208897 0.6796987201268547 0.020618556701030927 0.044444444444444446
0 0.3866010908288407 0.7302367199003286 0.020618556701030927 0.044444444444444446
0 0.38965919480437594 0.7599003284630197 0.020618556701030927 0.044444444444444446
0 0.4329823344577908 0.7555057197870655 0.020618556701030927 0.044444444444444446
0 0.46152463822945233 0.8071423717295279 0.020618556701030927 0.044444444444444446
0 0.35449099908572146 0.8214248499263791 0.020618556701030927 0.044444444444444446
0 0.3708008869552424 0.7983531543776193 0.020618556701030927 0.044444444444444446
0 0.38558172283699566 0.8126356325744706 0.020618556701030927 0.044444444444444446
0 0.3524522631020313 0.7609989806320083 0.020618556701030927 0.044444444444444446
0 0.35296194709795387 0.7159542417034772 0.020618556701030927 0.044444444444444446
0 0.3753880429185451 0.6895865896477518 0.020618556701030927 0.044444444444444446
0 0.3753880429185451 0.6456405028882093 0.020618556701030927 0.044444444444444446
0 0.3922076147839885 0.8796534148827728 0.020618556701030927 0.044444444444444446
0 0.3769170949063127 0.5159995469475593 0.020618556701030927 0.044444444444444446
0 0.3967947707472913 0.4885332427228453 0.020618556701030927 0.044444444444444446
0 0.43349201845371327 0.4786453732019482 0.020618556701030927 0.044444444444444446
0 0.45235032630284683 0.46106693849813124 0.020618556701030927 0.044444444444444446
0 0.5247254537238458 0.5159995469475593 0.020618556701030927 0.044444444444444446
0 0.5466418655485146 0.4995197644127308 0.020618556701030927 0.044444444444444446
0 0.5318610296667613 0.4808426775399254 0.020618556701030927 0.044444444444444446
0 0.48955725800519134 0.46106693849813124 0.020618556701030927 0.044444444444444446
0 0.4977122019399518 0.4885332427228453 0.020618556701030927 0.044444444444444446
0 0.48904757400926885 0.5170981991165478 0.020618556701030927 0.044444444444444446
0 0.4732473701356705 0.5203941556235135 0.020618556701030927 0.044444444444444446
0 0.472737686139748 0.5610442858760902 0.020618556701030927 0.044444444444444446
0 0.36188141702659804 0.535225959904859 0.020618556701030927 0.044444444444444446
0 0.35856847105310163 0.4687575036810511 0.020618556701030927 0.044444444444444446
0 0.43909854240886104 0.5088583078491336 0.020618556701030927 0.044444444444444446
0 0.34353279317338703 0.566537546721033 0.020618556701030927 0.044444444444444446
0 0.33716174322435544 0.5907078944387814 0.020618556701030927 0.044444444444444446
0 0.02676418970753596 0.9950118926265716 0.020618556701030927 0.044444444444444446
0 0.03899660560967666 0.9225008494733266 0.020618556701030927 0.044444444444444446
0 0.004847777882867273 0.9159089364593952 0.020618556701030927 0.044444444444444446
0 0.07416480132833107 0.9807294144297203 0.020618556701030927 0.044444444444444446
0 0.08130037727124646 0.9345860233322006 0.020618556701030927 0.044444444444444446
0 0.10831362905514046 0.9181062407973724 0.020618556701030927 0.044444444444444446
0 0.13226877686349928 0.9027251104315325 0.020618556701030927 0.044444444444444446
0 0.13073972487573166 0.8565817193340128 0.020618556701030927 0.044444444444444446
0 0.16998539256176637 0.8642722845169328 0.020618556701030927 0.044444444444444446
0 0.18425654444759715 0.896133197417601 0.020618556701030927 0.044444444444444446
0 0.22808936809693453 0.8829493713897384 0.020618556701030927 0.044444444444444446
0 0.11341046901436573 0.7664922414769509 0.020618556701030927 0.044444444444444446
0 0.12462351692466138 0.739025937252237 0.020618556701030927 0.044444444444444446
0 0.12921067288796412 0.7225461547174086 0.020618556701030927 0.044444444444444446
0 0.15928202864739327 0.656627024578095 0.020618556701030927 0.044444444444444446
0 0.3254390113181374 0.7851693283497565 0.020618556701030927 0.044444444444444446
0 0.30658070346900385 0.896133197417601 0.020618556701030927 0.044444444444444446
0 0.33002616728144013 0.9576577188809604 0.020618556701030927 0.044444444444444446
0 0.38048488287777044 0.9279941103182694 0.020618556701030927 0.044444444444444446
0 0.45999558624168485 0.9708415449088232 0.020618556701030927 0.044444444444444446
0 0.4844604180459661 0.9785321100917431 0.020618556701030927 0.044444444444444446
0 0.33716174322435555 0.9312900668252351 0.020618556701030927 0.044444444444444446
0 0.4770700001050896 0.8744631328576282 0.020618556701030927 0.044444444444444446
0 0.3585684710531018 0.905225393589308 0.020618556701030927 0.044444444444444446
0 0.09557152915707726 0.8148329369124476 0.020618556701030927 0.044444444444444446
0 0.03135134567083874 0.7434205459281912 0.020618556701030927 0.044444444444444446
0 0.028802925691226087 0.8027477630535735 0.020618556701030927 0.044444444444444446
0 0.03440944964637389 0.8346086759542417 0.020618556701030927 0.044444444444444446
0 0.07008732936095084 0.6917838939857289 0.020618556701030927 0.044444444444444446
0 0.10793136605819857 0.6989251330841545 0.020618556701030927 0.044444444444444446
0 0.09315053017644528 0.742871219843697 0.020618556701030927 0.044444444444444446
0 0.08015358828042081 0.7818733718427908 0.020618556701030927 0.044444444444444446
0 0.1897356474037643 0.6148782421565296 0.020618556701030927 0.044444444444444446
0 0.20706490326513025 0.6082863291425983 0.020618556701030927 0.044444444444444446
0 0.1848936494425003 0.6494857854796693 0.020618556701030927 0.044444444444444446
0 0.23688141702659812 0.7280394155623513 0.020618556701030927 0.044444444444444446
0 0.17877744149142996 0.780225393589308 0.020618556701030927 0.044444444444444446
0 0.21216174322435555 0.8142836108279534 0.020618556701030927 0.044444444444444446
0 0.14004145780131783 0.6011450900441726 0.020618556701030927 0.044444444444444446
0 0.15176418970753597 0.5972998074527126 0.020618556701030927 0.044444444444444446
0 0.2445266769654361 0.6082863291425983 0.020618556701030927 0.044444444444444446
0 0.06868569837216394 0.6522324159021408 0.020618556701030927 0.044444444444444446
0 0.014404352806414698 0.7642949371389739 0.020618556701030927 0.044444444444444446
0 0.25816072385636374 0.8192275455884018 0.020618556701030927 0.044444444444444446
0 0.2703931397585044 0.7906625891946992 0.020618556701030927 0.044444444444444446
0 0.27854808369326484 0.7269407633933629 0.020618556701030927 0.044444444444444446
0 0.39781413873913624 0.7989024804621135 0.020618556701030927 0.044444444444444446
0 0.41871118257195994 0.7659429153924566 0.020618556701030927 0.044444444444444446
0 0.4444502243660476 0.7060663721825801 0.020618556701030927 0.044444444444444446
0 0.3213615393507571 0.6840933288028089 0.020618556701030927 0.044444444444444446
0 0.326968063305905 0.7143062634499944 0.020618556701030927 0.044444444444444446
0 0.31575501539560935 0.7533084154490883 0.020618556701030927 0.044444444444444446
0 0.26606082579316287 0.5747774379884473 0.020618556701030927 0.044444444444444446
0 0.31448080540580303 0.5670868728055273 0.020618556701030927 0.044444444444444446
0 0.3211066973527959 0.6258647638464153 0.020618556701030927 0.044444444444444446
0 0.313461437413958 0.6621202854230378 0.020618556701030927 0.044444444444444446
0 0.2833900816545288 0.670360176690452 0.020618556701030927 0.044444444444444446
0 0.24873156993179693 0.6670642201834862 0.020618556701030927 0.044444444444444446
0 0.14819640173607826 0.1766491108845849 0.020618556701030927 0.044444444444444446
0 0.1769935475057011 0.16840921961717076 0.020618556701030927 0.044444444444444446
0 0.16603534159336675 0.15687337184279085 0.020618556701030927 0.044444444444444446
0 0.1543126096871486 0.2194965454751388 0.020618556701030927 0.044444444444444446
0 0.11863472997257167 0.24531487144636996 0.020618556701030927 0.044444444444444446
0 0.1135378900133464 0.20411541510929895 0.020618556701030927 0.044444444444444446
0 0.07836969429469196 0.1777477630535735 0.020618556701030927 0.044444444444444446
0 0.06460822640478371 0.22059519764412736 0.020618556701030927 0.044444444444444446
0 0.0335175026535095 0.1497321327443652 0.020618556701030927 0.044444444444444446
0 0.020775402755446294 0.11677256767470842 0.020618556701030927 0.044444444444444446
0 0.021285086751368833 0.15962000226526227 0.020618556701030927 0.044444444444444446
0 0.0077784608594218384 0.1667612413636879 0.020618556701030927 0.044444444444444446
0 0.006504250869615514 0.22663778457356443 0.020618556701030927 0.044444444444444446
0 0.03147876666981939 0.14314021973043387 0.020618556701030927 0.044444444444444446
0 0.23535236503883059 0.12501245894212262 0.020618556701030927 0.044444444444444446
0 0.23866531101232696 0.1497321327443652 0.020618556701030927 0.044444444444444446
0 0.2119069012263943 0.1777477630535735 0.020618556701030927 0.044444444444444446
0 0.21955216116523218 0.1272097632800997 0.020618556701030927 0.044444444444444446
0 0.20298743129775004 0.12885774153358256 0.020618556701030927 0.044444444444444446
0 0.18897112140988057 0.114025937252237 0.020618556701030927 0.044444444444444446
0 0.20426164128755633 0.16236663268773366 0.020618556701030927 0.044444444444444446
0 0.2004390113181374 0.17445180654660783 0.020618556701030927 0.044444444444444446
0 0.198145433336486 0.18379034998301058 0.020618556701030927 0.044444444444444446
0 0.1637417636117154 0.17939574130705635 0.020618556701030927 0.044444444444444446
0 0.1586449236524901 0.15687337184279085 0.020618556701030927 0.044444444444444446
0 0.16450628960559915 0.14808415449088239 0.020618556701030927 0.044444444444444446
0 0.17801291549754614 0.1272097632800997 0.020618556701030927 0.044444444444444446
0 0.09595379215401918 0.1914809151659305 0.020618556701030927 0.044444444444444446
0 0.07429222232731174 0.19312889341941333 0.020618556701030927 0.044444444444444446
0 0.07250832834158288 0.08106637218258018 0.020618556701030927 0.044444444444444446
0 0.02204961274525262 0.04755748102842909 0.020618556701030927 0.044444444444444446
0 0.02867550469224548 0.033275002831577846 0.020618556701030927 0.044444444444444446
0 0.005484882877770465 0.03217635066258926 0.020618556701030927 0.044444444444444446
0 0.13519945984005383 0.0667838939857289 0.020618556701030927 0.044444444444444446
0 0.1255154639175258 0.09040491561898298 0.020618556701030927 0.044444444444444446
0 0.15915460764841266 0.11842054592819125 0.020618556701030927 0.044444444444444446
0 0.18234522946288764 0.05744535054932615 0.020618556701030927 0.044444444444444446
0 0.17036765555870825 0.054149394042360466 0.020618556701030927 0.044444444444444446
0 0.16042881763821895 0.04975478536640623 0.020618556701030927 0.044444444444444446
0 0.0826382977605431 0.07404830671650242 0.020618556701030927 0.044444444444444446
0 0.10391760459030865 0.01719305697134443 0.020618556701030927 0.044444444444444446
0 0.0635251479134483 0.10975450220863066 0.020618556701030927 0.044444444444444446
0 0.05218467900417205 0.1188183826027863 0.020618556701030927 0.044444444444444446
0 0.0798350357829692 0.03559548080190282 0.020618556701030927 0.044444444444444446
0 0.048871733030675615 0.04411003511156415 0.020618556701030927 0.044444444444444446
0 0.054478256985823426 0.012523785253143037 0.020618556701030927 0.044444444444444446
0 0.060467043937913134 0.0710270132517839 0.020618556701030927 0.044444444444444446
0 0.05734522946288765 0.5879046324612077 0.020618556701030927 0.044444444444444446
0 0.006376829870634846 0.65492241476951 0.020618556701030927 0.044444444444444446
0 0.005357461878789797 0.7263348057537663 0.020618556701030927 0.044444444444444446
0 0.014531773805395292 0.6252588062068187 0.020618556701030927 0.044444444444444446
0 0.05173870550773985 0.5241828066598712 0.020618556701030927 0.044444444444444446
0 0.03288039765860631 0.5022097632801 0.020618556701030927 0.044444444444444446
0 0.013002721817627719 0.4626582851965118 0.020618556701030927 0.044444444444444446
0 0.022686717740155737 0.4879272850832487 0.020618556701030927 0.044444444444444446
0 0.09455216116523221 0.4901245894212258 0.020618556701030927 0.044444444444444446
0 0.07059701335687339 0.5066043719560542 0.020618556701030927 0.044444444444444446
0 0.10015868512038001 0.6065817193340132 0.020618556701030927 0.044444444444444446
0 0.1297203568838866 0.5846086759542419 0.020618556701030927 0.044444444444444446
0 0.10423615708776023 0.6659089364593954 0.020618556701030927 0.044444444444444446
0 0.03848692161375411 0.5857073281232306 0.020618556701030927 0.044444444444444446
0 0.12462351692466138 0.45936232868954613 0.020618556701030927 0.044444444444444446
0 0.11035236503883059 0.5011111111111114 0.020618556701030927 0.044444444444444446
0 0.11697825698582343 0.5252814588288597 0.020618556701030927 0.044444444444444446
0 0.13124940887165423 0.5066043719560542 0.020618556701030927 0.044444444444444446
0 0.14704961274525255 0.48243402423830584 0.020618556701030927 0.044444444444444446
0 0.15571424067593556 0.4703488503794317 0.020618556701030927 0.044444444444444446
0 0.14501087676156246 0.4428825461547177 0.020618556701030927 0.044444444444444446
0 0.1837468604516746 0.5241828066598712 0.020618556701030927 0.044444444444444446
0 0.16488855260254107 0.5747208064333449 0.020618556701030927 0.044444444444444446
0 0.1944502243660477 0.5725235020953678 0.020618556701030927 0.044444444444444446
0 0.25255419990121586 0.5384652848567224 0.020618556701030927 0.044444444444444446
0 0.22248284414178673 0.4791380677313402 0.020618556701030927 0.044444444444444446
0 0.19190180438643506 0.4681515460414546 0.020618556701030927 0.044444444444444446
0 0.2015858003089631 0.44178389398572915 0.020618556701030927 0.044444444444444446
0 0.22044410815809665 0.4428825461547177 0.020618556701030927 0.044444444444444446
0 0.25561230387675105 0.43848793747876347 0.020618556701030927 0.044444444444444446
0 0.2683544037748143 0.4198108506059579 0.020618556701030927 0.044444444444444446
0 0.24745735994199064 0.4077256767470837 0.020618556701030927 0.044444444444444446
0 0.25612198787267354 0.40662702457809524 0.020618556701030927 0.044444444444444446
0 0.26478661580335655 0.39454185071922104 0.020618556701030927 0.044444444444444446
0 0.25612198787267354 0.37366745950843844 0.020618556701030927 0.044444444444444446
0 0.2601994598400538 0.34400385094574726 0.020618556701030927 0.044444444444444446
0 0.2943482875668632 0.36268093781855276 0.020618556701030927 0.044444444444444446
0 0.355000683081644 0.384653981198324 0.020618556701030927 0.044444444444444446
0 0.34327795117542587 0.4143175897610152 0.020618556701030927 0.044444444444444446
0 0.3315552192692077 0.4077256767470837 0.020618556701030927 0.044444444444444446
0 0.3213615393507571 0.4264027636198893 0.020618556701030927 0.044444444444444446
0 0.3203421713589121 0.4736448068863974 0.020618556701030927 0.044444444444444446
0 0.28160618766879997 0.5274787631668368 0.020618556701030927 0.044444444444444446
0 0.04001597360152171 0.3967391550571982 0.020618556701030927 0.044444444444444446
0 0.08079069327532394 0.4769407633933631 0.020618556701030927 0.044444444444444446
0 0.06384370041089991 0.5604383282364936 0.020618556701030927 0.044444444444444446
0 0.16042881763821895 0.41816287235247507 0.020618556701030927 0.044444444444444446
0 0.09060211019683263 0.4137682636765208 0.020618556701030927 0.044444444444444446
0 0.06511791040070623 0.39783780722618667 0.020618556701030927 0.044444444444444446
0 0.06537275239866748 0.37696341601540406 0.020618556701030927 0.044444444444444446
0 0.07836969429469196 0.36872352474798986 0.020618556701030927 0.044444444444444446
0 0.15762555566064507 0.3500464378751843 0.020618556701030927 0.044444444444444446
0 0.18897112140988057 0.3797100464378755 0.020618556701030927 0.044444444444444446
0 0.20859395525289784 0.37366745950843844 0.020618556701030927 0.044444444444444446
0 0.20655521926920775 0.3335666553403559 0.020618556701030927 0.044444444444444446
0 0.02204961274525262 0.5313240457582967 0.020618556701030927 0.044444444444444446
0 0.0037009888920416156 0.5598890021519994 0.020618556701030927 0.044444444444444446
0 0.0151688788002985 0.4242054592819122 0.020618556701030927 0.044444444444444446
0 0.03377234465147076 0.35828632914259856 0.020618556701030927 0.044444444444444446
0 0.05798233445779084 0.33905991618529874 0.020618556701030927 0.044444444444444446
0 0.06792117237828015 0.3467504813682187 0.020618556701030927 0.044444444444444446
0 0.11226368002354006 0.30555102503114767 0.020618556701030927 0.044444444444444446
0 0.11583146799499777 0.2896205685808136 0.020618556701030927 0.044444444444444446
0 0.08983758420294882 0.27259145996149087 0.020618556701030927 0.044444444444444446
0 0.07989874628245953 0.2940151772567678 0.020618556701030927 0.044444444444444446
0 0.20782942925901404 0.2786340468909279 0.020618556701030927 0.044444444444444446
0 0.22082637115503853 0.30610035111564193 0.020618556701030927 0.044444444444444446
0 0.24427183496747476 0.3280733944954132 0.020618556701030927 0.044444444444444446
0 0.23764594302048192 0.30335372069317057 0.020618556701030927 0.044444444444444446
0 0.17266123354035967 0.32148148148148176 0.020618556701030927 0.044444444444444446
0 0.179796809483275 0.32862272057990743 0.020618556701030927 0.044444444444444446
0 0.16603534159336675 0.30664967720013625 0.020618556701030927 0.044444444444444446
0 0.16909344556890196 0.2627035904405938 0.020618556701030927 0.044444444444444446
0 0.1848936494425003 0.28083135122890507 0.020618556701030927 0.044444444444444446
0 0.17826775749550747 0.23743459055385693 0.020618556701030927 0.044444444444444446
0 0.12398641192975822 0.3577370030581043 0.020618556701030927 0.044444444444444446
0 0.129592935884906 0.33686261184732164 0.020618556701030927 0.044444444444444446
0 0.04473055056380511 0.25171706875070826 0.020618556701030927 0.044444444444444446
0 0.0335175026535095 0.23743459055385693 0.020618556701030927 0.044444444444444446
0 0.024852874722826518 0.2286453732019484 0.020618556701030927 0.044444444444444446
0 0.13163167186859615 0.15613433004870336 0.020618556701030927 0.044444444444444446
0 0.14641250775034942 0.14514780835881777 0.020618556701030927 0.044444444444444446
0 0.14921576972792336 0.16327556914712898 0.020618556701030927 0.044444444444444446
0 0.13316072385636374 0.2308426775399255 0.020618556701030927 0.044444444444444446
0 0.22337479113465114 0.1660221995696004 0.020618556701030927 0.044444444444444446
0 0.1897356474037643 0.1522890474572434 0.020618556701030927 0.044444444444444446
0 0.1876969114200742 0.1336119605844379 0.020618556701030927 0.044444444444444446
0 0.19228406738337694 0.12592139540151795 0.020618556701030927 0.044444444444444446
0 0.1955970133568734 0.11383622154264379 0.020618556701030927 0.044444444444444446
0 0.21152463822945233 0.10861762373994815 0.020618556701030927 0.044444444444444446
0 0.22095379215401914 0.08774323252916548 0.020618556701030927 0.044444444444444446
0 0.26338498481456957 0.1371825801336507 0.020618556701030927 0.044444444444444446
0 0.07792372079825974 0.2610556121871109 0.020618556701030927 0.044444444444444446
0 0.096527186649432 0.29703647072148626 0.020618556701030927 0.044444444444444446
0 0.09512555566064505 0.3267000792841773 0.020618556701030927 0.044444444444444446
0 0.009371223346679697 0.29895911201721626 0.020618556701030927 0.044444444444444446
0 0.5756938533160987 0.44837580699966056 0.020618556701030927 0.044444444444444446
0 0.5369578696259866 0.3967391550571982 0.020618556701030927 0.044444444444444446
0 0.5109639858339375 0.4121202854230381 0.020618556701030927 0.044444444444444446
0 0.5257448217156909 0.4011337637331524 0.020618556701030927 0.044444444444444446
0 0.50943493384617 0.3813580246913583 0.020618556701030927 0.044444444444444446
0 0.5130027218176277 0.3451025031147359 0.020618556701030927 0.044444444444444446
0 0.5293126096871487 0.3385105901008045 0.020618556701030927 0.044444444444444446
0 0.5395062896055992 0.31983350322799897 0.020618556701030927 0.044444444444444446
0 0.5685582773731832 0.3099456337071019 0.020618556701030927 0.044444444444444446
0 0.5609130174343453 0.35169441612866725 0.020618556701030927 0.044444444444444446
0 0.5649904894017256 0.33741193793181595 0.020618556701030927 0.044444444444444446
0 0.5685582773731832 0.3769634160154041 0.020618556701030927 0.044444444444444446
0 0.6072942610632954 0.4384879374787635 0.020618556701030927 0.044444444444444446
0 0.6159588889939784 0.38465398119832406 0.020618556701030927 0.044444444444444446
0 0.6225847809409712 0.3802593725223698 0.020618556701030927 0.044444444444444446
0 0.6348171968431119 0.3956405028882097 0.020618556701030927 0.044444444444444446
0 0.6613207646310835 0.4318960244648321 0.020618556701030927 0.044444444444444446
0 0.6679466565780762 0.43958658964775205 0.020618556701030927 0.044444444444444446
0 0.662849816618851 0.47364480688639743 0.020618556701030927 0.044444444444444446
0 0.6521464527044778 0.4681515460414546 0.020618556701030927 0.044444444444444446
0 0.6348171968431119 0.49012458942122583 0.020618556701030927 0.044444444444444446
0 0.6083136290551404 0.5088016762940314 0.020618556701030927 0.044444444444444446
0 0.6215654129491263 0.46265828519651186 0.020618556701030927 0.044444444444444446
0 0.8606072070367918 0.4615596330275233 0.020618556701030927 0.044444444444444446
0 0.8769170949063128 0.47364480688639743 0.020618556701030927 0.044444444444444446
0 0.8769170949063128 0.43738928530977494 0.020618556701030927 0.044444444444444446
0 0.9141240266086573 0.48353267640729447 0.020618556701030927 0.044444444444444446
0 0.888639826812531 0.4967165024351572 0.020618556701030927 0.044444444444444446
0 0.9722280021438255 0.49451919809718003 0.020618556701030927 0.044444444444444446
0 0.9666214781886777 0.46265828519651186 0.020618556701030927 0.044444444444444446
0 0.9309435984741007 0.47584211122437453 0.020618556701030927 0.044444444444444446
0 0.9268661265067205 0.44178389398572915 0.020618556701030927 0.044444444444444446
0 0.9120852906249671 0.45277041567561477 0.020618556701030927 0.044444444444444446
0 0.9334920184537133 0.419810850605958 0.020618556701030927 0.044444444444444446
0 0.9090271866494319 0.3791607203533812 0.020618556701030927 0.044444444444444446
0 0.8952657187595238 0.3791607203533812 0.020618556701030927 0.044444444444444446
0 0.9324726504618683 0.4011337637331524 0.020618556701030927 0.044444444444444446
0 0.9676408461805227 0.35169441612866725 0.020618556701030927 0.044444444444444446
0 0.9666214781886777 0.3088469815381134 0.020618556701030927 0.044444444444444446
0 0.9977122019399519 0.43958658964775205 0.020618556701030927 0.044444444444444446
0 0.9972025179440293 0.484631328576283 0.020618556701030927 0.044444444444444446
0 0.9620343222253749 0.4286000679578665 0.020618556701030927 0.044444444444444446
0 0.9314532824700233 0.28687393815834217 0.020618556701030927 0.044444444444444446
0 0.9834410500541211 0.2967618076792392 0.020618556701030927 0.044444444444444446
0 0.8891495108084533 0.3363132857628274 0.020618556701030927 0.044444444444444446
0 0.8779364628981577 0.3352146335938388 0.020618556701030927 0.044444444444444446
0 0.8743686749267001 0.35828632914259856 0.020618556701030927 0.044444444444444446
0 0.8809945668736929 0.40442972024011814 0.020618556701030927 0.044444444444444446
0 0.8448070031631935 0.4428825461547177 0.020618556701030927 0.044444444444444446
0 0.8483747911346511 0.419810850605958 0.020618556701030927 0.044444444444444446
0 0.8213615393507572 0.4099229810850609 0.020618556701030927 0.044444444444444446
0 0.8147356474037644 0.46705289387246607 0.020618556701030927 0.044444444444444446
0 0.8269680633059049 0.3418065466077702 0.020618556701030927 0.044444444444444446
0 0.7678447197788918 0.3505957639596786 0.020618556701030927 0.044444444444444446
0 0.7591800918482088 0.35828632914259856 0.020618556701030927 0.044444444444444446
0 0.7275796841010119 0.3681741986634956 0.020618556701030927 0.044444444444444446
0 0.7923095515831731 0.42530411145090075 0.020618556701030927 0.044444444444444446
0 0.8019935475057012 0.40442972024011814 0.020618556701030927 0.044444444444444446
0 0.7759996637136521 0.40882432891607234 0.020618556701030927 0.044444444444444446
0 0.7607091438359763 0.4121202854230381 0.020618556701030927 0.044444444444444446
0 0.7377733640194626 0.37586476384641554 0.020618556701030927 0.044444444444444446
0 0.716876320186639 0.3857526333673126 0.020618556701030927 0.044444444444444446
0 0.7224828441417868 0.5219855023218941 0.020618556701030927 0.044444444444444446
0 0.6893533844068224 0.5131962849699856 0.020618556701030927 0.044444444444444446
0 0.6990373803293504 0.4351919809717978 0.020618556701030927 0.044444444444444446
0 0.6924114883823576 0.3956405028882097 0.020618556701030927 0.044444444444444446
0 0.6490883487289427 0.3681741986634956 0.020618556701030927 0.044444444444444446
0 0.6404237207982597 0.36927285083248423 0.020618556701030927 0.044444444444444446
0 0.6720241285454563 0.32642541624193033 0.020618556701030927 0.044444444444444446
0 0.691901804386435 0.3110442858760905 0.020618556701030927 0.044444444444444446
0 0.7046439042844982 0.30555102503114767 0.020618556701030927 0.044444444444444446
0 0.718915056170329 0.30115641635519347 0.020618556701030927 0.044444444444444446
0 0.7240118961295544 0.3275240684109189 0.020618556701030927 0.044444444444444446
0 0.7000567483211955 0.3505957639596786 0.020618556701030927 0.044444444444444446
0 0.6766112845087592 0.3626809378185528 0.020618556701030927 0.044444444444444446
0 0.6842565444475972 0.37366745950843844 0.020618556701030927 0.044444444444444446
0 0.6679466565780762 0.3615822856495643 0.020618556701030927 0.044444444444444446
0 0.6016877371081476 0.4187121984369694 0.020618556701030927 0.044444444444444446
0 0.5955715291570772 0.35608902480462146 0.020618556701030927 0.044444444444444446
0 0.592513425181542 0.30335372069317057 0.020618556701030927 0.044444444444444446
0 0.6230944649368938 0.29895911201721637 0.020618556701030927 0.044444444444444446
0 0.6287009888920416 0.2714928077925023 0.020618556701030927 0.044444444444444446
0 0.6261525689124289 0.3385105901008045 0.020618556701030927 0.044444444444444446
0 0.5899650052019294 0.3341159814248503 0.020618556701030927 0.044444444444444446
0 0.5410353415933667 0.2912685468342964 0.020618556701030927 0.044444444444444446
0 0.565500173397648 0.28467663382036507 0.020618556701030927 0.044444444444444446
0 0.5756938533160987 0.2879725903273307 0.020618556701030927 0.044444444444444446
0 0.791290183591328 0.4769407633933631 0.020618556701030927 0.044444444444444446
0 0.7836449236524902 0.4934205459281915 0.020618556701030927 0.044444444444444446
0 0.7510251479134484 0.2923671990032849 0.020618556701030927 0.044444444444444446
0 0.7418508359868428 0.3330173292558617 0.020618556701030927 0.044444444444444446
0 0.7316571560683922 0.35169441612866725 0.020618556701030927 0.044444444444444446
0 0.7245215801254768 0.48847661116774305 0.020618556701030927 0.044444444444444446
0 0.7520445159052934 0.4450798504926949 0.020618556701030927 0.044444444444444446
0 0.7484767279338357 0.4280507418733722 0.020618556701030927 0.044444444444444446
0 0.7568865138665575 0.46101030694302897 0.020618556701030927 0.044444444444444446
0 0.7823707136626837 0.45771435043606334 0.020618556701030927 0.044444444444444446
0 0.7410863099929591 0.5225348284063884 0.020618556701030927 0.044444444444444446
0 0.7635124058135503 0.5554943934760452 0.020618556701030927 0.044444444444444446
0 0.5902198471998907 0.4456291765771892 0.020618556701030927 0.044444444444444446
0 0.4773248421030509 0.41981085060595813 0.020618556701030927 0.044444444444444446
0 0.4653472681988714 0.41321893759202677 0.020618556701030927 0.044444444444444446
0 0.4452147503599316 0.4346426548873037 0.020618556701030927 0.044444444444444446
0 0.4462341183517766 0.40937365500056677 0.020618556701030927 0.044444444444444446
0 0.4526051683008082 0.3808086986068642 0.020618556701030927 0.044444444444444446
0 0.45821169225595604 0.3648782421565301 0.020618556701030927 0.044444444444444446
0 0.4520954843048857 0.3401585683542875 0.020618556701030927 0.044444444444444446
0 0.4704441081580967 0.3769634160154043 0.020618556701030927 0.044444444444444446
0 0.48497010204188873 0.3709208290859672 0.020618556701030927 0.044444444444444446
0 0.49006694200111406 0.38849926378978417 0.020618556701030927 0.044444444444444446
0 0.5012799899114097 0.3989364593951754 0.020618556701030927 0.044444444444444446
0 0.5443482875668633 0.45002378525314346 0.020618556701030927 0.044444444444444446
0 0.5626969114200743 0.4747434590553861 0.020618556701030927 0.044444444444444446
0 0.5787519572916339 0.3923445463812441 0.020618556701030927 0.044444444444444446
0 0.4994960959256806 0.5741714803488507 0.020618556701030927 0.044444444444444446
0 0.5869069012263942 0.4774900894778573 0.020618556701030927 0.044444444444444446
0 0.6414430887901047 0.4489251330841548 0.020618556701030927 0.044444444444444446
0 0.5925134251815422 0.26709819911654814 0.020618556701030927 0.044444444444444446
0 0.5718712233466797 0.25995696001812246 0.020618556701030927 0.044444444444444446
0 0.564480805405803 0.237434590553857 0.020618556701030927 0.044444444444444446
0 0.5705970133568734 0.22809604711745424 0.020618556701030927 0.044444444444444446
0 0.5886907952121231 0.19074187337184317 0.020618556701030927 0.044444444444444446
0 0.6070394190653341 0.19788311247026882 0.020618556701030927 0.044444444444444446
0 0.6065297350694117 0.2319413297089142 0.020618556701030927 0.044444444444444446
0 0.6197815189633973 0.23358930796239702 0.020618556701030927 0.044444444444444446
0 0.6157040469960171 0.2489704383282369 0.020618556701030927 0.044444444444444446
0 0.6488335067309814 0.23358930796239702 0.020618556701030927 0.044444444444444446
0 0.6465399287493301 0.24457582965228264 0.020618556701030927 0.044444444444444446
0 0.6763564425107979 0.2681968512855367 0.020618556701030927 0.044444444444444446
0 0.663869184610696 0.2846766338203651 0.020618556701030927 0.044444444444444446
0 0.6554593986779743 0.2868739381583422 0.020618556701030927 0.044444444444444446
0 0.650362558718749 0.29401517725676785 0.020618556701030927 0.044444444444444446
0 0.6536755046922456 0.3368626118473217 0.020618556701030927 0.044444444444444446
0 0.6929211723782801 0.2863246120738479 0.020618556701030927 0.044444444444444446
0 0.7000567483211955 0.27423943821497376 0.020618556701030927 0.044444444444444446
0 0.7311474720724698 0.29236719900328506 0.020618556701030927 0.044444444444444446
0 0.7229925281377093 0.27973269905991655 0.020618556701030927 0.044444444444444446
0 0.7235022121336318 0.25775965568014536 0.020618556701030927 0.044444444444444446
0 0.7018406423069243 0.24182919922981122 0.020618556701030927 0.044444444444444446
0 0.7219731601458642 0.23578661230037418 0.020618556701030927 0.044444444444444446
0 0.7143279002070263 0.21436289500509723 0.020618556701030927 0.044444444444444446
0 0.7372636800235399 0.20172839506172877 0.020618556701030927 0.044444444444444446
0 0.7308926300745084 0.20832030807566013 0.020618556701030927 0.044444444444444446
0 0.7273248421030507 0.18964322120285462 0.020618556701030927 0.044444444444444446
0 0.7321668400643148 0.17536074300600332 0.020618556701030927 0.044444444444444446
0 0.7303829460785859 0.16547287348510628 0.020618556701030927 0.044444444444444446
0 0.7204441081580966 0.16272624306263486 0.020618556701030927 0.044444444444444446
0 0.7421056779848041 0.17426209083701477 0.020618556701030927 0.044444444444444446
0 0.743889571970533 0.19074187337184317 0.020618556701030927 0.044444444444444446
0 0.7482218859358744 0.24073054706082267 0.020618556701030927 0.044444444444444446
0 0.7482218859358744 0.2627035904405939 0.020618556701030927 0.044444444444444446
0 0.7759996637136521 0.2643515686940767 0.020618556701030927 0.044444444444444446
0 0.787467553621909 0.24842111224374258 0.020618556701030927 0.044444444444444446
0 0.7844094496463738 0.23084267753992563 0.020618556701030927 0.044444444444444446
0 0.782625555660645 0.1901925472873489 0.020618556701030927 0.044444444444444446
0 0.7793126096871487 0.17261411258353193 0.020618556701030927 0.044444444444444446
0 0.7785480836932648 0.1462464605278065 0.020618556701030927 0.044444444444444446
0 0.7673350357829691 0.15613433004870353 0.020618556701030927 0.044444444444444446
0 0.7586704078522861 0.14679578661230078 0.020618556701030927 0.044444444444444446
0 0.7879772376178316 0.3588356552270929 0.020618556701030927 0.044444444444444446
0 0.789251447607638 0.3764140899309099 0.020618556701030927 0.044444444444444446
0 0.7041342202885758 0.37971004643787554 0.020618556701030927 0.044444444444444446
0 0.6185073089735911 0.3203828293124933 0.020618556701030927 0.044444444444444446
0 0.6177427829797072 0.18799524294937175 0.020618556701030927 0.044444444444444446
0 0.6299751988818479 0.18964322120285462 0.020618556701030927 0.044444444444444446
0 0.6218202549470874 0.20337637331521163 0.020618556701030927 0.044444444444444446
0 0.6404237207982597 0.16931815607656625 0.020618556701030927 0.044444444444444446
0 0.6452657187595238 0.15833163438668066 0.020618556701030927 0.044444444444444446
0 0.649343190726904 0.14844376486578362 0.020618556701030927 0.044444444444444446
0 0.6648885526025411 0.17261411258353193 0.020618556701030927 0.044444444444444446
0 0.6572432926637031 0.20886963416015444 0.020618556701030927 0.044444444444444446
0 0.6712596025515727 0.20612300373768302 0.020618556701030927 0.044444444444444446
0 0.6842565444475972 0.21326424283610865 0.020618556701030927 0.044444444444444446
0 0.6475592967411751 0.26545022086306524 0.020618556701030927 0.044444444444444446
0 0.6488335067309814 0.18414996035791178 0.020618556701030927 0.044444444444444446
0 0.656988450665742 0.19238985162532604 0.020618556701030927 0.044444444444444446
0 0.6595368706453545 0.1660221995696006 0.020618556701030927 0.044444444444444446
0 0.6674369725821537 0.15613433004870353 0.020618556701030927 0.044444444444444446
0 0.6814532824700233 0.1852486125269004 0.020618556701030927 0.044444444444444446
0 0.6801790724802169 0.17261411258353193 0.020618556701030927 0.044444444444444446
0 0.5499548115220111 0.20282704723071734 0.020618556701030927 0.044444444444444446
0 0.5606581754363842 0.20557367765318874 0.020618556701030927 0.044444444444444446
0 0.552758073499585 0.18579793861139465 0.020618556701030927 0.044444444444444446
0 0.554796809483275 0.16272624306263486 0.020618556701030927 0.044444444444444446
0 0.5486806015322047 0.1594302865556692 0.020618556701030927 0.044444444444444446
0 0.5930231091774646 0.17316343866802622 0.020618556701030927 0.044444444444444446
0 0.5942973191672709 0.1660221995696006 0.020618556701030927 0.044444444444444446
0 0.6108620490347532 0.1566836561331978 0.020618556701030927 0.044444444444444446
0 0.7895062896055992 0.309945633707102 0.020618556701030927 0.044444444444444446
0 0.787467553621909 0.32972137274889607 0.020618556701030927 0.044444444444444446
0 0.7120343222253749 0.3577370030581043 0.020618556701030927 0.044444444444444446
0 0.6236041489328163 0.16492354740061202 0.020618556701030927 0.044444444444444446
0 0.9881556270164046 0.24512515573677693 0.020618556701030927 0.044444444444444446
0 0.9784716310938765 0.2698448295390195 0.020618556701030927 0.044444444444444446
0 0.9708263711550386 0.2544636991731797 0.020618556701030927 0.044444444444444446
0 0.9726102651407673 0.19074187337184317 0.020618556701030927 0.044444444444444446
0 0.9861168910327143 0.20447502548420018 0.020618556701030927 0.044444444444444446
0 0.9030383996973423 0.25721032959565104 0.020618556701030927 0.044444444444444446
0 0.879592935884906 0.2835779816513765 0.020618556701030927 0.044444444444444446
0 0.8793380938869447 0.25885830784913394 0.020618556701030927 0.044444444444444446
0 0.8941189297686981 0.22974402537093708 0.020618556701030927 0.044444444444444446
0 0.8548732620826633 0.19733378638577456 0.020618556701030927 0.044444444444444446
0 0.8609894700337338 0.18854456903386604 0.020618556701030927 0.044444444444444446
0 0.8449344241621741 0.20667232982217731 0.020618556701030927 0.044444444444444446
0 0.8268406423069244 0.1984324385547631 0.020618556701030927 0.044444444444444446
0 0.8184308563742027 0.20227772114622306 0.020618556701030927 0.044444444444444446
0 0.8355052702376075 0.18414996035791178 0.020618556701030927 0.044444444444444446
0 0.8383085322151813 0.16931815607656625 0.020618556701030927 0.044444444444444446
0 0.8314277982702271 0.1594302865556692 0.020618556701030927 0.044444444444444446
0 0.8143533844068224 0.16052893872465776 0.020618556701030927 0.044444444444444446
0 0.8090017024496359 0.17316343866802622 0.020618556701030927 0.044444444444444446
0 0.8151179104007062 0.18195265601993468 0.020618556701030927 0.044444444444444446
0 0.7995725485250691 0.18799524294937175 0.020618556701030927 0.044444444444444446
0 0.8033951784944882 0.20612300373768302 0.020618556701030927 0.044444444444444446
0 0.7939660245699213 0.21930682976554575 0.020618556701030927 0.044444444444444446
0 0.8051790724802169 0.23908256880733986 0.020618556701030927 0.044444444444444446
0 0.8240373803293505 0.2841273077358708 0.020618556701030927 0.044444444444444446
0 0.8304084302783821 0.26599954694755956 0.020618556701030927 0.044444444444444446
0 0.8408569521947938 0.2890712424963193 0.020618556701030927 0.044444444444444446
0 0.8576765240602373 0.2731407860459852 0.020618556701030927 0.044444444444444446
0 0.8586958920520824 0.3121429380450791 0.020618556701030927 0.044444444444444446
0 0.8569119980663534 0.29346585117227353 0.020618556701030927 0.044444444444444446
0 0.8161372783925513 0.3247774379884475 0.020618556701030927 0.044444444444444446
0 0.8406021101968326 0.31873485105901045 0.020618556701030927 0.044444444444444446
0 0.8352504282396461 0.3451025031147359 0.020618556701030927 0.044444444444444446
0 0.7947305505638051 0.2791833729754223 0.020618556701030927 0.044444444444444446
0 0.8146082264047837 0.27863404689092797 0.020618556701030927 0.044444444444444446
0 0.7745980327248652 0.21491222108959152 0.020618556701030927 0.044444444444444446
0 0.7914176045903087 0.16217691697814063 0.020618556701030927 0.044444444444444446
0 0.8016112845087592 0.16052893872465776 0.020618556701030927 0.044444444444444446
0 0.8087468604516747 0.13416128666893232 0.020618556701030927 0.044444444444444446
0 0.8125694904210936 0.14569713444331223 0.020618556701030927 0.044444444444444446
0 0.7924369725821537 0.1380065692603923 0.020618556701030927 0.044444444444444446
0 0.7807142406759356 0.13196398233095522 0.020618556701030927 0.044444444444444446
0 0.7738335067309815 0.12372409106354099 0.020618556701030927 0.044444444444444446
0 0.7600720388410732 0.2533650470041911 0.020618556701030927 0.044444444444444446
0 0.7621107748247633 0.2291946992864428 0.020618556701030927 0.044444444444444446
0 0.9496744853242537 0.192389851625326 0.020618556701030927 0.044444444444444446
0 0.9402453313996868 0.21271491675161439 0.020618556701030927 0.044444444444444446
0 0.9435582773731832 0.23853324272284554 0.020618556701030927 0.044444444444444446
0 0.929796809483275 0.1874459168648775 0.020618556701030927 0.044444444444444446
0 0.9170547095852118 0.17975535168195755 0.020618556701030927 0.044444444444444446
0 0.9236806015322047 0.20941896024464868 0.020618556701030927 0.044444444444444446
0 0.9277580734995848 0.24842111224374258 0.020618556701030927 0.044444444444444446
0 0.922151549544437 0.237434590553857 0.020618556701030927 0.044444444444444446
0 0.8897866158033566 0.14624646052780646 0.020618556701030927 0.044444444444444446
0 0.8897866158033566 0.14624646052780646 0.020618556701030927 0.044444444444444446
0 0.9066061876688 0.16437422131611773 0.020618556701030927 0.044444444444444446
0 0.8821413558645187 0.18634726469588894 0.020618556701030927 0.044444444444444446
0 0.8586958920520824 0.17426209083701477 0.020618556701030927 0.044444444444444446
0 0.8487570541315931 0.1380065692603923 0.020618556701030927 0.044444444444444446
0 0.8349955862416848 0.13086533016196664 0.020618556701030927 0.044444444444444446
0 0.8125694904210936 0.12042813455657532 0.020618556701030927 0.044444444444444446
0 0.7661882467921435 0.13855589534488658 0.020618556701030927 0.044444444444444446
0 0.9463615393507572 0.14185185185185226 0.020618556701030927 0.044444444444444446
0 0.9534971152936725 0.15503567787971495 0.020618556701030927 0.044444444444444446
0 0.9438131193711445 0.17426209083701477 0.020618556701030927 0.044444444444444446
0 0.8456989501560579 0.23633593838486844 0.020618556701030927 0.044444444444444446
0 0.8309181142743046 0.23908256880733986 0.020618556701030927 0.044444444444444446
0 0.869908939962378 0.2352372862158799 0.020618556701030927 0.044444444444444446
0 0.8757703059154871 0.22480009061048856 0.020618556701030927 0.044444444444444446
0 0.8683798879746104 0.2121655906671201 0.020618556701030927 0.044444444444444446
0 0.8599701020418887 0.23688526446936267 0.020618556701030927 0.044444444444444446
0 0.8579313660581985 0.2544636991731797 0.020618556701030927 0.044444444444444446
0 0.8788284098910223 0.3055510250311477 0.020618556701030927 0.044444444444444446
0 0.892080193785008 0.3121429380450791 0.020618556701030927 0.044444444444444446
0 0.8482473701356706 0.1594302865556692 0.020618556701030927 0.044444444444444446
0 0.8946286137646207 0.18799524294937175 0.020618556701030927 0.044444444444444446
0 0.8683798879746104 0.16492354740061202 0.020618556701030927 0.044444444444444446
0 0.8469731601458642 0.12152678672556387 0.020618556701030927 0.044444444444444446
0 0.9945266769654361 0.1928825461547175 0.020618556701030927 0.044444444444444446
0 0.9991138329287388 0.25330841544908833 0.020618556701030927 0.044444444444444446
0 0.9942718349674747 0.32032619775739046 0.020618556701030927 0.044444444444444446
0 0.9050771356810323 0.18244535054932615 0.020618556701030927 0.044444444444444446
0 0.86226368002354 0.12751274209989813 0.020618556701030927 0.044444444444444446
0 0.8222534863436216 0.10993430739608116 0.020618556701030927 0.044444444444444446
0 0.7903982365984636 0.11048363348057548 0.020618556701030927 0.044444444444444446
0 0.780204556680013 0.09125722052327566 0.020618556701030927 0.044444444444444446
0 0.9290322834893913 0.11323026390304688 0.020618556701030927 0.044444444444444446
0 0.9461066973527958 0.11377958998754113 0.020618556701030927 0.044444444444444446
0 0.9700618451611548 0.11158228564956403 0.020618556701030927 0.044444444444444446
0 0.9634359532141619 0.13575263336731236 0.020618556701030927 0.044444444444444446
0 0.8885124058135503 0.11158228564956403 0.020618556701030927 0.044444444444444446
0 0.9850975230408693 0.09675048136821848 0.020618556701030927 0.044444444444444446
0 0.9175643935811344 0.2961558500396421 0.020618556701030927 0.044444444444444446
0 0.9718457391468835 0.1346539811983238 0.020618556701030927 0.044444444444444446
0 0.9050771356810323 0.10224374221316126 0.020618556701030927 0.044444444444444446
0 0.814863068402745 0.08741193793181569 0.020618556701030927 0.044444444444444446
0 0.9219604180459662 0.08695746970211803 0.020618556701030927 0.044444444444444446
0 0.9150796841010119 0.08173887189942235 0.020618556701030927 0.044444444444444446
0 0.9326637819603393 0.05949116547740402 0.020618556701030927 0.044444444444444446
0 0.9465526708492281 0.08695746970211803 0.020618556701030927 0.044444444444444446
0 0.9417106728879642 0.07816825235020954 0.020618556701030927 0.044444444444444446
0 0.954580193785008 0.05894183939290972 0.020618556701030927 0.044444444444444446
0 0.9640093477095747 0.0710270132517839 0.020618556701030927 0.044444444444444446
0 0.9663029256912261 0.09272539358930797 0.020618556701030927 0.044444444444444446
0 0.9866902855281271 0.033398176463925684 0.020618556701030927 0.044444444444444446
0 0.9968839654465778 0.0539979046324612 0.020618556701030927 0.044444444444444446
0 0.9685965036728774 0.05784318722392117 0.020618556701030927 0.044444444444444446
0 0.9051408461805227 0.028728904745724308 0.020618556701030927 0.044444444444444446
0 0.9152071050999926 0.04191273077358703 0.020618556701030927 0.044444444444444446
0 0.9166087360887796 0.06470976328009968 0.020618556701030927 0.044444444444444446
0 0.9218329970469855 0.021313002605051517 0.020618556701030927 0.044444444444444446
0 0.9317718349674748 0.026806263449994327 0.020618556701030927 0.044444444444444446
0 0.9452784608594218 0.024334296069770067 0.020618556701030927 0.044444444444444446
0 0.8939277982702271 0.05537121984369692 0.020618556701030927 0.044444444444444446
0 0.8983875332345492 0.06635774153358251 0.020618556701030927 0.044444444444444446
0 0.9031021101968326 0.07432296975874958 0.020618556701030927 0.044444444444444446
0 0.8816953823680864 0.022960980858534378 0.020618556701030927 0.044444444444444446
0 0.8887035373120211 0.03669413297089138 0.020618556701030927 0.044444444444444446
0 0.8906148522967307 0.04822998074527125 0.020618556701030927 0.044444444444444446
0 0.8903600102987694 0.021587665647298672 0.020618556701030927 0.044444444444444446
0 0.9303702039786879 0.07734426322346812 0.020618556701030927 0.044444444444444446
0 0.9336831499521843 0.08695746970211803 0.020618556701030927 0.044444444444444446
0 0.9380154639175258 0.10233860006795788 0.020618556701030927 0.044444444444444446
0 0.9543253517870467 0.11057849133537208 0.020618556701030927 0.044444444444444446
0 0.9563640877707368 0.08173887189942235 0.020618556701030927 0.044444444444444446
0 0.9443865138665574 0.052075263336731216 0.020618556701030927 0.044444444444444446
0 0.954197930788066 0.04356070902706988 0.020618556701030927 0.044444444444444446
0 0.8988972172304718 0.011150470041907347 0.020618556701030927 0.044444444444444446
0 0.9382703059154871 0.013622437422131605 0.020618556701030927 0.044444444444444446
0 0.9470623548451507 0.010326480915165932 0.020618556701030927 0.044444444444444446
0 0.9953549134588101 0.10563455657492354 0.020618556701030927 0.044444444444444446
0 0.8778727523986675 0.11359978480009061 0.020618556701030927 0.044444444444444446
0 0.7851739756402577 0.05949116547740402 0.020618556701030927 0.044444444444444446
0 0.7790577676891873 0.029827556914712876 0.020618556701030927 0.044444444444444446
0 0.7772738737034586 0.075146958885491 0.020618556701030927 0.044444444444444446
0 0.765678562796221 0.05592054592819119 0.020618556701030927 0.044444444444444446
0 0.8021209685046818 0.06882970891380677 0.020618556701030927 0.044444444444444446
0 0.8212341183517766 0.06141380677313398 0.020618556701030927 0.044444444444444446
0 0.8338487972508591 0.07981623060369236 0.020618556701030927 0.044444444444444446
0 0.8695266769654362 0.021313002605051517 0.020618556701030927 0.044444444444444446
0 0.8621362590245595 0.014446426548873018 0.020618556701030927 0.044444444444444446
0 0.8177937513792995 0.043835372069317015 0.020618556701030927 0.044444444444444446
0 0.8087468604516747 0.022136991731792947 0.020618556701030927 0.044444444444444446
0 0.8344859022457622 0.01884103522482726 0.020618556701030927 0.044444444444444446
0 0.8268406423069244 0.02653160040774719 0.020618556701030927 0.044444444444444446
0 0.8185582773731832 0.02076367652055724 0.020618556701030927 0.044444444444444446
0 0.8863462488308795 0.11442377392683205 0.020618556701030927 0.044444444444444446
0 0.873731569931797 0.0471313285762827 0.020618556701030927 0.044444444444444446
0 0.8115501224292485 0.10893051308188922 0.020618556701030927 0.044444444444444446
0 0.7526816209001965 0.11030382829312493 0.020618556701030927 0.044444444444444446
0 0.7600720388410732 0.08393617623739949 0.020618556701030927 0.044444444444444446
0 0.7363717330306756 0.04191273077358703 0.020618556701030927 0.044444444444444446
0 0.7441444139684942 0.05070194812549551 0.020618556701030927 0.044444444444444446
0 0.7557397248757317 0.03559548080190282 0.020618556701030927 0.044444444444444446
0 0.7405766259970364 0.023235643900781502 0.020618556701030927 0.044444444444444446
0 0.7306377880765472 0.027080926492241465 0.020618556701030927 0.044444444444444446
0 0.7167488991876584 0.021313002605051517 0.020618556701030927 0.044444444444444446
0 0.7142004792080456 0.050427285083248376 0.020618556701030927 0.044444444444444446
0 0.7014583793099824 0.020214350436062966 0.020618556701030927 0.044444444444444446
0 0.6833645974547328 0.11085315437761921 0.020618556701030927 0.044444444444444446
0 0.6968712233466797 0.10920517612413638 0.020618556701030927 0.044444444444444446
0 0.6941953823680865 0.08366151319515233 0.020618556701030927 0.044444444444444446
0 0.71305369021722 0.08915477404009513 0.020618556701030927 0.044444444444444446
0 0.7041342202885758 0.07047768716728962 0.020618556701030927 0.044444444444444446
0 0.6972534863436216 0.06306178502661683 0.020618556701030927 0.044444444444444446
0 0.7000567483211955 0.023235643900781502 0.020618556701030927 0.044444444444444446
0 0.6854033334384229 0.018017046098085847 0.020618556701030927 0.044444444444444446
0 0.6694757085658438 0.12403698040548193 0.020618556701030927 0.044444444444444446
0 0.7401943630000947 0.09959196964548647 0.020618556701030927 0.044444444444444446
0 0.7294909990857216 0.10233860006795788 0.020618556701030927 0.044444444444444446
0 0.7470750969450487 0.09931730660323933 0.020618556701030927 0.044444444444444446
0 0.7498783589226227 0.08860544795560085 0.020618556701030927 0.044444444444444446
0 0.7446540979644168 0.06745639370257107 0.020618556701030927 0.044444444444444446
0 0.7359894700337338 0.0806402197304338 0.020618556701030927 0.044444444444444446
0 0.6926663303803189 0.139569600181221 0.020618556701030927 0.044444444444444446
0 0.6786500204924494 0.14808415449088236 0.020618556701030927 0.044444444444444446
0 0.7115246382294524 0.14533752406841097 0.020618556701030927 0.044444444444444446
0 0.7158569521947938 0.127759089364594 0.020618556701030927 0.044444444444444446
0 0.7096133232447429 0.12418846981538116 0.020618556701030927 0.044444444444444446
0 0.7142004792080457 0.11237795899875413 0.020618556701030927 0.044444444444444446
0 0.7324216820622761 0.12885774153358254 0.020618556701030927 0.044444444444444446
0 0.7408314679949978 0.12885774153358254 0.020618556701030927 0.044444444444444446
0 0.7060455352732853 0.1920302412504248 0.020618556701030927 0.044444444444444446
0 0.7845368706453545 0.1618173066032394 0.020618556701030927 0.044444444444444446
0 0.2920547095852117 0.31653754672103335 0.020618556701030927 0.044444444444444446
0 0.2630027218176275 0.30335372069317057 0.020618556701030927 0.044444444444444446
0 0.2920547095852116 0.2731407860459852 0.020618556701030927 0.044444444444444446
0 0.2742157697279231 0.2791833729754223 0.020618556701030927 0.044444444444444446
0 0.2568865138665572 0.27753539472193944 0.020618556701030927 0.044444444444444446
0 0.2568865138665572 0.2429278513987998 0.020618556701030927 0.044444444444444446
0 0.28237071366268357 0.23578661230037418 0.020618556701030927 0.044444444444444446
0 0.22808936809693436 0.3527930682976559 0.020618556701030927 0.044444444444444446
0 0.15545939867797415 0.38410465511382974 0.020618556701030927 0.044444444444444446
0 0.23114747207246955 0.20832030807566013 0.020618556701030927 0.044444444444444446
0 0.22885389409081816 0.23303998187790276 0.020618556701030927 0.044444444444444446
0 0.2543380938869446 0.1868965907803832 0.020618556701030927 0.044444444444444446
0 0.2828803976586061 0.17975535168195758 0.020618556701030927 0.044444444444444446
0 0.27294155973811685 0.2209548080190286 0.020618556701030927 0.044444444444444446
0 0.3203421713589119 0.20886963416015444 0.020618556701030927 0.044444444444444446
0 0.3244196433262922 0.2478717861592483 0.020618556701030927 0.044444444444444446
0 0.3086194394526938 0.26709819911654814 0.020618556701030927 0.044444444444444446
0 0.303012915497546 0.2456744818212712 0.020618556701030927 0.044444444444444446
0 0.29766123354035945 0.22150413410352288 0.020618556701030927 0.044444444444444446
0 0.3027580734995847 0.20777098199116587 0.020618556701030927 0.044444444444444446
0 0.362900785018443 0.196235134216786 0.020618556701030927 0.044444444444444446
0 0.35805878705717903 0.2583089817646396 0.020618556701030927 0.044444444444444446
0 0.3687621509715521 0.2533650470041911 0.020618556701030927 0.044444444444444446
0 0.34684573914688344 0.2423785253143055 0.020618556701030927 0.044444444444444446
0 0.335887533234549 0.29511382942575637 0.020618556701030927 0.044444444444444446
0 0.3575491030612564 0.31269226412957335 0.020618556701030927 0.044444444444444446
0 0.3651943630000944 0.3429051987767588 0.020618556701030927 0.044444444444444446
0 0.37029120295931967 0.3582863291425986 0.020618556701030927 0.044444444444444446
0 0.366723414987862 0.38410465511382974 0.020618556701030927 0.044444444444444446
0 0.3369069012263941 0.3703715030014728 0.020618556701030927 0.044444444444444446
0 0.3313003772712463 0.3874006116207955 0.020618556701030927 0.044444444444444446
0 0.3081097554567713 0.378611394268887 0.020618556701030927 0.044444444444444446
0 0.312696911420074 0.3621316117340586 0.020618556701030927 0.044444444444444446
0 0.3152453313996867 0.30774832936912483 0.020618556701030927 0.044444444444444446
0 0.28415460764841244 0.3731181334239442 0.020618556701030927 0.044444444444444446
0 0.28339008165452867 0.3555396987201272 0.020618556701030927 0.044444444444444446
0 0.27574482171569076 0.3764140899309099 0.020618556701030927 0.044444444444444446
0 0.20999558624168468 0.38685128553630116 0.020618556701030927 0.044444444444444446
0 0.4034206626942841 0.3313693510023789 0.020618556701030927 0.044444444444444446
0 0.4176918145801149 0.36707554649450713 0.020618556701030927 0.044444444444444446
0 0.4156530785964248 0.35883565522709293 0.020618556701030927 0.044444444444444446
0 0.41437886860661843 0.38465398119832406 0.020618556701030927 0.044444444444444446
0 0.45082127431507923 0.31653754672103335 0.020618556701030927 0.044444444444444446
0 0.4839507340500436 0.3110442858760905 0.020618556701030927 0.044444444444444446
0 0.48165715606839216 0.3313693510023789 0.020618556701030927 0.044444444444444446
0 0.515296299799279 0.31873485105901045 0.020618556701030927 0.044444444444444446
0 0.5035735678930608 0.2500690904972254 0.020618556701030927 0.044444444444444446
0 0.5061219878726735 0.1984324385547631 0.020618556701030927 0.044444444444444446
0 0.38405267084922806 0.33027069883339033 0.020618556701030927 0.044444444444444446
0 0.3899140368023371 0.29676180767923926 0.020618556701030927 0.044444444444444446
0 0.3807397248757316 0.30610035111564204 0.020618556701030927 0.044444444444444446
0 0.41947570856584376 0.3006070902706992 0.020618556701030927 0.044444444444444446
0 0.428395178494488 0.2912685468342964 0.020618556701030927 0.044444444444444446
0 0.40749813466166435 0.22974402537093708 0.020618556701030927 0.044444444444444446
0 0.40163676870855525 0.18579793861139465 0.020618556701030927 0.044444444444444446
0 0.40520455668001293 0.16272624306263486 0.020618556701030927 0.044444444444444446
0 0.3866010908288407 0.1638248952316234 0.020618556701030927 0.044444444444444446
0 0.4171821305841924 0.17755804734398042 0.020618556701030927 0.044444444444444446
0 0.44139212039051245 0.20008041680824593 0.020618556701030927 0.044444444444444446
0 0.43502107044148086 0.16986748216106048 0.020618556701030927 0.044444444444444446
0 0.4396082264047836 0.16437422131611773 0.020618556701030927 0.044444444444444446
0 0.44597927635381523 0.15943028655566918 0.020618556701030927 0.044444444444444446
0 0.4291597044883718 0.18854456903386604 0.020618556701030927 0.044444444444444446
0 0.4541342202885757 0.16052893872465776 0.020618556701030927 0.044444444444444446
0 0.4803829460785859 0.17481141692150903 0.020618556701030927 0.044444444444444446
0 0.4857346280357724 0.20282704723071732 0.020618556701030927 0.044444444444444446
0 0.4915959939888815 0.20447502548420018 0.020618556701030927 0.044444444444444446
0 0.4890475740092688 0.22644806886397137 0.020618556701030927 0.044444444444444446
0 0.4961831499521842 0.21985615585004004 0.020618556701030927 0.044444444444444446
0 0.5178447197788917 0.21820817759655717 0.020618556701030927 0.044444444444444446
0 0.5275287157014197 0.2226027862725114 0.020618556701030927 0.044444444444444446
0 0.5313513456708386 0.19293917770982028 0.020618556701030927 0.044444444444444446
0 0.5407804995954053 0.18579793861139465 0.020618556701030927 0.044444444444444446
0 0.5305868196769549 0.16602219956960057 0.020618556701030927 0.044444444444444446
0 0.5206479817564655 0.17316343866802622 0.020618556701030927 0.044444444444444446
0 0.5061219878726735 0.16876882999207193 0.020618556701030927 0.044444444444444446
0 0.5382320796157928 0.2687461773700309 0.020618556701030927 0.044444444444444446
0 0.48598947003373366 0.27369011213047945 0.020618556701030927 0.044444444444444446
0 0.45795685025799465 0.2731407860459852 0.020618556701030927 0.044444444444444446
0 0.3236551173324085 0.31488956846755045 0.020618556701030927 0.044444444444444446
0 0.3177937513792994 0.32862272057990755 0.020618556701030927 0.044444444444444446
0 0.30836459745473266 0.33082002491788465 0.020618556701030927 0.044444444444444446
0 0.3432779511754258 0.1792060255974633 0.020618556701030927 0.044444444444444446
0 0.3295164832855175 0.1566836561331978 0.020618556701030927 0.044444444444444446
0 0.4248273905230303 0.15943028655566918 0.020618556701030927 0.044444444444444446
0 0.46916989816829024 0.1533876996262321 0.020618556701030927 0.044444444444444446
0 0.46152463822945233 0.2121655906671201 0.020618556701030927 0.044444444444444446
0 0.44317601437624127 0.23029335145543134 0.020618556701030927 0.044444444444444446
0 0.4306887564761394 0.23578661230037412 0.020618556701030927 0.044444444444444446
0 0.42431770652710776 0.22205346018801714 0.020618556701030927 0.044444444444444446
0 0.411065922633122 0.19129119945633746 0.020618556701030927 0.044444444444444446
0 0.3942463507676786 0.20777098199116587 0.020618556701030927 0.044444444444444446
0 0.3873656168227245 0.26380224260958246 0.020618556701030927 0.044444444444444446
0 0.38405267084922806 0.27588741646845655 0.020618556701030927 0.044444444444444446
0 0.4097917126433157 0.27643674255295086 0.020618556701030927 0.044444444444444446
0 0.42584675851487536 0.35663835088911583 0.020618556701030927 0.044444444444444446
0 0.38838498481456957 0.3209321553969876 0.020618556701030927 0.044444444444444446
0 0.48012810408062456 0.09864480688639715 0.020618556701030927 0.044444444444444446
0 0.49057662599703644 0.11127930682976561 0.020618556701030927 0.044444444444444446
0 0.4954186239583004 0.12995639370257112 0.020618556701030927 0.044444444444444446
0 0.5061219878726735 0.13819628496998532 0.020618556701030927 0.044444444444444446
0 0.49567346595626166 0.1497321327443652 0.020618556701030927 0.044444444444444446
0 0.4742667381275155 0.12775908936459401 0.020618556701030927 0.044444444444444446
0 0.46891505617032897 0.11567391550571984 0.020618556701030927 0.044444444444444446
0 0.4577020082600333 0.08820761128100583 0.020618556701030927 0.044444444444444446
0 0.4533696942946918 0.07941839392909733 0.020618556701030927 0.044444444444444446
0 0.44521475035993135 0.08436232868954588 0.020618556701030927 0.044444444444444446
0 0.4475083283415828 0.14423887189942244 0.020618556701030927 0.044444444444444446
0 0.44139212039051245 0.14863348057537665 0.020618556701030927 0.044444444444444446
0 0.419730550563805 0.14698550232189378 0.020618556701030927 0.044444444444444446
0 0.42915970448837176 0.12281515460414551 0.020618556701030927 0.044444444444444446
0 0.4210047605536113 0.1079833503227999 0.020618556701030927 0.044444444444444446
0 0.40520455668001293 0.14698550232189378 0.020618556701030927 0.044444444444444446
0 0.4146337106045797 0.09370087212594863 0.020618556701030927 0.044444444444444446
0 0.41004655464127693 0.08161569826707446 0.020618556701030927 0.044444444444444446
0 0.4189660245699212 0.06348793747876322 0.020618556701030927 0.044444444444444446
0 0.4057142406759355 0.05689602446483184 0.020618556701030927 0.044444444444444446
0 0.3998528747228264 0.03492298108506064 0.020618556701030927 0.044444444444444446
0 0.4105562386371995 0.03876826367652061 0.020618556701030927 0.044444444444444446
0 0.42176928654749507 0.0222884811416922 0.020618556701030927 0.044444444444444446
0 0.4041851886881679 0.07227715483067171 0.020618556701030927 0.044444444444444446
0 0.4253370745189528 0.08161569826707446 0.020618556701030927 0.044444444444444446
0 0.4444502243660476 0.05524804621134902 0.020618556701030927 0.044444444444444446
0 0.45413422028857564 0.06348793747876322 0.020618556701030927 0.044444444444444446
0 0.4566826402681883 0.03821893759202633 0.020618556701030927 0.044444444444444446
0 0.4396082264047836 0.030528372409106403 0.020618556701030927 0.044444444444444446
0 0.46279884821925865 0.05414939404236043 0.020618556701030927 0.044444444444444446
0 0.46483758420294874 0.08710895911201726 0.020618556701030927 0.044444444444444446
0 0.4918508359868427 0.051402763619889054 0.020618556701030927 0.044444444444444446
0 0.5160608257931628 0.08820761128100583 0.020618556701030927 0.044444444444444446
0 0.506631671868596 0.10523671990032853 0.020618556701030927 0.044444444444444446
0 0.4982218859358743 0.10743402423830563 0.020618556701030927 0.044444444444444446
0 0.5405256575974442 0.07337580699966026 0.020618556701030927 0.044444444444444446
0 0.5349191336422964 0.08710895911201726 0.020618556701030927 0.044444444444444446
0 0.5244706117258846 0.11622324159021412 0.020618556701030927 0.044444444444444446
0 0.5130027218176276 0.13380167629403109 0.020618556701030927 0.044444444444444446
0 0.5721260653446408 0.16071865443425085 0.020618556701030927 0.044444444444444446
0 0.5637162794119192 0.11677256767470841 0.020618556701030927 0.044444444444444446
0 0.5583645974547327 0.10853267640729418 0.020618556701030927 0.044444444444444446
0 0.5540322834893912 0.07996772001359163 0.020618556701030927 0.044444444444444446
0 0.5677937513792994 0.0838130026050516 0.020618556701030927 0.044444444444444446
0 0.5392514476076379 0.10853267640729418 0.020618556701030927 0.044444444444444446
0 0.5349191336422964 0.045360176690451955 0.020618556701030927 0.044444444444444446
0 0.5522483895036623 0.040965568014497744 0.020618556701030927 0.044444444444444446
0 0.5407804995954054 0.02503511156416358 0.020618556701030927 0.044444444444444446
0 0.5209028237544268 0.03712028542303778 0.020618556701030927 0.044444444444444446
0 0.522941559738117 0.05305074187337188 0.020618556701030927 0.044444444444444446
0 0.4775796841010119 0.01294993770528944 0.020618556701030927 0.044444444444444446
0 0.6100975230408692 0.07722108959112021 0.020618556701030927 0.044444444444444446
0 0.6154492049980558 0.06348793747876322 0.020618556701030927 0.044444444444444446
0 0.6279364628981577 0.07447445916864881 0.020618556701030927 0.044444444444444446
0 0.6366010908288408 0.08326367652055729 0.020618556701030927 0.044444444444444446
0 0.6256428849165063 0.15302808925133093 0.020618556701030927 0.044444444444444446
0 0.620546044957281 0.13819628496998532 0.020618556701030927 0.044444444444444446
0 0.6131556270164044 0.11072998074527134 0.020618556701030927 0.044444444444444446
0 0.6595368706453545 0.10468739381583421 0.020618556701030927 0.044444444444444446
0 0.6187621509715521 0.0997434590553857 0.020618556701030927 0.044444444444444446
0 0.6439915087697173 0.13544965454751395 0.020618556701030927 0.044444444444444446
0 0.6597917126433157 0.1310550458715597 0.020618556701030927 0.044444444444444446
0 0.6541851886881679 0.07062917657718884 0.020618556701030927 0.044444444444444446
0 0.6432269827758335 0.06568524181674033 0.020618556701030927 0.044444444444444446
0 0.6355817228369957 0.04975478536640623 0.020618556701030927 0.044444444444444446
0 0.6307397248757316 0.03602163325404922 0.020618556701030927 0.044444444444444446
0 0.6126459430204818 0.017893872465737957 0.020618556701030927 0.044444444444444446
0 0.6136653110123269 0.04261354626798057 0.020618556701030927 0.044444444444444446
0 0.574164801328331 0.06788254615471746 0.020618556701030927 0.044444444444444446
0 0.5881811112162005 0.06898119832370601 0.020618556701030927 0.044444444444444446
0 0.5795164832855175 0.08326367652055729 0.020618556701030927 0.044444444444444446
0 0.5851230072406653 0.08710895911201726 0.020618556701030927 0.044444444444444446
0 0.5904746891978518 0.10303941556235138 0.020618556701030927 0.044444444444444446
0 0.60219742110407 0.026683089817646437 0.020618556701030927 0.044444444444444446
0 0.583848797250859 0.02338713331068078 0.020618556701030927 0.044444444444444446
0 0.5744196433262923 0.03272567674708351 0.020618556701030927 0.044444444444444446
0 0.5698324873629895 0.025584437648657886 0.020618556701030927 0.044444444444444446
0 0.64653992874933 0.03162702457809496 0.020618556701030927 0.044444444444444446
0 0.5881811112162005 0.13490032846301966 0.020618556701030927 0.044444444444444446
0 0.5601484914404614 0.058544002718314704 0.020618556701030927 0.044444444444444446
0 0.5634614374139578 0.051402763619889054 0.020618556701030927 0.044444444444444446
0 0.6783951784944882 0.0860103069430287 0.020618556701030927 0.044444444444444446
0 0.6738080225311853 0.07227715483067171 0.020618556701030927 0.044444444444444446
0 0.6791597044883718 0.05195208970438333 0.020618556701030927 0.044444444444444446
0 0.66871118257196 0.03876826367652061 0.020618556701030927 0.044444444444444446
0 0.34506184516115473 0.15028145882885952 0.020618556701030927 0.044444444444444446
0 0.3519425791061089 0.1497321327443652 0.020618556701030927 0.044444444444444446
0 0.363665311012327 0.14698550232189378 0.020618556701030927 0.044444444444444446
0 0.3832881448553443 0.13819628496998532 0.020618556701030927 0.044444444444444446
0 0.373349306934855 0.10743402423830563 0.020618556701030927 0.044444444444444446
0 0.3832881448553443 0.11237795899875416 0.020618556701030927 0.044444444444444446
0 0.3662137309919396 0.17609978480009064 0.020618556701030927 0.044444444444444446
0 0.3840526708492281 0.07447445916864881 0.020618556701030927 0.044444444444444446
0 0.39118824679214353 0.06623456790123464 0.020618556701030927 0.044444444444444446
0 0.3822687768634993 0.05195208970438333 0.020618556701030927 0.044444444444444446
0 0.3718202549470875 0.05909332880280895 0.020618556701030927 0.044444444444444446
0 0.3547458410836828 0.042064220183486295 0.020618556701030927 0.044444444444444446
0 0.3455715291570773 0.041514894098991985 0.020618556701030927 0.044444444444444446
0 0.3376714272202781 0.027232415902140747 0.020618556701030927 0.044444444444444446
0 0.32518416932017613 0.017344546381243678 0.020618556701030927 0.044444444444444446
0 0.3320649032651303 0.04481085060595771 0.020618556701030927 0.044444444444444446
0 0.3246744853242536 0.04975478536640623 0.020618556701030927 0.044444444444444446
0 0.33079069327532395 0.10029278513987998 0.020618556701030927 0.044444444444444446
0 0.32187122334667967 0.10523671990032853 0.020618556701030927 0.044444444444444446
0 0.3042871254873525 0.12391380677313406 0.020618556701030927 0.044444444444444446
0 0.3098936494425003 0.13819628496998532 0.020618556701030927 0.044444444444444446
0 0.2833900816545289 0.12666043719560546 0.020618556701030927 0.044444444444444446
0 0.2833900816545289 0.11292728508324844 0.020618556701030927 0.044444444444444446
0 0.27115766575238814 0.10249008947785711 0.020618556701030927 0.044444444444444446
0 0.2795674516851099 0.07447445916864881 0.020618556701030927 0.044444444444444446
0 0.24592830795422302 0.028331068071129298 0.020618556701030927 0.044444444444444446
0 0.28313523965656756 0.02064050288820937 0.020618556701030927 0.044444444444444446
0 0.285428817638219 0.03712028542303778 0.020618556701030927 0.044444444444444446
0 0.3807397248757317 0.025584437648657886 0.020618556701030927 0.044444444444444446
0 0.37131057095116493 0.01294993770528944 0.020618556701030927 0.044444444444444446
0 0.3529619470979539 0.0222884811416922 0.020618556701030927 0.044444444444444446
0 0.35015868512038006 0.010203307282818028 0.020618556701030927 0.044444444444444446
0 0.4194757085658438 0.026683089817646437 0.020618556701030927 0.044444444444444446
0 0.42992423048225564 0.03547230716955491 0.020618556701030927 0.044444444444444446
0 0.18960822640478367 0.08573564390078159 0.020618556701030927 0.044444444444444446
0 0.1758467585148754 0.08958092649224156 0.020618556701030927 0.044444444444444446
0 0.2394298370062108 0.05936799184505615 0.020618556701030927 0.044444444444444446
0 0.22910873608877957 0.05717068750707903 0.020618556701030927 0.044444444444444446
0 0.23000068308164404 0.040141578887756345 0.020618556701030927 0.044444444444444446
0 0.209231060247801 0.022013818099445092 0.020618556701030927 0.044444444444444446
0 0.17597417951385605 0.023661796352927936 0.020618556701030927 0.044444444444444446
0 0.1466673497483107 0.02256314418393938 0.020618556701030927 0.044444444444444446
0 0.22057152915707723 0.022837807226186505 0.020618556701030927 0.044444444444444446
0 0.2370088380255788 0.017893872465737988 0.020618556701030927 0.044444444444444446
0 0.1623401326229284 0.017344546381243713 0.020618556701030927 0.044444444444444446
0 0.18833401641497735 0.01871786159247942 0.020618556701030927 0.044444444444444446
0 0.1992922223273117 0.01761920942349085 0.020618556701030927 0.044444444444444446
0 0.20961332324474288 0.014323252916525177 0.020618556701030927 0.044444444444444446
0 0.09404247716930966 0.17225450220863076 0.020618556701030927 0.044444444444444446
0 0.06894703234909429 0.4386624486624486 0.020618556701030927 0.044444444444444446
0 0.0519640153660773 0.8456554556554556 0.020618556701030927 0.044444444444444446
0 0.29172425512631706 0.4881906981906981 0.020618556701030927 0.044444444444444446
0 0.17783814124020317 0.9920868020868023 0.020618556701030927 0.044444444444444446
0 0.19582015922222112 0.9662459762459765 0.020618556701030927 0.044444444444444446
0 0.5155004789025407 0.4688100788100792 0.020618556701030927 0.044444444444444446
