0 0.19432359307359293 0.7940655056240828 0.03333333333333333 0.04184100418410042
0 0.2964935064935063 0.7518577134162907 0.03333333333333333 0.04184100418410042
0 0.35339826839826816 0.8606239471825244 0.03333333333333333 0.04184100418410042
0 0.5396320346320344 0.7778317393903167 0.03333333333333333 0.04184100418410042
0 0.6793073593073592 0.7794551160136932 0.03333333333333333 0.04184100418410042
0 0.7594913419913418 0.7437408302994076 0.03333333333333333 0.04184100418410042
0 0.852608225108225 0.7226369341955116 0.03333333333333333 0.04184100418410042
0 0.9366720779220779 0.7664681030266803 0.03333333333333333 0.04184100418410042
0 0.8694209956709955 0.9109486225071999 0.03333333333333333 0.04184100418410042
0 0.4309956709956708 0.7745849861435634 0.03333333333333333 0.04184100418410042
0 0.4128896103896102 0.8947148562734336 0.03333333333333333 0.04184100418410042
0 0.08051406926406912 0.8232862848448621 0.03333333333333333 0.04184100418410042
0 0.13612554112554098 0.7745849861435634 0.03333333333333333 0.04184100418410042
0 0.030075757575757412 0.7891953757539529 0.03333333333333333 0.04184100418410042
0 0.09603354978354957 0.7226369341955116 0.03333333333333333 0.04184100418410042
0 0.4051298701298699 0.6966629082214856 0.03333333333333333 0.04184100418410042
0 0.44780844155844135 0.7145200510786284 0.03333333333333333 0.04184100418410042
0 0.47238095238095223 0.6804291419877192 0.03333333333333333 0.04184100418410042
0 0.4232359307359305 0.6349745965331738 0.03333333333333333 0.04184100418410042
0 0.584897186147186 0.6739356354942128 0.03333333333333333 0.04184100418410042
0 0.5383387445887444 0.7047797913383685 0.03333333333333333 0.04184100418410042
0 0.6017099567099564 0.755104466663044 0.03333333333333333 0.04184100418410042
0 0.6663744588744588 0.7080265445851218 0.03333333333333333 0.04184100418410042
0 0.6624945887445886 0.6577018692604465 0.03333333333333333 0.04184100418410042
0 0.7827705627705626 0.6236109601695374 0.03333333333333333 0.04184100418410042
0 0.7594913419913418 0.6739356354942128 0.03333333333333333 0.04184100418410042
0 0.7193993506493506 0.6852992718578491 0.03333333333333333 0.04184100418410042
0 0.8125162337662336 0.6852992718578491 0.03333333333333333 0.04184100418410042
0 0.07016774891774873 0.6917927783513557 0.03333333333333333 0.04184100418410042
0 0.02580086580086577 0.7133025186110958 0.03333333333333333 0.04184100418410042
0 0.08593885281385283 0.6288869341955114 0.03333333333333333 0.04184100418410042
0 0.10663149350649354 0.6329453757539529 0.03333333333333333 0.04184100418410042
0 0.14801677489177492 0.6775882328968101 0.03333333333333333 0.04184100418410042
0 0.1674161255411256 0.7246661549747323 0.03333333333333333 0.04184100418410042
0 0.1751758658008658 0.6548609601695374 0.03333333333333333 0.04184100418410042
0 0.15383658008658013 0.6321336874422646 0.03333333333333333 0.04184100418410042
0 0.23660714285714288 0.6637895315981088 0.03333333333333333 0.04184100418410042
0 0.2592397186147187 0.7206077134162907 0.03333333333333333 0.04184100418410042
0 0.2948051948051949 0.6646012199097971 0.03333333333333333 0.04184100418410042
0 0.34977002164502174 0.6759648562734335 0.03333333333333333 0.04184100418410042
0 0.4661661255411257 0.6215817393903166 0.03333333333333333 0.04184100418410042
0 0.3161444805194806 0.643497323805901 0.03333333333333333 0.04184100418410042
0 0.32713744588744603 0.5777505705591478 0.03333333333333333 0.04184100418410042
0 0.3193777056277057 0.671906414714992 0.03333333333333333 0.04184100418410042
0 0.25859307359307365 0.6288869341955114 0.03333333333333333 0.04184100418410042
0 0.050373376623376626 0.591549271857849 0.03333333333333333 0.04184100418410042
0 0.01674783549783546 0.6134648562734335 0.03333333333333333 0.04184100418410042
0 0.07882575757575755 0.5793739471825244 0.03333333333333333 0.04184100418410042
0 0.13314393939393943 0.5866791419877191 0.03333333333333333 0.04184100418410042
0 0.11891774891774891 0.555023297831875 0.03333333333333333 0.04184100418410042
0 0.09563852813852813 0.5436596614682386 0.03333333333333333 0.04184100418410042
0 0.03873376623376624 0.5128155056240828 0.03333333333333333 0.04184100418410042
0 0.0380871212121212 0.4787245965331737 0.03333333333333333 0.04184100418410042
0 0.15965638528138532 0.5590817393903166 0.03333333333333333 0.04184100418410042
0 0.19457521645021653 0.5631401809487582 0.03333333333333333 0.04184100418410042
0 0.24242694805194806 0.5493414796500568 0.03333333333333333 0.04184100418410042
0 0.210741341991342 0.5452830380916152 0.03333333333333333 0.04184100418410042
0 0.17840909090909093 0.5331077134162906 0.03333333333333333 0.04184100418410042
0 0.15965638528138532 0.5176856354942126 0.03333333333333333 0.04184100418410042
0 0.120857683982684 0.5152505705591477 0.03333333333333333 0.04184100418410042
0 0.08981872294372295 0.49089992120849835 0.03333333333333333 0.04184100418410042
0 0.358176406926407 0.5988544666630439 0.03333333333333333 0.04184100418410042
0 0.39438852813852826 0.5931726484812258 0.03333333333333333 0.04184100418410042
0 0.42284090909090916 0.578562258870836 0.03333333333333333 0.04184100418410042
0 0.4500000000000001 0.5663869341955114 0.03333333333333333 0.04184100418410042
0 0.4933252164502166 0.5631401809487582 0.03333333333333333 0.04184100418410042
0 0.2928652597402598 0.5590817393903166 0.03333333333333333 0.04184100418410042
0 0.2721726190476191 0.576127193935771 0.03333333333333333 0.04184100418410042
0 0.21591450216450217 0.5899258952344725 0.03333333333333333 0.04184100418410042
0 0.3154978354978356 0.5331077134162906 0.03333333333333333 0.04184100418410042
0 0.2889853896103897 0.5193090121175893 0.03333333333333333 0.04184100418410042
0 0.2547132034632035 0.5193090121175893 0.03333333333333333 0.04184100418410042
0 0.22173430735930735 0.5022635575721347 0.03333333333333333 0.04184100418410042
0 0.44806006493506506 0.5120038173123945 0.03333333333333333 0.04184100418410042
0 0.40020833333333344 0.516062258870836 0.03333333333333333 0.04184100418410042
0 0.37369588744588755 0.5322960251046023 0.03333333333333333 0.04184100418410042
0 0.34589015151515157 0.5493414796500568 0.03333333333333333 0.04184100418410042
0 0.3833955627705629 0.5607051160136932 0.03333333333333333 0.04184100418410042
0 0.4112012987012988 0.49820511601369316 0.03333333333333333 0.04184100418410042
0 0.3445968614718616 0.5103804406890179 0.03333333333333333 0.04184100418410042
0 0.5241125541125539 0.5947960251046023 0.03333333333333333 0.04184100418410042
0 0.4917803030303029 0.6191466744552517 0.03333333333333333 0.04184100418410042
0 0.615936147186147 0.6637895315981087 0.03333333333333333 0.04184100418410042
0 0.700646645021645 0.6378155056240828 0.03333333333333333 0.04184100418410042
0 0.642448593073593 0.6264518692604464 0.03333333333333333 0.04184100418410042
0 0.5564448051948051 0.6240168043253815 0.03333333333333333 0.04184100418410042
0 0.584897186147186 0.5842440770526542 0.03333333333333333 0.04184100418410042
0 0.612702922077922 0.5753155056240827 0.03333333333333333 0.04184100418410042
0 0.6385687229437229 0.5753155056240827 0.03333333333333333 0.04184100418410042
0 0.6870670995670995 0.5720687523773296 0.03333333333333333 0.04184100418410042
0 0.7064664502164502 0.5777505705591478 0.03333333333333333 0.04184100418410042
0 0.7271590909090908 0.5818090121175893 0.03333333333333333 0.04184100418410042
0 0.7271590909090908 0.5818090121175893 0.03333333333333333 0.04184100418410042
0 0.762077922077922 0.5801856354942126 0.03333333333333333 0.04184100418410042
0 0.8144561688311688 0.6012895315981087 0.03333333333333333 0.04184100418410042
0 0.8416152597402596 0.6248284926370699 0.03333333333333333 0.04184100418410042
0 0.5635579004329003 0.5696336874422646 0.03333333333333333 0.04184100418410042
0 0.5215259740259739 0.5582700510786283 0.03333333333333333 0.04184100418410042
0 0.6165827922077921 0.5371661549747321 0.03333333333333333 0.04184100418410042
0 0.646328463203463 0.529049271857849 0.03333333333333333 0.04184100418410042
0 0.6657278138528138 0.5128155056240827 0.03333333333333333 0.04184100418410042
0 0.6230492424242423 0.513627193935771 0.03333333333333333 0.04184100418410042
0 0.7982900432900433 0.48197134977992695 0.03333333333333333 0.04184100418410042
0 0.8332088744588744 0.47385446666304376 0.03333333333333333 0.04184100418410042
0 0.8325622294372294 0.4965817393903165 0.03333333333333333 0.04184100418410042
0 0.5971834415584415 0.4844064147149919 0.03333333333333333 0.04184100418410042
0 0.5609713203463202 0.49820511601369316 0.03333333333333333 0.04184100418410042
0 0.5325189393939392 0.49495836276693994 0.03333333333333333 0.04184100418410042
0 0.700646645021645 0.5298609601695373 0.03333333333333333 0.04184100418410042
0 0.7969967532467531 0.5176856354942126 0.03333333333333333 0.04184100418410042
0 0.7594913419913419 0.5355427783513556 0.03333333333333333 0.04184100418410042
0 0.8409686147186146 0.44382199913057624 0.03333333333333333 0.04184100418410042
0 0.762724567099567 0.48602979133836843 0.03333333333333333 0.04184100418410042
0 0.7478517316017316 0.48521810302668017 0.03333333333333333 0.04184100418410042
0 0.7135795454545454 0.4811596614682386 0.03333333333333333 0.04184100418410042
0 0.6857738095238094 0.4787245965331736 0.03333333333333333 0.04184100418410042
0 0.44134199134199115 0.4495038173123944 0.03333333333333333 0.04184100418410042
0 0.39866341991341975 0.4551856354942126 0.03333333333333333 0.04184100418410042
0 0.3727976190476188 0.48684147965005675 0.03333333333333333 0.04184100418410042
0 0.3727976190476188 0.48684147965005675 0.03333333333333333 0.04184100418410042
0 0.45815476190476173 0.46411420692278404 0.03333333333333333 0.04184100418410042
0 0.5486850649350647 0.4722310900396672 0.03333333333333333 0.04184100418410042
0 0.5486850649350647 0.4697960251046022 0.03333333333333333 0.04184100418410042
0 0.48596049783549766 0.4973934277020048 0.03333333333333333 0.04184100418410042
0 0.6624945887445887 0.47060771341629054 0.03333333333333333 0.04184100418410042
0 0.6262824675324674 0.49089992120849835 0.03333333333333333 0.04184100418410042
0 0.6941801948051947 0.4186596614682386 0.03333333333333333 0.04184100418410042
0 0.612702922077922 0.43570511601369316 0.03333333333333333 0.04184100418410042
0 0.6068831168831168 0.45112719393577105 0.03333333333333333 0.04184100418410042
0 0.5719642857142856 0.45599732380590097 0.03333333333333333 0.04184100418410042
0 0.5629112554112552 0.4348934277020048 0.03333333333333333 0.04184100418410042
0 0.5286390692640691 0.4592440770526542 0.03333333333333333 0.04184100418410042
0 0.5448051948051947 0.43814018094875806 0.03333333333333333 0.04184100418410042
0 0.7459117965367964 0.43814018094875806 0.03333333333333333 0.04184100418410042
0 0.7213392857142856 0.453562258870836 0.03333333333333333 0.04184100418410042
0 0.8060497835497835 0.4292116095201866 0.03333333333333333 0.04184100418410042
0 0.7743641774891774 0.42758823289681 0.03333333333333333 0.04184100418410042
0 0.8448484848484848 0.4210947264033035 0.03333333333333333 0.04184100418410042
0 0.7400919913419912 0.39836745367603077 0.03333333333333333 0.04184100418410042
0 0.7193993506493506 0.41378953159810866 0.03333333333333333 0.04184100418410042
0 0.6385687229437229 0.45112719393577105 0.03333333333333333 0.04184100418410042
0 0.6385687229437229 0.45112719393577105 0.03333333333333333 0.04184100418410042
0 0.46785443722943704 0.42758823289681 0.03333333333333333 0.04184100418410042
0 0.3999567099567098 0.41947134977992684 0.03333333333333333 0.04184100418410042
0 0.5878070887445885 0.3985703757539528 0.03333333333333333 0.04184100418410042
0 0.8614096320346321 0.5899258952344725 0.03333333333333333 0.04184100418410042
0 0.9131412337662338 0.5947960251046023 0.03333333333333333 0.04184100418410042
0 0.9635795454545456 0.6077830380916153 0.03333333333333333 0.04184100418410042
0 0.9487067099567101 0.645932388740966 0.03333333333333333 0.04184100418410042
0 0.9312472943722946 0.6686596614682387 0.03333333333333333 0.04184100418410042
0 0.8756358225108226 0.6629778432864205 0.03333333333333333 0.04184100418410042
0 0.8575297619047618 0.6816466744552517 0.03333333333333333 0.04184100418410042
0 0.8976217532467533 0.7352181030266803 0.03333333333333333 0.04184100418410042
0 0.9868587662337663 0.7043739471825244 0.03333333333333333 0.04184100418410042
0 0.9551731601731603 0.5663869341955114 0.03333333333333333 0.04184100418410042
0 0.9887987012987014 0.5631401809487582 0.03333333333333333 0.04184100418410042
0 0.9687527056277058 0.5322960251046023 0.03333333333333333 0.04184100418410042
0 0.9635795454545456 0.4973934277020049 0.03333333333333333 0.04184100418410042
0 0.9331872294372294 0.5322960251046023 0.03333333333333333 0.04184100418410042
0 0.917667748917749 0.5387895315981087 0.03333333333333333 0.04184100418410042
0 0.8620562770562773 0.5371661549747322 0.03333333333333333 0.04184100418410042
0 0.8368371212121213 0.5720687523773296 0.03333333333333333 0.04184100418410042
0 0.8698160173160173 0.4641142069227841 0.03333333333333333 0.04184100418410042
0 0.919607683982684 0.45031550562408273 0.03333333333333333 0.04184100418410042
0 0.9642261904761905 0.4462570640656412 0.03333333333333333 0.04184100418410042
0 0.9868587662337663 0.45437394718252433 0.03333333333333333 0.04184100418410042
0 0.9021482683982686 0.443010310818888 0.03333333333333333 0.04184100418410042
0 0.8950351731601733 0.42352979133836843 0.03333333333333333 0.04184100418410042
0 0.9209009740259742 0.41460121990979704 0.03333333333333333 0.04184100418410042
0 0.94482683982684 0.45518563549421265 0.03333333333333333 0.04184100418410042
0 0.8937418831168831 0.48846485627343345 0.03333333333333333 0.04184100418410042
0 0.26882305194805195 0.4775070640656414 0.03333333333333333 0.04184100418410042
0 0.7576907467532467 0.40404927185784917 0.03333333333333333 0.04184100418410042
0 0.797136093073593 0.40648433679291407 0.03333333333333333 0.04184100418410042
0 0.7874364177489177 0.38700381731239464 0.03333333333333333 0.04184100418410042
0 0.8094223484848485 0.3796986225071999 0.03333333333333333 0.04184100418410042
0 0.8378747294372295 0.36914667445525173 0.03333333333333333 0.04184100418410042
0 0.8934862012987013 0.3577830380916154 0.03333333333333333 0.04184100418410042
0 0.8003693181818181 0.36914667445525173 0.03333333333333333 0.04184100418410042
0 0.7602773268398269 0.36914667445525173 0.03333333333333333 0.04184100418410042
0 0.5811566558441558 0.4405752458838232 0.03333333333333333 0.04184100418410042
0 0.9342248376623377 0.42596485627343356 0.03333333333333333 0.04184100418410042
0 0.5785700757575758 0.3780752458838232 0.03333333333333333 0.04184100418410042
0 0.6109023268398268 0.4097310900396674 0.03333333333333333 0.04184100418410042
0 0.6917329545454546 0.4048609601695375 0.03333333333333333 0.04184100418410042
0 0.5294250541125541 0.4251531679617453 0.03333333333333333 0.04184100418410042
0 0.8740868506493507 0.40080251861109595 0.03333333333333333 0.04184100418410042
0 0.8928395562770562 0.3918739471825245 0.03333333333333333 0.04184100418410042
0 0.9620305735930734 0.385380440689018 0.03333333333333333 0.04184100418410042
0 0.9536241883116882 0.4251531679617453 0.03333333333333333 0.04184100418410042
0 0.9704369588744589 0.42596485627343356 0.03333333333333333 0.04184100418410042
0 0.9736701839826839 0.40648433679291407 0.03333333333333333 0.04184100418410042
0 0.9490976731601731 0.4048609601695375 0.03333333333333333 0.04184100418410042
0 0.5462378246753247 0.39917914198771937 0.03333333333333333 0.04184100418410042
0 0.6742735389610389 0.4251531679617453 0.03333333333333333 0.04184100418410042
0 0.671686958874459 0.4535622588708362 0.03333333333333333 0.04184100418410042
0 0.6594007034632035 0.3796986225071999 0.03333333333333333 0.04184100418410042
0 0.6400013528138528 0.36995836276694005 0.03333333333333333 0.04184100418410042
0 0.8482210497835497 0.3918739471825245 0.03333333333333333 0.04184100418410042
0 0.6366974691974692 0.7236267916184236 0.03333333333333333 0.04184100418410042
0 0.8861979686979686 0.5207961494572375 0.03333333333333333 0.04184100418410042
0 0.8572269397269394 0.41859709328328587 0.03333333333333333 0.04184100418410042
0 0.8891949716949716 0.4543354135404346 0.03333333333333333 0.04184100418410042
0 0.8916924741924741 0.4374067355238905 0.03333333333333333 0.04184100418410042
0 0.908675491175491 0.3897556418476922 0.03333333333333333 0.04184100418410042
0 0.9141699966699964 0.3715729876817744 0.03333333333333333 0.04184100418410042
0 0.5974866799866799 0.6129633964361999 0.03333333333333333 0.04184100418410042
0 0.018565601065601078 0.4537084254657478 0.03333333333333333 0.04184100418410042
0 0.012571595071595094 0.5402327797725289 0.03333333333333333 0.04184100418410042
0 0.20338078588078579 0.5107643402622484 0.03333333333333333 0.04184100418410042
0 0.18789627039627033 0.5095103641128748 0.03333333333333333 0.04184100418410042
0 0.17490925740925733 0.45997830621261604 0.03333333333333333 0.04184100418410042
0 0.2268573093573093 0.4756530080797865 0.03333333333333333 0.04184100418410042
0 0.21686729936729932 0.4443036043454455 0.03333333333333333 0.04184100418410042
0 0.17291125541125535 0.43552577129983006 0.03333333333333333 0.04184100418410042
0 0.19139277389277384 0.4430496281960719 0.03333333333333333 0.04184100418410042
0 0.24384032634032632 0.4593513181379293 0.03333333333333333 0.04184100418410042
0 0.2653188478188477 0.4399146878226378 0.03333333333333333 0.04184100418410042
0 0.24433982683982683 0.42925589055296187 0.03333333333333333 0.04184100418410042
0 0.25183233433233426 0.4073113079389232 0.03333333333333333 0.04184100418410042
0 0.2263578088578088 0.4179701052085992 0.03333333333333333 0.04184100418410042
0 0.28929487179487173 0.46812915118354465 0.03333333333333333 0.04184100418410042
0 0.3267574092574091 0.4756530080797865 0.03333333333333333 0.04184100418410042
0 0.32725690975690963 0.44493059242013233 0.03333333333333333 0.04184100418410042
0 0.3547294372294371 0.4555893896898083 0.03333333333333333 0.04184100418410042
0 0.37620795870795853 0.45621637776449514 0.03333333333333333 0.04184100418410042
0 0.36921495171495156 0.44054167589732457 0.03333333333333333 0.04184100418410042
0 0.37620795870795853 0.4236129978807805 0.03333333333333333 0.04184100418410042
0 0.41966450216450196 0.4593513181379293 0.03333333333333333 0.04184100418410042
0 0.4411430236430235 0.46812915118354465 0.03333333333333333 0.04184100418410042
0 0.464619547119547 0.4963436145444516 0.03333333333333333 0.04184100418410042
0 0.46761655011654996 0.5396057916978421 0.03333333333333333 0.04184100418410042
0 0.6217124542124541 0.477533972303847 0.03333333333333333 0.04184100418410042
0 0.6356984681984681 0.46812915118354465 0.03333333333333333 0.04184100418410042
0 0.6441899766899766 0.49007373379758334 0.03333333333333333 0.04184100418410042
0 0.5772569097569096 0.49571662646976467 0.03333333333333333 0.04184100418410042
0 0.5397943722943721 0.5032404833660066 0.03333333333333333 0.04184100418410042
0 0.4933408258408257 0.45809734198855556 0.03333333333333333 0.04184100418410042
0 0.4813528138528138 0.44304962819607185 0.03333333333333333 0.04184100418410042
0 0.48984432234432224 0.4242399859554673 0.03333333333333333 0.04184100418410042
0 0.5053288378288378 0.4330178190010827 0.03333333333333333 0.04184100418410042
0 0.4398942723942723 0.42298600980609363 0.03333333333333333 0.04184100418410042
0 0.4458882783882783 0.43489878322514325 0.03333333333333333 0.04184100418410042
0 0.1364477189477189 0.49446265032039094 0.03333333333333333 0.04184100418410042
0 0.12695720945720942 0.4838038530507151 0.03333333333333333 0.04184100418410042
0 0.10697718947718947 0.4712640915569786 0.03333333333333333 0.04184100418410042
0 0.08849567099567099 0.44931950894294 0.03333333333333333 0.04184100418410042
0 0.060024142524142524 0.46311324658605 0.03333333333333333 0.04184100418410042
0 0.05902514152514153 0.5088833760381878 0.03333333333333333 0.04184100418410042
0 0.14044372294372295 0.4430496281960718 0.03333333333333333 0.04184100418410042
0 0.14943473193473192 0.45997830621261593 0.03333333333333333 0.04184100418410042
0 0.19788628038628037 0.4687561392582314 0.03333333333333333 0.04184100418410042
0 0.09049367299367297 0.4229860098060936 0.03333333333333333 0.04184100418410042
0 0.09249167499167496 0.40292239141611536 0.03333333333333333 0.04184100418410042
0 0.11496919746919747 0.41797010520859906 0.03333333333333333 0.04184100418410042
0 0.14593822843822843 0.4135811886857913 0.03333333333333333 0.04184100418410042
0 0.13794622044622043 0.40480335564017583 0.03333333333333333 0.04184100418410042
0 0.07051365301365302 0.37219997575646124 0.03333333333333333 0.04184100418410042
0 0.04354062604062605 0.37721588035395576 0.03333333333333333 0.04184100418410042
0 0.018066100566100567 0.38787467762363165 0.03333333333333333 0.04184100418410042
0 0.3005336330336332 0.42674793825421453 0.03333333333333333 0.04184100418410042
0 0.24808608058608067 0.5809870046271722 0.03333333333333333 0.04184100418410042
0 0.19064352314352323 0.6104554441374528 0.03333333333333333 0.04184100418410042
0 0.44688727938727935 0.9342947847131949 0.03333333333333333 0.04184100418410042
0 0.789544622044622 0.8415005496595457 0.03333333333333333 0.04184100418410042
0 0.32201215451215454 0.73616655311216 0.03333333333333333 0.04184100418410042
0 0.719614552114552 0.5233041017559849 0.03333333333333333 0.04184100418410042
0 0.7710631035631034 0.5038674714406934 0.03333333333333333 0.04184100418410042
0 0.8235106560106559 0.5302009705775398 0.03333333333333333 0.04184100418410042
0 0.7905436230436229 0.5527725412662654 0.03333333333333333 0.04184100418410042
0 0.5922419247419247 0.5276930182787926 0.03333333333333333 0.04184100418410042
0 0.6312029637029636 0.39195010010909614 0.03333333333333333 0.04184100418410042
0 0.6287054612054611 0.41075974234970075 0.03333333333333333 0.04184100418410042
0 0.6531809856809857 0.4283154084409317 0.03333333333333333 0.04184100418410042
0 0.8125216450216448 0.44493059242013233 0.03333333333333333 0.04184100418410042
0 0.7980361305361304 0.446184568569506 0.03333333333333333 0.04184100418410042
0 0.8185156510156508 0.46812915118354465 0.03333333333333333 0.04184100418410042
0 0.8594746919746918 0.4819228888266547 0.03333333333333333 0.04184100418410042
0 0.8444896769896768 0.4963436145444516 0.03333333333333333 0.04184100418410042
0 0.15393023643023643 0.38724768954894506 0.03333333333333333 0.04184100418410042
0 0.11097319347319344 0.39038262992237915 0.03333333333333333 0.04184100418410042
0 0.09049367299367297 0.3684380473083404 0.03333333333333333 0.04184100418410042
0 0.4019322344322344 0.5367843453617513 0.03333333333333333 0.04184100418410042
0 0.4378962703962704 0.5280065123161358 0.03333333333333333 0.04184100418410042
0 0.4428912753912753 0.3878746776236317 0.03333333333333333 0.04184100418410042
