0 0.1135917849313488 0.9877503037988059 0.0267022696929239 0.028530670470756064
0 0.16212068766585908 0.9939231433049788 0.0267022696929239 0.028530670470756064
0 0.013067629267006216 0.9531824025642381 0.0267022696929239 0.028530670470756064
0 0.04773113122022783 0.8149107976259664 0.0267022696929239 0.028530670470756064
0 0.18060788870757732 0.8766391926876949 0.0267022696929239 0.028530670470756064
0 0.1598097875356443 0.853182402564238 0.0267022696929239 0.028530670470756064
0 0.12861263577774487 0.8247873408358429 0.0267022696929239 0.028530670470756064
0 0.10550363447559712 0.8457749951568306 0.0267022696929239 0.028530670470756064
0 0.16905338805650338 0.8346638840457196 0.0267022696929239 0.028530670470756064
0 0.24877944254891307 0.898861414909917 0.0267022696929239 0.028530670470756064
0 0.35276994840857784 0.9408367235518923 0.0267022696929239 0.028530670470756064
0 0.3423708978226114 0.8729354889839912 0.0267022696929239 0.028530670470756064
0 0.30886284593449714 0.9025651186136207 0.0267022696929239 0.028530670470756064
0 0.28922019482767153 0.864293513675349 0.0267022696929239 0.028530670470756064
0 0.26380029339530914 0.8593552420704109 0.0267022696929239 0.028530670470756064
0 0.2406912920931614 0.8581206741691764 0.0267022696929239 0.028530670470756064
0 0.21180504046547674 0.807503390218559 0.0267022696929239 0.028530670470756064
0 0.22682589131187267 0.7976268470086825 0.0267022696929239 0.028530670470756064
0 0.18291878883779195 0.796392279107448 0.0267022696929239 0.028530670470756064
0 0.26726664359063124 0.8099725260210281 0.0267022696929239 0.028530670470756064
0 0.32272824671578576 0.8321947482432503 0.0267022696929239 0.028530670470756064
0 0.39436615075244374 0.8309601803420159 0.0267022696929239 0.028530670470756064
0 0.4879576060261421 0.879108328490164 0.0267022696929239 0.028530670470756064
0 0.47409220524485335 0.8358984519469541 0.0267022696929239 0.028530670470756064
0 0.45098320394270575 0.7889848717000404 0.0267022696929239 0.028530670470756064
0 0.53302015856533 0.855651538366707 0.0267022696929239 0.028530670470756064
0 0.5029784568725381 0.7889848717000404 0.0267022696929239 0.028530670470756064
0 0.5480410094117262 0.8087379581197937 0.0267022696929239 0.028530670470756064
0 0.5665282104534443 0.813676229724732 0.0267022696929239 0.028530670470756064
0 0.5699945606487664 0.8420712914531268 0.0267022696929239 0.028530670470756064
0 0.6023471624717733 0.8717009210827567 0.0267022696929239 0.028530670470756064
0 0.610435312927525 0.9507132667617689 0.0267022696929239 0.028530670470756064
0 0.6578087655969278 0.9321947482432504 0.0267022696929239 0.028530670470756064
0 0.7132703687220823 0.8926885754037442 0.0267022696929239 0.028530670470756064
0 0.7421566203497668 0.9865157358975714 0.0267022696929239 0.028530670470756064
0 0.8808106281626533 0.9568861062679418 0.0267022696929239 0.028530670470756064
0 0.7606438213914852 0.9173799334284356 0.0267022696929239 0.028530670470756064
0 0.732913019828908 0.8210836371321393 0.0267022696929239 0.028530670470756064
0 0.8010845736702437 0.8667626494778183 0.0267022696929239 0.028530670470756064
0 0.8473025762745391 0.8605898099716454 0.0267022696929239 0.028530670470756064
0 0.8392144258187875 0.8815774642926332 0.0267022696929239 0.028530670470756064
0 0.9108523298554454 0.898861414909917 0.0267022696929239 0.028530670470756064
0 0.9605366826550631 0.9297256124407812 0.0267022696929239 0.028530670470756064
0 0.9466712818737746 0.8741700568852256 0.0267022696929239 0.028530670470756064
0 0.9443603817435596 0.8470095630580651 0.0267022696929239 0.028530670470756064
0 0.9894229342827476 0.8679972173790529 0.0267022696929239 0.028530670470756064
0 0.9986665348036068 0.8593552420704109 0.0267022696929239 0.028530670470756064
0 0.8831215282928683 0.8223182050333739 0.0267022696929239 0.028530670470756064
0 0.7929964232144919 0.8408367235518924 0.0267022696929239 0.028530670470756064
0 0.7918409731493847 0.807503390218559 0.0267022696929239 0.028530670470756064
0 0.7548665710659481 0.8025651186136207 0.0267022696929239 0.028530670470756064
0 0.7202030691127267 0.7914540075025097 0.0267022696929239 0.028530670470756064
0 0.7086485684616529 0.8198490692309046 0.0267022696929239 0.028530670470756064
0 0.6774514167037534 0.8235527729346084 0.0267022696929239 0.028530670470756064
0 0.6913168174850421 0.8420712914531268 0.0267022696929239 0.028530670470756064
0 0.6439433648156392 0.8605898099716454 0.0267022696929239 0.028530670470756064
0 0.6520315152713909 0.8852811679963368 0.0267022696929239 0.028530670470756064
0 0.6162125632530618 0.8358984519469541 0.0267022696929239 0.028530670470756064
0 0.5919481118858069 0.8198490692309046 0.0267022696929239 0.028530670470756064
0 0.13785623629860394 0.8013305507123861 0.0267022696929239 0.028530670470756064
0 0.10550363447559712 0.790219439601275 0.0267022696929239 0.028530670470756064
0 0.11936903525688577 0.7605898099716455 0.0267022696929239 0.028530670470756064
0 0.06737378232705339 0.7679972173790528 0.0267022696929239 0.028530670470756064
0 0.01191217920189882 0.7371330198481887 0.0267022696929239 0.028530670470756064
0 0.017689429527435796 0.7062688223173245 0.0267022696929239 0.028530670470756064
0 0.07892828297812726 0.7173799334284355 0.0267022696929239 0.028530670470756064
0 0.06852923239216079 0.6889848717000405 0.0267022696929239 0.028530670470756064
0 0.08008373304323466 0.6803428963913986 0.0267022696929239 0.028530670470756064
0 0.20949414033526195 0.7729354889839911 0.0267022696929239 0.028530670470756064
0 0.2383803919629466 0.7717009210827565 0.0267022696929239 0.028530670470756064
0 0.23144769157230224 0.7457749951568305 0.0267022696929239 0.028530670470756064
0 0.2799765943068125 0.7321947482432504 0.0267022696929239 0.028530670470756064
0 0.2730438939161681 0.7099725260210282 0.0267022696929239 0.028530670470756064
0 0.2568675930046648 0.698861414909917 0.0267022696929239 0.028530670470756064
0 0.22220409105144323 0.6729354889839911 0.0267022696929239 0.028530670470756064
0 0.45329410407292037 0.7420712914531269 0.0267022696929239 0.028530670470756064
0 0.472936755179746 0.7655280815765838 0.0267022696929239 0.028530670470756064
0 0.5110666073282898 0.7420712914531269 0.0267022696929239 0.028530670470756064
0 0.565372760388337 0.7741700568852258 0.0267022696929239 0.028530670470756064
0 0.5803936112347329 0.7717009210827565 0.0267022696929239 0.028530670470756064
0 0.5907926618206993 0.7519478346630035 0.0267022696929239 0.028530670470756064
0 0.6416324646854245 0.770466353181522 0.0267022696929239 0.028530670470756064
0 0.6289225139692431 0.7865157358975714 0.0267022696929239 0.028530670470756064
0 0.6474097150109613 0.8235527729346084 0.0267022696929239 0.028530670470756064
0 0.667052366117787 0.8013305507123861 0.0267022696929239 0.028530670470756064
0 0.6682078161828943 0.7778737605889294 0.0267022696929239 0.028530670470756064
0 0.7040267682012233 0.7494786988605342 0.0267022696929239 0.028530670470756064
0 0.7121149186569751 0.7371330198481887 0.0267022696929239 0.028530670470756064
0 0.7340684698940152 0.7556515383667072 0.0267022696929239 0.028530670470756064
0 0.7594883713263777 0.7717009210827565 0.0267022696929239 0.028530670470756064
0 0.8392144258187875 0.7692317852802875 0.0267022696929239 0.028530670470756064
0 0.8484580263396466 0.7260219087370775 0.0267022696929239 0.028530670470756064
0 0.8738779277720091 0.787750303798806 0.0267022696929239 0.028530670470756064
0 0.6578087655969278 0.7284910445395467 0.0267022696929239 0.028530670470756064
0 0.6450988148807465 0.707503390218559 0.0267022696929239 0.028530670470756064
0 0.700560418005901 0.6951577112062133 0.0267022696929239 0.028530670470756064
0 0.7248248693731563 0.698861414909917 0.0267022696929239 0.028530670470756064
0 0.7178921689825118 0.6692317852802875 0.0267022696929239 0.028530670470756064
0 0.6786068667688607 0.6741700568852257 0.0267022696929239 0.028530670470756064
0 0.6693632662480018 0.6692317852802875 0.0267022696929239 0.028530670470756064
0 0.6243007137088136 0.6630589457741146 0.0267022696929239 0.028530670470756064
0 0.5873263116253773 0.6815774642926331 0.0267022696929239 0.028530670470756064
0 0.5399528589559744 0.6815774642926331 0.0267022696929239 0.028530670470756064
0 0.517999307718934 0.679108328490164 0.0267022696929239 0.028530670470756064
0 0.4660040547891016 0.707503390218559 0.0267022696929239 0.028530670470756064
0 0.43018510277077276 0.6889848717000405 0.0267022696929239 0.028530670470756064
0 0.46369315465888683 0.6840466000951022 0.0267022696929239 0.028530670470756064
0 0.37010169938518855 0.6778737605889295 0.0267022696929239 0.028530670470756064
0 0.3874334503617994 0.6717009210827565 0.0267022696929239 0.028530670470756064
0 0.4197860521848063 0.6692317852802875 0.0267022696929239 0.028530670470756064
0 0.33081639717153744 0.6544169704654726 0.0267022696929239 0.028530670470756064
0 0.28690929469745674 0.6507132667617689 0.0267022696929239 0.028530670470756064
0 0.2799765943068125 0.6334293161444849 0.0267022696929239 0.028530670470756064
0 0.28575384463234943 0.6136762297247319 0.0267022696929239 0.028530670470756064
0 0.2718884438510608 0.6161453655272009 0.0267022696929239 0.028530670470756064
0 0.320417346585571 0.6297256124407812 0.0267022696929239 0.028530670470756064
0 0.335438197431967 0.6260219087370775 0.0267022696929239 0.028530670470756064
0 0.3192618965204636 0.6149107976259665 0.0267022696929239 0.028530670470756064
0 0.34468179795282616 0.5963922791074479 0.0267022696929239 0.028530670470756064
0 0.36316899899454436 0.6099725260210281 0.0267022696929239 0.028530670470756064
0 0.3874334503617994 0.6087379581197936 0.0267022696929239 0.028530670470756064
0 0.41631970198948404 0.6037996865148554 0.0267022696929239 0.028530670470756064
0 0.45676045426824263 0.5877503037988059 0.0267022696929239 0.028530670470756064
0 0.4868021559610346 0.6223182050333739 0.0267022696929239 0.028530670470756064
0 0.49373485635167896 0.6544169704654726 0.0267022696929239 0.028530670470756064
0 0.4348069030312022 0.6507132667617689 0.0267022696929239 0.028530670470756064
0 0.4452059536171687 0.6717009210827565 0.0267022696929239 0.028530670470756064
0 0.5203102078491488 0.6544169704654726 0.0267022696929239 0.028530670470756064
0 0.5561291598674778 0.6593552420704109 0.0267022696929239 0.028530670470756064
0 0.5954144620811289 0.6235527729346084 0.0267022696929239 0.028530670470756064
0 0.6289225139692431 0.6223182050333739 0.0267022696929239 0.028530670470756064
0 0.6705187163131091 0.6321947482432504 0.0267022696929239 0.028530670470756064
0 0.6866950172246126 0.6704663531815219 0.0267022696929239 0.028530670470756064
0 0.5503519095419409 0.6198490692309047 0.0267022696929239 0.028530670470756064
0 0.529553808370008 0.5926885754037442 0.0267022696929239 0.028530670470756064
0 0.5619064101930147 0.5877503037988059 0.0267022696929239 0.028530670470756064
0 0.6081244127973102 0.5865157358975713 0.0267022696929239 0.028530670470756064
0 0.6601196657271426 0.5766391926876948 0.0267022696929239 0.028530670470756064
0 0.5018230068074306 0.5926885754037442 0.0267022696929239 0.028530670470756064
0 0.49835665661210854 0.5729354889839912 0.0267022696929239 0.028530670470756064
0 0.47755855544017556 0.5729354889839912 0.0267022696929239 0.028530670470756064
0 0.4590713543984574 0.5630589457741145 0.0267022696929239 0.028530670470756064
0 0.4428950534869539 0.5618243778728801 0.0267022696929239 0.028530670470756064
0 0.4197860521848063 0.5618243778728801 0.0267022696929239 0.028530670470756064
0 0.39205525062222896 0.5667626494778183 0.0267022696929239 0.028530670470756064
0 0.3793452999060477 0.5902194396012751 0.0267022696929239 0.028530670470756064
0 0.3781898498409404 0.5618243778728801 0.0267022696929239 0.028530670470756064
0 0.39436615075244374 0.5556515383667071 0.0267022696929239 0.028530670470756064
0 0.35276994840857784 0.5568861062679418 0.0267022696929239 0.028530670470756064
0 0.33081639717153744 0.5618243778728801 0.0267022696929239 0.028530670470756064
0 0.290375644892779 0.5754046247864603 0.0267022696929239 0.028530670470756064
0 0.2753547940463829 0.5939231433049788 0.0267022696929239 0.028530670470756064
0 0.26611119352552376 0.5593552420704109 0.0267022696929239 0.028530670470756064
0 0.2799765943068125 0.5667626494778183 0.0267022696929239 0.028530670470756064
0 0.21527139066079887 0.5741700568852256 0.0267022696929239 0.028530670470756064
0 0.30886284593449737 0.48682437787287997 0.0267022696929239 0.028530670470756064
0 0.3204173465855712 0.4825033902185589 0.0267022696929239 0.028530670470756064
0 0.3539253984736854 0.5250959828111516 0.0267022696929239 0.028530670470756064
0 0.40303202624074924 0.5213922791074479 0.0267022696929239 0.028530670470756064
0 0.4515609289752595 0.5269478346630033 0.0267022696929239 0.028530670470756064
0 0.4625377045937796 0.5331206741691763 0.0267022696929239 0.028530670470756064
0 0.4769808304076219 0.5139848717000405 0.0267022696929239 0.028530670470756064
0 0.4931571313191255 0.5183058593543614 0.0267022696929239 0.028530670470756064
0 0.5035561819050919 0.532503390218559 0.0267022696929239 0.028530670470756064
0 0.5168438576538268 0.5349725260210281 0.0267022696929239 0.028530670470756064
0 0.5295538083700081 0.5516391926876948 0.0267022696929239 0.028530670470756064
0 0.5110666073282899 0.5670712914531268 0.0267022696929239 0.028530670470756064
0 0.5226211079793637 0.5769478346630034 0.0267022696929239 0.028530670470756064
0 0.5434192091512966 0.5726268470086824 0.0267022696929239 0.028530670470756064
0 0.5555514348349242 0.5417626494778182 0.0267022696929239 0.028530670470756064
0 0.5884817616904848 0.5164540075025096 0.0267022696929239 0.028530670470756064
0 0.5977253622113439 0.5071947482432503 0.0267022696929239 0.028530670470756064
0 0.6092798628624176 0.5016391926876947 0.0267022696929239 0.028530670470756064
0 0.6289225139692431 0.47879968651485527 0.0267022696929239 0.028530670470756064
0 0.6329665891971191 0.44423178528028734 0.0267022696929239 0.028530670470756064
0 0.6422101897179782 0.45225647663831203 0.0267022696929239 0.028530670470756064
0 0.6150571131879545 0.45719474824325035 0.0267022696929239 0.028530670470756064
0 0.6866950172246126 0.43682437787288 0.0267022696929239 0.028530670470756064
0 0.7034490431686695 0.4392935136753491 0.0267022696929239 0.028530670470756064
0 0.5913703868532532 0.5985527729346084 0.0267022696929239 0.028530670470756064
0 0.5717277357464277 0.5744786988605343 0.0267022696929239 0.028530670470756064
0 0.5994585373090049 0.5689231433049786 0.0267022696929239 0.028530670470756064
0 0.563639585290676 0.5590466000951022 0.0267022696929239 0.028530670470756064
0 0.5243542830770249 0.5183058593543614 0.0267022696929239 0.028530670470756064
0 0.5526628096721558 0.49731820503337376 0.0267022696929239 0.028530670470756064
0 0.5763495360068571 0.4837379581197936 0.0267022696929239 0.028530670470756064
0 0.5884817616904848 0.46398487170004044 0.0267022696929239 0.028530670470756064
0 0.5723054607789813 0.45966388404571945 0.0267022696929239 0.028530670470756064
0 0.5260874581746859 0.45719474824325035 0.0267022696929239 0.028530670470756064
0 0.5324424335327765 0.47386141490991696 0.0267022696929239 0.028530670470756064
0 0.5249320081095785 0.4837379581197936 0.0267022696929239 0.028530670470756064
0 0.4475168537473837 0.4923799334284355 0.0267022696929239 0.028530670470756064
0 0.46658177982165544 0.4732441309592997 0.0267022696929239 0.028530670470756064
0 0.48218035570060525 0.47879968651485527 0.0267022696929239 0.028530670470756064
0 0.4983566566121086 0.4683058593543615 0.0267022696929239 0.028530670470756064
0 0.43942870329163203 0.47694783466300344 0.0267022696929239 0.028530670470756064
0 0.448672303812491 0.4683058593543615 0.0267022696929239 0.028530670470756064
0 0.4480945787799373 0.4504046247864602 0.0267022696929239 0.028530670470756064
0 0.43711780316141724 0.4559601803420157 0.0267022696929239 0.028530670470756064
0 0.42440785244523593 0.45534289639139847 0.0267022696929239 0.028530670470756064
0 0.412853351794162 0.4800342544160898 0.0267022696929239 0.028530670470756064
0 0.4076538265011788 0.4929972173790528 0.0267022696929239 0.028530670470756064
0 0.37934529990604793 0.4837379581197936 0.0267022696929239 0.028530670470756064
0 0.37472349964561835 0.46768857540374414 0.0267022696929239 0.028530670470756064
0 0.360280373831776 0.4670712914531268 0.0267022696929239 0.028530670470756064
0 0.3475704231155948 0.4707749951568305 0.0267022696929239 0.028530670470756064
0 0.2863315696649033 0.565219439601275 0.0267022696929239 0.028530670470756064
0 0.3874334503617996 0.43373795811979354 0.0267022696929239 0.028530670470756064
0 0.3880111753943532 0.45966388404571945 0.0267022696929239 0.028530670470756064
0 0.41400880185926947 0.43682437787288 0.0267022696929239 0.028530670470756064
0 0.41112017669650097 0.4621330198481886 0.0267022696929239 0.028530670470756064
0 0.39725477591521235 0.4683058593543615 0.0267022696929239 0.028530670470756064
0 0.403609751273303 0.47571326676176884 0.0267022696929239 0.028530670470756064
0 0.4504054789101521 0.43188610626794166 0.0267022696929239 0.028530670470756064
0 0.48333580576571256 0.44423178528028734 0.0267022696929239 0.028530670470756064
0 0.4677372298867629 0.45719474824325035 0.0267022696929239 0.028530670470756064
0 0.5127997824259509 0.43497252602102815 0.0267022696929239 0.028530670470756064
0 0.5457301092815114 0.4380589457741145 0.0267022696929239 0.028530670470756064
0 0.5387974088908672 0.423861414909917 0.0267022696929239 0.028530670470756064
0 0.5734609108440888 0.4485527729346083 0.0267022696929239 0.028530670470756064
0 0.5844376864626089 0.4232441309592997 0.0267022696929239 0.028530670470756064
0 0.5948367370485753 0.4331206741691762 0.0267022696929239 0.028530670470756064
0 0.6127462130577398 0.4374416618234973 0.0267022696929239 0.028530670470756064
0 0.5561291598674779 0.4170712914531269 0.0267022696929239 0.028530670470756064
0 0.4931571313191255 0.4127503037988059 0.0267022696929239 0.028530670470756064
0 0.4769808304076219 0.42077499515683053 0.0267022696929239 0.028530670470756064
0 0.4515609289752595 0.4078120321938676 0.0267022696929239 0.028530670470756064
0 0.4296073777382191 0.3818861062679417 0.0267022696929239 0.028530670470756064
0 0.4556050042031354 0.38373795811979355 0.0267022696929239 0.028530670470756064
0 0.4891130560912496 0.3948490692309046 0.0267022696929239 0.028530670470756064
0 0.4781362804727294 0.3818861062679417 0.0267022696929239 0.028530670470756064
0 0.5179993077189342 0.3954663531815219 0.0267022696929239 0.028530670470756064
0 0.5029784568725382 0.3812688223173244 0.0267022696929239 0.028530670470756064
0 0.5018230068074307 0.37200956305806515 0.0267022696929239 0.028530670470756064
0 0.493734856351679 0.37324413095929965 0.0267022696929239 0.028530670470756064
0 0.5399528589559746 0.3757132667617688 0.0267022696929239 0.028530670470756064
0 0.5480410094117262 0.3750959828111516 0.0267022696929239 0.028530670470756064
0 0.5595955100628 0.39670092108275645 0.0267022696929239 0.028530670470756064
0 0.5301315334025618 0.40102190873707744 0.0267022696929239 0.028530670470756064
0 0.5422637590861893 0.4041083284901639 0.0267022696929239 0.028530670470756064
0 0.5405305839885283 0.41151573589757134 0.0267022696929239 0.028530670470756064
0 0.39436615075244386 0.3713922791074478 0.0267022696929239 0.028530670470756064
0 0.346992698083041 0.3843552420704108 0.0267022696929239 0.028530670470756064
0 0.38396710016647734 0.3707749951568306 0.0267022696929239 0.028530670470756064
0 0.5838599614300553 0.5065774642926331 0.0267022696929239 0.028530670470756064
0 0.1944732894888659 0.5062688223173243 0.0267022696929239 0.028530670470756064
0 0.22798134137698012 0.4939231433049786 0.0267022696929239 0.028530670470756064
0 0.24877944254891307 0.4593552420704108 0.0267022696929239 0.028530670470756064
0 0.1967841896190807 0.4889848717000404 0.0267022696929239 0.028530670470756064
0 0.1401671364288188 0.5087379581197935 0.0267022696929239 0.028530670470756064
0 0.18754058909822155 0.42478734083584285 0.0267022696929239 0.028530670470756064
0 0.2083386902701545 0.3544169704654725 0.0267022696929239 0.028530670470756064
0 0.24762399248380562 0.35812067416917626 0.0267022696929239 0.028530670470756064
0 0.29037564489277884 0.372935488983991 0.0267022696929239 0.028530670470756064
0 0.3053964957391749 0.3062688223173244 0.0267022696929239 0.028530670470756064
0 0.3608580988643294 0.3371330198481886 0.0267022696929239 0.028530670470756064
0 0.3672130742224201 0.3170712914531269 0.0267022696929239 0.028530670470756064
0 0.37703439977583286 0.30781203219386766 0.0267022696929239 0.028530670470756064
0 0.3712571494502959 0.2954663531815219 0.0267022696929239 0.028530670470756064
0 0.3475704231155946 0.2973182050333738 0.0267022696929239 0.028530670470756064
0 0.38454482519903094 0.3399107976259664 0.0267022696929239 0.028530670470756064
0 0.3527699484085778 0.3652194396012751 0.0267022696929239 0.028530670470756064
0 0.3169509963902488 0.3639848717000405 0.0267022696929239 0.028530670470756064
0 0.32446142181344684 0.3269478346630035 0.0267022696929239 0.028530670470756064
0 0.3233059717483394 0.2985527729346084 0.0267022696929239 0.028530670470756064
0 0.41805287708714517 0.2997873408358429 0.0267022696929239 0.028530670470756064
0 0.42960737773821894 0.30287376058892934 0.0267022696929239 0.028530670470756064
0 0.40707610146862494 0.3510219087370775 0.0267022696929239 0.028530670470756064
0 0.4348069030312023 0.36768857540374417 0.0267022696929239 0.028530670470756064
0 0.4134310768267156 0.37139227910744793 0.0267022696929239 0.028530670470756064
0 0.46947040498442383 0.3738614149099171 0.0267022696929239 0.028530670470756064
0 0.48449125583081987 0.3602811679963368 0.0267022696929239 0.028530670470756064
0 0.5012452817748768 0.3553428963913985 0.0267022696929239 0.028530670470756064
0 0.5047116319701991 0.341145365527201 0.0267022696929239 0.028530670470756064
0 0.4856467058959272 0.33188610626794174 0.0267022696929239 0.028530670470756064
0 0.4752476553099607 0.34299721737905287 0.0267022696929239 0.028530670470756064
0 0.4602268044635647 0.34237993342843553 0.0267022696929239 0.028530670470756064
0 0.44000642832418546 0.3479354889839911 0.0267022696929239 0.028530670470756064
0 0.45444955413802773 0.30842931614448493 0.0267022696929239 0.028530670470756064
0 0.4584936293659036 0.33003425441608986 0.0267022696929239 0.028530670470756064
0 0.4769808304076218 0.3071947482432504 0.0267022696929239 0.028530670470756064
0 0.497201206547001 0.30410832849016395 0.0267022696929239 0.028530670470756064
0 0.4608045294961184 0.2979354889839911 0.0267022696929239 0.028530670470756064
0 0.44751685374738337 0.2948490692309047 0.0267022696929239 0.028530670470756064
0 0.4740922052448534 0.2849725260210282 0.0267022696929239 0.028530670470756064
0 0.5491964594768334 0.30596018034201583 0.0267022696929239 0.028530670470756064
0 0.5353310586955448 0.3522564766383121 0.0267022696929239 0.028530670470756064
0 0.5572846099325852 0.3399107976259664 0.0267022696929239 0.028530670470756064
0 0.5457301092815112 0.34299721737905287 0.0267022696929239 0.028530670470756064
0 0.5301315334025616 0.2997873408358429 0.0267022696929239 0.028530670470756064
0 0.5197324828165951 0.2942317852802874 0.0267022696929239 0.028530670470756064
0 0.5208879328817024 0.28065153836670714 0.0267022696929239 0.028530670470756064
0 0.5376419588257596 0.2720095630580651 0.0267022696929239 0.028530670470756064
0 0.4983566566121085 0.2713922791074479 0.0267022696929239 0.028530670470756064
0 0.5197324828165951 0.3010219087370775 0.0267022696929239 0.028530670470756064
0 0.5035561819050917 0.30410832849016395 0.0267022696929239 0.028530670470756064
0 0.4758253803425144 0.2553428963913985 0.0267022696929239 0.028530670470756064
0 0.46484860472399425 0.2713922791074479 0.0267022696929239 0.028530670470756064
0 0.4382732532265244 0.27818240256423804 0.0267022696929239 0.028530670470756064
0 0.4116979017290545 0.2775651186136207 0.0267022696929239 0.028530670470756064
0 0.40245430120819536 0.2615157358975714 0.0267022696929239 0.028530670470756064
0 0.4226746773475746 0.2590466000951022 0.0267022696929239 0.028530670470756064
0 0.37934529990604765 0.2522564766383121 0.0267022696929239 0.028530670470756064
0 0.35970264879922215 0.2874416618234973 0.0267022696929239 0.028530670470756064
0 0.4775585554401755 0.21583672355189232 0.0267022696929239 0.028530670470756064
0 0.5174215826863804 0.22694783466300342 0.0267022696929239 0.028530670470756064
0 0.5156884075887193 0.23744166182349727 0.0267022696929239 0.028530670470756064
0 0.5047116319701991 0.22633055071238614 0.0267022696929239 0.028530670470756064
0 0.49315713131912514 0.23003425441608982 0.0267022696929239 0.028530670470756064
0 0.408809276566286 0.228182402564238 0.0267022696929239 0.028530670470756064
0 0.3966770508826585 0.2312688223173244 0.0267022696929239 0.028530670470756064
0 0.3874334503617993 0.2343552420704108 0.0267022696929239 0.028530670470756064
0 0.3753012246781718 0.2343552420704108 0.0267022696929239 0.028530670470756064
0 0.35508084853879257 0.2343552420704108 0.0267022696929239 0.028530670470756064
0 0.3446817979528261 0.2312688223173244 0.0267022696929239 0.028530670470756064
0 0.3238836967808931 0.24731820503337384 0.0267022696929239 0.028530670470756064
0 0.34294862285516503 0.25349104453954663 0.0267022696929239 0.028530670470756064
0 0.3562362986038999 0.25287376058892935 0.0267022696929239 0.028530670470756064
0 0.35796947370156107 0.2467009210827565 0.0267022696929239 0.028530670470756064
0 0.2528235177767889 0.3034910445395467 0.0267022696929239 0.028530670470756064
0 0.26437801842786274 0.30842931614448493 0.0267022696929239 0.028530670470756064
0 0.22913679144208746 0.3090466000951022 0.0267022696929239 0.028530670470756064
0 0.23549176680017808 0.2905280815765837 0.0267022696929239 0.028530670470756064
0 0.24531309235359086 0.2818861062679417 0.0267022696929239 0.028530670470756064
0 0.2343363167350707 0.27818240256423804 0.0267022696929239 0.028530670470756064
0 0.2343363167350707 0.2615157358975714 0.0267022696929239 0.028530670470756064
0 0.25571214293955735 0.2658367235518923 0.0267022696929239 0.028530670470756064
0 0.2609116682325406 0.2553428963913985 0.0267022696929239 0.028530670470756064
0 0.26264484333020166 0.2405280815765837 0.0267022696929239 0.028530670470756064
0 0.2505126176465741 0.2448490692309047 0.0267022696929239 0.028530670470756064
0 0.2372249418978392 0.2467009210827565 0.0267022696929239 0.028530670470756064
0 0.22855906640953375 0.24423178528028738 0.0267022696929239 0.028530670470756064
0 0.3539253984736851 0.2757132667617689 0.0267022696929239 0.028530670470756064
0 0.3487258731807019 0.2658367235518923 0.0267022696929239 0.028530670470756064
0 0.3030855956089602 0.24978734083584295 0.0267022696929239 0.028530670470756064
0 0.28113204437191985 0.2757132667617689 0.0267022696929239 0.028530670470756064
0 0.28286521946958093 0.26089845194695405 0.0267022696929239 0.028530670470756064
0 0.2886424697951179 0.24608363713213927 0.0267022696929239 0.028530670470756064
0 0.28806474476256416 0.23312067416917628 0.0267022696929239 0.028530670470756064
0 0.3077073958693897 0.2750959828111516 0.0267022696929239 0.028530670470756064
0 0.46138225452867215 0.2429972173790528 0.0267022696929239 0.028530670470756064
0 0.44347277851950756 0.23867622972473182 0.0267022696929239 0.028530670470756064
0 0.42845192767311163 0.22941697046547257 0.0267022696929239 0.028530670470756064
0 0.4365400781288633 0.22694783466300342 0.0267022696929239 0.028530670470756064
0 0.41805287708714517 0.2343552420704108 0.0267022696929239 0.028530670470756064
0 0.4151642519243766 0.22941697046547257 0.0267022696929239 0.028530670470756064
0 0.42151922728246727 0.24978734083584295 0.0267022696929239 0.028530670470756064
0 0.4330737279335411 0.2541083284901639 0.0267022696929239 0.028530670470756064
0 0.42845192767311163 0.24176264947781828 0.0267022696929239 0.028530670470756064
0 0.4122756267616081 0.2429972173790528 0.0267022696929239 0.028530670470756064
0 0.5000898317097695 0.2541083284901639 0.0267022696929239 0.028530670470756064
0 0.4966234815144474 0.26028116799633677 0.0267022696929239 0.028530670470756064
0 0.48737988099358825 0.2448490692309047 0.0267022696929239 0.028530670470756064
0 0.4983566566121085 0.24237993342843553 0.0267022696929239 0.028530670470756064
0 0.5151106825561655 0.25040462478646025 0.0267022696929239 0.028530670470756064
0 0.5353310586955448 0.22756511861362072 0.0267022696929239 0.028530670470756064
0 0.5220433829468097 0.2707749951568306 0.0267022696929239 0.028530670470756064
0 0.53302015856533 0.24855277293460837 0.0267022696929239 0.028530670470756064
0 0.47986945557039007 0.23713301984818863 0.0267022696929239 0.028530670470756064
0 0.48680215596103443 0.22972561244078116 0.0267022696929239 0.028530670470756064
0 0.401298851143088 0.2457749951568306 0.0267022696929239 0.028530670470756064
0 0.3851225502315844 0.24330585935436144 0.0267022696929239 0.028530670470756064
0 0.3181064464553562 0.24083672355189228 0.0267022696929239 0.028530670470756064
0 0.9628475827852774 0.43836758774942314 0.0267022696929239 0.028530670470756064
0 0.9443603817435591 0.44330585935436134 0.0267022696929239 0.028530670470756064
0 0.8888987786184047 0.4692317852802873 0.0267022696929239 0.028530670470756064
0 0.8669452273813643 0.409972526021028 0.0267022696929239 0.028530670470756064
0 0.8426807760141092 0.4161453655272009 0.0267022696929239 0.028530670470756064
0 0.814949974451532 0.4309601803420157 0.0267022696929239 0.028530670470756064
0 0.7571774711961627 0.36429351367534907 0.0267022696929239 0.028530670470756064
0 0.875033377837116 0.4037996865148552 0.0267022696929239 0.028530670470756064
0 0.9863793700242298 0.5541083284901638 0.0267022696929239 0.028530670470756064
0 0.9262959666386458 0.4485527729346083 0.0267022696929239 0.028530670470756064
0 0.7720433829468097 0.4096638840457194 0.0267022696929239 0.028530670470756064
0 0.4983566566121082 0.484046600095102 0.0267022696929239 0.028530670470756064
0 0.0669509963902488 0.709663884045719 0.0267022696929239 0.028530670470756064
0 0.2685770327514876 0.7837379581197932 0.0267022696929239 0.028530670470756064
0 0.3303936112347327 0.8115157358975709 0.0267022696929239 0.028530670470756064
0 0.30439598476981655 0.6584293161444845 0.0267022696929239 0.028530670470756064
0 0.34830308724389725 0.6608984519469536 0.0267022696929239 0.028530670470756064
0 0.6427879147505315 0.6115157358975714 0.0267022696929239 0.028530670470756064
0 0.6485651650760687 0.6862070939222628 0.0267022696929239 0.028530670470756064
0 0.5867485865928235 0.665219439601275 0.0267022696929239 0.028530670470756064
0 0.4469391287148298 0.5787996865148552 0.0267022696929239 0.028530670470756064
0 0.628922513969243 0.7701577112062132 0.0267022696929239 0.028530670470756064
0 0.5630618602581218 0.5328120321938679 0.0267022696929239 0.028530670470756064
0 0.5699945606487661 0.41058980997164574 0.0267022696929239 0.028530670470756064
0 0.5353310586955445 0.3649107976259667 0.0267022696929239 0.028530670470756064
0 0.43249600290098766 0.2757132667617688 0.0267022696929239 0.028530670470756064
0 0.4509832039427058 0.26089845194695405 0.0267022696929239 0.028530670470756064
0 0.4625377045937796 0.25966388404571944 0.0267022696929239 0.028530670470756064
0 0.4498277538775985 0.25163919268769475 0.0267022696929239 0.028530670470756064
0 0.45387182910547436 0.2417626494778182 0.0267022696929239 0.028530670470756064
0 0.4492500288450447 0.22262684700868238 0.0267022696929239 0.028530670470756064
0 0.456182729235689 0.22879968651485524 0.0267022696929239 0.028530670470756064
0 0.46542632975654813 0.23497252602102806 0.0267022696929239 0.028530670470756064
0 0.48622443092848106 0.2967009210827565 0.0267022696929239 0.028530670470756064
0 0.44231732845440036 0.2541083284901639 0.0267022696929239 0.028530670470756064
0 0.3620135489294371 0.2701577112062133 0.0267022696929239 0.028530670470756064
0 0.29846379534853085 0.2374416618234972 0.0267022696929239 0.028530670470756064
0 0.5231988330119166 0.23558980997164536 0.0267022696929239 0.028530670470756064
0 0.1661488204158326 0.8095174717551985 0.0267022696929239 0.028530670470756064
0 0.9965001517573145 0.9246620184043445 0.0267022696929239 0.028530670470756064
0 0.327258947102488 0.2894780499417951 0.0267022696929239 0.028530670470756064
0 0.2977425880148565 0.2914491406119659 0.0267022696929239 0.028530670470756064
