0 0.1884269572977981 0.7566928913009942 0.01953125 0.029239766081871343
0 0.23878666952801392 0.7255786014463282 0.01953125 0.029239766081871343
0 0.20441416752961264 0.6729236493845859 0.01953125 0.029239766081871343
0 0.2419841115743768 0.6597599113691502 0.01953125 0.029239766081871343
0 0.23718794850483246 0.6226621042347408 0.01953125 0.029239766081871343
0 0.2771559740843689 0.6286456215144843 0.01953125 0.029239766081871343
0 0.20281544650643119 0.5724005590848957 0.01953125 0.029239766081871343
0 0.18922631780938878 0.5269258277588454 0.01953125 0.029239766081871343
0 0.2020160859948404 0.5281225312147942 0.01953125 0.029239766081871343
0 0.17643654962393718 0.5197456070231534 0.01953125 0.029239766081871343
0 0.16364678143848552 0.5125653862874614 0.01953125 0.029239766081871343
0 0.1604493393921226 0.5233357173909995 0.01953125 0.029239766081871343
0 0.15005765274144317 0.5197456070231534 0.01953125 0.029239766081871343
0 0.1748378286007557 0.5353027519504864 0.01953125 0.029239766081871343
0 0.1284749189284935 0.5077785724636665 0.01953125 0.029239766081871343
0 0.10929026665031603 0.5101719793755639 0.01953125 0.029239766081871343
0 0.10929026665031603 0.5269258277588454 0.01953125 0.029239766081871343
0 0.10369474306918097 0.5269258277588454 0.01953125 0.029239766081871343
0 0.12607683739372133 0.5317126415826403 0.01953125 0.029239766081871343
0 0.10609282460395314 0.5400895657742811 0.01953125 0.029239766081871343
0 0.11568515074304189 0.5496631934218706 0.01953125 0.029239766081871343
0 0.08690817232577568 0.5460730830540246 0.01953125 0.029239766081871343
0 0.060529275443281676 0.5317126415826403 0.01953125 0.029239766081871343
0 0.06452607800123532 0.5532533037897167 0.01953125 0.029239766081871343
0 0.026156773444880394 0.5664170418051523 0.01953125 0.029239766081871343
0 0.027755494468061866 0.536499455406435 0.01953125 0.029239766081871343
0 0.015765086794200946 0.5604335245254088 0.01953125 0.029239766081871343
0 0.006172760655112236 0.536499455406435 0.01953125 0.029239766081871343
0 0.016564447305791683 0.5161554966553074 0.01953125 0.029239766081871343
0 0.029354215491243296 0.4778609860649492 0.01953125 0.029239766081871343
0 0.050936949304192965 0.48863131716848746 0.01953125 0.029239766081871343
0 0.06452607800123532 0.48504120680064133 0.01953125 0.029239766081871343
0 0.08530945130259425 0.48982802062443614 0.01953125 0.029239766081871343
0 0.07172032260555186 0.4778609860649492 0.01953125 0.029239766081871343
0 0.07731584618668697 0.6573665044572528 0.01953125 0.029239766081871343
0 0.1220800348357677 0.692070904679765 0.01953125 0.029239766081871343
0 0.15325509478780608 0.6250555111466383 0.01953125 0.029239766081871343
0 0.1676435839964391 0.5783840763646392 0.01953125 0.029239766081871343
0 0.16284742092689478 0.5353027519504864 0.01953125 0.029239766081871343
0 0.14925829222985243 0.692070904679765 0.01953125 0.029239766081871343
0 0.29074510278141114 0.5161554966553074 0.01953125 0.029239766081871343
0 0.3227195232450403 0.5293192346707429 0.01953125 0.029239766081871343
0 0.39546132979979653 0.5161554966553074 0.01953125 0.029239766081871343
0 0.4370280764025143 0.5065818690077178 0.01953125 0.029239766081871343
0 0.3882670851954799 0.5616302279813576 0.01953125 0.029239766081871343
0 0.3538945831970786 0.598728035115767 0.01953125 0.029239766081871343
0 0.3219201627334496 0.6226621042347408 0.01953125 0.029239766081871343
0 0.39306324826502426 0.6071049593074078 0.01953125 0.029239766081871343
0 0.38187220110275405 0.6118917731312026 0.01953125 0.029239766081871343
0 0.40984981900842954 0.617875290410946 0.01953125 0.029239766081871343
0 0.39945813235775013 0.6394159526180225 0.01953125 0.029239766081871343
0 0.38746772468388924 0.6621533182810476 0.01953125 0.029239766081871343
0 0.3594901067782137 0.6741203528405346 0.01953125 0.029239766081871343
0 0.3858690036607077 0.6932676081357135 0.01953125 0.029239766081871343
0 0.4114485400316111 0.6705302424726886 0.01953125 0.029239766081871343
0 0.46340697328500824 0.7507093740212507 0.01953125 0.029239766081871343
0 0.49378267272545595 0.7650698154926351 0.01953125 0.029239766081871343
0 0.49937819630659097 0.6896774977678675 0.01953125 0.029239766081871343
0 0.437827436914105 0.6789071666643294 0.01953125 0.029239766081871343
0 0.46580505481978046 0.6657434286488937 0.01953125 0.029239766081871343
0 0.45941017072705476 0.6406126560739711 0.01953125 0.029239766081871343
0 0.4921839517022746 0.6250555111466383 0.01953125 0.029239766081871343
0 0.5073718014224983 0.5891544074681775 0.01953125 0.029239766081871343
0 0.5473398270020347 0.6083016627633565 0.01953125 0.029239766081871343
0 0.5345500588165831 0.6789071666643294 0.01953125 0.029239766081871343
0 0.5177634880731777 0.6621533182810476 0.01953125 0.029239766081871343
0 0.5585308741643049 0.6537763940894067 0.01953125 0.029239766081871343
0 0.5505372690483976 0.6645467251929451 0.01953125 0.029239766081871343
0 0.5577315136527142 0.8069544364508392 0.01953125 0.029239766081871343
0 0.584909771046799 0.8261016917460183 0.01953125 0.029239766081871343
0 0.5529353505831699 0.8548225746887871 0.01953125 0.029239766081871343
0 0.6664445432290532 0.7770368500521221 0.01953125 0.029239766081871343
0 0.6720400668101881 0.8464456504971462 0.01953125 0.029239766081871343
0 0.7160048949476782 0.7662665189485837 0.01953125 0.029239766081871343
0 0.7080112898317709 0.7124148634308927 0.01953125 0.029239766081871343
0 0.6368682043001963 0.6824972770321754 0.01953125 0.029239766081871343
0 0.6496579724856478 0.6621533182810476 0.01953125 0.029239766081871343
0 0.6224797150915632 0.6370225457061252 0.01953125 0.029239766081871343
0 0.5841104105352083 0.6286456215144843 0.01953125 0.029239766081871343
0 0.5889065736047526 0.583170890188434 0.01953125 0.029239766081871343
0 0.6096899469061114 0.6035148489395616 0.01953125 0.029239766081871343
0 0.6064925048597486 0.5783840763646392 0.01953125 0.029239766081871343
0 0.5681232003033936 0.5807774832765366 0.01953125 0.029239766081871343
0 0.5841104105352083 0.5029917586398717 0.01953125 0.029239766081871343
0 0.6912247190883657 0.6166785869549973 0.01953125 0.029239766081871343
0 0.7455812338765351 0.6286456215144843 0.01953125 0.029239766081871343
0 0.69602088215791 0.6789071666643294 0.01953125 0.029239766081871343
0 0.7439825128533537 0.7902005880675577 0.01953125 0.029239766081871343
0 0.7503773969460795 0.761479705124789 0.01953125 0.029239766081871343
0 0.7631671651315312 0.7782335535080707 0.01953125 0.029239766081871343
0 0.7703614097358475 0.7531027809331481 0.01953125 0.029239766081871343
0 0.7927435040603881 0.8093478433627367 0.01953125 0.029239766081871343
0 0.787147980479253 0.7076280496070979 0.01953125 0.029239766081871343
0 0.7687626887126662 0.6226621042347408 0.01953125 0.029239766081871343
0 0.8111287958269748 0.6166785869549973 0.01953125 0.029239766081871343
0 0.8175236799197005 0.6729236493845859 0.01953125 0.029239766081871343
0 0.8007371091762953 0.889526974911299 0.01953125 0.029239766081871343
0 0.8550936239644648 0.7255786014463282 0.01953125 0.029239766081871343
0 0.9150456623337693 0.7566928913009942 0.01953125 0.029239766081871343
0 0.9206411859149045 0.8967071956469911 0.01953125 0.029239766081871343
0 0.9582111299596686 0.7710533327723785 0.01953125 0.029239766081871343
0 0.9414245592162633 0.7590862982128916 0.01953125 0.029239766081871343
0 0.9789945032610275 0.792593994979455 0.01953125 0.029239766081871343
0 0.9694021771219389 0.7076280496070979 0.01953125 0.029239766081871343
0 0.9582111299596686 0.6705302424726886 0.01953125 0.029239766081871343
0 0.9470200827973985 0.6657434286488937 0.01953125 0.029239766081871343
0 0.9150456623337693 0.6824972770321754 0.01953125 0.029239766081871343
0 0.9278354305192209 0.6513829871775095 0.01953125 0.029239766081871343
0 0.9222399069380859 0.6394159526180225 0.01953125 0.029239766081871343
0 0.9102494992642249 0.617875290410946 0.01953125 0.029239766081871343
0 0.9118482202874063 0.5783840763646392 0.01953125 0.029239766081871343
0 0.9286347910308118 0.6083016627633565 0.01953125 0.029239766081871343
0 0.9414245592162633 0.6059082558514592 0.01953125 0.029239766081871343
0 0.9382271171699005 0.5891544074681775 0.01953125 0.029239766081871343
0 0.9925836319580699 0.5724005590848957 0.01953125 0.029239766081871343
0 0.9773957822378462 0.6513829871775095 0.01953125 0.029239766081871343
0 0.998179155539205 0.6896774977678675 0.01953125 0.029239766081871343
0 0.8630872290803719 0.6394159526180225 0.01953125 0.029239766081871343
0 0.6072918653713393 0.6286456215144843 0.01953125 0.029239766081871343
0 0.5897059341163433 0.598728035115767 0.01953125 0.029239766081871343
0 0.8447019373137853 0.6059082558514592 0.01953125 0.029239766081871343
0 0.8822718813585495 0.6166785869549973 0.01953125 0.029239766081871343
0 0.9797938637726182 0.6035148489395616 0.01953125 0.029239766081871343
0 0.08371073027941277 0.4766642826090005 0.01953125 0.029239766081871343
0 0.054134391350555866 0.46589395150546226 0.01953125 0.029239766081871343
0 0.3962606903113872 0.7495126705653021 0.01953125 0.029239766081871343
0 0.637667564811787 0.5843675936443826 0.01953125 0.029239766081871343
0 0.6008969812786135 0.5209423104791021 0.01953125 0.029239766081871343
0 0.6208809940683817 0.5149587931993586 0.01953125 0.029239766081871343
0 0.6280752386726981 0.5029917586398718 0.01953125 0.029239766081871343
0 0.7879473409908437 0.6705302424726886 0.01953125 0.029239766081871343
0 0.8247179245240172 0.5376961588623838 0.01953125 0.029239766081871343
0 0.8055332722458396 0.5245324208469482 0.01953125 0.029239766081871343
0 0.7847498989444808 0.5245324208469482 0.01953125 0.029239766081871343
0 0.7263965815983577 0.5317126415826403 0.01953125 0.029239766081871343
0 0.7128074529013152 0.5245324208469482 0.01953125 0.029239766081871343
0 0.7351895472258557 0.5197456070231534 0.01953125 0.029239766081871343
0 0.304838752104377 0.4771726360420318 0.01953125 0.029239766081871343
0 0.9221753121492704 0.4771726360420318 0.01953125 0.029239766081871343
