0 0.11404612401311243 0.9708093283513408 0.027932960893854747 0.044543429844097995
0 0.03393162195853927 0.9353218354838115 0.027932960893854747 0.044543429844097995
0 0.026142712036566866 0.9033830919030351 0.027932960893854747 0.044543429844097995
0 0.05507294888960718 0.9548399565609526 0.027932960893854747 0.044543429844097995
0 0.07398887298582585 0.910480590476541 0.027932960893854747 0.044543429844097995
0 0.01612839927974522 0.8483774779583647 0.027932960893854747 0.044543429844097995
0 0.0050013851054989565 0.8288593568812235 0.027932960893854747 0.044543429844097995
0 0.04505863613278554 0.8377312300981059 0.027932960893854747 0.044543429844097995
0 0.08066508149037356 0.807566861160706 0.027932960893854747 0.044543429844097995
0 0.10403181125629078 0.8519262272451177 0.027932960893854747 0.044543429844097995
0 0.08177778290779826 0.8643468497487529 0.027932960893854747 0.044543429844097995
0 0.09958100558659223 0.8182131090209648 0.027932960893854747 0.044543429844097995
0 0.10959531834341388 0.7720793682931767 0.027932960893854747 0.044543429844097995
0 0.14965256937070043 0.8128899850908353 0.027932960893854747 0.044543429844097995
0 0.1518779722055497 0.9140293397632939 0.027932960893854747 0.044543429844097995
0 0.11182072117826311 0.9175780890500469 0.027932960893854747 0.044543429844097995
0 0.1251731381873587 0.8909624693993998 0.027932960893854747 0.044543429844097995
0 0.15521607645782362 0.8643468497487529 0.027932960893854747 0.044543429844097995
0 0.16077958354494673 0.960163080491082 0.027932960893854747 0.044543429844097995
0 0.18080820905859002 0.9779068269248468 0.027932960893854747 0.044543429844097995
0 0.22420356433815053 0.9672605790645878 0.027932960893854747 0.044543429844097995
0 0.18859711898056242 0.9317730861970586 0.027932960893854747 0.044543429844097995
0 0.2586973082783139 0.8607981004619999 0.027932960893854747 0.044543429844097995
0 0.2687116210351356 0.9530655819175762 0.027932960893854747 0.044543429844097995
0 0.3087688720624222 0.960163080491082 0.027932960893854747 0.044543429844097995
0 0.40334849254351557 0.9796812015682231 0.027932960893854747 0.044543429844097995
0 0.37553095710789985 0.9299987115536822 0.027932960893854747 0.044543429844097995
0 0.4623216676670207 0.9317730861970586 0.027932960893854747 0.044543429844097995
0 0.4979281130246088 0.963711829777835 0.027932960893854747 0.044543429844097995
0 0.2787259337919572 0.9016087172596586 0.027932960893854747 0.044543429844097995
0 0.30431806639272363 0.8732187229656352 0.027932960893854747 0.044543429844097995
0 0.29430375363590194 0.8377312300981059 0.027932960893854747 0.044543429844097995
0 0.33324830324576393 0.8696699736788823 0.027932960893854747 0.044543429844097995
0 0.342149914585161 0.9087062158331645 0.027932960893854747 0.044543429844097995
0 0.368854748603352 0.887413720112647 0.027932960893854747 0.044543429844097995
0 0.4189263123874602 0.9175780890500469 0.027932960893854747 0.044543429844097995
0 0.41781361097003566 0.8749930976090117 0.027932960893854747 0.044543429844097995
0 0.6014093448450991 0.9495168326308232 0.027932960893854747 0.044543429844097995
0 0.6559317142989057 0.9672605790645878 0.027932960893854747 0.044543429844097995
0 0.6192125675238932 0.9921018240718583 0.027932960893854747 0.044543429844097995
0 0.5457742739738678 0.9211268383367998 0.027932960893854747 0.044543429844097995
0 0.5313091555473476 0.8625724751053765 0.027932960893854747 0.044543429844097995
0 0.5046043215291566 0.8607981004619999 0.027932960893854747 0.044543429844097995
0 0.4589835634147468 0.8377312300981059 0.027932960893854747 0.044543429844097995
0 0.4623216676670207 0.8820905961825176 0.027932960893854747 0.044543429844097995
0 0.7460605291103005 0.9938761987152349 0.027932960893854747 0.044543429844097995
0 0.0807389537836465 0.754335621859412 0.027932960893854747 0.044543429844097995
0 0.028441987164689028 0.7259456275653887 0.027932960893854747 0.044543429844097995
0 0.039569001338935296 0.6806990741592888 0.027932960893854747 0.044543429844097995
0 0.0846334087446327 0.7073146938099357 0.027932960893854747 0.044543429844097995
0 0.11690174984994688 0.7117506304183769 0.027932960893854747 0.044543429844097995
0 0.11300729488896072 0.6629553277255241 0.027932960893854747 0.044543429844097995
0 0.13081051756775472 0.7241712529220122 0.027932960893854747 0.044543429844097995
0 0.15751535158594576 0.7303815641738297 0.027932960893854747 0.044543429844097995
0 0.1374867260723025 0.7623203077546061 0.027932960893854747 0.044543429844097995
0 0.18088208135186293 0.7374790627473357 0.027932960893854747 0.044543429844097995
0 0.16419156009049357 0.6877965727327947 0.027932960893854747 0.044543429844097995
0 0.20814326607876638 0.6700528262990301 0.027932960893854747 0.044543429844097995
0 0.18143843206057528 0.780951241510059 0.027932960893854747 0.044543429844097995
0 0.18143843206057528 0.8208746709860295 0.027932960893854747 0.044543429844097995
0 0.2103686689136156 0.7907103020486296 0.027932960893854747 0.044543429844097995
0 0.23985525647536818 0.7729665556148649 0.027932960893854747 0.044543429844097995
0 0.27267994828939474 0.7836128034751239 0.027932960893854747 0.044543429844097995
0 0.2849196638810656 0.8084540484823942 0.027932960893854747 0.044543429844097995
0 0.26544738907613463 0.7569971838244768 0.027932960893854747 0.044543429844097995
0 0.25932753128029923 0.8120027977691472 0.027932960893854747 0.044543429844097995
0 0.3144062514428183 0.7818384288317474 0.027932960893854747 0.044543429844097995
0 0.34500554042199544 0.8040181118739531 0.027932960893854747 0.044543429844097995
0 0.4206692368068702 0.8093412358040826 0.027932960893854747 0.044543429844097995
0 0.38506279144928207 0.8439415413499235 0.027932960893854747 0.044543429844097995
0 0.38450644074056983 0.7871615527618767 0.027932960893854747 0.044543429844097995
0 0.43179625098111646 0.7596587457895415 0.027932960893854747 0.044543429844097995
0 0.39730250704095293 0.7454637486425297 0.027932960893854747 0.044543429844097995
0 0.45738838358188283 0.7871615527618767 0.027932960893854747 0.044543429844097995
0 0.48186781476522467 0.7738537429365533 0.027932960893854747 0.044543429844097995
0 0.45071217507733513 0.7472381232859062 0.027932960893854747 0.044543429844097995
0 0.4373597580682395 0.7179609416701946 0.027932960893854747 0.044543429844097995
0 0.4067604690890623 0.7135250050617534 0.027932960893854747 0.044543429844097995
0 0.3611397109746526 0.7223968782786356 0.027932960893854747 0.044543429844097995
0 0.31384990073410596 0.7392534373907121 0.027932960893854747 0.044543429844097995
0 0.2782434553765179 0.7152993797051298 0.027932960893854747 0.044543429844097995
0 0.2509822706496144 0.7223968782786356 0.027932960893854747 0.044543429844097995
0 0.23651715222309433 0.6363397080748772 0.027932960893854747 0.044543429844097995
0 0.2103686689136156 0.6372268953965653 0.027932960893854747 0.044543429844097995
0 0.25209497206703907 0.6656168896905889 0.027932960893854747 0.044543429844097995
0 0.2904831709681888 0.6611809530821476 0.027932960893854747 0.044543429844097995
0 0.329984071286763 0.6558578291520183 0.027932960893854747 0.044543429844097995
0 0.30383558797728427 0.6762631375508477 0.027932960893854747 0.044543429844097995
0 0.34444918971328314 0.6656168896905889 0.027932960893854747 0.044543429844097995
0 0.35335080105268013 0.6798118868376005 0.027932960893854747 0.044543429844097995
0 0.38784454499284365 0.6700528262990301 0.027932960893854747 0.044543429844097995
0 0.4000842605845145 0.6895709473761711 0.027932960893854747 0.044543429844097995
0 0.4217819382242948 0.6966684459496769 0.027932960893854747 0.044543429844097995
0 0.44292326515536273 0.6762631375508477 0.027932960893854747 0.044543429844097995
0 0.4362470566508149 0.6505347052218888 0.027932960893854747 0.044543429844097995
0 0.45738838358188283 0.6886837600544828 0.027932960893854747 0.044543429844097995
0 0.4968892839004571 0.6886837600544828 0.027932960893854747 0.044543429844097995
0 0.4974456346091694 0.7223968782786356 0.027932960893854747 0.044543429844097995
0 0.4746352555519645 0.8075668611607061 0.027932960893854747 0.044543429844097995
0 0.4957765824830324 0.799582175265512 0.027932960893854747 0.044543429844097995
0 0.48075511334779997 0.8359568554547294 0.027932960893854747 0.044543429844097995
0 0.08908421441433122 0.6425500193266948 0.027932960893854747 0.044543429844097995
0 0.07295004386167413 0.6620681404038359 0.027932960893854747 0.044543429844097995
0 0.07573179740523567 0.6185959616411125 0.027932960893854747 0.044543429844097995
0 0.05848492543515397 0.5884315927037126 0.027932960893854747 0.044543429844097995
0 0.03845629992151068 0.6256934602146184 0.027932960893854747 0.044543429844097995
0 0.023991181494990518 0.6611809530821476 0.027932960893854747 0.044543429844097995
0 0.004518906690059532 0.6549706418303299 0.027932960893854747 0.044543429844097995
0 0.026772935038552104 0.6168215869977359 0.027932960893854747 0.044543429844097995
0 0.030667389999538268 0.571575033591636 0.027932960893854747 0.044543429844097995
0 0.016202271573018144 0.540523477332548 0.027932960893854747 0.044543429844097995
0 0.007857010942333428 0.5848828434169597 0.027932960893854747 0.044543429844097995
0 0.031223740708250614 0.5227797308987834 0.027932960893854747 0.044543429844097995
0 0.05792857472644166 0.5085847337517716 0.027932960893854747 0.044543429844097995
0 0.0807389537836465 0.49084098731800696 0.027932960893854747 0.044543429844097995
0 0.08630246087076963 0.5192309816120304 0.027932960893854747 0.044543429844097995
0 0.08964056512304351 0.5751237828783891 0.027932960893854747 0.044543429844097995
0 0.1085564892192622 0.5272156675072245 0.027932960893854747 0.044543429844097995
0 0.11356364559767303 0.5910931546687772 0.027932960893854747 0.044543429844097995
0 0.11968350339350847 0.6168215869977359 0.027932960893854747 0.044543429844097995
0 0.14471928528556258 0.5724622209133244 0.027932960893854747 0.044543429844097995
0 0.15918440371208273 0.536974728045795 0.027932960893854747 0.044543429844097995
0 0.13136686827646704 0.5396362900108598 0.027932960893854747 0.044543429844097995
0 0.1469446881204118 0.5147950450035892 0.027932960893854747 0.044543429844097995
0 0.16864236576019206 0.4970512985698246 0.027932960893854747 0.044543429844097995
0 0.17198047001246594 0.6044009644941007 0.027932960893854747 0.044543429844097995
0 0.18477653631284913 0.552056912514495 0.027932960893854747 0.044543429844097995
0 0.17810032780830137 0.5724622209133244 0.027932960893854747 0.044543429844097995
0 0.21092501962232788 0.5698006589482596 0.027932960893854747 0.044543429844097995
0 0.21927028025301262 0.5964162785989066 0.027932960893854747 0.044543429844097995
0 0.22761554088369731 0.6114984630676066 0.027932960893854747 0.044543429844097995
0 0.2548767256106006 0.6061753391374771 0.027932960893854747 0.044543429844097995
0 0.23317904797082048 0.5485081632277421 0.027932960893854747 0.044543429844097995
0 0.20647421395262938 0.5396362900108598 0.027932960893854747 0.044543429844097995
0 0.19645990119580775 0.5227797308987834 0.027932960893854747 0.044543429844097995
0 0.27101089616325774 0.6079497137808537 0.027932960893854747 0.044543429844097995
0 0.29326492451175035 0.5751237828783891 0.027932960893854747 0.044543429844097995
0 0.27768710466780555 0.5573800364446244 0.027932960893854747 0.044543429844097995
0 0.2587711805715869 0.5414106646542362 0.027932960893854747 0.044543429844097995
0 0.24263701001892976 0.49350254928307163 0.027932960893854747 0.044543429844097995
0 0.2237210859227111 0.4846306760661893 0.027932960893854747 0.044543429844097995
0 0.26544738907613463 0.49882567321320104 0.027932960893854747 0.044543429844097995
0 0.3116244978992566 0.5937547166338418 0.027932960893854747 0.044543429844097995
0 0.3355475783738861 0.6132728377109831 0.027932960893854747 0.044543429844097995
0 0.3155189528602429 0.6407756446833183 0.027932960893854747 0.044543429844097995
0 0.37949928436215896 0.6035137771724125 0.027932960893854747 0.044543429844097995
0 0.40286601412807616 0.6443243939700712 0.027932960893854747 0.044543429844097995
0 0.4290144974375549 0.5848828434169597 0.027932960893854747 0.044543429844097995
0 0.4050914169629254 0.552056912514495 0.027932960893854747 0.044543429844097995
0 0.4468177201163489 0.5804469068085184 0.027932960893854747 0.044543429844097995
0 0.45683203287317053 0.6168215869977359 0.027932960893854747 0.044543429844097995
0 0.46907174846484145 0.5955290912772184 0.027932960893854747 0.044543429844097995
0 0.49299482893947094 0.62480627289293 0.027932960893854747 0.044543429844097995
0 0.48242416547393696 0.5768981575217654 0.027932960893854747 0.044543429844097995
0 0.4968892839004571 0.5751237828783891 0.027932960893854747 0.044543429844097995
0 0.49410753035689553 0.5343131660807303 0.027932960893854747 0.044543429844097995
0 0.46406459208643064 0.5263284801855362 0.027932960893854747 0.044543429844097995
0 0.42790179602013023 0.528990042150601 0.027932960893854747 0.044543429844097995
0 0.36002700955722794 0.5760109702000773 0.027932960893854747 0.044543429844097995
0 0.38005563507087126 0.552056912514495 0.027932960893854747 0.044543429844097995
0 0.39118264924511753 0.5343131660807303 0.027932960893854747 0.044543429844097995
0 0.39952790987580217 0.4997128605348893 0.027932960893854747 0.044543429844097995
0 0.35724525601366636 0.521892543577095 0.027932960893854747 0.044543429844097995
0 0.35668890530495406 0.5502825378711185 0.027932960893854747 0.044543429844097995
0 0.3466745925481325 0.5848828434169597 0.027932960893854747 0.044543429844097995
0 0.31273719931668126 0.5556056618012479 0.027932960893854747 0.044543429844097995
0 0.29882843159887346 0.5440722266193009 0.027932960893854747 0.044543429844097995
0 0.292708573803038 0.5174566069686539 0.027932960893854747 0.044543429844097995
0 0.28380696246364095 0.49882567321320104 0.027932960893854747 0.044543429844097995
0 0.31384990073410596 0.5085847337517716 0.027932960893854747 0.044543429844097995
0 0.29994113301629804 0.47487161552761875 0.027932960893854747 0.044543429844097995
0 0.3221951613647906 0.48285630142281283 0.027932960893854747 0.044543429844097995
0 0.2682291426196962 0.4730972408842423 0.027932960893854747 0.044543429844097995
0 0.28269426104621637 0.4500303705203482 0.027932960893854747 0.044543429844097995
0 0.2860323652984902 0.4154300649745072 0.027932960893854747 0.044543429844097995
0 0.2609965834064361 0.43938412266008947 0.027932960893854747 0.044543429844097995
0 0.29827208089016116 0.44736880855528355 0.027932960893854747 0.044543429844097995
0 0.3310967727041876 0.45091755784203646 0.027932960893854747 0.044543429844097995
0 0.347787293965557 0.47398442820593045 0.027932960893854747 0.044543429844097995
0 0.3633651138095018 0.4704356789191776 0.027932960893854747 0.044543429844097995
0 0.37616118010988503 0.47398442820593045 0.027932960893854747 0.044543429844097995
0 0.3628087631007895 0.4926153619613834 0.027932960893854747 0.044543429844097995
0 0.370597673022762 0.45357911980710114 0.027932960893854747 0.044543429844097995
0 0.3633651138095018 0.4198660015829483 0.027932960893854747 0.044543429844097995
0 0.3817246871970082 0.4358353733733365 0.027932960893854747 0.044543429844097995
0 0.3967461563322407 0.4544663071287894 0.027932960893854747 0.044543429844097995
0 0.3872881942841313 0.4544663071287894 0.027932960893854747 0.044543429844097995
0 0.43012719885497946 0.47487161552761875 0.027932960893854747 0.044543429844097995
0 0.4190001846807332 0.46777411695411286 0.027932960893854747 0.044543429844097995
0 0.46406459208643064 0.4890666126746305 0.027932960893854747 0.044543429844097995
0 0.47519160626067686 0.48995379999631866 0.027932960893854747 0.044543429844097995
0 0.4918821275220463 0.48551786338787756 0.027932960893854747 0.044543429844097995
0 0.49967103744401864 0.46156380570229527 0.027932960893854747 0.044543429844097995
0 0.49021307539590936 0.4500303705203482 0.027932960893854747 0.044543429844097995
0 0.45460663003832125 0.4518047451637247 0.027932960893854747 0.044543429844097995
0 0.4190001846807332 0.4278506874781424 0.027932960893854747 0.044543429844097995
0 0.4312399002724041 0.4429328719468424 0.027932960893854747 0.044543429844097995
0 0.39952790987580217 0.4189788142612601 0.027932960893854747 0.044543429844097995
0 0.39118264924511753 0.39857350586243073 0.027932960893854747 0.044543429844097995
0 0.40620411838035 0.3666347622816543 0.027932960893854747 0.044543429844097995
0 0.4234509903504317 0.4030094424708719 0.027932960893854747 0.044543429844097995
0 0.4457050186989243 0.3817169467503543 0.027932960893854747 0.044543429844097995
0 0.4373597580682395 0.37639382282022493 0.027932960893854747 0.044543429844097995
0 0.45905743570801977 0.3834913213937308 0.027932960893854747 0.044543429844097995
0 0.46072648783415676 0.4047838171142484 0.027932960893854747 0.044543429844097995
0 0.4796424119303754 0.3826041340720425 0.027932960893854747 0.044543429844097995
0 0.4746352555519645 0.4305122494432071 0.027932960893854747 0.044543429844097995
0 0.36169606168336493 0.37461944817684845 0.027932960893854747 0.044543429844097995
0 0.3756048294011728 0.3923631946106131 0.027932960893854747 0.044543429844097995
0 0.3394420333348724 0.37284507353347196 0.027932960893854747 0.044543429844097995
0 0.33165312341289993 0.399460693184119 0.027932960893854747 0.044543429844097995
0 0.2815815596287918 0.3826041340720425 0.027932960893854747 0.044543429844097995
0 0.2966030287640242 0.36840913692503086 0.027932960893854747 0.044543429844097995
0 0.27490535112424397 0.36397320031658964 0.027932960893854747 0.044543429844097995
0 0.2504259199409022 0.3923631946106131 0.027932960893854747 0.044543429844097995
0 0.23262269726210813 0.42607631283476594 0.027932960893854747 0.044543429844097995
0 0.21259407174846484 0.422527563548013 0.027932960893854747 0.044543429844097995
0 0.20424881111778015 0.45269193248541295 0.027932960893854747 0.044543429844097995
0 0.16919871646890436 0.46245099302398346 0.027932960893854747 0.044543429844097995
0 0.17698762639087676 0.44914318319866003 0.027932960893854747 0.044543429844097995
0 0.18199478276928763 0.40921975372268954 0.027932960893854747 0.044543429844097995
0 0.18867099127383535 0.384378508715419 0.027932960893854747 0.044543429844097995
0 0.23262269726210813 0.37639382282022493 0.027932960893854747 0.044543429844097995
0 0.22149568308786186 0.40389662979256014 0.027932960893854747 0.044543429844097995
0 0.15862805300337043 0.40921975372268954 0.027932960893854747 0.044543429844097995
0 0.12079620481093309 0.422527563548013 0.027932960893854747 0.044543429844097995
0 0.13804307678101485 0.4065581917576248 0.027932960893854747 0.044543429844097995
0 0.15250819520753492 0.37816819746360136 0.027932960893854747 0.044543429844097995
0 0.16752966434276742 0.3648603876382779 0.027932960893854747 0.044543429844097995
0 0.11300729488896072 0.37816819746360136 0.027932960893854747 0.044543429844097995
0 0.07906990165750957 0.3737322608551602 0.027932960893854747 0.044543429844097995
0 0.07461909598781105 0.38526569603710725 0.027932960893854747 0.044543429844097995
0 0.08964056512304351 0.3879272580021719 0.027932960893854747 0.044543429844097995
0 0.03623089708666143 0.4801947394577481 0.027932960893854747 0.044543429844097995
0 0.46239553996029364 0.5609287857313774 0.027932960893854747 0.044543429844097995
0 0.4601701371254444 0.7135250050617534 0.027932960893854747 0.044543429844097995
0 0.28269426104621637 0.8918496567210883 0.027932960893854747 0.044543429844097995
0 0.6258149037351678 0.9549890482062987 0.027932960893854747 0.044543429844097995
0 0.6425054249965373 0.9230503046255223 0.027932960893854747 0.044543429844097995
0 0.6252585530264555 0.8795781258627989 0.027932960893854747 0.044543429844097995
0 0.5846449512904566 0.8769165638977342 0.027932960893854747 0.044543429844097995
0 0.5991100697169768 0.8369931344217637 0.027932960893854747 0.044543429844097995
0 0.5512639087677178 0.8298956358482579 0.027932960893854747 0.044543429844097995
0 0.5156574634101297 0.8006184542325463 0.027932960893854747 0.044543429844097995
0 0.5367987903411976 0.7988440795891697 0.027932960893854747 0.044543429844097995
0 0.5534893116025671 0.7544847135047581 0.027932960893854747 0.044543429844097995
0 0.5701798328639365 0.7553719008264463 0.027932960893854747 0.044543429844097995
0 0.5673980793203749 0.7961825176241051 0.027932960893854747 0.044543429844097995
0 0.5957719654647029 0.7748900219035874 0.027932960893854747 0.044543429844097995
0 0.5084249041968697 0.7544847135047581 0.027932960893854747 0.044543429844097995
0 0.5329043353802114 0.7154484713504758 0.027932960893854747 0.044543429844097995
0 0.5295662311279375 0.6737506672311289 0.027932960893854747 0.044543429844097995
0 0.5724052356987858 0.7172228459938523 0.027932960893854747 0.044543429844097995
0 0.5434749988457455 0.67818660383957 0.027932960893854747 0.044543429844097995
0 0.5807504963294704 0.6808481658046347 0.027932960893854747 0.044543429844097995
0 0.6196950459393323 0.6870584770564524 0.027932960893854747 0.044543429844097995
0 0.6096807331825107 0.726981906532423 0.027932960893854747 0.044543429844097995
0 0.6258149037351678 0.7367409670709935 0.027932960893854747 0.044543429844097995
0 0.590764809086292 0.7260947192107347 0.027932960893854747 0.044543429844097995
0 0.6536324391707835 0.8023928288759227 0.027932960893854747 0.044543429844097995
0 0.6152442402696339 0.8041672035192992 0.027932960893854747 0.044543429844097995
0 0.6224767994828939 0.8387675090651402 0.027932960893854747 0.044543429844097995
0 0.6647594533450297 0.8822396878278637 0.027932960893854747 0.044543429844097995
0 0.6920206380719333 0.9239374919472106 0.027932960893854747 0.044543429844097995
0 0.6781118703541252 0.9789431058918809 0.027932960893854747 0.044543429844097995
0 0.7209508749249735 0.9416812383809753 0.027932960893854747 0.044543429844097995
0 0.7993963248534096 0.9966868523256456 0.027932960893854747 0.044543429844097995
0 0.7765859457962049 0.955876235527987 0.027932960893854747 0.044543429844097995
0 0.787712959970451 0.9736199819617516 0.027932960893854747 0.044543429844097995
0 0.7993963248534096 0.872480627289293 0.027932960893854747 0.044543429844097995
0 0.7326342398079321 0.8547368808555283 0.027932960893854747 0.044543429844097995
0 0.7159437185465627 0.8183622006663109 0.027932960893854747 0.044543429844097995
0 0.7543319174477123 0.8245725119181285 0.027932960893854747 0.044543429844097995
0 0.8155304954060667 0.8405418837085168 0.027932960893854747 0.044543429844097995
0 0.7960582206011358 0.8227981372747519 0.027932960893854747 0.044543429844097995
0 0.8483551872200933 0.8831268751495518 0.027932960893854747 0.044543429844097995
0 0.851693291472367 0.9132912440869517 0.027932960893854747 0.044543429844097995
0 0.8605949028117642 0.9416812383809753 0.027932960893854747 0.044543429844097995
0 0.8361154716284223 0.9629737341014928 0.027932960893854747 0.044543429844097995
0 0.8522496421810796 0.9949124776822692 0.027932960893854747 0.044543429844097995
0 0.8839616325776812 0.9869277917870751 0.027932960893854747 0.044543429844097995
0 0.8962013481693522 0.9647481087448693 0.027932960893854747 0.044543429844097995
0 0.9596253289625559 0.9807174805352574 0.027932960893854747 0.044543429844097995
0 0.949054665497022 0.9425684257026634 0.027932960893854747 0.044543429844097995
0 0.975759499515213 0.9567634228496752 0.027932960893854747 0.044543429844097995
0 0.9991262292811303 0.9301478031990282 0.027932960893854747 0.044543429844097995
0 0.9390403527402004 0.8955474976531871 0.027932960893854747 0.044543429844097995
0 0.9106664665958725 0.9053065581917576 0.027932960893854747 0.044543429844097995
0 0.8923068932083661 0.8937731230098107 0.027932960893854747 0.044543429844097995
0 0.9301387414008034 0.8600600047856578 0.027932960893854747 0.044543429844097995
0 0.9201244286439817 0.8254596992398168 0.027932960893854747 0.044543429844097995
0 0.8923068932083661 0.7979568922674816 0.027932960893854747 0.044543429844097995
0 0.8700528648598735 0.8325571978133226 0.027932960893854747 0.044543429844097995
0 0.8216503532019022 0.8050543908409873 0.027932960893854747 0.044543429844097995
0 0.7988399741446973 0.7890850190505991 0.027932960893854747 0.044543429844097995
0 0.7754732443787802 0.8041672035192992 0.027932960893854747 0.044543429844097995
0 0.8394535758806962 0.7775515838686522 0.027932960893854747 0.044543429844097995
0 0.7259580313033843 0.7713412726168345 0.027932960893854747 0.044543429844097995
0 0.6992531972851932 0.7917465810156639 0.027932960893854747 0.044543429844097995
0 0.6703229604321529 0.769566897973458 0.027932960893854747 0.044543429844097995
0 0.6586395955491944 0.7340794051059287 0.027932960893854747 0.044543429844097995
0 0.6920206380719333 0.7527103388613817 0.027932960893854747 0.044543429844097995
0 0.7226199270511104 0.7260947192107347 0.027932960893854747 0.044543429844097995
0 0.741535851147329 0.7367409670709935 0.027932960893854747 0.044543429844097995
0 0.7966145713098481 0.7207715952806053 0.027932960893854747 0.044543429844097995
0 0.8272138602890253 0.742951278322811 0.027932960893854747 0.044543429844097995
0 0.7921637656401497 0.7651309613650169 0.027932960893854747 0.044543429844097995
0 0.863933007064038 0.7074637854552818 0.027932960893854747 0.044543429844097995
0 0.8717219169860104 0.7606950247565758 0.027932960893854747 0.044543429844097995
0 0.913448220139434 0.7677925233300816 0.027932960893854747 0.044543429844097995
0 0.8945322960432154 0.7145612840287877 0.027932960893854747 0.044543429844097995
0 0.9206807793526941 0.6870584770564524 0.027932960893854747 0.044543429844097995
0 0.8906378410822291 0.6826225404480113 0.027932960893854747 0.044543429844097995
0 0.9518364190405836 0.7039150361685288 0.027932960893854747 0.044543429844097995
0 0.9668578881758161 0.7181100333155406 0.027932960893854747 0.044543429844097995
0 0.9329204949443649 0.7642437740433287 0.027932960893854747 0.044543429844097995
0 0.9473856133708851 0.7890850190505991 0.027932960893854747 0.044543429844097995
0 0.9763158502239253 0.8192493879879991 0.027932960893854747 0.044543429844097995
0 0.9785412530587747 0.8644959413940989 0.027932960893854747 0.044543429844097995
0 0.9518364190405836 0.6542325461539878 0.027932960893854747 0.044543429844097995
0 0.9395967034489127 0.6764122291961936 0.027932960893854747 0.044543429844097995
0 0.9868865136894593 0.6356016123985349 0.027932960893854747 0.044543429844097995
0 0.9651888360496791 0.6249553645382762 0.027932960893854747 0.044543429844097995
0 0.9685269403019529 0.605437243461135 0.027932960893854747 0.044543429844097995
0 0.9902246179417333 0.5832575604189293 0.027932960893854747 0.044543429844097995
0 0.979097603767487 0.5974525575659408 0.027932960893854747 0.044543429844097995
0 0.9902246179417333 0.5610778773767233 0.027932960893854747 0.044543429844097995
0 0.9740904473890762 0.5593035027333468 0.027932960893854747 0.044543429844097995
0 0.9184553765178448 0.6063244307828233 0.027932960893854747 0.044543429844097995
0 0.9323641442356525 0.613421929356329 0.027932960893854747 0.044543429844097995
0 0.9095537651784479 0.5424469436212704 0.027932960893854747 0.044543429844097995
0 0.9156736229742831 0.5025235141452999 0.027932960893854747 0.044543429844097995
0 0.940153054157625 0.5388981943345175 0.027932960893854747 0.044543429844097995
0 0.9763158502239253 0.5247031971875058 0.027932960893854747 0.044543429844097995
0 0.9796539544761993 0.4954260155717941 0.027932960893854747 0.044543429844097995
0 0.8505805900549426 0.6444734856154173 0.027932960893854747 0.044543429844097995
0 0.8099669883189435 0.681735353126323 0.027932960893854747 0.044543429844097995
0 0.8617076042291889 0.6755250418745053 0.027932960893854747 0.044543429844097995
0 0.8772854240731337 0.6604428574058054 0.027932960893854747 0.044543429844097995
0 0.7849312064268895 0.6719762925877524 0.027932960893854747 0.044543429844097995
0 0.7654589316219585 0.685284102413076 0.027932960893854747 0.044543429844097995
0 0.8005090262708343 0.6214066152515233 0.027932960893854747 0.044543429844097995
0 0.7854875571356018 0.6338272377551585 0.027932960893854747 0.044543429844097995
0 0.7420922018560414 0.6497966095455466 0.027932960893854747 0.044543429844097995
0 0.7704660880003694 0.6160834913213938 0.027932960893854747 0.044543429844097995
0 0.7654589316219585 0.6400375490069761 0.027932960893854747 0.044543429844097995
0 0.8238757560367514 0.6231809898948996 0.027932960893854747 0.044543429844097995
0 0.8183122489496284 0.590355058992435 0.027932960893854747 0.044543429844097995
0 0.7943891684749989 0.590355058992435 0.027932960893854747 0.044543429844097995
0 0.76100812595226 0.5876934970273703 0.027932960893854747 0.044543429844097995
0 0.7838185050094648 0.567288188628541 0.027932960893854747 0.044543429844097995
0 0.7988399741446973 0.5575291280899705 0.027932960893854747 0.044543429844097995
0 0.8427916801329701 0.5415597562995822 0.027932960893854747 0.044543429844097995
0 0.8066288840666698 0.5211544479007528 0.027932960893854747 0.044543429844097995
0 0.8711655662772981 0.5318006957610117 0.027932960893854747 0.044543429844097995
0 0.8605949028117642 0.517605698614 0.027932960893854747 0.044543429844097995
0 0.8489115379288056 0.6080988054261997 0.027932960893854747 0.044543429844097995
0 0.8667147606075997 0.570836937915294 0.027932960893854747 0.044543429844097995
0 0.8650457084814627 0.48921570431997646 0.027932960893854747 0.044543429844097995
0 0.8272138602890253 0.48921570431997646 0.027932960893854747 0.044543429844097995
0 0.7687970358742324 0.498974764858547 0.027932960893854747 0.044543429844097995
0 0.7676843344568077 0.5451085055863352 0.027932960893854747 0.044543429844097995
0 0.7576700216999861 0.5344622577260764 0.027932960893854747 0.044543429844097995
0 0.735972344060206 0.5575291280899705 0.027932960893854747 0.044543429844097995
0 0.7482120596518769 0.590355058992435 0.027932960893854747 0.044543429844097995
0 0.7192818227988365 0.6196322406081467 0.027932960893854747 0.044543429844097995
0 0.6998095479939056 0.6418119236503526 0.027932960893854747 0.044543429844097995
0 0.6986968465764809 0.7074637854552818 0.027932960893854747 0.044543429844097995
0 0.6764428182279884 0.6710891052660641 0.027932960893854747 0.044543429844097995
0 0.6525197377533589 0.6923816009865819 0.027932960893854747 0.044543429844097995
0 0.6425054249965373 0.6329400504334701 0.027932960893854747 0.044543429844097995
0 0.5863140034165936 0.6533453588322996 0.027932960893854747 0.044543429844097995
0 0.6074553303476615 0.6595556700841172 0.027932960893854747 0.044543429844097995
0 0.6280403065700171 0.6480222349021701 0.027932960893854747 0.044543429844097995
0 0.6074553303476615 0.5974525575659408 0.027932960893854747 0.044543429844097995
0 0.5929902119211413 0.5646266266634763 0.027932960893854747 0.044543429844097995
0 0.5546020130199917 0.5770472491671116 0.027932960893854747 0.044543429844097995
0 0.5490385059328686 0.6187450532864586 0.027932960893854747 0.044543429844097995
0 0.5685107807377995 0.6063244307828233 0.027932960893854747 0.044543429844097995
0 0.5729615864074981 0.632052863111782 0.027932960893854747 0.044543429844097995
0 0.5295662311279375 0.6311656757900939 0.027932960893854747 0.044543429844097995
0 0.5134320605752805 0.6098731800695761 0.027932960893854747 0.044543429844097995
0 0.5290098804192253 0.5814831857755527 0.027932960893854747 0.044543429844097995
0 0.516213814118842 0.5646266266634763 0.027932960893854747 0.044543429844097995
0 0.5379114917586223 0.5415597562995822 0.027932960893854747 0.044543429844097995
0 0.5329043353802114 0.5025235141452999 0.027932960893854747 0.044543429844097995
0 0.5134320605752805 0.4865541423549118 0.027932960893854747 0.044543429844097995
0 0.5512639087677178 0.5247031971875058 0.027932960893854747 0.044543429844097995
0 0.5128757098665682 0.5229288225441293 0.027932960893854747 0.044543429844097995
0 0.5762996906597719 0.4954260155717941 0.027932960893854747 0.044543429844097995
0 0.5790814442033334 0.5548675661249057 0.027932960893854747 0.044543429844097995
0 0.5690671314465118 0.5211544479007528 0.027932960893854747 0.044543429844097995
0 0.5946592640472783 0.5273647591525705 0.027932960893854747 0.044543429844097995
0 0.6074553303476615 0.4980875775368588 0.027932960893854747 0.044543429844097995
0 0.6258149037351678 0.5007491395019235 0.027932960893854747 0.044543429844097995
0 0.6141315388522092 0.5273647591525705 0.027932960893854747 0.044543429844097995
0 0.6196950459393323 0.575272874523735 0.027932960893854747 0.044543429844097995
0 0.6330474629484278 0.5832575604189293 0.027932960893854747 0.044543429844097995
0 0.6725483632670022 0.5575291280899705 0.027932960893854747 0.044543429844097995
0 0.6491816335010849 0.552206004159841 0.027932960893854747 0.044543429844097995
0 0.688126183110947 0.5832575604189293 0.027932960893854747 0.044543429844097995
0 0.6803372731889745 0.632052863111782 0.027932960893854747 0.044543429844097995
0 0.7020349508287549 0.540672568977894 0.027932960893854747 0.044543429844097995
0 0.7042603536636041 0.4980875775368588 0.027932960893854747 0.044543429844097995
0 0.7276270834295212 0.48034383110309414 0.027932960893854747 0.044543429844097995
0 0.741535851147329 0.5158313239706235 0.027932960893854747 0.044543429844097995
0 0.7287397848469459 0.5202672605790646 0.027932960893854747 0.044543429844097995
0 0.7270707327208089 0.5530931914815292 0.027932960893854747 0.044543429844097995
0 0.6630904012188928 0.5158313239706235 0.027932960893854747 0.044543429844097995
0 0.6447308278313865 0.4865541423549118 0.027932960893854747 0.044543429844097995
0 0.9390403527402004 0.5158313239706235 0.027932960893854747 0.044543429844097995
0 0.9996825799898426 0.670201917944376 0.027932960893854747 0.044543429844097995
0 0.5963283161734152 0.4637817740065159 0.027932960893854747 0.044543429844097995
0 0.5746306385336349 0.448699589537816 0.027932960893854747 0.044543429844097995
0 0.5479258045154439 0.4566842754330101 0.027932960893854747 0.044543429844097995
0 0.5334606860889238 0.4424892782859984 0.027932960893854747 0.044543429844097995
0 0.5941029133385659 0.39635553755821024 0.027932960893854747 0.044543429844097995
0 0.6035608753866752 0.3928067882714573 0.027932960893854747 0.044543429844097995
0 0.6252585530264555 0.3910324136280808 0.027932960893854747 0.044543429844097995
0 0.6180259938131955 0.4238583445305455 0.027932960893854747 0.044543429844097995
0 0.5201082690798283 0.41764803327872785 0.027932960893854747 0.044543429844097995
0 0.5290098804192253 0.38837085166301616 0.027932960893854747 0.044543429844097995
0 0.5139884112839929 0.3794989784461338 0.027932960893854747 0.044543429844097995
0 0.5607218708158271 0.4034530361317161 0.027932960893854747 0.044543429844097995
0 0.5495948566415808 0.37683741648106917 0.027932960893854747 0.044543429844097995
0 0.5779687427859088 0.3582064827256162 0.027932960893854747 0.044543429844097995
0 0.6452871785400988 0.4114377220269102 0.027932960893854747 0.044543429844097995
0 0.665315804053742 0.41055053470522196 0.027932960893854747 0.044543429844097995
0 0.6836753774412484 0.4256327191739219 0.027932960893854747 0.044543429844097995
0 0.6803372731889745 0.395468350236522 0.027932960893854747 0.044543429844097995
0 0.661421349092756 0.37683741648106917 0.027932960893854747 0.044543429844097995
0 0.7092675100420148 0.42208396988716895 0.027932960893854747 0.044543429844097995
0 0.677555519645413 0.4682177106149571 0.027932960893854747 0.044543429844097995
0 0.6547451405882081 0.4628945866848277 0.027932960893854747 0.044543429844097995
0 0.6391673207442633 0.4646689613282042 0.027932960893854747 0.044543429844097995
0 0.6146878895609216 0.46733052329326885 0.027932960893854747 0.044543429844097995
0 0.6998095479939056 0.47176645990171 0.027932960893854747 0.044543429844097995
0 0.7187254720901242 0.4478124022161277 0.027932960893854747 0.044543429844097995
0 0.7370850454776305 0.45402271346794537 0.027932960893854747 0.044543429844097995
0 0.7866002585530265 0.46733052329326885 0.027932960893854747 0.044543429844097995
0 0.8149741446973544 0.47087927258002177 0.027932960893854747 0.044543429844097995
0 0.8433480308416824 0.448699589537816 0.027932960893854747 0.044543429844097995
0 0.826657509580313 0.4478124022161277 0.027932960893854747 0.044543429844097995
0 0.9212371300614063 0.4593458373980748 0.027932960893854747 0.044543429844097995
0 0.8867433861212429 0.4726536472233983 0.027932960893854747 0.044543429844097995
0 0.8761727226557089 0.4309558431040513 0.027932960893854747 0.044543429844097995
0 0.8984267510042016 0.42918146846067484 0.027932960893854747 0.044543429844097995
0 0.9195680779352694 0.4078889727401573 0.027932960893854747 0.044543429844097995
0 0.9518364190405836 0.41232490934859845 0.027932960893854747 0.044543429844097995
0 0.9484983147883098 0.47087927258002177 0.027932960893854747 0.044543429844097995
0 0.9596253289625559 0.44515084025106305 0.027932960893854747 0.044543429844097995
0 0.9963444757375686 0.46644333597158066 0.027932960893854747 0.044543429844097995
0 0.9974571771549933 0.44337646560768657 0.027932960893854747 0.044543429844097995
0 0.975759499515213 0.4229711572088572 0.027932960893854747 0.044543429844097995
0 0.9991262292811303 0.4185352206004161 0.027932960893854747 0.044543429844097995
0 0.9585126275451314 0.3865964770196397 0.027932960893854747 0.044543429844097995
0 0.9707523431368023 0.37595022915938087 0.027932960893854747 0.044543429844097995
0 0.950723717623159 0.3502217968304221 0.027932960893854747 0.044543429844097995
0 0.9184553765178448 0.365303981299122 0.027932960893854747 0.044543429844097995
0 0.927913338565954 0.3502217968304221 0.027932960893854747 0.044543429844097995
0 0.9373713006140634 0.33691398700509867 0.027932960893854747 0.044543429844097995
0 0.913448220139434 0.3404627362918516 0.027932960893854747 0.044543429844097995
0 0.9306950921095157 0.315621491284581 0.027932960893854747 0.044543429844097995
0 0.8789544761992705 0.36796554326418673 0.027932960893854747 0.044543429844097995
0 0.8594822013943395 0.35998085736899266 0.027932960893854747 0.044543429844097995
0 0.8455734336765317 0.3697399179075632 0.027932960893854747 0.044543429844097995
0 0.8361154716284223 0.395468350236522 0.027932960893854747 0.044543429844097995
0 0.8121923911537929 0.4256327191739219 0.027932960893854747 0.044543429844097995
0 0.8088542869015191 0.39635553755821024 0.027932960893854747 0.044543429844097995
0 0.8222067039106146 0.36885273058587503 0.027932960893854747 0.044543429844097995
0 0.8233194053280392 0.34844742218704566 0.027932960893854747 0.044543429844097995
0 0.8294392631238746 0.330703675753281 0.027932960893854747 0.044543429844097995
0 0.8461297843852439 0.30852399271107517 0.027932960893854747 0.044543429844097995
0 0.8661584098988874 0.31118555467613995 0.027932960893854747 0.044543429844097995
0 0.8678274620250241 0.3236061771797751 0.027932960893854747 0.044543429844097995
0 0.8667147606075997 0.2748108744869224 0.027932960893854747 0.044543429844097995
0 0.8989831017129138 0.28102118573873996 0.027932960893854747 0.044543429844097995
0 0.8967576988780646 0.31739586592795743 0.027932960893854747 0.044543429844097995
0 0.9345895470705019 0.2721493125218577 0.027932960893854747 0.044543429844097995
0 0.9557308740015698 0.25529275340978125 0.027932960893854747 0.044543429844097995
0 0.9841047601458978 0.2721493125218577 0.027932960893854747 0.044543429844097995
0 0.9941190729027195 0.2739236871652341 0.027932960893854747 0.044543429844097995
0 0.9935627221940071 0.30674961806769874 0.027932960893854747 0.044543429844097995
0 0.9974571771549933 0.2428721309061459 0.027932960893854747 0.044543429844097995
0 0.9835484094371855 0.23488744501095182 0.027932960893854747 0.044543429844097995
0 0.9768722009326377 0.3076368053893869 0.027932960893854747 0.044543429844097995
0 0.8094106376102312 0.3626424193340574 0.027932960893854747 0.044543429844097995
0 0.7459866568170276 0.37683741648106917 0.027932960893854747 0.044543429844097995
0 0.7242889791772473 0.3901452263063926 0.027932960893854747 0.044543429844097995
0 0.7665716330393831 0.42651990649561017 0.027932960893854747 0.044543429844097995
0 0.688126183110947 0.34401148557860445 0.027932960893854747 0.044543429844097995
0 0.7064857564984534 0.30586243074601044 0.027932960893854747 0.044543429844097995
0 0.6853444295673853 0.32005742789302216 0.027932960893854747 0.044543429844097995
0 0.6725483632670022 0.3032008687809458 0.027932960893854747 0.044543429844097995
0 0.677555519645413 0.2801339984170518 0.027932960893854747 0.044543429844097995
0 0.6436181264139619 0.3404627362918516 0.027932960893854747 0.044543429844097995
0 0.5796377949120458 0.3404627362918516 0.027932960893854747 0.044543429844097995
0 0.5829758991643197 0.32271898985808695 0.027932960893854747 0.044543429844097995
0 0.5746306385336349 0.28102118573873996 0.027932960893854747 0.044543429844097995
0 0.53012258183665 0.29344180824237515 0.027932960893854747 0.044543429844097995
0 0.5434749988457455 0.32183180253639865 0.027932960893854747 0.044543429844097995
0 0.5167701648275543 0.342237110935228 0.027932960893854747 0.044543429844097995
0 0.6102370838912231 0.29078024627731053 0.027932960893854747 0.044543429844097995
0 0.6091243824737984 0.24109775626276947 0.027932960893854747 0.044543429844097995
0 0.6319347615310033 0.20915901268199308 0.027932960893854747 0.044543429844097995
0 0.6497379842097973 0.22246682250731653 0.027932960893854747 0.044543429844097995
0 0.6642031026363174 0.2588415026965341 0.027932960893854747 0.044543429844097995
0 0.6486252827923726 0.25351837876640476 0.027932960893854747 0.044543429844097995
0 0.6402800221616879 0.2428721309061459 0.027932960893854747 0.044543429844097995
0 0.6324911122397157 0.23754900697601655 0.027932960893854747 0.044543429844097995
0 0.6241458516090308 0.25263119144471646 0.027932960893854747 0.044543429844097995
0 0.5468131030980192 0.239323381619393 0.027932960893854747 0.044543429844097995
0 0.5223336719146775 0.24021056894108123 0.027932960893854747 0.044543429844097995
0 0.5395805438847592 0.26505181394835176 0.027932960893854747 0.044543429844097995
0 0.5228900226233898 0.2606158773399106 0.027932960893854747 0.044543429844097995
0 0.5173265155362667 0.1905280789265402 0.027932960893854747 0.044543429844097995
0 0.5112066577404313 0.2198052605422519 0.027932960893854747 0.044543429844097995
0 0.542918648137033 0.18431776767472258 0.027932960893854747 0.044543429844097995
0 0.5618345722332517 0.1807690183879696 0.027932960893854747 0.044543429844097995
0 0.5879830555427304 0.20206151410848722 0.027932960893854747 0.044543429844097995
0 0.5857576527078813 0.1736715198144638 0.027932960893854747 0.044543429844097995
0 0.6769991689367006 0.2189180732205636 0.027932960893854747 0.044543429844097995
0 0.6925769887806454 0.25263119144471646 0.027932960893854747 0.044543429844097995
0 0.7114929128768641 0.23754900697601655 0.027932960893854747 0.044543429844097995
0 0.7209508749249735 0.23222588304588715 0.027932960893854747 0.044543429844097995
0 0.735972344060206 0.2313386957241989 0.027932960893854747 0.044543429844097995
0 0.7237326284685349 0.2792468110953635 0.027932960893854747 0.044543429844097995
0 0.762677178078397 0.2712621252001694 0.027932960893854747 0.044543429844097995
0 0.7749168936700679 0.3076368053893869 0.027932960893854747 0.044543429844097995
0 0.7827058035920402 0.33602679968341037 0.027932960893854747 0.044543429844097995
0 0.8077415854840944 0.2996521194941928 0.027932960893854747 0.044543429844097995
0 0.7960582206011358 0.25972869001822235 0.027932960893854747 0.044543429844097995
0 0.7554446188651368 0.2499696294796518 0.027932960893854747 0.044543429844097995
0 0.7409795004386167 0.33513961236172224 0.027932960893854747 0.044543429844097995
0 0.7565573202825615 0.31029836735445165 0.027932960893854747 0.044543429844097995
0 0.7866002585530265 0.239323381619393 0.027932960893854747 0.044543429844097995
0 0.8005090262708343 0.19673839017835779 0.027932960893854747 0.044543429844097995
0 0.7693533865829447 0.18254339303134612 0.027932960893854747 0.044543429844097995
0 0.714831017129138 0.20206151410848722 0.027932960893854747 0.044543429844097995
0 0.695358742324207 0.2047230760735519 0.027932960893854747 0.044543429844097995
0 0.7315215383905074 0.16391245927589324 0.027932960893854747 0.044543429844097995
0 0.7192818227988365 0.14794308748550505 0.027932960893854747 0.044543429844097995
0 0.8572567985594902 0.19230245356991665 0.027932960893854747 0.044543429844097995
0 0.840566277298121 0.24464650554952236 0.027932960893854747 0.044543429844097995
0 0.8144177939886422 0.22157963518562837 0.027932960893854747 0.044543429844097995
0 0.8199813010757652 0.19230245356991665 0.027932960893854747 0.044543429844097995
0 0.8227630546193269 0.22778994643744602 0.027932960893854747 0.044543429844097995
0 0.863933007064038 0.22512838447238126 0.027932960893854747 0.044543429844097995
0 0.9000958031303383 0.23666181965432825 0.027932960893854747 0.044543429844097995
0 0.927913338565954 0.23311307036757536 0.027932960893854747 0.044543429844097995
0 0.950723717623159 0.22867713375913418 0.027932960893854747 0.044543429844097995
0 0.9318077935269402 0.20827182536030486 0.027932960893854747 0.044543429844097995
0 0.9190117272265571 0.20383588875186373 0.027932960893854747 0.044543429844097995
0 0.9023212059651877 0.1905280789265402 0.027932960893854747 0.044543429844097995
0 0.9051029595087493 0.16302527195420496 0.027932960893854747 0.044543429844097995
0 0.9151172722655709 0.14794308748550505 0.027932960893854747 0.044543429844097995
0 0.9368149499053512 0.1541533987373227 0.027932960893854747 0.044543429844097995
0 0.9384840020314881 0.18254339303134612 0.027932960893854747 0.044543429844097995
0 0.9484983147883098 0.186092142318099 0.027932960893854747 0.044543429844097995
0 0.9629634332148299 0.18697932963978725 0.027932960893854747 0.044543429844097995
0 0.9796539544761993 0.19230245356991665 0.027932960893854747 0.044543429844097995
0 0.9713086938455145 0.21625651125549894 0.027932960893854747 0.044543429844097995
0 0.9913373193591578 0.21359494929043427 0.027932960893854747 0.044543429844097995
0 0.9957881250288563 0.18875370428316368 0.027932960893854747 0.044543429844097995
0 0.996900826446281 0.15592777338069916 0.027932960893854747 0.044543429844097995
0 0.9818793573110486 0.13995840159031095 0.027932960893854747 0.044543429844097995
0 0.9735340966803638 0.13640965230355798 0.027932960893854747 0.044543429844097995
0 0.9535054711667207 0.11600434390472868 0.027932960893854747 0.044543429844097995
0 0.9395967034489127 0.12665059176498744 0.027932960893854747 0.044543429844097995
0 0.9089974144697355 0.09826059747096402 0.027932960893854747 0.044543429844097995
0 0.8911941917909414 0.0929374735408346 0.027932960893854747 0.044543429844097995
0 0.8706092155685858 0.10180934675771693 0.027932960893854747 0.044543429844097995
0 0.8633766563553257 0.13995840159031095 0.027932960893854747 0.044543429844097995
0 0.851693291472367 0.15504058605901086 0.027932960893854747 0.044543429844097995
0 0.8772854240731337 0.13995840159031095 0.027932960893854747 0.044543429844097995
0 0.8411226280068331 0.14528152552044032 0.027932960893854747 0.044543429844097995
0 0.8216503532019022 0.1665740212409579 0.027932960893854747 0.044543429844097995
0 0.8483551872200933 0.174558707136152 0.027932960893854747 0.044543429844097995
0 0.8617076042291889 0.1647996465975814 0.027932960893854747 0.044543429844097995
0 0.7810367514659033 0.16391245927589324 0.027932960893854747 0.044543429844097995
0 0.7966145713098481 0.14350715087706387 0.027932960893854747 0.044543429844097995
0 0.8010653769795466 0.10269653407940516 0.027932960893854747 0.044543429844097995
0 0.8316646659587238 0.09382466086252284 0.027932960893854747 0.044543429844097995
0 0.817755898240916 0.08495278764564052 0.027932960893854747 0.044543429844097995
0 0.8066288840666698 0.06011154263837001 0.027932960893854747 0.044543429844097995
0 0.8233194053280392 0.06543466656849936 0.027932960893854747 0.044543429844097995
0 0.817755898240916 0.043254983526293526 0.027932960893854747 0.044543429844097995
0 0.7988399741446973 0.031721548344346526 0.027932960893854747 0.044543429844097995
0 0.8338900687935731 0.043254983526293526 0.027932960893854747 0.044543429844097995
0 0.8288829124151623 0.022849675127464202 0.027932960893854747 0.044543429844097995
0 0.7537755667389999 0.1727843324927755 0.027932960893854747 0.044543429844097995
0 0.7343032919340691 0.19673839017835779 0.027932960893854747 0.044543429844097995
0 0.6964714437416317 0.1461687128421286 0.027932960893854747 0.044543429844097995
0 0.7003658987026179 0.1656868339192697 0.027932960893854747 0.044543429844097995
0 0.68645713098481 0.13995840159031095 0.027932960893854747 0.044543429844097995
0 0.6436181264139619 0.1807690183879696 0.027932960893854747 0.044543429844097995
0 0.6408363728704003 0.1621380846325168 0.027932960893854747 0.044543429844097995
0 0.6330474629484278 0.1541533987373227 0.027932960893854747 0.044543429844097995
0 0.6230331501916062 0.15858933534576383 0.027932960893854747 0.044543429844097995
0 0.6180259938131955 0.13463527766018155 0.027932960893854747 0.044543429844097995
0 0.5968846668821275 0.1541533987373227 0.027932960893854747 0.044543429844097995
0 0.6013354725518261 0.1337480903384933 0.027932960893854747 0.044543429844097995
0 0.5690671314465118 0.13995840159031095 0.027932960893854747 0.044543429844097995
0 0.5351297382150607 0.16834839588433437 0.027932960893854747 0.044543429844097995
0 0.5534893116025671 0.14528152552044032 0.027932960893854747 0.044543429844097995
0 0.5195519183711159 0.1621380846325168 0.027932960893854747 0.044543429844097995
0 0.5334606860889238 0.1461687128421286 0.027932960893854747 0.044543429844097995
0 0.5262281268756637 0.16746120856264615 0.027932960893854747 0.044543429844097995
0 0.5178828662449789 0.13108652837342857 0.027932960893854747 0.044543429844097995
0 0.5245590747495268 0.14261996355537562 0.027932960893854747 0.044543429844097995
0 0.508981254905582 0.1408455889119991 0.027932960893854747 0.044543429844097995
0 0.5240027240408145 0.10180934675771693 0.027932960893854747 0.044543429844097995
0 0.5334606860889238 0.07785528907213464 0.027932960893854747 0.044543429844097995
0 0.5384678424673346 0.04857810745642294 0.027932960893854747 0.044543429844097995
0 0.5646163257768133 0.06099872996005823 0.027932960893854747 0.044543429844097995
0 0.5762996906597719 0.06099872996005823 0.027932960893854747 0.044543429844097995
0 0.5601655201071148 0.083178413002264 0.027932960893854747 0.044543429844097995
0 0.581863197746895 0.083178413002264 0.027932960893854747 0.044543429844097995
0 0.583532249873032 0.10801965800953457 0.027932960893854747 0.044543429844097995
0 0.5457004016805946 0.015752176553958334 0.027932960893854747 0.044543429844097995
0 0.5546020130199917 0.027285611735905397 0.027932960893854747 0.044543429844097995
0 0.5657290271942379 0.01220342726720543 0.027932960893854747 0.044543429844097995
0 0.5751869892423473 0.03615748495278771 0.027932960893854747 0.044543429844097995
0 0.589095756960155 0.03970623423954062 0.027932960893854747 0.044543429844097995
0 0.5879830555427304 0.06188591728174646 0.027932960893854747 0.044543429844097995
0 0.6046735768040999 0.07164497782031701 0.027932960893854747 0.044543429844097995
0 0.6820063253151115 0.06632185389018765 0.027932960893854747 0.044543429844097995
0 0.5234463733321021 0.03970623423954062 0.027932960893854747 0.044543429844097995
0 0.5184392169536913 0.06543466656849936 0.027932960893854747 0.044543429844097995
0 0.5050867999445958 0.05212685674317591 0.027932960893854747 0.044543429844097995
0 0.5206646197885405 0.011316239945517205 0.027932960893854747 0.044543429844097995
0 0.647512581374948 0.13463527766018155 0.027932960893854747 0.044543429844097995
0 0.6803372731889745 0.08850153693239342 0.027932960893854747 0.044543429844097995
0 0.6981404958677686 0.08229122568057584 0.027932960893854747 0.044543429844097995
0 0.6925769887806454 0.0672090412118758 0.027932960893854747 0.044543429844097995
0 0.7020349508287549 0.11068121997459926 0.027932960893854747 0.044543429844097995
0 0.6736610646844268 0.12487621712161093 0.027932960893854747 0.044543429844097995
0 0.6636467519276051 0.10535809604446983 0.027932960893854747 0.044543429844097995
0 0.665315804053742 0.19673839017835779 0.027932960893854747 0.044543429844097995
0 0.6708793111408652 0.17544589445784023 0.027932960893854747 0.044543429844097995
0 0.7543319174477123 0.1124555946179757 0.027932960893854747 0.044543429844097995
0 0.743204903273466 0.10269653407940516 0.027932960893854747 0.044543429844097995
0 0.7209508749249735 0.10447090872278161 0.027932960893854747 0.044543429844097995
0 0.7248453298859596 0.07164497782031701 0.027932960893854747 0.044543429844097995
0 0.7537755667389999 0.08495278764564052 0.027932960893854747 0.044543429844097995
0 0.7465430075257399 0.07341935246369345 0.027932960893854747 0.044543429844097995
0 0.7587827231174108 0.05390123138655236 0.027932960893854747 0.044543429844097995
0 0.7487684103605892 0.04680373281304649 0.027932960893854747 0.044543429844097995
0 0.7304088369730828 0.04591654549135826 0.027932960893854747 0.044543429844097995
0 0.7776986472136294 0.05301404406486413 0.027932960893854747 0.044543429844097995
0 0.7955018698924234 0.05567560602992881 0.027932960893854747 0.044543429844097995
0 0.7866002585530265 0.08140403835888754 0.027932960893854747 0.044543429844097995
0 0.8327773673761485 0.12487621712161093 0.027932960893854747 0.044543429844097995
0 0.8105233390276559 0.13818402694693452 0.027932960893854747 0.044543429844097995
0 0.9996825799898426 0.09205028621914639 0.027932960893854747 0.044543429844097995
0 0.9646324853409669 0.08583997496732874 0.027932960893854747 0.044543429844097995
0 0.9902246179417333 0.07253216514200522 0.027932960893854747 0.044543429844097995
0 0.9729777459716515 0.05301404406486413 0.027932960893854747 0.044543429844097995
0 0.9535054711667207 0.0636602919251229 0.027932960893854747 0.044543429844097995
0 0.9329204949443649 0.06188591728174646 0.027932960893854747 0.044543429844097995
0 0.9262442864398173 0.040593421561228846 0.027932960893854747 0.044543429844097995
0 0.9034339073826123 0.049465294778111166 0.027932960893854747 0.044543429844097995
0 0.9112228173045847 0.017526551197334785 0.027932960893854747 0.044543429844097995
0 0.9262442864398173 0.01663936387564656 0.027932960893854747 0.044543429844097995
0 0.9345895470705019 0.018413738519023073 0.027932960893854747 0.044543429844097995
0 0.9729777459716515 0.018413738519023073 0.027932960893854747 0.044543429844097995
0 0.9852174615633225 0.031721548344346526 0.027932960893854747 0.044543429844097995
0 0.9902246179417333 0.007767490658764239 0.027932960893854747 0.044543429844097995
0 0.9946754236114318 0.00954186530214069 0.027932960893854747 0.044543429844097995
0 0.8656020591901751 0.03260873566603475 0.027932960893854747 0.044543429844097995
0 0.8767290733644213 0.03349592298772298 0.027932960893854747 0.044543429844097995
0 0.8667147606075997 0.05744998067330526 0.027932960893854747 0.044543429844097995
0 0.8772854240731337 0.059224355316681715 0.027932960893854747 0.044543429844097995
0 0.8494678886375179 0.0051059286936995605 0.027932960893854747 0.044543429844097995
0 0.8706092155685858 0.005993116015387787 0.027932960893854747 0.044543429844097995
0 0.8511369407636549 0.041480608882917075 0.027932960893854747 0.044543429844097995
0 0.7064857564984534 0.03704467227447594 0.027932960893854747 0.044543429844097995
0 0.68645713098481 0.04502935816967004 0.027932960893854747 0.044543429844097995
0 0.7020349508287549 0.0193009258407113 0.027932960893854747 0.044543429844097995
0 0.7137183157117133 0.023736862449152428 0.027932960893854747 0.044543429844097995
0 0.7721351401265064 0.022849675127464202 0.027932960893854747 0.044543429844097995
0 0.7560009695738493 0.017526551197334785 0.027932960893854747 0.044543429844097995
0 0.76100812595226 0.03260873566603475 0.027932960893854747 0.044543429844097995
0 0.7326342398079321 0.00954186530214069 0.027932960893854747 0.044543429844097995
0 0.7932764670575742 0.0033315540503231094 0.027932960893854747 0.044543429844097995
0 0.6842317281499608 0.020188113162399525 0.027932960893854747 0.044543429844097995
0 0.6725483632670022 0.04236779620460536 0.027932960893854747 0.044543429844097995
0 0.6491816335010849 0.018413738519023073 0.027932960893854747 0.044543429844097995
0 0.6719920125582899 0.018413738519023073 0.027932960893854747 0.044543429844097995
0 0.6486252827923726 0.04502935816967004 0.027932960893854747 0.044543429844097995
0 0.6180259938131955 0.004218741372011335 0.027932960893854747 0.044543429844097995
0 0.5840886005817443 0.0051059286936995605 0.027932960893854747 0.044543429844097995
0 0.6002227711344015 0.10624528336615813 0.027932960893854747 0.044543429844097995
0 0.6174696431044832 0.0991477847926522 0.027932960893854747 0.044543429844097995
0 0.5607218708158271 0.2428721309061459 0.027932960893854747 0.044543429844097995
0 0.5523766101851425 0.21714369857718718 0.027932960893854747 0.044543429844097995
0 0.5084249041968697 0.013977801910581882 0.027932960893854747 0.044543429844097995
0 0.9596992012558291 0.03748826593532002 0.027932960893854747 0.044543429844097995
0 0.9530229927512813 0.005549522354543642 0.027932960893854747 0.044543429844097995
0 0.7505113347799992 0.1989563584825784 0.027932960893854747 0.044543429844097995
0 0.7660891546239439 0.20250510776933128 0.027932960893854747 0.044543429844097995
0 0.6114236576019207 0.26638259493088406 0.027932960893854747 0.044543429844097995
0 0.6392411930375363 0.28944946529477805 0.027932960893854747 0.044543429844097995
0 0.4523073549101991 0.2805775920778957 0.027932960893854747 0.044543429844097995
0 0.4734486818412671 0.27348009350438984 0.027932960893854747 0.044543429844097995
0 0.4322787293965558 0.28590071600802514 0.027932960893854747 0.044543429844097995
0 0.41447550671776173 0.28590071600802514 0.027932960893854747 0.044543429844097995
0 0.41447550671776173 0.31429071030204864 0.027932960893854747 0.044543429844097995
0 0.3977849854563924 0.31606508494542507 0.027932960893854747 0.044543429844097995
0 0.40112308970866617 0.32848570744906025 0.027932960893854747 0.044543429844097995
0 0.3933341797866939 0.3497782031695779 0.027932960893854747 0.044543429844097995
0 0.3877706726995707 0.3728450735334719 0.027932960893854747 0.044543429844097995
0 0.43005332656170653 0.3497782031695779 0.027932960893854747 0.044543429844097995
0 0.45675816057989754 0.3355832060225662 0.027932960893854747 0.044543429844097995
0 0.437842236483679 0.323162583518931 0.027932960893854747 0.044543429844097995
0 0.482350293180664 0.3426807045960721 0.027932960893854747 0.044543429844097995
0 0.48457569601551326 0.31783945958880155 0.027932960893854747 0.044543429844097995
0 0.3721928528556259 0.33913195530931906 0.027932960893854747 0.044543429844097995
0 0.3399245117503117 0.346229453882825 0.027932960893854747 0.044543429844097995
0 0.3532769287594072 0.3373575806659426 0.027932960893854747 0.044543429844097995
0 0.23985525647536818 0.3386883616484751 0.027932960893854747 0.044543429844097995
0 0.1908963941086846 0.3298164884315927 0.027932960893854747 0.044543429844097995
0 0.18588923773027374 0.353770546117175 0.027932960893854747 0.044543429844097995
0 0.1469446881204118 0.3635296066557456 0.027932960893854747 0.044543429844097995
0 0.13915577819843944 0.3511089841521104 0.027932960893854747 0.044543429844097995
0 0.09464772150145435 0.3555449207605515 0.027932960893854747 0.044543429844097995
0 0.034561844960524474 0.3502217968304221 0.027932960893854747 0.044543429844097995
0 0.05737222401772935 0.3590936700473045 0.027932960893854747 0.044543429844097995
0 0.06516113393970172 0.3289293011099046 0.027932960893854747 0.044543429844097995
0 0.005075257398771841 0.31029836735445165 0.027932960893854747 0.044543429844097995
0 0.016758622281730456 0.2881186843122458 0.027932960893854747 0.044543429844097995
0 0.06961193960940022 0.2313386957241989 0.027932960893854747 0.044543429844097995
0 0.09742947504501594 0.3271549264665281 0.027932960893854747 0.044543429844097995
0 0.104662034258276 0.31118555467613995 0.027932960893854747 0.044543429844097995
0 0.08574611016205731 0.29787774485081636 0.027932960893854747 0.044543429844097995
0 0.09464772150145435 0.28634430966886937 0.027932960893854747 0.044543429844097995
0 0.07461909598781105 0.2881186843122458 0.027932960893854747 0.044543429844097995
0 0.07906990165750957 0.26416462662666357 0.027932960893854747 0.044543429844097995
0 0.1213525555196454 0.32005742789302216 0.027932960893854747 0.044543429844097995
0 0.1280287640241932 0.29787774485081636 0.027932960893854747 0.044543429844097995
0 0.14861374024654878 0.330703675753281 0.027932960893854747 0.044543429844097995
0 0.1658606122166305 0.3032008687809458 0.027932960893854747 0.044543429844097995
0 0.1491700909552611 0.292554620920687 0.027932960893854747 0.044543429844097995
0 0.1625225079643566 0.2748108744869224 0.027932960893854747 0.044543429844097995
0 0.14805738953783648 0.2632774393049753 0.027932960893854747 0.044543429844097995
0 0.15862805300337043 0.24464650554952236 0.027932960893854747 0.044543429844097995
0 0.11912715268479616 0.2721493125218577 0.027932960893854747 0.044543429844097995
0 0.12691606260676852 0.24375931822783414 0.027932960893854747 0.044543429844097995
0 0.1213525555196454 0.23488744501095182 0.027932960893854747 0.044543429844097995
0 0.13637402465487783 0.21448213661212243 0.027932960893854747 0.044543429844097995
0 0.14805738953783648 0.21714369857718718 0.027932960893854747 0.044543429844097995
0 0.16752966434276742 0.23222588304588715 0.027932960893854747 0.044543429844097995
0 0.1708677685950413 0.254405566088093 0.027932960893854747 0.044543429844097995
0 0.2159321760007387 0.26593900127004 0.027932960893854747 0.044543429844097995
0 0.20035435615679395 0.2570671280531577 0.027932960893854747 0.044543429844097995
0 0.2303972944272589 0.2694877505567929 0.027932960893854747 0.044543429844097995
0 0.266003739784847 0.24021056894108123 0.027932960893854747 0.044543429844097995
0 0.24374971143635438 0.22157963518562837 0.027932960893854747 0.044543429844097995
0 0.23317904797082048 0.2428721309061459 0.027932960893854747 0.044543429844097995
0 0.25320767348446377 0.2686005632351047 0.027932960893854747 0.044543429844097995
0 0.2687854933284085 0.2881186843122458 0.027932960893854747 0.044543429844097995
0 0.2765744032503809 0.2632774393049753 0.027932960893854747 0.044543429844097995
0 0.2381862043492313 0.26505181394835176 0.027932960893854747 0.044543429844097995
0 0.29994113301629804 0.20827182536030486 0.027932960893854747 0.044543429844097995
0 0.2938212752204626 0.23045150840251064 0.027932960893854747 0.044543429844097995
0 0.3099554457731197 0.27747243645198705 0.027932960893854747 0.044543429844097995
0 0.3199697585299413 0.3076368053893869 0.027932960893854747 0.044543429844097995
0 0.26433468765871 0.30852399271107517 0.027932960893854747 0.044543429844097995
0 0.21927028025301262 0.30852399271107517 0.027932960893854747 0.044543429844097995
0 0.23206634655339586 0.3076368053893869 0.027932960893854747 0.044543429844097995
0 0.33499122766517375 0.32271898985808695 0.027932960893854747 0.044543429844097995
0 0.34111108546100927 0.28989305895562223 0.027932960893854747 0.044543429844097995
0 0.3739357772750358 0.2916674335989987 0.027932960893854747 0.044543429844097995
0 0.36725956877048804 0.2703749378784812 0.027932960893854747 0.044543429844097995
0 0.33777298120873545 0.2615030646615989 0.027932960893854747 0.044543429844097995
0 0.3166316542776675 0.26416462662666357 0.027932960893854747 0.044543429844097995
0 0.3183007064038045 0.239323381619393 0.027932960893854747 0.044543429844097995
0 0.3255332656170645 0.21714369857718718 0.027932960893854747 0.044543429844097995
0 0.347787293965557 0.23754900697601655 0.027932960893854747 0.044543429844097995
0 0.3817246871970082 0.2517440041230282 0.027932960893854747 0.044543429844097995
0 0.3661468673530634 0.2180308858988754 0.027932960893854747 0.044543429844097995
0 0.3511253982178309 0.2100462000036813 0.027932960893854747 0.044543429844097995
0 0.34222378687843386 0.2047230760735519 0.027932960893854747 0.044543429844097995
0 0.3221951613647906 0.20294870143017543 0.027932960893854747 0.044543429844097995
0 0.3099554457731197 0.17988183106628144 0.027932960893854747 0.044543429844097995
0 0.3199697585299413 0.1621380846325168 0.027932960893854747 0.044543429844097995
0 0.3327658248303246 0.15681496070238732 0.027932960893854747 0.044543429844097995
0 0.3511253982178309 0.15858933534576383 0.027932960893854747 0.044543429844097995
0 0.35724525601366636 0.1905280789265402 0.027932960893854747 0.044543429844097995
0 0.3700413223140496 0.19230245356991665 0.027932960893854747 0.044543429844097995
0 0.3839500900318575 0.20206151410848722 0.027932960893854747 0.044543429844097995
0 0.39563345491481605 0.23045150840251064 0.027932960893854747 0.044543429844097995
0 0.377830232236022 0.17189714517108734 0.027932960893854747 0.044543429844097995
0 0.4162184311371716 0.2357746323326401 0.027932960893854747 0.044543429844097995
0 0.40064061129322687 0.2916674335989987 0.027932960893854747 0.044543429844097995
0 0.4212255875155824 0.26593900127004 0.027932960893854747 0.044543429844097995
0 0.44069786232051344 0.26593900127004 0.027932960893854747 0.044543429844097995
0 0.45571933145574595 0.23666181965432825 0.027932960893854747 0.044543429844097995
0 0.4735225541345399 0.24109775626276947 0.027932960893854747 0.044543429844097995
0 0.4579447342905952 0.21714369857718718 0.027932960893854747 0.044543429844097995
0 0.4729662034258276 0.20206151410848722 0.027932960893854747 0.044543429844097995
0 0.48019876263908773 0.2198052605422519 0.027932960893854747 0.044543429844097995
0 0.489656724687197 0.19762557750004608 0.027932960893854747 0.044543429844097995
0 0.48353686689136155 0.17544589445784023 0.027932960893854747 0.044543429844097995
0 0.45071217507733513 0.17899464374459315 0.027932960893854747 0.044543429844097995
0 0.4284581467288425 0.20117432678679897 0.027932960893854747 0.044543429844097995
0 0.4139930283023224 0.1852049549964108 0.027932960893854747 0.044543429844097995
0 0.4295708481462671 0.15681496070238732 0.027932960893854747 0.044543429844097995
0 0.4034223648367884 0.1612508973108285 0.027932960893854747 0.044543429844097995
0 0.41343667759361 0.13995840159031095 0.027932960893854747 0.044543429844097995
0 0.4362470566508149 0.1337480903384933 0.027932960893854747 0.044543429844097995
0 0.4473740708250612 0.11955309319148158 0.027932960893854747 0.044543429844097995
0 0.42678909460270564 0.10624528336615813 0.027932960893854747 0.044543429844097995
0 0.4217819382242948 0.09826059747096402 0.027932960893854747 0.044543429844097995
0 0.4139930283023224 0.0796296637155111 0.027932960893854747 0.044543429844097995
0 0.4073168197977746 0.07075779049862878 0.027932960893854747 0.044543429844097995
0 0.4245636917678563 0.06898341585525232 0.027932960893854747 0.044543429844097995
0 0.41733113255459625 0.04680373281304649 0.027932960893854747 0.044543429844097995
0 0.40286601412807616 0.05123966942148762 0.027932960893854747 0.044543429844097995
0 0.4401415116118011 0.05390123138655236 0.027932960893854747 0.044543429844097995
0 0.4579447342905952 0.06898341585525232 0.027932960893854747 0.044543429844097995
0 0.4668463456299922 0.04857810745642294 0.027932960893854747 0.044543429844097995
0 0.4763043076781015 0.0760809144287582 0.027932960893854747 0.044543429844097995
0 0.4846495683087862 0.06454747924681113 0.027932960893854747 0.044543429844097995
0 0.48520591901749854 0.10269653407940516 0.027932960893854747 0.044543429844097995
0 0.49132577681333395 0.10624528336615813 0.027932960893854747 0.044543429844097995
0 0.4974456346091694 0.08406560032395229 0.027932960893854747 0.044543429844097995
0 0.46740269633870446 0.028172799057593623 0.027932960893854747 0.044543429844097995
0 0.4501558243686228 0.013977801910581882 0.027932960893854747 0.044543429844097995
0 0.4390288101943765 0.024624049770840654 0.027932960893854747 0.044543429844097995
0 0.4290144974375549 0.014864989232270108 0.027932960893854747 0.044543429844097995
0 0.4217819382242948 0.014864989232270108 0.027932960893854747 0.044543429844097995
0 0.40286601412807616 0.011316239945517205 0.027932960893854747 0.044543429844097995
0 0.3967461563322407 0.013090614588893656 0.027932960893854747 0.044543429844097995
0 0.39618980562352835 0.03260873566603475 0.027932960893854747 0.044543429844097995
0 0.39118264924511753 0.05301404406486413 0.027932960893854747 0.044543429844097995
0 0.39118264924511753 0.07430653978538174 0.027932960893854747 0.044543429844097995
0 0.36559051664435116 0.09648622282758751 0.027932960893854747 0.044543429844097995
0 0.3611397109746526 0.12576340444329923 0.027932960893854747 0.044543429844097995
0 0.35001269680040625 0.13286090301680503 0.027932960893854747 0.044543429844097995
0 0.37226672514889886 0.1488302748071932 0.027932960893854747 0.044543429844097995
0 0.37616118010988503 0.056562793351617034 0.027932960893854747 0.044543429844097995
0 0.37616118010988503 0.07519372710706991 0.027932960893854747 0.044543429844097995
0 0.3550198531788171 0.06543466656849936 0.027932960893854747 0.044543429844097995
0 0.36392146451821417 0.03349592298772298 0.027932960893854747 0.044543429844097995
0 0.36670321806177575 0.023736862449152428 0.027932960893854747 0.044543429844097995
0 0.3483436446742693 0.01220342726720543 0.027932960893854747 0.044543429844097995
0 0.34333648829585844 0.028172799057593623 0.027932960893854747 0.044543429844097995
0 0.3366602797913108 0.05035248209979946 0.027932960893854747 0.044543429844097995
0 0.3221951613647906 0.0672090412118758 0.027932960893854747 0.044543429844097995
0 0.3166316542776675 0.13995840159031095 0.027932960893854747 0.044543429844097995
0 0.33165312341289993 0.11422996926135222 0.027932960893854747 0.044543429844097995
0 0.3049482893947089 0.09205028621914639 0.027932960893854747 0.044543429844097995
0 0.2954903273465996 0.0672090412118758 0.027932960893854747 0.044543429844097995
0 0.282137910337504 0.06099872996005823 0.027932960893854747 0.044543429844097995
0 0.27935615679394243 0.03970623423954062 0.027932960893854747 0.044543429844097995
0 0.2877014174246271 0.04236779620460536 0.027932960893854747 0.044543429844097995
0 0.2977157301814488 0.1204402805131698 0.027932960893854747 0.044543429844097995
0 0.2893704695507641 0.13995840159031095 0.027932960893854747 0.044543429844097995
0 0.3049482893947089 0.15504058605901086 0.027932960893854747 0.044543429844097995
0 0.2632219862412854 0.1931896408916049 0.027932960893854747 0.044543429844097995
0 0.24041160718408053 0.18786651696147552 0.027932960893854747 0.044543429844097995
0 0.2559894270280253 0.1692355832060226 0.027932960893854747 0.044543429844097995
0 0.2420806593102175 0.1665740212409579 0.027932960893854747 0.044543429844097995
0 0.2431933607276421 0.13552246498186976 0.027932960893854747 0.044543429844097995
0 0.2665600904935593 0.12753777908667566 0.027932960893854747 0.044543429844097995
0 0.2504259199409022 0.11334278193966393 0.027932960893854747 0.044543429844097995
0 0.24041160718408053 0.10713247068784629 0.027932960893854747 0.044543429844097995
0 0.2265028394662727 0.10801965800953457 0.027932960893854747 0.044543429844097995
0 0.2142631238746018 0.10713247068784629 0.027932960893854747 0.044543429844097995
0 0.21259407174846484 0.08140403835888754 0.027932960893854747 0.044543429844097995
0 0.2220520337965742 0.07874247639382287 0.027932960893854747 0.044543429844097995
0 0.2392989057666559 0.07341935246369345 0.027932960893854747 0.044543429844097995
0 0.2198266309617249 0.040593421561228846 0.027932960893854747 0.044543429844097995
0 0.20591786324391706 0.05301404406486413 0.027932960893854747 0.044543429844097995
0 0.1997980054480816 0.03793185959616417 0.027932960893854747 0.044543429844097995
0 0.19757260261323237 0.020188113162399525 0.027932960893854747 0.044543429844097995
0 0.23317904797082048 0.040593421561228846 0.027932960893854747 0.044543429844097995
0 0.23373539867953275 0.014864989232270108 0.027932960893854747 0.044543429844097995
0 0.2209393323791495 0.007767490658764239 0.027932960893854747 0.044543429844097995
0 0.16363520938178125 0.17100995784939904 0.027932960893854747 0.044543429844097995
0 0.2103686689136156 0.1736715198144638 0.027932960893854747 0.044543429844097995
0 0.13025416685904245 0.18964089160485198 0.027932960893854747 0.044543429844097995
0 0.12302160764578236 0.1772202691012167 0.027932960893854747 0.044543429844097995
0 0.10188028071471442 0.18697932963978725 0.027932960893854747 0.044543429844097995
0 0.11022554134539914 0.21536932393381072 0.027932960893854747 0.044543429844097995
0 0.09409137079274205 0.22069244786394007 0.027932960893854747 0.044543429844097995
0 0.07962625236622188 0.20738463803861662 0.027932960893854747 0.044543429844097995
0 0.06738653677455099 0.19762557750004608 0.027932960893854747 0.044543429844097995
0 0.04902696338704463 0.19496401553498133 0.027932960893854747 0.044543429844097995
0 0.03623089708666143 0.23488744501095182 0.027932960893854747 0.044543429844097995
0 0.01342051802945656 0.17544589445784023 0.027932960893854747 0.044543429844097995
0 0.025103882912415134 0.1852049549964108 0.027932960893854747 0.044543429844097995
0 0.03678724779537375 0.1852049549964108 0.027932960893854747 0.044543429844097995
0 0.04290710559120919 0.17100995784939904 0.027932960893854747 0.044543429844097995
0 0.0879715129969066 0.16834839588433437 0.027932960893854747 0.044543429844097995
0 0.05848492543515397 0.13907121426862265 0.027932960893854747 0.044543429844097995
0 0.07239369315296182 0.12576340444329923 0.027932960893854747 0.044543429844097995
0 0.09186596795789277 0.1301993410517404 0.027932960893854747 0.044543429844097995
0 0.0846334087446327 0.11334278193966393 0.027932960893854747 0.044543429844097995
0 0.12357795835449467 0.13197371569511687 0.027932960893854747 0.044543429844097995
0 0.11022554134539914 0.13552246498186976 0.027932960893854747 0.044543429844097995
0 0.1374867260723025 0.1204402805131698 0.027932960893854747 0.044543429844097995
0 0.14305023315942564 0.11866590586979335 0.027932960893854747 0.044543429844097995
0 0.15974075442079505 0.10713247068784629 0.027932960893854747 0.044543429844097995
0 0.17253682072117824 0.1124555946179757 0.027932960893854747 0.044543429844097995
0 0.14471928528556258 0.15060464945056973 0.027932960893854747 0.044543429844097995
0 0.14527563599427487 0.09116309889745809 0.027932960893854747 0.044543429844097995
0 0.15695900087723344 0.07075779049862878 0.027932960893854747 0.044543429844097995
0 0.1458319867029872 0.0636602919251229 0.027932960893854747 0.044543429844097995
0 0.17031141788632903 0.05744998067330526 0.027932960893854747 0.044543429844097995
0 0.15640265016852115 0.049465294778111166 0.027932960893854747 0.044543429844097995
0 0.16363520938178125 0.02639842441421717 0.027932960893854747 0.044543429844097995
0 0.17476222355602752 0.08850153693239342 0.027932960893854747 0.044543429844097995
0 0.1213525555196454 0.06898341585525232 0.027932960893854747 0.044543429844097995
0 0.1007675792972898 0.06632185389018765 0.027932960893854747 0.044543429844097995
0 0.11523269772380995 0.05301404406486413 0.027932960893854747 0.044543429844097995
0 0.10354933284085138 0.04502935816967004 0.027932960893854747 0.044543429844097995
0 0.09798582575372825 0.031721548344346526 0.027932960893854747 0.044543429844097995
0 0.07740084953137263 0.03970623423954062 0.027932960893854747 0.044543429844097995
0 0.08018260307493419 0.013977801910581882 0.027932960893854747 0.044543429844097995
0 0.07016829031811256 0.06277310460343469 0.027932960893854747 0.044543429844097995
0 0.05792857472644166 0.05478841870824058 0.027932960893854747 0.044543429844097995
0 0.04902696338704463 0.03704467227447594 0.027932960893854747 0.044543429844097995
0 0.023434830786278206 0.0193009258407113 0.027932960893854747 0.044543429844097995
0 0.02009672653400431 0.05035248209979946 0.027932960893854747 0.044543429844097995
0 0.031780091416962926 0.06277310460343469 0.027932960893854747 0.044543429844097995
0 0.028441987164689028 0.0991477847926522 0.027932960893854747 0.044543429844097995
0 0.03400549425181216 0.1124555946179757 0.027932960893854747 0.044543429844097995
0 0.031780091416962926 0.12665059176498744 0.027932960893854747 0.044543429844097995
0 0.016202271573018144 0.12221465515654631 0.027932960893854747 0.044543429844097995
0 0.01342051802945656 0.1461687128421286 0.027932960893854747 0.044543429844097995
0 0.037899949212798364 0.14261996355537562 0.027932960893854747 0.044543429844097995
0 0.055703171891592386 0.08761434961070519 0.027932960893854747 0.044543429844097995
0 0.04068170275635991 0.0796296637155111 0.027932960893854747 0.044543429844097995
0 0.085189759453345 0.07430653978538174 0.027932960893854747 0.044543429844097995
0 0.13693037536359018 0.5329823850981981 0.027932960893854747 0.044543429844097995
0 0.17198047001246594 0.21093338732536954 0.027932960893854747 0.044543429844097995
0 0.21537582529202642 0.19851276482173424 0.027932960893854747 0.044543429844097995
0 0.5824934207488804 0.23976697528023702 0.027932960893854747 0.044543429844097995
0 0.06619996306385345 0.0924938798799904 0.027932960893854747 0.044543429844097995
0 0.10959531834341388 0.09426825452336686 0.027932960893854747 0.044543429844097995
0 0.12072233251766014 0.4668869296324246 0.027932960893854747 0.044543429844097995
0 0.1463144651184266 0.475758802849307 0.027932960893854747 0.044543429844097995
0 0.7683145574587933 0.3817169467503543 0.027932960893854747 0.044543429844097995
0 0.7694272588762178 0.3568757017430837 0.027932960893854747 0.044543429844097995
0 0.7048905766655894 0.35510132709970726 0.027932960893854747 0.044543429844097995
0 0.7238065007618081 0.3604244510298366 0.027932960893854747 0.044543429844097995
0 0.267598919617711 0.023293268788308286 0.027932960893854747 0.044543429844097995
0 0.25837360963059286 0.09091465327545512 0.027932960893854747 0.044543429844097995
0 0.2513415355594127 0.07970092268533259 0.027932960893854747 0.044543429844097995
0 0.26440110169160447 0.05727346150508743 0.027932960893854747 0.044543429844097995
0 0.2724377577729533 0.07809896117245792 0.027932960893854747 0.044543429844097995
0 0.13681918640019203 0.012418539144597087 0.027932960893854747 0.044543429844097995
0 0.13079169433918036 0.0444577694020901 0.027932960893854747 0.044543429844097995
0 0.13280085835951763 0.06848719209520994 0.027932960893854747 0.044543429844097995
0 0.3980105090440286 0.09572053781407903 0.027932960893854747 0.044543429844097995
0 0.38796468894234254 0.11654603748144952 0.027932960893854747 0.044543429844097995
0 0.3839463609016682 0.13576957563594544 0.027932960893854747 0.044543429844097995
0 0.3980105090440286 0.11974996050719888 0.027932960893854747 0.044543429844097995
0 0.5537207206201619 0.12936172958444672 0.027932960893854747 0.044543429844097995
0 0.5316199163964528 0.11494407596857484 0.027932960893854747 0.044543429844097995
0 0.495454964030383 0.12775976807157216 0.027932960893854747 0.044543429844097995
0 0.48339997990835976 0.13416761412307077 0.027932960893854747 0.044543429844097995
0 0.48339997990835976 0.15499311379044126 0.027932960893854747 0.044543429844097995
0 0.5034916201117319 0.1806244979964358 0.027932960893854747 0.044543429844097995
0 0.5075099481524064 0.23509118943417395 0.027932960893854747 0.044543429844097995
0 0.5055007841320691 0.2735382657431656 0.027932960893854747 0.044543429844097995
0 0.49746412805072027 0.3472284953353997 0.027932960893854747 0.044543429844097995
0 0.508514530162575 0.4113069558503857 0.027932960893854747 0.044543429844097995
0 0.4984687100608889 0.38887949467014066 0.027932960893854747 0.044543429844097995
0 0.5145420222235865 0.43533637854350554 0.027932960893854747 0.044543429844097995
0 0.20312159907131977 0.28475199633328807 0.027932960893854747 0.044543429844097995
0 0.18102079484761052 0.3007716114620347 0.027932960893854747 0.044543429844097995
0 0.1428466784612037 0.18222645950931035 0.027932960893854747 0.044543429844097995
0 0.1398329324306978 0.696456105142074 0.027932960893854747 0.044543429844097995
0 0.3075981281288544 0.7092717972450713 0.027932960893854747 0.044543429844097995
0 0.3608409746677903 0.3103833805392826 0.027932960893854747 0.044543429844097995
0 0.46129917568465056 0.10853622991707636 0.027932960893854747 0.044543429844097995
0 0.8380174294978764 0.26713041969166695 0.027932960893854747 0.044543429844097995
0 0.852081577640237 0.2863539578461628 0.027932960893854747 0.044543429844097995
0 0.9746405828808065 0.4689775703138732 0.027932960893854747 0.044543429844097995
0 0.9585672707181088 0.7445149505283137 0.027932960893854747 0.044543429844097995
0 0.0271718504958727 0.9838112889337831 0.027932960893854747 0.044543429844097995
0 0.13506395838798063 0.9822182272070912 0.027932960893854747 0.044543429844097995
0 0.5476513709753932 0.9838112889337831 0.027932960893854747 0.044543429844097995
0 0.5596393829634051 0.963101486486787 0.027932960893854747 0.044543429844097995
