0 0.05831994184266902 0.9659896840747906 0.046296296296296294 0.07092198581560284
0 0.03352655341291691 0.9174579450208077 0.046296296296296294 0.07092198581560284
0 0.04730065809611255 0.9301183986870641 0.046296296296296294 0.07092198581560284
0 0.05556512090602991 0.8858068108551668 0.046296296296296294 0.07092198581560284
0 0.10928412917049271 0.9216780962428933 0.046296296296296294 0.07092198581560284
0 0.10515189776553406 0.8710362815778677 0.046296296296296294 0.07092198581560284
0 0.01148798591980397 0.8436052986343122 0.046296296296296294 0.07092198581560284
0 0.07209404652586458 0.7950735595803294 0.046296296296296294 0.07092198581560284
0 0.03077173247627781 0.7043403083054921 0.046296296296296294 0.07092198581560284
0 0.06245217324762767 0.7170007619717484 0.046296296296296294 0.07092198581560284
0 0.09000038261401888 0.7528720473594748 0.046296296296296294 0.07092198581560284
0 0.09137779308233843 0.7170007619717484 0.046296296296296294 0.07092198581560284
0 0.12581305479032745 0.698010081472364 0.046296296296296294 0.07092198581560284
0 0.15611608509335775 0.7106705351386202 0.046296296296296294 0.07092198581560284
0 0.16438054790327514 0.7381015180821757 0.046296296296296294 0.07092198581560284
0 0.16713536883991423 0.7106705351386202 0.046296296296296294 0.07092198581560284
0 0.1933061677379859 0.7191108375827912 0.046296296296296294 0.07092198581560284
0 0.17953206305479025 0.8035138620245004 0.046296296296296294 0.07092198581560284
0 0.18228688399142942 0.8710362815778677 0.046296296296296294 0.07092198581560284
0 0.19743839914294453 0.9090176425766369 0.046296296296296294 0.07092198581560284
0 0.21947696663605748 0.9765400621300041 0.046296296296296294 0.07092198581560284
0 0.23738330272421176 0.9828702889631324 0.046296296296296294 0.07092198581560284
0 0.2718185644322007 0.8942471132993378 0.046296296296296294 0.07092198581560284
0 0.2607992806856443 0.8625959791336969 0.046296296296296294 0.07092198581560284
0 0.24289294459749003 0.830944844968056 0.046296296296296294 0.07092198581560284
0 0.24289294459749003 0.7697526522478166 0.046296296296296294 0.07092198581560284
0 0.2924797214569941 0.7676425766367739 0.046296296296296294 0.07092198581560284
0 0.33793426691153966 0.8182843913017994 0.046296296296296294 0.07092198581560284
0 0.3434439087848179 0.8330549205790987 0.046296296296296294 0.07092198581560284
0 0.3021215947352311 0.9069075669655942 0.046296296296296294 0.07092198581560284
0 0.2979893633302724 0.9765400621300041 0.046296296296296294 0.07092198581560284
0 0.370992118151209 0.9216780962428933 0.046296296296296294 0.07092198581560284
0 0.42333371594735236 0.8625959791336969 0.046296296296296294 0.07092198581560284
0 0.437107820630548 0.9322284742981068 0.046296296296296294 0.07092198581560284
0 0.5169976277930824 0.8921370376882951 0.046296296296296294 0.07092198581560284
0 0.5252620906029998 0.9786501377410468 0.046296296296296294 0.07092198581560284
0 0.580358509335782 0.915347869409765 0.046296296296296294 0.07092198581560284
0 0.5762262779308235 0.8879168864662095 0.046296296296296294 0.07092198581560284
0 0.5762262779308235 0.8879168864662095 0.046296296296296294 0.07092198581560284
0 0.646474211815121 0.8625959791336969 0.046296296296296294 0.07092198581560284
0 0.6023970768288952 0.8288347693570132 0.046296296296296294 0.07092198581560284
0 0.6079067187021734 0.8035138620245004 0.046296296296296294 0.07092198581560284
0 0.5390361952861954 0.807734013246586 0.046296296296296294 0.07092198581560284
0 0.48944941842669115 0.776082879080945 0.046296296296296294 0.07092198581560284
0 0.4798075451484543 0.8625959791336969 0.046296296296296294 0.07092198581560284
0 0.4522593357820632 0.814064240079714 0.046296296296296294 0.07092198581560284
0 0.4040499693908785 0.7697526522478166 0.046296296296296294 0.07092198581560284
0 0.3765017600244874 0.7528720473594748 0.046296296296296294 0.07092198581560284
0 0.3296698041016222 0.698010081472364 0.046296296296296294 0.07092198581560284
0 0.28008302724211814 0.6853496278061075 0.046296296296296294 0.07092198581560284
0 0.24151553412917048 0.6726891741398511 0.046296296296296294 0.07092198581560284
0 0.1988158096112641 0.6705790985288085 0.046296296296296294 0.07092198581560284
0 0.21396732476277927 0.634707813141082 0.046296296296296294 0.07092198581560284
0 0.2676863330272421 0.5925063009202275 0.046296296296296294 0.07092198581560284
0 0.26217669115396386 0.5608551667545865 0.046296296296296294 0.07092198581560284
0 0.20983509335782055 0.5439745618662447 0.046296296296296294 0.07092198581560284
0 0.1850417049280685 0.5292040325889455 0.046296296296296294 0.07092198581560284
0 0.196060988674625 0.4933327472012191 0.046296296296296294 0.07092198581560284
0 0.22085437710437703 0.49544282281226193 0.046296296296296294 0.07092198581560284
0 0.22498660850933574 0.4637916886466209 0.046296296296296294 0.07092198581560284
0 0.24840258647076824 0.4680118398687064 0.046296296296296294 0.07092198581560284
0 0.2676863330272421 0.47856221792392 0.046296296296296294 0.07092198581560284
0 0.15336126415671866 0.5270939569779028 0.046296296296296294 0.07092198581560284
0 0.12030341291704919 0.5418644862552019 0.046296296296296294 0.07092198581560284
0 0.10928412917049271 0.5903962253091848 0.046296296296296294 0.07092198581560284
0 0.09137779308233843 0.6220473594748258 0.046296296296296294 0.07092198581560284
0 0.14234198041016213 0.6410380399742102 0.046296296296296294 0.07092198581560284
0 0.06245217324762767 0.6558085692515093 0.046296296296296294 0.07092198581560284
0 0.03077173247627781 0.6600287204735947 0.046296296296296294 0.07092198581560284
0 0.06382958371594721 0.643148115585253 0.046296296296296294 0.07092198581560284
0 0.04730065809611255 0.6157171326416975 0.046296296296296294 0.07092198581560284
0 0.05831994184266902 0.3224166227067581 0.046296296296296294 0.07092198581560284
0 0.09826484542393625 0.2633345055975616 0.046296296296296294 0.07092198581560284
0 0.0941326140189776 0.24223374948713433 0.046296296296296294 0.07092198581560284
0 0.10790671870217317 0.21902291776566435 0.046296296296296294 0.07092198581560284
0 0.1299452861952861 0.24434382509817715 0.046296296296296294 0.07092198581560284
0 0.15749349556167733 0.21902291776566435 0.046296296296296294 0.07092198581560284
0 0.1450968013468013 0.17893148115585245 0.046296296296296294 0.07092198581560284
0 0.16575795837159468 0.183151632377938 0.046296296296296294 0.07092198581560284
0 0.1809094735231098 0.1873717836000234 0.046296296296296294 0.07092198581560284
0 0.20570286195286192 0.1873717836000234 0.046296296296296294 0.07092198581560284
0 0.18366429445974897 0.16416095187855334 0.046296296296296294 0.07092198581560284
0 0.1988158096112641 0.15150049821229694 0.046296296296296294 0.07092198581560284
0 0.1726450107131925 0.16838110310063878 0.046296296296296294 0.07092198581560284
0 0.22498660850933574 0.1557206494343825 0.046296296296296294 0.07092198581560284
0 0.24013812366085088 0.1578307250454252 0.046296296296296294 0.07092198581560284
0 0.25528963881236605 0.1557206494343825 0.046296296296296294 0.07092198581560284
0 0.2663089225589225 0.1557206494343825 0.046296296296296294 0.07092198581560284
0 0.24564776553412915 0.13672996893499784 0.046296296296296294 0.07092198581560284
0 0.25115740740740733 0.11773928843561329 0.046296296296296294 0.07092198581560284
0 0.2635541016222835 0.10296875915831419 0.046296296296296294 0.07092198581560284
0 0.27732820630547905 0.09030830549205789 0.046296296296296294 0.07092198581560284
0 0.2842152586470768 0.12195943965769872 0.046296296296296294 0.07092198581560284
0 0.29110231098867456 0.11140906160248515 0.046296296296296294 0.07092198581560284
0 0.33242462503826137 0.045996717660160454 0.046296296296296294 0.07092198581560284
0 0.28146043771043777 0.02278588593869038 0.046296296296296294 0.07092198581560284
0 0.3641050658096113 0.08186800304788683 0.046296296296296294 0.07092198581560284
0 0.4068047903275176 0.08186800304788683 0.046296296296296294 0.07092198581560284
0 0.4632786195286196 0.014345583494519518 0.046296296296296294 0.07092198581560284
0 0.4770527242118152 0.06709747377058782 0.046296296296296294 0.07092198581560284
0 0.4811849556167739 0.045996717660160454 0.046296296296296294 0.07092198581560284
0 0.5211298591980411 0.031226188382861446 0.046296296296296294 0.07092198581560284
0 0.5128653963881237 0.014345583494519518 0.046296296296296294 0.07092198581560284
0 0.5362813743495564 0.010125432272434086 0.046296296296296294 0.07092198581560284
0 0.5610747627793083 0.024895961549733097 0.046296296296296294 0.07092198581560284
0 0.5486780685644322 0.03755641521598959 0.046296296296296294 0.07092198581560284
0 0.508733164983165 0.1325098177129124 0.046296296296296294 0.07092198581560284
0 0.5335265534129172 0.12617959087978425 0.046296296296296294 0.07092198581560284
0 0.5404136057545149 0.16838110310063878 0.046296296296296294 0.07092198581560284
0 0.5252620906029998 0.183151632377938 0.046296296296296294 0.07092198581560284
0 0.4481271043771044 0.6832395521950648 0.046296296296296294 0.07092198581560284
0 0.38338881236608513 0.6853496278061075 0.046296296296296294 0.07092198581560284
0 0.3200279308233854 0.6368178887521247 0.046296296296296294 0.07092198581560284
0 0.35308578206305474 0.6220473594748258 0.046296296296296294 0.07092198581560284
0 0.3296698041016222 0.5967264521423129 0.046296296296296294 0.07092198581560284
0 0.33793426691153966 0.5524148643104155 0.046296296296296294 0.07092198581560284
0 0.3145182889501072 0.5081032764785183 0.046296296296296294 0.07092198581560284
0 0.29385713192531365 0.49544282281226193 0.046296296296296294 0.07092198581560284
0 0.31589569941842677 0.47856221792392 0.046296296296296294 0.07092198581560284
0 0.3282923936333027 0.4659017642576637 0.046296296296296294 0.07092198581560284
0 0.3048764156718702 0.42159017642576635 0.046296296296296294 0.07092198581560284
0 0.2924797214569941 0.4258103276478518 0.046296296296296294 0.07092198581560284
0 0.27595079583715953 0.3857188910380399 0.046296296296296294 0.07092198581560284
0 0.2470251760024487 0.43425063009202275 0.046296296296296294 0.07092198581560284
0 0.3131408784817875 0.400489420315339 0.046296296296296294 0.07092198581560284
0 0.32691498316498313 0.3857188910380399 0.046296296296296294 0.07092198581560284
0 0.33793426691153966 0.41948010081472364 0.046296296296296294 0.07092198581560284
0 0.346198729721457 0.41948010081472364 0.046296296296296294 0.07092198581560284
0 0.3585954239363331 0.4511312349803646 0.046296296296296294 0.07092198581560284
0 0.3765017600244874 0.4659017642576637 0.046296296296296294 0.07092198581560284
0 0.37925658096112647 0.5038831252564328 0.046296296296296294 0.07092198581560284
0 0.4357304101622284 0.5524148643104155 0.046296296296296294 0.07092198581560284
0 0.4357304101622284 0.5123234277006038 0.046296296296296294 0.07092198581560284
0 0.4357304101622284 0.6515884180294239 0.046296296296296294 0.07092198581560284
0 0.45914638812366093 0.5714055448098001 0.046296296296296294 0.07092198581560284
0 0.4674108509335782 0.6009466033643983 0.046296296296296294 0.07092198581560284
0 0.5018461126415672 0.657918644862552 0.046296296296296294 0.07092198581560284
0 0.5169976277930824 0.7338813668600903 0.046296296296296294 0.07092198581560284
0 0.4481271043771044 0.7317712912490476 0.046296296296296294 0.07092198581560284
0 0.5431684266911541 0.6494783424183813 0.046296296296296294 0.07092198581560284
0 0.3613502448729722 0.38149873981595445 0.046296296296296294 0.07092198581560284
0 0.38063399142944604 0.36672821053865534 0.046296296296296294 0.07092198581560284
0 0.3599728344046526 0.3625080593165699 0.046296296296296294 0.07092198581560284
0 0.3641050658096113 0.34140730320614265 0.046296296296296294 0.07092198581560284
0 0.39716291704928075 0.3371871519840572 0.046296296296296294 0.07092198581560284
0 0.4012951484542394 0.31608639587362986 0.046296296296296294 0.07092198581560284
0 0.4219563054790328 0.31186624465154444 0.046296296296296294 0.07092198581560284
0 0.41369184266911546 0.28232518609694623 0.046296296296296294 0.07092198581560284
0 0.44399487297214574 0.252784127542348 0.046296296296296294 0.07092198581560284
0 0.4398626415671871 0.25911435437547614 0.046296296296296294 0.07092198581560284
0 0.42884335782063054 0.34140730320614265 0.046296296296296294 0.07092198581560284
0 0.45914638812366093 0.36461813492761264 0.046296296296296294 0.07092198581560284
0 0.4012951484542394 0.3962692690932536 0.046296296296296294 0.07092198581560284
0 0.3765017600244874 0.4152599495926381 0.046296296296296294 0.07092198581560284
0 0.41093702173247626 0.4300304788699372 0.046296296296296294 0.07092198581560284
0 0.39440809611264166 0.4152599495926381 0.046296296296296294 0.07092198581560284
0 0.4219563054790328 0.4426909325361936 0.046296296296296294 0.07092198581560284
0 0.4619012090603 0.41948010081472364 0.046296296296296294 0.07092198581560284
0 0.44124005203550665 0.4152599495926381 0.046296296296296294 0.07092198581560284
0 0.48393977655341297 0.40892972275950995 0.046296296296296294 0.07092198581560284
0 0.4977138812366086 0.4384707813141082 0.046296296296296294 0.07092198581560284
0 0.505978344046526 0.41948010081472364 0.046296296296296294 0.07092198581560284
0 0.4977138812366086 0.3625080593165699 0.046296296296296294 0.07092198581560284
0 0.5293943220079584 0.30131586659633075 0.046296296296296294 0.07092198581560284
0 0.4522593357820632 0.30131586659633075 0.046296296296296294 0.07092198581560284
0 0.4674108509335782 0.26122442998651885 0.046296296296296294 0.07092198581560284
0 0.48669459749005206 0.2485639763202626 0.046296296296296294 0.07092198581560284
0 0.5046009335782062 0.252784127542348 0.046296296296296294 0.07092198581560284
0 0.5293943220079584 0.252784127542348 0.046296296296296294 0.07092198581560284
0 0.5335265534129172 0.23379344704296337 0.046296296296296294 0.07092198581560284
0 0.5252620906029998 0.22746322020983523 0.046296296296296294 0.07092198581560284
0 0.4935816498316499 0.21480276654357888 0.046296296296296294 0.07092198581560284
0 0.48669459749005206 0.2232430689877498 0.046296296296296294 0.07092198581560284
0 0.5596973523109887 0.25911435437547614 0.046296296296296294 0.07092198581560284
0 0.5583199418426692 0.2380135982650489 0.046296296296296294 0.07092198581560284
0 0.5707166360575452 0.24434382509817715 0.046296296296296294 0.07092198581560284
0 0.5900003826140192 0.2485639763202626 0.046296296296296294 0.07092198581560284
0 0.6037744872972147 0.25700427876443344 0.046296296296296294 0.07092198581560284
0 0.6010196663605756 0.2380135982650489 0.046296296296296294 0.07092198581560284
0 0.6147937710437711 0.24223374948713433 0.046296296296296294 0.07092198581560284
0 0.6368323385368841 0.27177480804173254 0.046296296296296294 0.07092198581560284
0 0.6409645699418428 0.25700427876443344 0.046296296296296294 0.07092198581560284
0 0.6423419804101624 0.24223374948713433 0.046296296296296294 0.07092198581560284
0 0.68090947352311 0.25700427876443344 0.046296296296296294 0.07092198581560284
0 0.656116085093358 0.26122442998651885 0.046296296296296294 0.07092198581560284
0 0.5114879859198043 0.4511312349803646 0.046296296296296294 0.07092198581560284
0 0.5417910162228345 0.4426909325361936 0.046296296296296294 0.07092198581560284
0 0.5266395010713193 0.4258103276478518 0.046296296296296294 0.07092198581560284
0 0.530771732476278 0.3625080593165699 0.046296296296296294 0.07092198581560284
0 0.5445458371594735 0.37516851298282633 0.046296296296296294 0.07092198581560284
0 0.5128653963881237 0.3857188910380399 0.046296296296296294 0.07092198581560284
0 0.508733164983165 0.34984760565031353 0.046296296296296294 0.07092198581560284
0 0.5734714569941844 0.3899390422601255 0.046296296296296294 0.07092198581560284
0 0.5610747627793083 0.3456274544282281 0.046296296296296294 0.07092198581560284
0 0.5886229721456995 0.3561778324834417 0.046296296296296294 0.07092198581560284
0 0.5734714569941844 0.31186624465154444 0.046296296296296294 0.07092198581560284
0 0.5638295837159475 0.3055360178184162 0.046296296296296294 0.07092198581560284
0 0.5569425313743497 0.28865541293007435 0.046296296296296294 0.07092198581560284
0 0.5982648454239365 0.27599495926381806 0.046296296296296294 0.07092198581560284
0 0.612038950107132 0.2928755641521598 0.046296296296296294 0.07092198581560284
0 0.6299452861952864 0.29709571537424523 0.046296296296296294 0.07092198581560284
0 0.6327001071319255 0.31608639587362986 0.046296296296296294 0.07092198581560284
0 0.4825623660850934 0.47012191547974913 0.046296296296296294 0.07092198581560284
0 0.43848523109886756 0.47012191547974913 0.046296296296296294 0.07092198581560284
0 0.4825623660850934 0.5081032764785183 0.046296296296296294 0.07092198581560284
0 0.5238846801346803 0.48700252036809094 0.046296296296296294 0.07092198581560284
0 0.5211298591980411 0.5144335033116464 0.046296296296296294 0.07092198581560284
0 0.4798075451484543 0.5460846374772874 0.046296296296296294 0.07092198581560284
0 0.5156202173247629 0.5566350155325009 0.046296296296296294 0.07092198581560284
0 0.5886229721456995 0.06709747377058782 0.046296296296296294 0.07092198581560284
0 0.5665844046525865 0.05443702010433152 0.046296296296296294 0.07092198581560284
0 0.5817359198041018 0.016455659105562234 0.046296296296296294 0.07092198581560284
0 0.6023970768288952 0.045996717660160454 0.046296296296296294 0.07092198581560284
0 0.6175485919804102 0.052326944493288605 0.046296296296296294 0.07092198581560284
0 0.6244356443220079 0.031226188382861446 0.046296296296296294 0.07092198581560284
0 0.6354549280685646 0.020675810327647665 0.046296296296296294 0.07092198581560284
0 0.6216808233853689 0.014345583494519518 0.046296296296296294 0.07092198581560284
0 0.6079067187021734 0.0037952054393059396 0.046296296296296294 0.07092198581560284
0 0.6299452861952864 0.005905281050348655 0.046296296296296294 0.07092198581560284
0 0.656116085093358 0.03755641521598959 0.046296296296296294 0.07092198581560284
0 0.6726450107131927 0.02911611277181873 0.046296296296296294 0.07092198581560284
0 0.5624521732476278 0.5777357716429283 0.046296296296296294 0.07092198581560284
0 0.5101105754514846 0.5967264521423129 0.046296296296296294 0.07092198581560284
0 0.5596973523109887 0.5376443350331165 0.046296296296296294 0.07092198581560284
0 0.5362813743495564 0.5439745618662447 0.046296296296296294 0.07092198581560284
0 0.5720940465258649 0.4637916886466209 0.046296296296296294 0.07092198581560284
0 0.577603688399143 0.4300304788699372 0.046296296296296294 0.07092198581560284
0 0.6037744872972147 0.43636070570306545 0.046296296296296294 0.07092198581560284
0 0.6175485919804102 0.4511312349803646 0.046296296296296294 0.07092198581560284
0 0.5996422558922561 0.5038831252564328 0.046296296296296294 0.07092198581560284
0 0.5996422558922561 0.5228738057558173 0.046296296296296294 0.07092198581560284
0 0.6065293082338538 0.5460846374772874 0.046296296296296294 0.07092198581560284
0 0.6395871594735233 0.48489244475704824 0.046296296296296294 0.07092198581560284
0 0.6519838536883993 0.5397544106441591 0.046296296296296294 0.07092198581560284
0 0.6685127793082342 0.44480100814723633 0.046296296296296294 0.07092198581560284
0 0.7029480410162229 0.45746146181349273 0.046296296296296294 0.07092198581560284
0 0.7098350933578209 0.4532413105914073 0.046296296296296294 0.07092198581560284
0 0.7084576828895014 0.49966297403434734 0.046296296296296294 0.07092198581560284
0 0.7112125038261404 0.5144335033116464 0.046296296296296294 0.07092198581560284
0 0.7360058922558923 0.5186536545337319 0.046296296296296294 0.07092198581560284
0 0.6258130547903276 0.39204911787116814 0.046296296296296294 0.07092198581560284
0 0.6134163605754516 0.3857188910380399 0.046296296296296294 0.07092198581560284
0 0.6630031374349556 0.3857188910380399 0.046296296296296294 0.07092198581560284
0 0.6795320630547905 0.37516851298282633 0.046296296296296294 0.07092198581560284
0 0.7001932200795837 0.37938866420491174 0.046296296296296294 0.07092198581560284
0 0.71258991429446 0.39415919348221085 0.046296296296296294 0.07092198581560284
0 0.7098350933578209 0.36461813492761264 0.046296296296296294 0.07092198581560284
0 0.6616257269666361 0.32663677392884344 0.046296296296296294 0.07092198581560284
0 0.6891739363330274 0.3561778324834417 0.046296296296296294 0.07092198581560284
0 0.71258991429446 0.2928755641521598 0.046296296296296294 0.07092198581560284
0 0.7098350933578209 0.30131586659633075 0.046296296296296294 0.07092198581560284
0 0.7525348178757272 0.27810503487486077 0.046296296296296294 0.07092198581560284
0 0.71258991429446 0.24223374948713433 0.046296296296296294 0.07092198581560284
0 0.7346284817875728 0.22746322020983523 0.046296296296296294 0.07092198581560284
0 0.6822868839914297 0.21902291776566435 0.046296296296296294 0.07092198581560284
0 0.6685127793082342 0.19370201043315158 0.046296296296296294 0.07092198581560284
0 0.6506064432200797 0.197922161655237 0.046296296296296294 0.07092198581560284
0 0.6244356443220079 0.20003223726627972 0.046296296296296294 0.07092198581560284
0 0.6230582338536884 0.1726012543227242 0.046296296296296294 0.07092198581560284
0 0.6492290327517601 0.16416095187855334 0.046296296296296294 0.07092198581560284
0 0.6492290327517601 0.14939042260125424 0.046296296296296294 0.07092198581560284
0 0.6216808233853689 0.1430601957681261 0.046296296296296294 0.07092198581560284
0 0.6051518977655342 0.1557206494343825 0.046296296296296294 0.07092198581560284
0 0.6134163605754516 0.13672996893499784 0.046296296296296294 0.07092198581560284
0 0.5927552035506584 0.11773928843561329 0.046296296296296294 0.07092198581560284
0 0.5762262779308235 0.12828966649082696 0.046296296296296294 0.07092198581560284
0 0.5596973523109887 0.14939042260125424 0.046296296296296294 0.07092198581560284
0 0.5541877104377106 0.11984936404665601 0.046296296296296294 0.07092198581560284
0 0.5610747627793083 0.10507883476935691 0.046296296296296294 0.07092198581560284
0 0.5638295837159475 0.07342770060371596 0.046296296296296294 0.07092198581560284
0 0.6216808233853689 0.08397807865892953 0.046296296296296294 0.07092198581560284
0 0.612038950107132 0.08186800304788683 0.046296296296296294 0.07092198581560284
0 0.5968874349556169 0.08819822988101517 0.046296296296296294 0.07092198581560284
0 0.6492290327517601 0.08397807865892953 0.046296296296296294 0.07092198581560284
0 0.6354549280685646 0.08819822988101517 0.046296296296296294 0.07092198581560284
0 0.6340775176002451 0.09663853232518603 0.046296296296296294 0.07092198581560284
0 0.6533612641567188 0.10718891038039961 0.046296296296296294 0.07092198581560284
0 0.658870906029997 0.1325098177129124 0.046296296296296294 0.07092198581560284
0 0.6533612641567188 0.11984936404665601 0.046296296296296294 0.07092198581560284
0 0.6602483164983165 0.08397807865892953 0.046296296296296294 0.07092198581560284
0 0.68090947352311 0.08819822988101517 0.046296296296296294 0.07092198581560284
0 0.6850417049280687 0.06709747377058782 0.046296296296296294 0.07092198581560284
0 0.6836642944597492 0.052326944493288605 0.046296296296296294 0.07092198581560284
0 0.6616257269666361 0.06076724693745967 0.046296296296296294 0.07092198581560284
0 0.6960609886746251 0.11140906160248515 0.046296296296296294 0.07092198581560284
0 0.7015706305479034 0.11140906160248515 0.046296296296296294 0.07092198581560284
0 0.6864191153963882 0.1430601957681261 0.046296296296296294 0.07092198581560284
0 0.6850417049280687 0.17893148115585245 0.046296296296296294 0.07092198581560284
0 0.6767772421181514 0.16838110310063878 0.046296296296296294 0.07092198581560284
0 0.6988158096112642 0.17471132993376692 0.046296296296296294 0.07092198581560284
0 0.7222317875726968 0.183151632377938 0.046296296296296294 0.07092198581560284
0 0.7442703550658096 0.07553777621475867 0.046296296296296294 0.07092198581560284
0 0.7346284817875728 0.06076724693745967 0.046296296296296294 0.07092198581560284
0 0.7098350933578209 0.08186800304788683 0.046296296296296294 0.07092198581560284
0 0.7070802724211818 0.052326944493288605 0.046296296296296294 0.07092198581560284
0 0.6946835782063056 0.03333626399390416 0.046296296296296294 0.07092198581560284
0 0.7098350933578209 0.016455659105562234 0.046296296296296294 0.07092198581560284
0 0.7001932200795837 0.0037952054393059396 0.046296296296296294 0.07092198581560284
0 0.6795320630547905 0.0037952054393059396 0.046296296296296294 0.07092198581560284
0 0.7456477655341295 0.010125432272434086 0.046296296296296294 0.07092198581560284
0 0.7332510713192533 0.008015356661391372 0.046296296296296294 0.07092198581560284
0 0.7663089225589227 0.0037952054393059396 0.046296296296296294 0.07092198581560284
0 0.7731959749005205 0.005905281050348655 0.046296296296296294 0.07092198581560284
0 0.7952345423936336 0.008015356661391372 0.046296296296296294 0.07092198581560284
0 0.8503309611264158 0.031226188382861446 0.046296296296296294 0.07092198581560284
0 0.8214053412917051 0.031226188382861446 0.046296296296296294 0.07092198581560284
0 0.8076312366085096 0.02911611277181873 0.046296296296296294 0.07092198581560284
0 0.7773282063054792 0.03966649082703231 0.046296296296296294 0.07092198581560284
0 0.8090086470768291 0.06709747377058782 0.046296296296296294 0.07092198581560284
0 0.7966119528619531 0.06076724693745967 0.046296296296296294 0.07092198581560284
0 0.7759507958371595 0.06709747377058782 0.046296296296296294 0.07092198581560284
0 0.8475761401897768 0.06287732254850238 0.046296296296296294 0.07092198581560284
0 0.7855926691153967 0.11773928843561329 0.046296296296296294 0.07092198581560284
0 0.7332510713192533 0.11773928843561329 0.046296296296296294 0.07092198581560284
0 0.7497799969390881 0.11984936404665601 0.046296296296296294 0.07092198581560284
0 0.7442703550658096 0.11773928843561329 0.046296296296296294 0.07092198581560284
0 0.8007441842669117 0.15150049821229694 0.046296296296296294 0.07092198581560284
0 0.7759507958371595 0.16838110310063878 0.046296296296296294 0.07092198581560284
0 0.7676863330272423 0.19370201043315158 0.046296296296296294 0.07092198581560284
0 0.7497799969390881 0.20214231287732243 0.046296296296296294 0.07092198581560284
0 0.7787056167737987 0.1873717836000234 0.046296296296296294 0.07092198581560284
0 0.7704411539638814 0.2380135982650489 0.046296296296296294 0.07092198581560284
0 0.7690637434955618 0.21902291776566435 0.046296296296296294 0.07092198581560284
0 0.7897249005203554 0.23379344704296337 0.046296296296296294 0.07092198581560284
0 0.8310472145699421 0.23379344704296337 0.046296296296296294 0.07092198581560284
0 0.8172731098867464 0.26122442998651885 0.046296296296296294 0.07092198581560284
0 0.7911023109886749 0.31186624465154444 0.046296296296296294 0.07092198581560284
0 0.771818564432201 0.30131586659633075 0.046296296296296294 0.07092198581560284
0 0.8158956994184268 0.3203065470957153 0.046296296296296294 0.07092198581560284
0 0.828292393633303 0.30131586659633075 0.046296296296296294 0.07092198581560284
0 0.8641050658096115 0.3371871519840572 0.046296296296296294 0.07092198581560284
0 0.8654824762779312 0.27388488365277525 0.046296296296296294 0.07092198581560284
0 0.875124349556168 0.21691284215462164 0.046296296296296294 0.07092198581560284
0 0.8861436333027244 0.23168337143192064 0.046296296296296294 0.07092198581560284
0 0.9136918426691157 0.22957329582087793 0.046296296296296294 0.07092198581560284
0 0.9054273798591984 0.19370201043315158 0.046296296296296294 0.07092198581560284
0 0.8778791704928071 0.1599408006564679 0.046296296296296294 0.07092198581560284
0 0.8723695286195289 0.1325098177129124 0.046296296296296294 0.07092198581560284
0 0.859972834404653 0.14095012015708328 0.046296296296296294 0.07092198581560284
0 0.8434439087848181 0.16838110310063878 0.046296296296296294 0.07092198581560284
0 0.8269149831649835 0.1873717836000234 0.046296296296296294 0.07092198581560284
0 0.8131408784817877 0.17893148115585245 0.046296296296296294 0.07092198581560284
0 0.8434439087848181 0.10296875915831419 0.046296296296296294 0.07092198581560284
0 0.8847662228344049 0.08186800304788683 0.046296296296296294 0.07092198581560284
0 0.8696147076828898 0.024895961549733097 0.046296296296296294 0.07092198581560284
0 0.8641050658096115 0.052326944493288605 0.046296296296296294 0.07092198581560284
0 0.5362813743495564 0.7043403083054921 0.046296296296296294 0.07092198581560284
0 0.5624521732476278 0.6832395521950648 0.046296296296296294 0.07092198581560284
0 0.5789810988674626 0.7106705351386202 0.046296296296296294 0.07092198581560284
0 0.574848867462504 0.7465418205263467 0.046296296296296294 0.07092198581560284
0 0.612038950107132 0.6262675106969111 0.046296296296296294 0.07092198581560284
0 0.580358509335782 0.6452581911962957 0.046296296296296294 0.07092198581560284
0 0.580358509335782 0.611496981419612 0.046296296296296294 0.07092198581560284
0 0.6189260024487298 0.5714055448098001 0.046296296296296294 0.07092198581560284
0 0.6327001071319255 0.5819559228650137 0.046296296296296294 0.07092198581560284
0 0.6519838536883993 0.6452581911962957 0.046296296296296294 0.07092198581560284
0 0.6712676002448732 0.5925063009202275 0.046296296296296294 0.07092198581560284
0 0.6506064432200797 0.5903962253091848 0.046296296296296294 0.07092198581560284
0 0.7015706305479034 0.5967264521423129 0.046296296296296294 0.07092198581560284
0 0.7015706305479034 0.643148115585253 0.046296296296296294 0.07092198581560284
0 0.7291188399142946 0.6600287204735947 0.046296296296296294 0.07092198581560284
0 0.747025176002449 0.6368178887521247 0.046296296296296294 0.07092198581560284
0 0.762176691153964 0.619937283863783 0.046296296296296294 0.07092198581560284
0 0.7979893633302727 0.6368178887521247 0.046296296296296294 0.07092198581560284
0 0.8145182889501072 0.5566350155325009 0.046296296296296294 0.07092198581560284
0 0.7787056167737987 0.5313141081999883 0.046296296296296294 0.07092198581560284
0 0.8007441842669117 0.5081032764785183 0.046296296296296294 0.07092198581560284
0 0.8448213192531376 0.5524148643104155 0.046296296296296294 0.07092198581560284
0 0.7029480410162229 0.7191108375827912 0.046296296296296294 0.07092198581560284
0 0.6905513468013469 0.7781929546919877 0.046296296296296294 0.07092198581560284
0 0.6189260024487298 0.6959000058613213 0.046296296296296294 0.07092198581560284
0 0.6450968013468015 0.7528720473594748 0.046296296296296294 0.07092198581560284
0 0.8641050658096115 0.5165435789226892 0.046296296296296294 0.07092198581560284
0 0.8806339914294462 0.5123234277006038 0.046296296296296294 0.07092198581560284
0 0.8985403275176006 0.43425063009202275 0.046296296296296294 0.07092198581560284
0 0.8682372972145702 0.4110397983705527 0.046296296296296294 0.07092198581560284
0 0.8214053412917051 0.47223199109079184 0.046296296296296294 0.07092198581560284
0 0.8145182889501072 0.4511312349803646 0.046296296296296294 0.07092198581560284
0 0.7883474900520357 0.4659017642576637 0.046296296296296294 0.07092198581560284
0 0.7814604377104378 0.43425063009202275 0.046296296296296294 0.07092198581560284
0 0.7635541016222837 0.3962692690932536 0.046296296296296294 0.07092198581560284
0 0.7318736608509337 0.37727858859386904 0.046296296296296294 0.07092198581560284
0 0.7484025864707685 0.33507707637301437 0.046296296296296294 0.07092198581560284
0 0.7690637434955618 0.3561778324834417 0.046296296296296294 0.07092198581560284
0 0.9357304101622288 0.252784127542348 0.046296296296296294 0.07092198581560284
0 0.9550141567187025 0.25700427876443344 0.046296296296296294 0.07092198581560284
0 0.9674108509335784 0.24223374948713433 0.046296296296296294 0.07092198581560284
0 0.9605237985919807 0.21480276654357888 0.046296296296296294 0.07092198581560284
0 0.9302207682889503 0.4152599495926381 0.046296296296296294 0.07092198581560284
0 0.9040499693908788 0.3857188910380399 0.046296296296296294 0.07092198581560284
0 0.8461987297214572 0.400489420315339 0.046296296296296294 0.07092198581560284
0 0.9605237985919807 0.4637916886466209 0.046296296296296294 0.07092198581560284
0 0.9949590602999697 0.4237002520368091 0.046296296296296294 0.07092198581560284
0 0.956391567187022 0.3561778324834417 0.046296296296296294 0.07092198581560284
0 0.9398626415671875 0.33507707637301437 0.046296296296296294 0.07092198581560284
0 0.9095596112641571 0.31608639587362986 0.046296296296296294 0.07092198581560284
0 0.8930306856443224 0.2928755641521598 0.046296296296296294 0.07092198581560284
0 0.8778791704928071 0.31186624465154444 0.046296296296296294 0.07092198581560284
0 0.9742979032751764 0.28232518609694623 0.046296296296296294 0.07092198581560284
0 0.9632786195286198 0.30764609342945903 0.046296296296296294 0.07092198581560284
0 0.9784301346801351 0.31186624465154444 0.046296296296296294 0.07092198581560284
0 0.9990912917049284 0.1873717836000234 0.046296296296296294 0.07092198581560284
0 0.9922042393633306 0.20214231287732243 0.046296296296296294 0.07092198581560284
0 0.975675313743496 0.07342770060371596 0.046296296296296294 0.07092198581560284
0 0.9646560299969393 0.10718891038039961 0.046296296296296294 0.07092198581560284
0 0.941240052035507 0.14095012015708328 0.046296296296296294 0.07092198581560284
0 0.9343529996939092 0.16416095187855334 0.046296296296296294 0.07092198581560284
0 0.941240052035507 0.12828966649082696 0.046296296296296294 0.07092198581560284
0 0.9026725589225593 0.12617959087978425 0.046296296296296294 0.07092198581560284
0 0.9109370217324766 0.10507883476935691 0.046296296296296294 0.07092198581560284
0 0.8916532751760026 0.09663853232518603 0.046296296296296294 0.07092198581560284
0 0.9026725589225593 0.06287732254850238 0.046296296296296294 0.07092198581560284
0 0.8944080961126419 0.031226188382861446 0.046296296296296294 0.07092198581560284
0 0.9260885368839916 0.014345583494519518 0.046296296296296294 0.07092198581560284
0 0.9646560299969393 0.031226188382861446 0.046296296296296294 0.07092198581560284
0 0.9453722834404656 0.06920754938163053 0.046296296296296294 0.07092198581560284
0 0.9894494184266915 0.02278588593869038 0.046296296296296294 0.07092198581560284
0 0.8310472145699421 0.12828966649082696 0.046296296296296294 0.07092198581560284
0 0.8227827517600246 0.13672996893499784 0.046296296296296294 0.07092198581560284
0 0.8145182889501072 0.12195943965769872 0.046296296296296294 0.07092198581560284
0 0.8379342669115398 0.13672996893499784 0.046296296296296294 0.07092198581560284
0 0.8158956994184268 0.21902291776566435 0.046296296296296294 0.07092198581560284
0 0.8076312366085096 0.18948185921106614 0.046296296296296294 0.07092198581560284
0 0.762176691153964 0.12828966649082696 0.046296296296296294 0.07092198581560284
0 0.3131408784817875 0.12828966649082696 0.046296296296296294 0.07092198581560284
0 0.45914638812366093 0.14095012015708328 0.046296296296296294 0.07092198581560284
