0 0.28303445850914194 0.5153012189404592 0.05555555555555555 0.07407407407407407
0 0.4468002812939521 0.4630860290670415 0.05555555555555555 0.07407407407407407
0 0.5168161040787622 0.4045417252695731 0.05555555555555555 0.07407407407407407
0 0.47053445850914205 0.3649847632442566 0.05555555555555555 0.07407407407407407
0 0.43730661040787616 0.37289615564931994 0.05555555555555555 0.07407407407407407
0 0.3815312939521799 0.3665670417252693 0.05555555555555555 0.07407407407407407
0 0.40407876230661033 0.303275902484763 0.05555555555555555 0.07407407407407407
0 0.3589838255977495 0.3001113455227377 0.05555555555555555 0.07407407407407407
0 0.33524964838255966 0.2842885607126111 0.05555555555555555 0.07407407407407407
0 0.2996483825597749 0.31118729488982616 0.05555555555555555 0.07407407407407407
0 0.29608825597749633 0.37606071261134527 0.05555555555555555 0.07407407407407407
0 0.26879395218002805 0.3206809657759021 0.05555555555555555 0.07407407407407407
0 0.2414996483825597 0.32859235818096555 0.05555555555555555 0.07407407407407407
0 0.23081926863572416 0.34757969995311744 0.05555555555555555 0.07407407407407407
0 0.1916578762306609 0.3380860290670415 0.05555555555555555 0.07407407407407407
0 0.19047116736990144 0.36814932020628194 0.05555555555555555 0.07407407407407407
0 0.25930028129395205 0.3982126113455224 0.05555555555555555 0.07407407407407407
0 0.24505977496483816 0.36023792780121866 0.05555555555555555 0.07407407407407407
0 0.3198224331926862 0.5279594467885604 0.05555555555555555 0.07407407407407407
0 0.39221167369901533 0.5216303328645098 0.05555555555555555 0.07407407407407407
0 0.3755977496483825 0.5770100796999529 0.05555555555555555 0.07407407407407407
0 0.38627812939521794 0.6244784341303325 0.05555555555555555 0.07407407407407407
0 0.35067686357243316 0.6909341303328642 0.05555555555555555 0.07407407407407407
0 0.2913414205344584 0.5959974214721048 0.05555555555555555 0.07407407407407407
0 0.28066104078762294 0.6798581809657755 0.05555555555555555 0.07407407407407407
0 0.21539205344585077 0.603908813877168 0.05555555555555555 0.07407407407407407
0 0.20827180028129383 0.6909341303328642 0.05555555555555555 0.07407407407407407
0 0.25099331926863555 0.7162505860290668 0.05555555555555555 0.07407407407407407
0 0.16317686357243305 0.9251113455227377 0.05555555555555555 0.07407407407407407
0 0.2414996483825597 0.9899847632442567 0.05555555555555555 0.07407407407407407
0 0.3198224331926862 0.8823898265353959 0.05555555555555555 0.07407407407407407
0 0.36847749648382555 0.7605543834974212 0.05555555555555555 0.07407407407407407
0 0.43849331926863555 0.7067569151429908 0.05555555555555555 0.07407407407407407
0 0.4990154711673699 0.6624531176746364 0.05555555555555555 0.07407407407407407
0 0.5168161040787622 0.7257442569151427 0.05555555555555555 0.07407407407407407
0 0.5085091420534458 0.7969467885607123 0.05555555555555555 0.07407407407407407
0 0.6236199015471167 0.7716303328645098 0.05555555555555555 0.07407407407407407
0 0.6176863572433192 0.7051746366619782 0.05555555555555555 0.07407407407407407
0 0.5915787623066103 0.6497948898265351 0.05555555555555555 0.07407407407407407
0 0.578524964838256 0.5216303328645098 0.05555555555555555 0.07407407407407407
0 0.6556610407876231 0.5247948898265351 0.05555555555555555 0.07407407407407407
0 0.6936357243319269 0.6482126113455224 0.05555555555555555 0.07407407407407407
0 0.7161831926863572 0.7051746366619782 0.05555555555555555 0.07407407407407407
0 0.7589047116736989 0.7020100796999529 0.05555555555555555 0.07407407407407407
0 0.8277338255977498 0.6940986872948895 0.05555555555555555 0.07407407407407407
0 0.8443477496483828 0.798529067041725 0.05555555555555555 0.07407407407407407
0 0.8918161040787623 0.8475796999531174 0.05555555555555555 0.07407407407407407
0 0.9096167369901549 0.8855543834974212 0.05555555555555555 0.07407407407407407
0 0.9119901547116737 0.6877695733708389 0.05555555555555555 0.07407407407407407
0 0.9060566104078762 0.6371366619784339 0.05555555555555555 0.07407407407407407
0 0.8965629395218002 0.5469467885607123 0.05555555555555555 0.07407407407407407
0 0.9155502812939523 0.48049109235818066 0.05555555555555555 0.07407407407407407
0 0.9665787623066106 0.39979488982653516 0.05555555555555555 0.07407407407407407
0 0.831293952180028 0.43935185185185166 0.05555555555555555 0.07407407407407407
0 0.8182401547116737 0.3428328645100795 0.05555555555555555 0.07407407407407407
0 0.8538414205344584 0.3428328645100795 0.05555555555555555 0.07407407407407407
0 0.7292369901547116 0.3206809657759021 0.05555555555555555 0.07407407407407407
0 0.7221167369901546 0.27637716830754777 0.05555555555555555 0.07407407407407407
0 0.8182401547116737 0.2051746366619782 0.05555555555555555 0.07407407407407407
0 0.1311357243319267 0.14504805438349716 0.05555555555555555 0.07407407407407407
0 0.21420534458509133 0.22099742147210472 0.05555555555555555 0.07407407407407407
0 0.2676072433192685 0.22890881387716805 0.05555555555555555 0.07407407407407407
0 0.21657876230661025 0.27637716830754777 0.05555555555555555 0.07407407407407407
0 0.16317686357243305 0.27004805438349716 0.05555555555555555 0.07407407407407407
0 0.07061357243319252 0.39346577590248444 0.05555555555555555 0.07407407407407407
0 0.05162623066104059 0.3270100796999528 0.05555555555555555 0.07407407407407407
0 0.024331926863572228 0.24473159868729458 0.05555555555555555 0.07407407407407407
0 0.03738572433192667 0.19884552273792758 0.05555555555555555 0.07407407407407407
0 0.08485407876230645 0.24473159868729458 0.05555555555555555 0.07407407407407407
0 0.08841420534458493 0.2067569151429908 0.05555555555555555 0.07407407407407407
0 0.09553445850914188 0.3776429910923579 0.05555555555555555 0.07407407407407407
0 0.11214838255977481 0.3459974214721047 0.05555555555555555 0.07407407407407407
0 0.12045534458509125 0.303275902484763 0.05555555555555555 0.07407407407407407
0 0.1477496483825596 0.5105543834974212 0.05555555555555555 0.07407407407407407
0 0.11333509142053429 0.4266936240037502 0.05555555555555555 0.07407407407407407
0 0.1501230661040786 0.3823898265353959 0.05555555555555555 0.07407407407407407
0 0.06586673699015452 0.45833919362400355 0.05555555555555555 0.07407407407407407
0 0.08366736990154698 0.4947315986872946 0.05555555555555555 0.07407407407407407
0 0.09909458509142037 0.6244784341303325 0.05555555555555555 0.07407407407407407
0 0.13469585091420516 0.6703645100796997 0.05555555555555555 0.07407407407407407
0 0.3459300281293951 0.19884552273792758 0.05555555555555555 0.07407407407407407
0 0.4147591420534458 0.18144045944678833 0.05555555555555555 0.07407407407407407
0 0.4788414205344584 0.14346577590248444 0.05555555555555555 0.07407407407407407
0 0.5180028129395218 0.1403012189404592 0.05555555555555555 0.07407407407407407
0 0.6331135724331927 0.29061767463666166 0.05555555555555555 0.07407407407407407
0 0.6164996483825597 0.3222632442569149 0.05555555555555555 0.07407407407407407
0 0.5690312939521801 0.31276957337083894 0.05555555555555555 0.07407407407407407
0 0.5227496483825597 0.3175164088138769 0.05555555555555555 0.07407407407407407
0 0.46816104078762294 0.3175164088138769 0.05555555555555555 0.07407407407407407
0 0.4966420534458508 0.3428328645100795 0.05555555555555555 0.07407407407407407
0 0.6212464838255977 0.40137716830754777 0.05555555555555555 0.07407407407407407
0 0.5725914205344586 0.3839721050164085 0.05555555555555555 0.07407407407407407
0 0.6343002812939522 0.3887189404594465 0.05555555555555555 0.07407407407407407
0 0.6746483825597749 0.3823898265353959 0.05555555555555555 0.07407407407407407
0 0.6841420534458509 0.3270100796999528 0.05555555555555555 0.07407407407407407
0 0.7814521800281293 0.33650375058602877 0.05555555555555555 0.07407407407407407
0 0.6948224331926863 0.8934657759024844 0.05555555555555555 0.07407407407407407
0 0.7956926863572432 0.9393518518518515 0.05555555555555555 0.07407407407407407
0 0.855028129395218 0.18935185185185155 0.05555555555555555 0.07407407407407407
0 0.9309774964838258 0.17669362400375035 0.05555555555555555 0.07407407407407407
0 0.9736990154711676 0.11182020628223135 0.05555555555555555 0.07407407407407407
0 0.9440312939521801 0.1213138771683073 0.05555555555555555 0.07407407407407407
0 0.9096167369901549 0.10390881387716805 0.05555555555555555 0.07407407407407407
0 0.6271800281293951 0.0817569151429908 0.05555555555555555 0.07407407407407407
0 0.7292369901547116 0.19884552273792758 0.05555555555555555 0.07407407407407407
0 0.7565312939521801 0.2051746366619782 0.05555555555555555 0.07407407407407407
0 0.6271800281293951 0.2067569151429908 0.05555555555555555 0.07407407407407407
0 0.6378604078762307 0.23523792780121863 0.05555555555555555 0.07407407407407407
0 0.578524964838256 0.22099742147210472 0.05555555555555555 0.07407407407407407
0 0.5500439521800281 0.15928856071261108 0.05555555555555555 0.07407407407407407
0 0.5358034458509142 0.24789615564931994 0.05555555555555555 0.07407407407407407
0 0.5678445850914206 0.2605543834974212 0.05555555555555555 0.07407407407407407
0 0.4824015471167369 0.24314932020628197 0.05555555555555555 0.07407407407407407
0 0.45866736990154705 0.2130860290670415 0.05555555555555555 0.07407407407407407
0 0.4349331926863571 0.2589721050164085 0.05555555555555555 0.07407407407407407
0 0.3969585091420534 0.2273265353961554 0.05555555555555555 0.07407407407407407
0 0.5049490154711673 0.543782231598687 0.05555555555555555 0.07407407407407407
0 0.024331926863572228 0.46625058602906677 0.05555555555555555 0.07407407407407407
0 0.677021800281294 0.21783286451007947 0.05555555555555555 0.07407407407407407
0 0.6556610407876231 0.16245311767463633 0.05555555555555555 0.07407407407407407
0 0.8989363572433193 0.13238982653539588 0.05555555555555555 0.07407407407407407
0 0.8692686357243319 0.1482126113455224 0.05555555555555555 0.07407407407407407
0 0.48477496483825594 0.09916197843413006 0.05555555555555555 0.07407407407407407
0 0.6129395218002812 0.14346577590248444 0.05555555555555555 0.07407407407407407
0 0.6188730661040788 0.13238982653539588 0.05555555555555555 0.07407407407407407
0 0.6141262306610408 0.029541725269573108 0.05555555555555555 0.07407407407407407
0 0.6687148382559774 0.03745311767463633 0.05555555555555555 0.07407407407407407
0 0.751784458509142 0.08333919362400354 0.05555555555555555 0.07407407407407407
0 0.7731452180028129 0.07226324425691485 0.05555555555555555 0.07407407407407407
0 0.7909458509142054 0.09916197843413006 0.05555555555555555 0.07407407407407407
0 0.785012306610408 0.18460501640881358 0.05555555555555555 0.07407407407407407
0 0.7031293952180029 0.1877695733708389 0.05555555555555555 0.07407407407407407
0 0.5749648382559774 0.14346577590248444 0.05555555555555555 0.07407407407407407
0 0.5298699015471167 0.27004805438349716 0.05555555555555555 0.07407407407407407
0 0.7594808820745789 0.1764685469114772 0.05555555555555555 0.07407407407407407
0 0.6585439144425517 0.09469682629818924 0.05555555555555555 0.07407407407407407
0 0.6904859928071172 0.08788251624708197 0.05555555555555555 0.07407407407407407
0 0.6483224493658906 0.12025048898984167 0.05555555555555555 0.07407407407407407
0 0.9830754306265379 0.7573884787683767 0.05555555555555555 0.07407407407407407
0 0.9792423812227903 0.8732317496372012 0.05555555555555555 0.07407407407407407
0 0.08230882074578842 0.5495520222096033 0.05555555555555555 0.07407407407407407
