0 0.12214285714285711 0.8036866359447004 0.02857142857142857 0.043010752688172046
0 0.051734693877550954 0.8482334869431642 0.02857142857142857 0.043010752688172046
0 0.057857142857142815 0.7698924731182795 0.02857142857142857 0.043010752688172046
0 0.10173469387755099 0.7222734254992319 0.02857142857142857 0.043010752688172046
0 0.08030612244897957 0.6700460829493086 0.02857142857142857 0.043010752688172046
0 0.09765306122448972 0.5978494623655912 0.02857142857142857 0.043010752688172046
0 0.13336734693877544 0.622427035330261 0.02857142857142857 0.043010752688172046
0 0.0568367346938775 0.6270353302611366 0.02857142857142857 0.043010752688172046
0 0.17622448979591834 0.7913978494623655 0.02857142857142857 0.043010752688172046
0 0.2894897959183674 0.8344086021505375 0.02857142857142857 0.043010752688172046
0 0.32928571428571424 0.8328725038402456 0.02857142857142857 0.043010752688172046
0 0.35071428571428576 0.7391705069124422 0.02857142857142857 0.043010752688172046
0 0.27826530612244904 0.7299539170506911 0.02857142857142857 0.043010752688172046
0 0.22622448979591836 0.7053763440860213 0.02857142857142857 0.043010752688172046
0 0.2068367346938775 0.7007680491551459 0.02857142857142857 0.043010752688172046
0 0.18948979591836734 0.6485407066052226 0.02857142857142857 0.043010752688172046
0 0.22622448979591836 0.590168970814132 0.02857142857142857 0.043010752688172046
0 0.25581632653061226 0.5763440860215052 0.02857142857142857 0.043010752688172046
0 0.201734693877551 0.5179723502304145 0.02857142857142857 0.043010752688172046
0 0.2619387755102041 0.5179723502304145 0.02857142857142857 0.043010752688172046
0 0.27826530612244904 0.5010752688172042 0.02857142857142857 0.043010752688172046
0 0.3129591836734694 0.5087557603686634 0.02857142857142857 0.043010752688172046
0 0.30581632653061225 0.590168970814132 0.02857142857142857 0.043010752688172046
0 0.3119387755102041 0.6700460829493086 0.02857142857142857 0.043010752688172046
0 0.354795918367347 0.6439324116743471 0.02857142857142857 0.043010752688172046
0 0.41193877551020414 0.6976958525345621 0.02857142857142857 0.043010752688172046
0 0.43336734693877554 0.6132104454685099 0.02857142857142857 0.043010752688172046
0 0.4813265306122449 0.6377880184331796 0.02857142857142857 0.043010752688172046
0 0.5058163265306124 0.6976958525345621 0.02857142857142857 0.043010752688172046
0 0.528265306122449 0.8451612903225805 0.02857142857142857 0.043010752688172046
0 0.5201020408163267 0.8067588325652841 0.02857142857142857 0.043010752688172046
0 0.5854081632653061 0.7483870967741935 0.02857142857142857 0.043010752688172046
0 0.5323469387755104 0.9311827956989246 0.02857142857142857 0.043010752688172046
0 0.6425510204081634 0.8635944700460829 0.02857142857142857 0.043010752688172046
0 0.8129591836734695 0.9480798771121351 0.02857142857142857 0.043010752688172046
0 0.7660204081632654 0.9188940092165898 0.02857142857142857 0.043010752688172046
0 0.7139795918367349 0.8497695852534561 0.02857142857142857 0.043010752688172046
0 0.7007142857142858 0.7729646697388632 0.02857142857142857 0.043010752688172046
0 0.6925510204081633 0.6592933947772656 0.02857142857142857 0.043010752688172046
0 0.6272448979591839 0.6654377880184331 0.02857142857142857 0.043010752688172046
0 0.5762244897959184 0.6454685099846389 0.02857142857142857 0.043010752688172046
0 0.5823469387755104 0.590168970814132 0.02857142857142857 0.043010752688172046
0 0.5537755102040818 0.568663594470046 0.02857142857142857 0.043010752688172046
0 0.44969387755102047 0.568663594470046 0.02857142857142857 0.043010752688172046
0 0.39459183673469383 0.525652841781874 0.02857142857142857 0.043010752688172046
0 0.36704081632653063 0.5502304147465437 0.02857142857142857 0.043010752688172046
0 0.341530612244898 0.568663594470046 0.02857142857142857 0.043010752688172046
0 0.35785714285714293 0.5087557603686634 0.02857142857142857 0.043010752688172046
0 0.5007142857142857 0.514900153609831 0.02857142857142857 0.043010752688172046
0 0.5160204081632654 0.47956989247311815 0.02857142857142857 0.043010752688172046
0 0.5017346938775511 0.4718894009216588 0.02857142857142857 0.043010752688172046
0 0.5262244897959184 0.4196620583717357 0.02857142857142857 0.043010752688172046
0 0.5925510204081633 0.5195084485407064 0.02857142857142857 0.043010752688172046
0 0.611938775510204 0.514900153609831 0.02857142857142857 0.043010752688172046
0 0.8241836734693879 0.7115207373271889 0.02857142857142857 0.043010752688172046
0 0.7690816326530613 0.5870967741935482 0.02857142857142857 0.043010752688172046
0 0.7813265306122451 0.5517665130568354 0.02857142857142857 0.043010752688172046
0 0.7415306122448981 0.514900153609831 0.02857142857142857 0.043010752688172046
0 0.9088775510204082 0.8897081413210445 0.02857142857142857 0.043010752688172046
0 0.8935714285714287 0.8067588325652841 0.02857142857142857 0.043010752688172046
0 0.8139795918367347 0.8159754224270352 0.02857142857142857 0.043010752688172046
0 0.9843877551020409 0.862058371735791 0.02857142857142857 0.043010752688172046
0 0.9792857142857144 0.763748079877112 0.02857142857142857 0.043010752688172046
0 0.9313265306122451 0.7376344086021505 0.02857142857142857 0.043010752688172046
0 0.8762244897959186 0.6408602150537633 0.02857142857142857 0.043010752688172046
0 0.9047959183673472 0.5947772657450076 0.02857142857142857 0.043010752688172046
0 0.9650000000000002 0.6193548387096773 0.02857142857142857 0.043010752688172046
0 0.9558163265306124 0.5118279569892472 0.02857142857142857 0.043010752688172046
0 0.6394897959183674 0.5517665130568354 0.02857142857142857 0.043010752688172046
0 0.3160204081632652 0.2276497695852533 0.02857142857142857 0.043010752688172046
0 0.4241836734693878 0.22150537634408576 0.02857142857142857 0.043010752688172046
0 0.2956122448979592 0.3781874039938554 0.02857142857142857 0.043010752688172046
0 0.10377551020408163 0.3874039938556066 0.02857142857142857 0.043010752688172046
0 0.08030612244897957 0.37665130568356353 0.02857142857142857 0.043010752688172046
0 0.06602040816326527 0.3720430107526879 0.02857142857142857 0.043010752688172046
0 0.04255102040816321 0.36589861751152053 0.02857142857142857 0.043010752688172046
0 0.012959183673469325 0.3628264208909369 0.02857142857142857 0.043010752688172046
0 0.009897959183673411 0.3351766513056834 0.02857142857142857 0.043010752688172046
0 0.13336734693877544 0.536405529953917 0.02857142857142857 0.043010752688172046
0 0.09867346938775504 0.5225806451612902 0.02857142857142857 0.043010752688172046
0 0.0741836734693877 0.5010752688172042 0.02857142857142857 0.043010752688172046
0 0.06295918367346932 0.5195084485407064 0.02857142857142857 0.043010752688172046
0 0.04255102040816321 0.5394777265745007 0.02857142857142857 0.043010752688172046
0 0.04357142857142853 0.5655913978494622 0.02857142857142857 0.043010752688172046
0 0.02316326530612238 0.5379416282642088 0.02857142857142857 0.043010752688172046
0 0.02316326530612238 0.49646697388632854 0.02857142857142857 0.043010752688172046
0 0.013979591836734641 0.6086021505376343 0.02857142857142857 0.043010752688172046
0 0.027244897959183608 0.5932411674347157 0.02857142857142857 0.043010752688172046
0 0.40887755102040824 0.4949308755760367 0.02857142857142857 0.043010752688172046
0 0.43234693877551017 0.5440860215053762 0.02857142857142857 0.043010752688172046
0 0.5639795918367347 0.4580645161290321 0.02857142857142857 0.043010752688172046
0 0.5598979591836735 0.5010752688172042 0.02857142857142857 0.043010752688172046
0 0.5394897959183674 0.5010752688172042 0.02857142857142857 0.043010752688172046
0 0.6435714285714287 0.5625192012288784 0.02857142857142857 0.043010752688172046
0 0.6405102040816327 0.5179723502304145 0.02857142857142857 0.043010752688172046
0 0.6578571428571429 0.5179723502304145 0.02857142857142857 0.043010752688172046
0 0.6609183673469389 0.4826420890937019 0.02857142857142857 0.043010752688172046
0 0.6588775510204082 0.44423963133640537 0.02857142857142857 0.043010752688172046
0 0.6323469387755103 0.425806451612903 0.02857142857142857 0.043010752688172046
0 0.6303061224489797 0.3981566820276496 0.02857142857142857 0.043010752688172046
0 0.611938775510204 0.3874039938556066 0.02857142857142857 0.043010752688172046
0 0.591530612244898 0.3735791090629799 0.02857142857142857 0.043010752688172046
0 0.5925510204081633 0.4073732718894007 0.02857142857142857 0.043010752688172046
0 0.5262244897959184 0.41505376344086 0.02857142857142857 0.043010752688172046
0 0.668061224489796 0.3874039938556066 0.02857142857142857 0.043010752688172046
0 0.8670408163265308 0.4626728110599077 0.02857142857142857 0.043010752688172046
0 0.8252040816326531 0.4534562211981565 0.02857142857142857 0.043010752688172046
0 0.7966326530612247 0.4933947772657449 0.02857142857142857 0.043010752688172046
0 0.7721428571428574 0.46881720430107515 0.02857142857142857 0.043010752688172046
0 0.7568367346938776 0.4519201228878647 0.02857142857142857 0.043010752688172046
0 0.7496938775510205 0.42887864823348676 0.02857142857142857 0.043010752688172046
0 0.7201020408163268 0.447311827956989 0.02857142857142857 0.043010752688172046
0 0.7017346938775512 0.42887864823348676 0.02857142857142857 0.043010752688172046
0 0.7333673469387756 0.35514592933947753 0.02857142857142857 0.043010752688172046
0 0.7241836734693881 0.3228878648233485 0.02857142857142857 0.043010752688172046
0 0.8262244897959186 0.3996927803379415 0.02857142857142857 0.043010752688172046
0 0.794591836734694 0.3812596006144392 0.02857142857142857 0.043010752688172046
0 0.8537755102040817 0.425806451612903 0.02857142857142857 0.043010752688172046
0 0.8364285714285716 0.4181259600614437 0.02857142857142857 0.043010752688172046
0 0.8068367346938776 0.45038402457757276 0.02857142857142857 0.043010752688172046
0 0.8864285714285716 0.3904761904761903 0.02857142857142857 0.043010752688172046
0 0.9282653061224491 0.4073732718894007 0.02857142857142857 0.043010752688172046
0 0.9221428571428573 0.4611367127496158 0.02857142857142857 0.043010752688172046
0 0.9792857142857144 0.4549923195084484 0.02857142857142857 0.043010752688172046
0 0.99765306122449 0.6577572964669737 0.02857142857142857 0.043010752688172046
0 0.08846938775510203 0.469585253456221 0.02857142857142857 0.043010752688172046
0 0.1359183673469388 0.48801843317972315 0.02857142857142857 0.043010752688172046
0 0.2252040816326531 0.46574500768049126 0.02857142857142857 0.043010752688172046
0 0.2716326530612245 0.46036866359446976 0.02857142857142857 0.043010752688172046
0 0.05581632653061224 0.469585253456221 0.02857142857142857 0.043010752688172046
0 0.013979591836734662 0.4642089093701994 0.02857142857142857 0.043010752688172046
0 0.4655102040816327 0.500307219662058 0.02857142857142857 0.043010752688172046
0 0.48387755102040825 0.4588325652841779 0.02857142857142857 0.043010752688172046
0 0.6971428571428573 0.5440860215053761 0.02857142857142857 0.043010752688172046
0 0.599183673469388 0.46420890937019943 0.02857142857142857 0.043010752688172046
0 0.7614285714285716 0.512596006144393 0.02857142857142857 0.043010752688172046
0 0.7854081632653064 0.41274961597542215 0.02857142857142857 0.043010752688172046
0 0.735918367346939 0.3897081413210443 0.02857142857142857 0.043010752688172046
0 0.36704081632653063 0.49032258064516115 0.02857142857142857 0.043010752688172046
0 0.34357142857142864 0.5179723502304145 0.02857142857142857 0.043010752688172046
0 0.2966326530612245 0.47496159754224254 0.02857142857142857 0.043010752688172046
0 0.3558163265306123 0.4657450076804914 0.02857142857142857 0.043010752688172046
0 0.8721428571428573 0.6055299539170506 0.02857142857142857 0.043010752688172046
0 0.8064085914085917 0.41836228287841193 0.02857142857142857 0.043010752688172046
0 0.528686313686314 0.976298969847357 0.02857142857142857 0.043010752688172046
