0 0.8374692995382651 0.9653532965589704 0.05305039787798409 0.07092198581560284
0 0.7552804794184105 0.9418965064355137 0.05305039787798409 0.07092198581560284
0 0.7072600451910798 0.8962174940898345 0.05305039787798409 0.07092198581560284
0 0.6416936830729936 0.9752298397688469 0.05305039787798409 0.07092198581560284
0 0.9131938304352099 0.7542421854478593 0.05305039787798409 0.07092198581560284
0 0.7728264073091661 0.6863409508799581 0.05305039787798409 0.07092198581560284
0 0.7368110816386679 0.7357236669293408 0.05305039787798409 0.07092198581560284
0 0.9455152765497594 0.6048594693984765 0.05305039787798409 0.07092198581560284
0 0.9131938304352099 0.5937483582873654 0.05305039787798409 0.07092198581560284
0 0.17626485902347971 0.9456002101392172 0.05305039787798409 0.07092198581560284
0 0.1393260634639945 0.9270816916206988 0.05305039787798409 0.07092198581560284
0 0.2593771490323215 0.9258471237194642 0.05305039787798409 0.07092198581560284
0 0.32309657137243347 0.9752298397688469 0.05305039787798409 0.07092198581560284
0 0.3175557520385107 0.9135014447071186 0.05305039787798409 0.07092198581560284
0 0.41174968071519796 0.7776989755713161 0.05305039787798409 0.07092198581560284
0 0.3674231260438157 0.8097977410034147 0.05305039787798409 0.07092198581560284
0 0.3258669810393949 0.8172051484108223 0.05305039787798409 0.07092198581560284
0 0.20950977502701643 0.8332545311268716 0.05305039787798409 0.07092198581560284
0 0.07653011101286968 0.9381928027318098 0.05305039787798409 0.07092198581560284
0 0.19842813635917084 0.7801681113737852 0.05305039787798409 0.07092198581560284
0 0.34987719815306034 0.7011557656947728 0.05305039787798409 0.07092198581560284
0 0.2990863542587681 0.6974520619910691 0.05305039787798409 0.07092198581560284
0 0.2270557029177719 0.6863409508799581 0.05305039787798409 0.07092198581560284
0 0.25475979958738587 0.7542421854478593 0.05305039787798409 0.07092198581560284
0 0.16056587091069852 0.6826372471762543 0.05305039787798409 0.07092198581560284
0 0.13747912368602028 0.7011557656947728 0.05305039787798409 0.07092198581560284
0 0.11623931623931628 0.6814026792750197 0.05305039787798409 0.07092198581560284
0 0.05159642401021713 0.6900446545836617 0.05305039787798409 0.07092198581560284
0 0.04051478534237156 0.760415024954032 0.05305039787798409 0.07092198581560284
0 0.07837705079084395 0.7925137903861309 0.05305039787798409 0.07092198581560284
0 0.09222909912565086 0.7715261360651432 0.05305039787798409 0.07092198581560284
0 0.11716278612830339 0.7727607039663777 0.05305039787798409 0.07092198581560284
0 0.14301994301994303 0.7814026792750197 0.05305039787798409 0.07092198581560284
0 0.059907653011101354 0.8690570002626741 0.05305039787798409 0.07092198581560284
0 0.21874447391688775 0.6221434200157605 0.05305039787798409 0.07092198581560284
0 0.27230572747814136 0.606094037299711 0.05305039787798409 0.07092198581560284
0 0.3120149327045879 0.6048594693984765 0.05305039787798409 0.07092198581560284
0 0.34803025837508594 0.6036249014972419 0.05305039787798409 0.07092198581560284
0 0.3785047647116614 0.6048594693984765 0.05305039787798409 0.07092198581560284
0 0.40897927104823667 0.6011557656947729 0.05305039787798409 0.07092198581560284
0 0.44222418705177324 0.5888100866824272 0.05305039787798409 0.07092198581560284
0 0.45422929560860603 0.6184397163120567 0.05305039787798409 0.07092198581560284
0 0.5013262599469497 0.7246125558182296 0.05305039787798409 0.07092198581560284
0 0.4828568621672071 0.6616495928552667 0.05305039787798409 0.07092198581560284
0 0.5087140190588467 0.9270816916206988 0.05305039787798409 0.07092198581560284
0 0.47546910305531004 0.8456002101392173 0.05305039787798409 0.07092198581560284
0 0.5170252480597309 0.843131074336748 0.05305039787798409 0.07092198581560284
0 0.5696630317319973 0.8270816916206988 0.05305039787798409 0.07092198581560284
0 0.5918263090676884 0.7085631731021802 0.05305039787798409 0.07092198581560284
0 0.68786717752235 0.6789335434725505 0.05305039787798409 0.07092198581560284
0 0.6971018764122213 0.6221434200157605 0.05305039787798409 0.07092198581560284
0 0.6777090087434916 0.5937483582873654 0.05305039787798409 0.07092198581560284
0 0.7377345515276551 0.606094037299711 0.05305039787798409 0.07092198581560284
0 0.7829845760880244 0.5826372471762543 0.05305039787798409 0.07092198581560284
0 0.8291580705373809 0.49498292618859996 0.05305039787798409 0.07092198581560284
0 0.8596325768739562 0.5727607039663778 0.05305039787798409 0.07092198581560284
0 0.9224285293250811 0.5048594693984765 0.05305039787798409 0.07092198581560284
0 0.9233519992140683 0.40732860520094566 0.05305039787798409 0.07092198581560284
0 0.8974948423224287 0.3567113212503284 0.05305039787798409 0.07092198581560284
0 0.8356223597602909 0.36041502495403205 0.05305039787798409 0.07092198581560284
0 0.8707142155418018 0.3431310743367481 0.05305039787798409 0.07092198581560284
0 0.8531682876510465 0.30856317310218023 0.05305039787798409 0.07092198581560284
0 0.9104234207682483 0.2875755187811926 0.05305039787798409 0.07092198581560284
0 0.9436683367717852 0.27893354347255056 0.05305039787798409 0.07092198581560284
0 0.9104234207682483 0.22708169162069872 0.05305039787798409 0.07092198581560284
0 0.941821396993811 0.21720514841082217 0.05305039787798409 0.07092198581560284
0 0.9307397583259653 0.1986866298923036 0.05305039787798409 0.07092198581560284
0 0.8836427939876217 0.19004465458366174 0.05305039787798409 0.07092198581560284
0 0.8771785047647118 0.23942737063304445 0.05305039787798409 0.07092198581560284
0 0.8180764318695355 0.2542421854478593 0.05305039787798409 0.07092198581560284
0 0.8189999017585226 0.2147360126083531 0.05305039787798409 0.07092198581560284
0 0.7635917084192947 0.20485946939847655 0.05305039787798409 0.07092198581560284
0 0.744198840750565 0.21103230890464936 0.05305039787798409 0.07092198581560284
0 0.7423519009725906 0.249303913842921 0.05305039787798409 0.07092198581560284
0 0.6989488161901956 0.2530076175466246 0.05305039787798409 0.07092198581560284
0 0.750663129973475 0.3023903335960073 0.05305039787798409 0.07092198581560284
0 0.7571274191963847 0.3530076175466247 0.05305039787798409 0.07092198581560284
0 0.7922192749778957 0.32337798791699507 0.05305039787798409 0.07092198581560284
0 0.7608212987523333 0.4246125558182297 0.05305039787798409 0.07092198581560284
0 0.7275763827487965 0.4283162595219333 0.05305039787798409 0.07092198581560284
0 0.7072600451910798 0.3801681113737851 0.05305039787798409 0.07092198581560284
0 0.6906375871893113 0.31597058050958754 0.05305039787798409 0.07092198581560284
0 0.674015129187543 0.3295508274231679 0.05305039787798409 0.07092198581560284
0 0.6463110325179291 0.32214342001576046 0.05305039787798409 0.07092198581560284
0 0.624147755182238 0.27399527186761236 0.05305039787798409 0.07092198581560284
0 0.6564692012967877 0.1912792224848963 0.05305039787798409 0.07092198581560284
0 0.6426171529619806 0.19004465458366174 0.05305039787798409 0.07092198581560284
0 0.5899793692897142 0.1986866298923036 0.05305039787798409 0.07092198581560284
0 0.5428824049513705 0.1974520619910691 0.05305039787798409 0.07092198581560284
0 0.5004027900579625 0.2295508274231679 0.05305039787798409 0.07092198581560284
0 0.5327242361725122 0.25671132125032836 0.05305039787798409 0.07092198581560284
0 0.5087140190588467 0.2702915681639086 0.05305039787798409 0.07092198581560284
0 0.4690048138324001 0.25053848174415555 0.05305039787798409 0.07092198581560284
0 0.45977011494252884 0.20485946939847655 0.05305039787798409 0.07092198581560284
0 0.419137439827095 0.21843971631205672 0.05305039787798409 0.07092198581560284
0 0.3960506926024168 0.20485946939847655 0.05305039787798409 0.07092198581560284
0 0.3397190293742018 0.21843971631205672 0.05305039787798409 0.07092198581560284
0 0.3258669810393949 0.1912792224848963 0.05305039787798409 0.07092198581560284
0 0.2759996070340899 0.186340950879958 0.05305039787798409 0.07092198581560284
0 0.3129384025935751 0.22337798791699498 0.05305039787798409 0.07092198581560284
0 0.28523430592396115 0.23325453112687153 0.05305039787798409 0.07092198581560284
0 0.241831221141566 0.22831625952193335 0.05305039787798409 0.07092198581560284
0 0.20212201591511936 0.23201996322563698 0.05305039787798409 0.07092198581560284
0 0.18734649769132528 0.186340950879958 0.05305039787798409 0.07092198581560284
0 0.14856076235386584 0.1974520619910691 0.05305039787798409 0.07092198581560284
0 0.11439237646134205 0.20239033359600736 0.05305039787798409 0.07092198581560284
0 0.07930052067983107 0.2147360126083531 0.05305039787798409 0.07092198581560284
0 0.011887218783770545 0.21350144470711846 0.05305039787798409 0.07092198581560284
0 0.020198447784654735 0.25053848174415555 0.05305039787798409 0.07092198581560284
0 0.05067295412123001 0.25671132125032836 0.05305039787798409 0.07092198581560284
0 0.12732095490716183 0.2826372471762542 0.05305039787798409 0.07092198581560284
0 0.16980056980056987 0.27893354347255056 0.05305039787798409 0.07092198581560284
0 0.24829551036447592 0.2665878644602049 0.05305039787798409 0.07092198581560284
0 0.28708124570193544 0.28016811137378517 0.05305039787798409 0.07092198581560284
0 0.32309657137243347 0.30115576569477276 0.05305039787798409 0.07092198581560284
0 0.34803025837508594 0.28510638297872337 0.05305039787798409 0.07092198581560284
0 0.3120149327045879 0.25671132125032836 0.05305039787798409 0.07092198581560284
0 0.38589252382355843 0.25794588915156297 0.05305039787798409 0.07092198581560284
0 0.4533058257196189 0.3048594693984765 0.05305039787798409 0.07092198581560284
0 0.48100992238923285 0.30856317310218023 0.05305039787798409 0.07092198581560284
0 0.39050987326849396 0.357945889151563 0.05305039787798409 0.07092198581560284
0 0.3600353669319187 0.36164959285526666 0.05305039787798409 0.07092198581560284
0 0.31940269181648495 0.357945889151563 0.05305039787798409 0.07092198581560284
0 0.2916985951468711 0.3591804570527975 0.05305039787798409 0.07092198581560284
0 0.33417821004027903 0.3925137903861308 0.05305039787798409 0.07092198581560284
0 0.29077512525788396 0.42708169162069876 0.05305039787798409 0.07092198581560284
0 0.2473720404754888 0.42214342001576044 0.05305039787798409 0.07092198581560284
0 0.23721387169663036 0.47646440767008147 0.05305039787798409 0.07092198581560284
0 0.20304548580410656 0.41967428421329134 0.05305039787798409 0.07092198581560284
0 0.19473425680322232 0.4628841607565013 0.05305039787798409 0.07092198581560284
0 0.1550250515767758 0.4122668768058839 0.05305039787798409 0.07092198581560284
0 0.12270360546222621 0.4258471237194642 0.05305039787798409 0.07092198581560284
0 0.0866882797917281 0.4246125558182297 0.05305039787798409 0.07092198581560284
0 0.05251989389920431 0.41473601260835313 0.05305039787798409 0.07092198581560284
0 0.034050496119461676 0.440661938534279 0.05305039787798409 0.07092198581560284
0 0.014657628450731954 0.47399527186761237 0.05305039787798409 0.07092198581560284
0 0.05529030356616565 0.47029156816390866 0.05305039787798409 0.07092198581560284
0 0.10977502701640635 0.5221434200157605 0.05305039787798409 0.07092198581560284
0 0.07837705079084395 0.5332545311268716 0.05305039787798409 0.07092198581560284
0 0.16518322035563415 0.5011557656947728 0.05305039787798409 0.07092198581560284
0 0.13470871401905887 0.4962174940898345 0.05305039787798409 0.07092198581560284
0 0.18457608802436395 0.6011557656947729 0.05305039787798409 0.07092198581560284
0 0.085764809902741 0.4838718150774889 0.05305039787798409 0.07092198581560284
0 0.09869338834856078 0.39004465458366167 0.05305039787798409 0.07092198581560284
0 0.05898418312211417 0.3530076175466247 0.05305039787798409 0.07092198581560284
0 0.06360153256704987 0.31720514841082226 0.05305039787798409 0.07092198581560284
0 0.10700461734944494 0.31597058050958754 0.05305039787798409 0.07092198581560284
0 0.1384025935750074 0.37152613606514323 0.05305039787798409 0.07092198581560284
0 0.17626485902347971 0.37029156816390857 0.05305039787798409 0.07092198581560284
0 0.16518322035563415 0.3258471237194642 0.05305039787798409 0.07092198581560284
0 0.1910403772472738 0.32090885211452586 0.05305039787798409 0.07092198581560284
0 0.2048924255820808 0.36782243236143947 0.05305039787798409 0.07092198581560284
0 0.23813734158561747 0.32708169162069883 0.05305039787798409 0.07092198581560284
0 0.2833873661459869 0.3073286052009457 0.05305039787798409 0.07092198581560284
0 0.25383632969839875 0.35547675334909384 0.05305039787798409 0.07092198581560284
0 0.3406424992631889 0.5258471237194643 0.05305039787798409 0.07092198581560284
0 0.40897927104823667 0.5246125558182296 0.05305039787798409 0.07092198581560284
0 0.36557618626584154 0.4591804570527974 0.05305039787798409 0.07092198581560284
0 0.4348364279398762 0.4665878644602049 0.05305039787798409 0.07092198581560284
0 0.46069358483151596 0.4530076175466247 0.05305039787798409 0.07092198581560284
0 0.4514588859416447 0.39868662989230363 0.05305039787798409 0.07092198581560284
0 0.5142548383927694 0.3937483582873654 0.05305039787798409 0.07092198581560284
0 0.5373415856174478 0.3418965064355136 0.05305039787798409 0.07092198581560284
0 0.5641222123980746 0.37152613606514323 0.05305039787798409 0.07092198581560284
0 0.567816091954023 0.440661938534279 0.05305039787798409 0.07092198581560284
0 0.5216425975046665 0.4517730496453901 0.05305039787798409 0.07092198581560284
0 0.5982905982905984 0.469057000262674 0.05305039787798409 0.07092198581560284
0 0.5197956577266922 0.5023903335960075 0.05305039787798409 0.07092198581560284
0 0.6019844778465469 0.5246125558182296 0.05305039787798409 0.07092198581560284
0 0.5770507908438943 0.5246125558182296 0.05305039787798409 0.07092198581560284
0 0.6259946949602123 0.4332545311268717 0.05305039787798409 0.07092198581560284
0 0.6712447195205818 0.4394273706330444 0.05305039787798409 0.07092198581560284
0 0.6897141173003243 0.3962174940898346 0.05305039787798409 0.07092198581560284
0 0.6158365261813539 0.4023903335960074 0.05305039787798409 0.07092198581560284
0 0.5835150800668043 0.3418965064355136 0.05305039787798409 0.07092198581560284
0 0.39328028293545547 0.46782243236143944 0.05305039787798409 0.07092198581560284
0 0.135632183908046 0.5653532965589704 0.05305039787798409 0.07092198581560284
0 0.10515767757147071 0.5826372471762543 0.05305039787798409 0.07092198581560284
0 0.085764809902741 0.5665878644602048 0.05305039787798409 0.07092198581560284
0 0.03774437567541023 0.5270816916206987 0.05305039787798409 0.07092198581560284
0 0.0312800864525003 0.32461255581822956 0.05305039787798409 0.07092198581560284
0 0.3646527163768544 0.1826372471762543 0.05305039787798409 0.07092198581560284
0 0.6426171529619806 0.6097977410034149 0.05305039787798409 0.07092198581560284
0 0.6610865507417232 0.9023903335960074 0.05305039787798409 0.07092198581560284
0 0.33694861970724044 0.8838718150774888 0.05305039787798409 0.07092198581560284
0 0.38681599371254555 0.303624901497242 0.05305039787798409 0.07092198581560284
0 0.9798477384684278 0.39760062632403065 0.05305039787798409 0.07092198581560284
0 0.9748527334734229 0.26938841300543437 0.05305039787798409 0.07092198581560284
0 0.9738537324744218 0.20394676245740082 0.05305039787798409 0.07092198581560284
0 0.9428847015053908 0.14518283135304422 0.05305039787798409 0.07092198581560284
0 0.8889386475593369 0.12915630468821973 0.05305039787798409 0.07092198581560284
0 0.8150125736332631 0.1625449019066041 0.05305039787798409 0.07092198581560284
0 0.7121154707361601 0.1385051119093673 0.05305039787798409 0.07092198581560284
0 0.9898377484584377 0.7341576862853458 0.05305039787798409 0.07092198581560284
0 0.9598677184884078 0.6780648429584601 0.05305039787798409 0.07092198581560284
0 0.9868407454614347 0.6179653679653679 0.05305039787798409 0.07092198581560284
0 0.08699059561128525 0.1636271529888552 0.05305039787798409 0.07092198581560284
0 0.10297461159530123 0.14292622271345679 0.05305039787798409 0.07092198581560284
0 0.2987788073994971 0.15361057382333987 0.05305039787798409 0.07092198581560284
0 0.016666185764329194 0.1721207345320823 0.05305039787798409 0.07092198581560284
0 0.03340261762012446 0.0751641712634622 0.05305039787798409 0.07092198581560284
0 0.013318899393170111 0.10350532052659732 0.05305039787798409 0.07092198581560284
0 0.07245429195031333 0.13632138809443803 0.05305039787798409 0.07092198581560284
0 0.08138038894007084 0.09903040222189184 0.05305039787798409 0.07092198581560284
0 0.11373749052794163 0.11394679657091031 0.05305039787798409 0.07092198581560284
0 0.12266358751769905 0.07218089239365853 0.05305039787798409 0.07092198581560284
0 0.09700105867214637 0.08709728674267701 0.05305039787798409 0.07092198581560284
0 0.19295660131203912 0.07218089239365853 0.05305039787798409 0.07092198581560284
0 0.2241979407761902 0.09008056561248066 0.05305039787798409 0.07092198581560284
0 0.23312403776594773 0.06173941634934565 0.05305039787798409 0.07092198581560284
0 0.2431658968794248 0.08113072900306971 0.05305039787798409 0.07092198581560284
0 0.24762894537430363 0.06024777691444392 0.05305039787798409 0.07092198581560284
0 0.3614366819937112 0.05577285860973834 0.05305039787798409 0.07092198581560284
0 0.3335426289007193 0.052789579739934686 0.05305039787798409 0.07092198581560284
0 0.6816604115012603 0.1407963063991435 0.05305039787798409 0.07092198581560284
0 0.6515348341608289 0.13930466696424168 0.05305039787798409 0.07092198581560284
0 0.609135873459481 0.14377958526894716 0.05305039787798409 0.07092198581560284
0 0.6258723053152763 0.12289663318032137 0.05305039787798409 0.07092198581560284
0 0.4830547534791568 0.16615417679247488 0.05305039787798409 0.07092198581560284
0 0.5120645686958685 0.12587991205012503 0.05305039787798409 0.07092198581560284
0 0.48082322923171744 0.13632138809443803 0.05305039787798409 0.07092198581560284
0 0.45292917613872546 0.12587991205012503 0.05305039787798409 0.07092198581560284
0 0.41164597756109705 0.13632138809443803 0.05305039787798409 0.07092198581560284
0 0.44846612764384663 0.17510401340188594 0.05305039787798409 0.07092198581560284
0 0.45516070038616463 0.06024777691444392 0.05305039787798409 0.07092198581560284
0 0.4864020398503158 0.06024777691444392 0.05305039787798409 0.07092198581560284
0 0.5388428596651408 0.09455548391718625 0.05305039787798409 0.07092198581560284
0 0.566736912758133 0.08411400787287336 0.05305039787798409 0.07092198581560284
0 0.6102516355832006 0.07963908956816779 0.05305039787798409 0.07092198581560284
0 0.6414929750473518 0.0751641712634622 0.05305039787798409 0.07092198581560284
0 0.679428887253821 0.07068925295875682 0.05305039787798409 0.07092198581560284
0 0.7307539449449264 0.09306384448228452 0.05305039787798409 0.07092198581560284
0 0.8122045799764632 0.08858892617757895 0.05305039787798409 0.07092198581560284
0 0.8099730557290239 0.06323105578424758 0.05305039787798409 0.07092198581560284
0 0.8311725360796978 0.04383974313052351 0.05305039787798409 0.07092198581560284
0 0.9126231711112348 0.08858892617757895 0.05305039787798409 0.07092198581560284
0 0.9483275590702647 0.09604712335208819 0.05305039787798409 0.07092198581560284
0 0.9818004227818551 0.07218089239365853 0.05305039787798409 0.07092198581560284
0 0.862413875543849 0.184053850011297 0.05305039787798409 0.07092198581560284
0 0.39937259420018045 0.09455548391718625 0.05305039787798409 0.07092198581560284
0 0.43172969578805137 0.12140499374541955 0.05305039787798409 0.07092198581560284
0 0.19853541193063756 0.1348297486595361 0.05305039787798409 0.07092198581560284
0 0.17398864520880453 0.14825450357365275 0.05305039787798409 0.07092198581560284
0 0.14497882999209274 0.1572043401830638 0.05305039787798409 0.07092198581560284
0 0.7809632405123121 0.037873185390916206 0.05305039787798409 0.07092198581560284
0 0.6861234599961391 0.037873185390916206 0.05305039787798409 0.07092198581560284
0 0.6515348341608289 0.0483146614352291 0.05305039787798409 0.07092198581560284
0 0.49979118533495204 0.08858892617757895 0.05305039787798409 0.07092198581560284
0 0.0512548115996394 0.1348297486595361 0.05305039787798409 0.07092198581560284
0 0.03898142823872288 0.11693007544071396 0.05305039787798409 0.07092198581560284
0 0.15725221335300926 0.049806300870130826 0.05305039787798409 0.07092198581560284
0 0.08361191318751018 0.046823022000327175 0.05305039787798409 0.07092198581560284
0 0.1561364512292896 0.10350532052659732 0.05305039787798409 0.07092198581560284
0 0.16394678609532734 0.1020136810916955 0.05305039787798409 0.07092198581560284
0 0.007740088774571764 0.8567832351520295 0.05305039787798409 0.07092198581560284
0 0.031795790416479924 0.016970618034447993 0.05305039787798409 0.07092198581560284
0 0.0527748113955009 0.012963986368241818 0.05305039787798409 0.07092198581560284
0 0.08074683936752887 0.01964170581191871 0.05305039787798409 0.07092198581560284
0 0.10971786833855787 0.04234595192042011 0.05305039787798409 0.07092198581560284
0 0.10672086534155484 0.022312793589389427 0.05305039787798409 0.07092198581560284
0 0.13469289331358278 0.014299530256977076 0.05305039787798409 0.07092198581560284
0 0.16366392228461177 0.024983881366860146 0.05305039787798409 0.07092198581560284
0 0.18963794825863775 0.016970618034447993 0.05305039787798409 0.07092198581560284
0 0.18963794825863775 0.028990513033066323 0.05305039787798409 0.07092198581560284
0 0.2106169692376587 0.035668232476743215 0.05305039787798409 0.07092198581560284
0 0.2635640221847116 0.024983881366860146 0.05305039787798409 0.07092198581560284
0 0.2305969892176787 0.03166160081053704 0.05305039787798409 0.07092198581560284
0 0.2975300561507457 0.041010408031684646 0.05305039787798409 0.07092198581560284
0 0.2895380481587376 0.057036934696509355 0.05305039787798409 0.07092198581560284
0 0.2865410451617347 0.09576770746983526 0.05305039787798409 0.07092198581560284
0 0.3135140721347616 0.07707009302754003 0.05305039787798409 0.07092198581560284
0 0.3544731130938026 0.14384728746430886 0.05305039787798409 0.07092198581560284
0 0.3025250611457506 0.10110988302477669 0.05305039787798409 0.07092198581560284
0 0.3624651210858106 0.01162844247950636 0.05305039787798409 0.07092198581560284
0 0.3314960901167796 0.015635074145712535 0.05305039787798409 0.07092198581560284
0 0.3784491370698266 0.026319425255595604 0.05305039787798409 0.07092198581560284
0 0.5153122739329634 0.022312793589389427 0.05305039787798409 0.07092198581560284
0 0.5402872989079882 0.02765496914433086 0.05305039787798409 0.07092198581560284
0 0.5822453408660303 0.014299530256977076 0.05305039787798409 0.07092198581560284
0 0.6102173688380582 0.04234595192042011 0.05305039787798409 0.07092198581560284
0 0.6272003858210752 0.02364833747812489 0.05305039787798409 0.07092198581560284
0 0.6551724137931032 0.028990513033066323 0.05305039787798409 0.07092198581560284
0 0.6781494367701263 0.012963986368241818 0.05305039787798409 0.07092198581560284
0 0.7151124737331631 0.016970618034447993 0.05305039787798409 0.07092198581560284
0 0.7201074787281683 0.06371465414018625 0.05305039787798409 0.07092198581560284
0 0.7011264597471492 0.07707009302754003 0.05305039787798409 0.07092198581560284
0 0.7320954907161801 0.0329971446992725 0.05305039787798409 0.07092198581560284
0 0.7440835027041922 0.028990513033066323 0.05305039787798409 0.07092198581560284
0 0.765062523683213 0.04234595192042011 0.05305039787798409 0.07092198581560284
0 0.7740535326742222 0.09176107580362908 0.05305039787798409 0.07092198581560284
0 0.8010265596472491 0.10912314635718903 0.05305039787798409 0.07092198581560284
0 0.7530745116952012 0.119807497467072 0.05305039787798409 0.07092198581560284
0 0.79203555065624 0.015635074145712535 0.05305039787798409 0.07092198581560284
0 0.7500775086981982 0.010292898590771102 0.05305039787798409 0.07092198581560284
0 0.8299975886182782 0.010292898590771102 0.05305039787798409 0.07092198581560284
0 0.9019256605463499 0.01964170581191871 0.05305039787798409 0.07092198581560284
0 0.2755520341727237 0.5371649626968775 0.05305039787798409 0.07092198581560284
