0 0.3317937143211716 0.6594274840737985 0.01953125 0.026041666666666668
0 0.33416713204269055 0.615123686605444 0.01953125 0.026041666666666668
0 0.34247409406800694 0.5787312815421529 0.01953125 0.026041666666666668
0 0.36739498014395644 0.5866426739472161 0.01953125 0.026041666666666668
0 0.3851956130553488 0.559743939770001 0.01953125 0.026041666666666668
0 0.3875690307768678 0.6309464714155706 0.01953125 0.026041666666666668
0 0.431477258624969 0.5834781169851908 0.01953125 0.026041666666666668
0 0.43029054976420955 0.5676553321750643 0.01953125 0.026041666666666668
0 0.4753854864730702 0.5565793828079757 0.01953125 0.026041666666666668
0 0.4575848535616779 0.5312629271117731 0.01953125 0.026041666666666668
0 0.4967462459667411 0.5344274840737985 0.01953125 0.026041666666666668
0 0.5169202965996526 0.5565793828079757 0.01953125 0.026041666666666668
0 0.4991196636882601 0.5581616612889884 0.01953125 0.026041666666666668
0 0.5062399168528171 0.605630015719368 0.01953125 0.026041666666666668
0 0.4967462459667411 0.6341110283775959 0.01953125 0.026041666666666668
0 0.4931861193844627 0.6705034334408871 0.01953125 0.026041666666666668
0 0.05647725862496907 0.87461735749152 0.01953125 0.026041666666666668
0 0.04817029659965261 0.9553135600231655 0.01953125 0.026041666666666668
0 0.022062701662943725 0.8065793828079756 0.01953125 0.026041666666666668
0 0.09326523330851334 0.7844274840737985 0.01953125 0.026041666666666668
0 0.01612915735914625 0.7053135600231655 0.01953125 0.026041666666666668
0 0.009008904194589353 0.6341110283775959 0.01953125 0.026041666666666668
0 0.009008904194589353 0.5486679904029124 0.01953125 0.026041666666666668
0 0.027996245966741197 0.5455034334408871 0.01953125 0.026041666666666668
0 0.08851839786547536 0.5027819144535454 0.01953125 0.026041666666666668
0 0.06834434723256401 0.5170224207826594 0.01953125 0.026041666666666668
0 0.08851839786547536 0.5344274840737985 0.01953125 0.026041666666666668
0 0.13954687887813363 0.619870522048482 0.01953125 0.026041666666666668
0 0.16209434723256397 0.6246173574915199 0.01953125 0.026041666666666668
0 0.06359751178952604 0.5977186233143048 0.01953125 0.026041666666666668
0 0.07783801811863997 0.6499338131877225 0.01953125 0.026041666666666668
0 0.2261766257135766 0.8034148258459504 0.01953125 0.026041666666666668
0 0.1585342206502855 0.7955034334408871 0.01953125 0.026041666666666668
0 0.1015721953338298 0.7195540663522796 0.01953125 0.026041666666666668
0 0.2499108029287665 0.7511996359725325 0.01953125 0.026041666666666668
0 0.28313865103003233 0.8667059650864566 0.01953125 0.026041666666666668
0 0.3009392839414247 0.8129084967320263 0.01953125 0.026041666666666668
0 0.2522842206502855 0.8667059650864566 0.01953125 0.026041666666666668
0 0.33891396748572855 0.9189211549598743 0.01953125 0.026041666666666668
0 0.4018095371059817 0.937908496732026 0.01953125 0.026041666666666668
0 0.4575848535616779 0.9331616612889883 0.01953125 0.026041666666666668
0 0.4813190307768678 0.9078452055927856 0.01953125 0.026041666666666668
0 0.4207968788781336 0.87461735749152 0.01953125 0.026041666666666668
0 0.4077430814097791 0.841389509390254 0.01953125 0.026041666666666668
0 0.4836924484983868 0.8540477372383553 0.01953125 0.026041666666666668
0 0.529974094068007 0.9189211549598743 0.01953125 0.026041666666666668
0 0.5525215624224373 0.8951869777446845 0.01953125 0.026041666666666668
0 0.4492778915363615 0.694237610656077 0.01953125 0.026041666666666668
0 0.42910384090345 0.7195540663522796 0.01953125 0.026041666666666668
0 0.40655637254901966 0.7068958385041783 0.01953125 0.026041666666666668
0 0.36502156242243744 0.6784148258459504 0.01953125 0.026041666666666668
0 0.37570194216927283 0.7037312815421529 0.01953125 0.026041666666666668
0 0.2522842206502855 0.661009762554811 0.01953125 0.026041666666666668
0 0.5548949801439563 0.7258831802763303 0.01953125 0.026041666666666668
0 0.544214600397121 0.6910730536940517 0.01953125 0.026041666666666668
0 0.5252272586249689 0.6499338131877225 0.01953125 0.026041666666666668
0 0.5394677649540829 0.6341110283775959 0.01953125 0.026041666666666668
0 0.5548949801439563 0.6451869777446846 0.01953125 0.026041666666666668
0 0.5893095371059817 0.6562629271117731 0.01953125 0.026041666666666668
0 0.5738823219161081 0.6008831802763301 0.01953125 0.026041666666666668
0 0.534720929511045 0.5423388764788618 0.01953125 0.026041666666666668
0 0.5477747269793992 0.5280983701497478 0.01953125 0.026041666666666668
0 0.5632019421692728 0.5360097625548111 0.01953125 0.026041666666666668
0 0.6474582712831969 0.6246173574915199 0.01953125 0.026041666666666668
0 0.6806861193844627 0.615123686605444 0.01953125 0.026041666666666668
0 0.7020468788781336 0.5803135600231656 0.01953125 0.026041666666666668
0 0.7269677649540829 0.5312629271117731 0.01953125 0.026041666666666668
0 0.5893095371059817 0.8461363448332921 0.01953125 0.026041666666666668
0 0.623724094068007 0.9157565979978489 0.01953125 0.026041666666666668
0 0.6664456130553487 0.9648072309092415 0.01953125 0.026041666666666668
0 0.6700057396376272 0.8065793828079756 0.01953125 0.026041666666666668
0 0.6082968788781334 0.7116426739472161 0.01953125 0.026041666666666668
0 0.611857005460412 0.6594274840737985 0.01953125 0.026041666666666668
0 0.5857494105237031 0.7005667245801276 0.01953125 0.026041666666666668
0 0.5074266257135766 0.7780983701497478 0.01953125 0.026041666666666668
0 0.4765721953338298 0.7559464714155705 0.01953125 0.026041666666666668
0 0.4765721953338298 0.7258831802763303 0.01953125 0.026041666666666668
0 0.26889814470091844 0.9315793828079756 0.01953125 0.026041666666666668
0 0.6652589041945892 0.7369591296434187 0.01953125 0.026041666666666668
0 0.5679487776123108 0.4426553321750643 0.01953125 0.026041666666666668
0 0.5632019421692728 0.46006039546620353 0.01953125 0.026041666666666668
0 0.5264139674857284 0.4727186233143048 0.01953125 0.026041666666666668
0 0.5145468788781336 0.4616426739472162 0.01953125 0.026041666666666668
0 0.49199941052370316 0.42683254736493775 0.01953125 0.026041666666666668
0 0.46945194216927283 0.4822122942003808 0.01953125 0.026041666666666668
0 0.4908127016629437 0.46797178787126686 0.01953125 0.026041666666666668
0 0.9109076383718044 0.8793641929345578 0.01953125 0.026041666666666668
0 0.8848000434350954 0.8255667245801276 0.01953125 0.026041666666666668
0 0.8634392839414247 0.7622755853396211 0.01953125 0.026041666666666668
0 0.8539456130553487 0.800250268883925 0.01953125 0.026041666666666668
0 0.8242778915363614 0.7923388764788618 0.01953125 0.026041666666666668
0 0.7827430814097791 0.8034148258459504 0.01953125 0.026041666666666668
0 0.7661291573591462 0.7622755853396211 0.01953125 0.026041666666666668
0 0.7874899168528171 0.7243009017953174 0.01953125 0.026041666666666668
0 0.7210342206502854 0.7195540663522796 0.01953125 0.026041666666666668
0 0.6593253598907918 0.6736679904029121 0.01953125 0.026041666666666668
0 0.9334551067262348 0.6087945726813934 0.01953125 0.026041666666666668
0 0.6498316890047159 0.5581616612889884 0.01953125 0.026041666666666668
0 0.6889930814097792 0.5011996359725327 0.01953125 0.026041666666666668
0 0.799357005460412 0.5644907752130389 0.01953125 0.026041666666666668
0 0.8112240940680069 0.6024654587573427 0.01953125 0.026041666666666668
0 0.8646259928021842 0.6910730536940517 0.01953125 0.026041666666666668
0 0.5477747269793992 0.822402167618102 0.01953125 0.026041666666666668
0 0.5109867522958551 0.8667059650864566 0.01953125 0.026041666666666668
0 0.5750690307768677 0.937908496732026 0.01953125 0.026041666666666668
0 0.7590089041945892 0.8777819144535454 0.01953125 0.026041666666666668
0 0.9832968788781334 0.6420224207826594 0.01953125 0.026041666666666668
0 0.9595627016629436 0.6689211549598744 0.01953125 0.026041666666666668
0 0.9571892839414247 0.7148072309092415 0.01953125 0.026041666666666668
0 0.902600676346488 0.7068958385041783 0.01953125 0.026041666666666668
0 0.9156544738148424 0.7464528005294947 0.01953125 0.026041666666666668
0 0.8337715624224373 0.509111028377596 0.01953125 0.026041666666666668
0 0.799357005460412 0.4426553321750643 0.01953125 0.026041666666666668
0 0.8242778915363614 0.3920224207826593 0.01953125 0.026041666666666668
0 0.8385183978654753 0.2860097625548113 0.01953125 0.026041666666666668
0 0.8978538409034501 0.29392115495987453 0.01953125 0.026041666666666668
0 0.92158801811864 0.28917431951683664 0.01953125 0.026041666666666668
0 0.9631228282452222 0.3144907752130391 0.01953125 0.026041666666666668
0 0.9512557396376271 0.34613634483329214 0.01953125 0.026041666666666668
0 0.9892304231819309 0.35563001571936814 0.01953125 0.026041666666666668
0 0.9773633345743361 0.46480723090924153 0.01953125 0.026041666666666668
0 0.9809234611566146 0.4363262182510137 0.01953125 0.026041666666666668
0 0.9358285244477537 0.45056672458012764 0.01953125 0.026041666666666668
0 0.9761766257135766 0.5233515347067098 0.01953125 0.026041666666666668
0 0.9583759928021842 0.48063001571936814 0.01953125 0.026041666666666668
0 0.9488823219161082 0.504364192934558 0.01953125 0.026041666666666668
0 0.4480911826756019 0.2650445726813934 0.01953125 0.026041666666666668
0 0.424357005460412 0.26188001571936814 0.01953125 0.026041666666666668
0 0.04639023330851308 0.24605723090924156 0.01953125 0.026041666666666668
0 0.5014930814097792 0.2595065979978491 0.01953125 0.026041666666666668
0 0.4860658662199057 0.26820912964341875 0.01953125 0.026041666666666668
0 0.2961924484983866 0.27374710432696303 0.01953125 0.026041666666666668
0 0.3205199801439563 0.27691166128898836 0.01953125 0.026041666666666668
0 0.4510579548275006 0.33624710432696303 0.01953125 0.026041666666666668
0 0.5554883345743361 0.348114192934558 0.01953125 0.026041666666666668
0 0.6136370687515513 0.37026609166873525 0.01953125 0.026041666666666668
0 0.5780358029287666 0.27374710432696303 0.01953125 0.026041666666666668
0 0.5804092206502856 0.2650445726813934 0.01953125 0.026041666666666668
0 0.28135858773889294 0.38688001571936814 0.01953125 0.026041666666666668
0 0.30687282824522205 0.39162685116240614 0.01953125 0.026041666666666668
0 0.3193332712831968 0.3678926739472163 0.01953125 0.026041666666666668
0 0.2641513092578803 0.27374710432696303 0.01953125 0.026041666666666668
0 0.2760183978654752 0.2864053321750643 0.01953125 0.026041666666666668
0 0.40240289153636133 0.2690002688839251 0.01953125 0.026041666666666668
0 0.4077430814097791 0.27374710432696303 0.01953125 0.026041666666666668
0 0.38875573963762716 0.2674179904029124 0.01953125 0.026041666666666668
0 0.3537478282452221 0.2674179904029124 0.01953125 0.026041666666666668
0 0.3424740940680069 0.2705825473649377 0.01953125 0.026041666666666668
0 0.3015326383718044 0.3417850790105074 0.01953125 0.026041666666666668
0 0.3151797902705385 0.33624710432696303 0.01953125 0.026041666666666668
0 0.3323870687515512 0.3251711549598745 0.01953125 0.026041666666666668
0 0.4492778915363614 0.3275445726813934 0.01953125 0.026041666666666668
0 0.4403775750806652 0.32358887647886175 0.01953125 0.026041666666666668
0 0.4949661826756019 0.28719647141557064 0.01953125 0.026041666666666668
0 0.30983960039712083 0.2595065979978491 0.01953125 0.026041666666666668
0 0.2783918155869942 0.3291268511624061 0.01953125 0.026041666666666668
0 0.2736449801439563 0.30855723090924153 0.01953125 0.026041666666666668
0 0.5430278915363614 0.37896862331430486 0.01953125 0.026041666666666668
0 0.5804092206502856 0.3417850790105074 0.01953125 0.026041666666666668
0 0.5916829548275007 0.3291268511624061 0.01953125 0.026041666666666668
0 0.6480516257135767 0.34969647141557064 0.01953125 0.026041666666666668
0 0.6112636510300323 0.2864053321750643 0.01953125 0.026041666666666668
0 0.623724094068007 0.2650445726813934 0.01953125 0.026041666666666668
0 0.6112636510300323 0.2650445726813934 0.01953125 0.026041666666666668
0 0.4190168155869943 0.348114192934558 0.01953125 0.026041666666666668
0 0.4018095371059816 0.3773863448332922 0.01953125 0.026041666666666668
0 0.43147725862496894 0.2792850790105073 0.01953125 0.026041666666666668
0 0.43978422065028544 0.352861028377596 0.01953125 0.026041666666666668
0 0.440970929511045 0.3947914081244315 0.01953125 0.026041666666666668
0 0.41961017001737405 0.3884622942003808 0.01953125 0.026041666666666668
0 0.4261370687515512 0.36631039546620364 0.01953125 0.026041666666666668
0 0.3484076383718044 0.34020280052949475 0.01953125 0.026041666666666668
0 0.5139535244477538 0.27453824356746936 0.01953125 0.026041666666666668
0 0.5145468788781336 0.34890533217506436 0.01953125 0.026041666666666668
0 0.520480423181931 0.37184837014974786 0.01953125 0.026041666666666668
0 0.5305674484983868 0.37580406635227953 0.01953125 0.026041666666666668
0 0.52285384090345 0.3940002688839251 0.01953125 0.026041666666666668
0 0.5074266257135767 0.3765952055927859 0.01953125 0.026041666666666668
0 0.4670785244477539 0.2690002688839251 0.01953125 0.026041666666666668
0 0.4724187143211715 0.2690002688839251 0.01953125 0.026041666666666668
0 0.4587715624224374 0.27691166128898836 0.01953125 0.026041666666666668
0 0.44690447381484244 0.29827242078265925 0.01953125 0.026041666666666668
0 0.46470510672623483 0.29827242078265925 0.01953125 0.026041666666666668
0 0.4955595371059817 0.3030192562256972 0.01953125 0.026041666666666668
0 0.5151402333085133 0.29194330685860864 0.01953125 0.026041666666666668
0 0.5246339041945893 0.2674179904029124 0.01953125 0.026041666666666668
0 0.6361845371059818 0.3829243195168366 0.01953125 0.026041666666666668
0 0.6361845371059818 0.3512787498965833 0.01953125 0.026041666666666668
0 0.2961924484983866 0.2990635600231656 0.01953125 0.026041666666666668
0 0.3768886510300322 0.37184837014974786 0.01953125 0.026041666666666668
0 0.3828221953338297 0.35681672458012764 0.01953125 0.026041666666666668
0 0.5388744105237032 0.5008040663522796 0.01953125 0.026041666666666668
0 0.5489614358401589 0.4976395093902543 0.01953125 0.026041666666666668
0 0.5643886510300323 0.496848370149748 0.01953125 0.026041666666666668
0 0.5726956130553488 0.5031774840737987 0.01953125 0.026041666666666668
0 0.4302905497642095 0.489728116985191 0.01953125 0.026041666666666668
0 0.40833643584015883 0.47548761065607703 0.01953125 0.026041666666666668
0 0.3312003598907917 0.39241799040291253 0.01953125 0.026041666666666668
0 0.33772725862496894 0.4034939397700011 0.01953125 0.026041666666666668
0 0.325860170017374 0.38055090179531753 0.01953125 0.026041666666666668
0 0.2961924484983866 0.38608887647886186 0.01953125 0.026041666666666668
0 0.26355795482750055 0.4090319144535454 0.01953125 0.026041666666666668
0 0.26593137254901955 0.4375129271117733 0.01953125 0.026041666666666668
0 0.33654054976420944 0.5158357119218999 0.01953125 0.026041666666666668
0 0.370361752295855 0.48498128154215303 0.01953125 0.026041666666666668
0 0.5187003598907918 0.5205825473649379 0.01953125 0.026041666666666668
0 0.5222604864730703 0.501595205592786 0.01953125 0.026041666666666668
0 0.5092066890047159 0.5134622942003809 0.01953125 0.026041666666666668
0 0.49911966368826016 0.4952660916687353 0.01953125 0.026041666666666668
0 0.47894561305534883 0.5039686233143049 0.01953125 0.026041666666666668
0 0.365614916852817 0.5205825473649379 0.01953125 0.026041666666666668
0 0.5436212459667412 0.292734446099115 0.01953125 0.026041666666666668
0 0.5281940307768678 0.2990635600231656 0.01953125 0.026041666666666668
0 0.5353142839414248 0.2974812815421529 0.01953125 0.026041666666666668
0 0.527600676346488 0.3251711549598745 0.01953125 0.026041666666666668
0 0.5448079548275007 0.3180509017953175 0.01953125 0.026041666666666668
0 0.48665922065028544 0.3291268511624061 0.01953125 0.026041666666666668
0 0.6029566890047159 0.4248546992636721 0.01953125 0.026041666666666668
0 0.6160104864730703 0.40824077521303903 0.01953125 0.026041666666666668
0 0.6385579548275008 0.4145698891370897 0.01953125 0.026041666666666668
0 0.591089600397121 0.38055090179531753 0.01953125 0.026041666666666668
0 0.5673554231819311 0.38608887647886186 0.01953125 0.026041666666666668
0 0.5774424484983868 0.4066584967320264 0.01953125 0.026041666666666668
0 0.5614218788781336 0.4280192562256974 0.01953125 0.026041666666666668
0 0.5388744105237032 0.3995382435674695 0.01953125 0.026041666666666668
0 0.5281940307768678 0.4398863448332923 0.01953125 0.026041666666666668
0 0.5056465624224373 0.41615216761810236 0.01953125 0.026041666666666668
0 0.35018770166294366 0.3845065979978491 0.01953125 0.026041666666666668
0 0.6462715624224376 0.24526609166873514 0.01953125 0.026041666666666668
0 0.5370943472325639 0.24289267394721623 0.01953125 0.026041666666666668
0 0.5572683978654753 0.24051925622569717 0.01953125 0.026041666666666668
0 0.3804487776123107 0.27374710432696303 0.01953125 0.026041666666666668
0 0.42910384090345005 0.30143697774468453 0.01953125 0.026041666666666668
0 0.13606342520484377 0.5855980446810732 0.01953125 0.026041666666666668
0 0.14565379784144047 0.4858581692604675 0.01953125 0.026041666666666668
0 0.15844096135690278 0.5003502879113247 0.01953125 0.026041666666666668
0 0.2019173173094745 0.6495338622583845 0.01953125 0.026041666666666668
0 0.027372535323414538 0.5063176308852071 0.01953125 0.026041666666666668
0 0.03184804255382632 0.4406768581725007 0.01953125 0.026041666666666668
0 0.06253723499093577 0.4278896946570385 0.01953125 0.026041666666666668
0 0.10025936736154949 0.4023153676261139 0.01953125 0.026041666666666668
0 0.09834129283423013 0.432152082495526 0.01953125 0.026041666666666668
0 0.12135818716206224 0.4082827105999964 0.01953125 0.026041666666666668
0 0.1418176487868018 0.4014628900584165 0.01953125 0.026041666666666668
0 0.16291646858731457 0.39634802465223157 0.01953125 0.026041666666666668
0 0.18017913933318863 0.3750360854597945 0.01953125 0.026041666666666668
0 0.1840152883878273 0.4048728003292064 0.01953125 0.026041666666666668
0 0.1910482283213316 0.43470951519861845 0.01953125 0.026041666666666668
0 0.16483454311463389 0.45346402168796307 0.01953125 0.026041666666666668
0 0.12711241074402022 0.4585788870941479 0.01953125 0.026041666666666668
0 0.11304653087701173 0.4781858711511901 0.01953125 0.026041666666666668
0 0.05422557870588531 0.48415321412507245 0.01953125 0.026041666666666668
0 0.01586408815949851 0.4653987076357278 0.01953125 0.026041666666666668
0 0.016503446335271607 0.4312996049278284 0.01953125 0.026041666666666668
0 0.01586408815949851 0.39634802465223157 0.01953125 0.026041666666666668
0 0.007552431874448041 0.3639538770797272 0.01953125 0.026041666666666668
0 0.08299669661567541 0.36310139951202974 0.01953125 0.026041666666666668
0 0.11368588905278487 0.26336152409142405 0.01953125 0.026041666666666668
0 0.12263690351360844 0.2642140016591215 0.01953125 0.026041666666666668
0 0.09066899472495278 0.2701813446330039 0.01953125 0.026041666666666668
0 0.05614365323320464 0.2693288670653064 0.01953125 0.026041666666666668
0 0.03504483343269191 0.2693288670653064 0.01953125 0.026041666666666668
0 0.010109864577540465 0.2770011651745838 0.01953125 0.026041666666666668
0 0.10473487459196124 0.31280522301787805 0.01953125 0.026041666666666668
0 0.1028168000646419 0.293198238960836 0.01953125 0.026041666666666668
0 0.08043926391258295 0.29746062679932334 0.01953125 0.026041666666666668
0 0.14245700696257496 0.3281498192364329 0.01953125 0.026041666666666668
0 0.16931005034504573 0.2966081492316259 0.01953125 0.026041666666666668
0 0.16099839405999525 0.2693288670653064 0.01953125 0.026041666666666668
0 0.1507686632476254 0.26677143436221396 0.01953125 0.026041666666666668
0 0.13862085790793624 0.26677143436221396 0.01953125 0.026041666666666668
0 0.12711241074402022 0.2735912549037938 0.01953125 0.026041666666666668
0 0.12007947081051598 0.38185590600137437 0.01953125 0.026041666666666668
0 0.15140802142339854 0.3639538770797272 0.01953125 0.026041666666666668
0 0.16739197581772636 0.35372414626735743 0.01953125 0.026041666666666668
0 0.17698234845432304 0.3349696397780127 0.01953125 0.026041666666666668
0 0.05678301140897777 0.3937905919491391 0.01953125 0.026041666666666668
0 0.06125851863938955 0.37247865275670206 0.01953125 0.026041666666666668
0 0.06189787681516265 0.3596914892412398 0.01953125 0.026041666666666668
0 0.04527456424506171 0.36651130978281965 0.01953125 0.026041666666666668
0 0.03504483343269191 0.42192235168315606 0.01953125 0.026041666666666668
0 0.031208684378053225 0.374183607892097 0.01953125 0.026041666666666668
0 0.11688267993165039 0.33837955004880255 0.01953125 0.026041666666666668
0 0.11944011263474284 0.29064080625774347 0.01953125 0.026041666666666668
0 0.12455497804092776 0.288083373554651 0.01953125 0.026041666666666668
0 0.1411782906110287 0.29064080625774347 0.01953125 0.026041666666666668
0 0.08811156202186032 0.3145101781532731 0.01953125 0.026041666666666668
0 0.26521377671101276 0.3750360854597945 0.01953125 0.026041666666666668
0 0.2658531348867858 0.3298547743718278 0.01953125 0.026041666666666668
0 0.1782610648058693 0.5540563746762662 0.01953125 0.026041666666666668
0 0.16803133399349948 0.5182523168329719 0.01953125 0.026041666666666668
0 0.1795397811574155 0.48244825898967747 0.01953125 0.026041666666666668
0 0.043423461156614634 0.6230350790105074 0.01953125 0.026041666666666668
0 0.7613823219161082 0.5312629271117731 0.01953125 0.026041666666666668
0 0.7720627016629437 0.46480723090924153 0.01953125 0.026041666666666668
0 0.7803696636882602 0.45847811698519086 0.01953125 0.026041666666666668
0 0.7435816890047158 0.4030983701497479 0.01953125 0.026041666666666668
0 0.7459551067262348 0.3651236866054441 0.01953125 0.026041666666666668
0 0.7815563725490196 0.38094647141557064 0.01953125 0.026041666666666668
0 0.6854329548275007 0.2591110283775961 0.01953125 0.026041666666666668
0 0.6676323219161082 0.2780983701497479 0.01953125 0.026041666666666668
0 0.6569519421692728 0.2812629271117732 0.01953125 0.026041666666666668
0 0.3590880181186399 0.8508831802763299 0.01953125 0.026041666666666668
0 0.39587599280218416 0.7891743195168363 0.01953125 0.026041666666666668
0 0.6688190307768677 0.8809464714155705 0.01953125 0.026041666666666668
0 0.637964600397121 0.8619591296434187 0.01953125 0.026041666666666668
0 0.6889930814097792 0.8445540663522793 0.01953125 0.026041666666666668
0 0.7162873852072474 0.7733515347067096 0.01953125 0.026041666666666668
0 0.7162873852072474 0.8144907752130389 0.01953125 0.026041666666666668
0 0.5940563725490194 0.800250268883925 0.01953125 0.026041666666666668
0 0.609483587738893 0.7591110283775958 0.01953125 0.026041666666666668
0 0.5454013092578804 0.7733515347067096 0.01953125 0.026041666666666668
0 0.8078428187815945 0.4645384063018068 0.01953125 0.026041666666666668
0 0.8141744363108366 0.4455435537140804 0.01953125 0.026041666666666668
0 0.7864736096204024 0.4144131008619734 0.01953125 0.026041666666666668
0 0.7959710359142655 0.3985840570388682 0.01953125 0.026041666666666668
0 0.7615428655990116 0.39752878745066117 0.01953125 0.026041666666666668
0 0.7283018735704906 0.4545133452138401 0.01953125 0.026041666666666668
0 0.7500668088272604 0.45134753644921904 0.01953125 0.026041666666666668
0 0.7108899253650747 0.4217999879794226 0.01953125 0.026041666666666668
0 0.7081198426960313 0.3911971699214191 0.01953125 0.026041666666666668
0 0.7112856514606525 0.36534306501034713 0.01953125 0.026041666666666668
0 0.6982266903065906 0.37906156965703836 0.01953125 0.026041666666666668
0 0.7116813775562301 0.4940859547716033 0.01953125 0.026041666666666668
0 0.8747205289342143 0.39014190033321205 0.01953125 0.026041666666666668
0 0.8664102809270839 0.4144131008619734 0.01953125 0.026041666666666668
0 0.8660145548315064 0.45081990165511554 0.01953125 0.026041666666666668
0 0.8842179552280774 0.4951412243598103 0.01953125 0.026041666666666668
0 0.875116255029792 0.48142271971311906 0.01953125 0.026041666666666668
0 0.8620572938757299 0.5304927555647454 0.01953125 0.026041666666666668
0 0.809425723163905 0.5114979029770191 0.01953125 0.026041666666666668
0 0.7805377181867379 0.507276824624191 0.01953125 0.026041666666666668
0 0.7706445657972972 0.43024214468507865 0.01953125 0.026041666666666668
0 0.7116813775562301 0.5220505988590892 0.01953125 0.026041666666666668
0 0.7813291703778932 0.5479047037701612 0.01953125 0.026041666666666668
0 0.8371265498543393 0.6059445311215471 0.01953125 0.026041666666666668
0 0.8371265498543393 0.5637337475932663 0.01953125 0.026041666666666668
0 0.8201103277445011 0.5283822163883313 0.01953125 0.026041666666666668
0 0.8988598207644497 0.5231058684472962 0.01953125 0.026041666666666668
0 0.9253734691681511 0.48775433724236117 0.01953125 0.026041666666666668
0 0.93724525203548 0.5895878525043383 0.01953125 0.026041666666666668
0 0.8790735159855683 0.6075274355038577 0.01953125 0.026041666666666668
0 0.8941111076175181 0.5932812960630629 0.01953125 0.026041666666666668
0 0.7003663338933555 0.25828296096051545 0.01953125 0.026041666666666668
0 0.6917899213593065 0.24881933333673725 0.01953125 0.026041666666666668
0 0.7950026101311379 0.24724206206610752 0.01953125 0.026041666666666668
0 0.7583310530889971 0.2527625115133116 0.01953125 0.026041666666666668
0 0.7760753548835814 0.25000228678970954 0.01953125 0.026041666666666668
0 0.7352634607560377 0.26419772822537696 0.01953125 0.026041666666666668
0 0.7494589021917051 0.2594659144134878 0.01953125 0.026041666666666668
0 0.7263913098587457 0.27405567366681255 0.01953125 0.026041666666666668
0 0.7175191589614535 0.25828296096051545 0.01953125 0.026041666666666668
0 0.7257998331322595 0.2417216126189036 0.01953125 0.026041666666666668
0 0.711308653333349 0.24803069770142241 0.01953125 0.026041666666666668
0 0.6273189581723171 0.27366135584915513 0.01953125 0.026041666666666668
0 0.6361911090696092 0.253156829330969 0.01953125 0.026041666666666668
0 0.63145929525772 0.26222613913708975 0.01953125 0.026041666666666668
0 0.6222914059971849 0.3761839884400861 0.01953125 0.026041666666666668
0 0.643288829787443 0.36711467863396524 0.01953125 0.026041666666666668
0 0.656597056133381 0.3797328487990029 0.01953125 0.026041666666666668
0 0.6864666308209311 0.36474877172802067 0.01953125 0.026041666666666668
0 0.6716797126587776 0.33438629976839884 0.01953125 0.026041666666666668
0 0.9785500434350954 0.24487052204848214 0.01953125 0.026041666666666668
0 0.871746245966741 0.26069330685860875 0.01953125 0.026041666666666668
0 0.8978538409034501 0.24170596508645684 0.01953125 0.026041666666666668
0 0.18820194216927286 0.2670224207826593 0.01953125 0.026041666666666668
0 0.7874899168528171 0.9078452055927856 0.01953125 0.026041666666666668
0 0.8017304231819309 0.8587945726813934 0.01953125 0.026041666666666668
0 0.8456386510300323 0.8951869777446845 0.01953125 0.026041666666666668
0 0.8135975117895259 0.9299971043269629 0.01953125 0.026041666666666668
0 0.8966671320426906 0.9189211549598743 0.01953125 0.026041666666666668
0 0.8563190307768677 0.8429717878712668 0.01953125 0.026041666666666668
0 0.794610170017374 0.6815793828079757 0.01953125 0.026041666666666668
0 0.7530753598907918 0.6341110283775959 0.01953125 0.026041666666666668
0 0.7388348535616778 0.5724021676181023 0.01953125 0.026041666666666668
0 0.6973000434350956 0.5455034334408871 0.01953125 0.026041666666666668
0 0.6688190307768677 0.5455034334408871 0.01953125 0.026041666666666668
0 0.630844347232564 0.5027819144535454 0.01953125 0.026041666666666668
0 0.6438981447009183 0.48063001571936814 0.01953125 0.026041666666666668
0 0.6486449801439563 0.4616426739472162 0.01953125 0.026041666666666668
0 0.6581386510300323 0.4474021676181023 0.01953125 0.026041666666666668
0 0.5881228282452221 0.45056672458012764 0.01953125 0.026041666666666668
0 0.5964297902705386 0.4790477372383555 0.01953125 0.026041666666666668
0 0.5988032079920576 0.504364192934558 0.01953125 0.026041666666666668
0 0.5940563725490194 0.5360097625548111 0.01953125 0.026041666666666668
0 0.5845627016629437 0.550250268883925 0.01953125 0.026041666666666668
0 0.5572683978654752 0.5565793828079757 0.01953125 0.026041666666666668
0 0.633217764954083 0.591389509390254 0.01953125 0.026041666666666668
0 0.6533918155869943 0.5787312815421529 0.01953125 0.026041666666666668
0 0.6628854864730703 0.4790477372383555 0.01953125 0.026041666666666668
0 0.9488823219161082 0.5455034334408871 0.01953125 0.026041666666666668
0 0.9298949801439563 0.5470857119218997 0.01953125 0.026041666666666668
0 0.984483587738893 0.5676553321750643 0.01953125 0.026041666666666668
0 0.9927905497642093 0.6926553321750641 0.01953125 0.026041666666666668
0 0.9393886510300323 0.7844274840737985 0.01953125 0.026041666666666668
0 0.9666829548275006 0.9268325473649376 0.01953125 0.026041666666666668
0 0.970243081409779 0.8524654587573427 0.01953125 0.026041666666666668
0 0.9726164991312981 0.7559464714155705 0.01953125 0.026041666666666668
0 0.9832968788781334 0.8398072309092415 0.01953125 0.026041666666666668
0 0.8444519421692728 0.9410730536940514 0.01953125 0.026041666666666668
0 0.052917132042690586 0.6641743195168364 0.01953125 0.026041666666666668
0 0.4480911826756019 0.8524654587573427 0.01953125 0.026041666666666668
0 0.4397842206502855 0.8034148258459504 0.01953125 0.026041666666666668
0 0.8337715624224373 0.675250268883925 0.01953125 0.026041666666666668
0 0.8266513092578804 0.6420224207826594 0.01953125 0.026041666666666668
0 0.8551323219161082 0.6246173574915199 0.01953125 0.026041666666666668
0 0.38875573963762716 0.47113634483329214 0.01953125 0.026041666666666668
0 0.37807535989079183 0.4205034334408872 0.01953125 0.026041666666666668
0 0.8693728282452222 0.6578452055927857 0.01953125 0.026041666666666668
0 0.4483583206009676 0.6262826226061519 0.01953125 0.026041666666666668
0 0.6161904884331354 0.5703385666620959 0.01953125 0.026041666666666668
0 0.6181884904311373 0.538370534694064 0.01953125 0.026041666666666668
0 0.6191874914301384 0.5197225160460454 0.01953125 0.026041666666666668
0 0.5212853935280405 0.98459098091451 0.01953125 0.026041666666666668
0 0.5862204584631056 0.9832589795825087 0.01953125 0.026041666666666668
0 0.6251814974241443 0.9832589795825087 0.01953125 0.026041666666666668
0 0.7044202965996526 0.6277819144535453 0.01953125 0.026041666666666668
0 0.41130320799205766 0.29233887647886175 0.01953125 0.026041666666666668
0 0.7637557396376272 0.7116426739472161 0.01953125 0.026041666666666668
0 0.717474094068007 0.6720857119218996 0.01953125 0.026041666666666668
0 0.1264930814097792 0.5027819144535453 0.01953125 0.026041666666666668
0 0.11462599280218425 0.526516091668735 0.01953125 0.026041666666666668
0 0.11225257508066526 0.5455034334408871 0.01953125 0.026041666666666668
0 0.18345510672623488 0.5929717878712667 0.01953125 0.026041666666666668
0 0.2522842206502855 0.8113262182510135 0.01953125 0.026041666666666668
0 0.30331270166294366 0.7780983701497476 0.01953125 0.026041666666666668
0 0.6878063725490196 0.4648072309092415 0.01953125 0.026041666666666668
0 0.6913664991312981 0.3920224207826592 0.01953125 0.026041666666666668
0 0.4730120687515512 0.3761996359725326 0.01953125 0.026041666666666668
0 0.4836924484983868 0.3524654587573428 0.01953125 0.026041666666666668
0 0.5537082712831969 0.27651609166873514 0.01953125 0.026041666666666668
0 0.5370943472325639 0.2670224207826592 0.01953125 0.026041666666666668
0 0.5798158662199058 0.2907565979978492 0.01953125 0.026041666666666668
0 0.5857494105237031 0.2780983701497479 0.01953125 0.026041666666666668
0 0.3021259928021843 0.31607305369405164 0.01953125 0.026041666666666668
0 0.31755320799205766 0.2860097625548112 0.01953125 0.026041666666666668
0 0.4777589041945892 0.5755667245801275 0.01953125 0.026041666666666668
0 0.337727258624969 0.841389509390254 0.01953125 0.026041666666666668
0 0.2985658662199057 0.6641743195168364 0.01953125 0.026041666666666668
0 0.28788548647307033 0.6341110283775959 0.01953125 0.026041666666666668
0 0.5204804231819311 0.7227186233143047 0.01953125 0.026041666666666668
0 0.42791713204269055 0.5170224207826591 0.01953125 0.026041666666666668
0 0.42791713204269055 0.5170224207826591 0.01953125 0.026041666666666668
0 0.9156544738148424 0.8334781169851908 0.01953125 0.026041666666666668
0 0.4943728282452221 0.5201869777446845 0.01953125 0.026041666666666668
0 0.5359076383718043 0.8587945726813931 0.01953125 0.026041666666666668
0 0.6450848535616779 0.4426553321750642 0.01953125 0.026041666666666668
0 0.515733587738893 0.30816166128898836 0.01953125 0.026041666666666668
0 0.2475373852072475 0.4790477372383554 0.01953125 0.026041666666666668
0 0.3789264747636703 0.28916488514769884 0.01953125 0.026041666666666668
0 0.38914793984033125 0.28405415260936834 0.01953125 0.026041666666666668
0 0.38403720730200086 0.3215328578904586 0.01953125 0.026041666666666668
0 0.5884665088352206 0.2363539822516171 0.01953125 0.026041666666666668
0 0.5693012618164812 0.23976113727717072 0.01953125 0.026041666666666668
