0 0.11957822389240512 0.6040493317719661 0.01953125 0.02936857562408223
0 0.20268369264240513 0.5344495250841094 0.01953125 0.02936857562408223
0 0.25843799446202537 0.46959515976133376 0.01953125 0.02936857562408223
0 0.14061758306962033 0.45852246324281115 0.01953125 0.02936857562408223
0 0.12378609572784814 0.4601042770311715 0.01953125 0.02936857562408223
0 0.06697982594936716 0.45061339430100916 0.01953125 0.02936857562408223
0 0.018589299841772267 0.47275878733805454 0.01953125 0.02936857562408223
0 0.24371044303797473 0.6783945798249037 0.01953125 0.02936857562408223
0 0.30998442444620256 0.5866493801000018 0.01953125 0.02936857562408223
0 0.5456252472310127 0.7052854142270302 0.01953125 0.02936857562408223
0 0.36994659810126584 0.8413214000260227 0.01953125 0.02936857562408223
0 0.5372095035601266 0.5265404561423075 0.01953125 0.02936857562408223
0 0.7023684731012656 0.4980678079518206 0.01953125 0.02936857562408223
0 0.6739653382120253 0.4490315805126488 0.01953125 0.02936857562408223
0 0.6350425237341771 0.4158134909570809 0.01953125 0.02936857562408223
0 0.5898079015031644 0.4205589323221621 0.01953125 0.02936857562408223
0 0.5782362539556962 0.44270432535920734 0.01953125 0.02936857562408223
0 0.5445732792721518 0.4332134426290451 0.01953125 0.02936857562408223
0 0.5056504647943039 0.4363770702057658 0.01953125 0.02936857562408223
0 0.7812660700158226 0.4300498150523243 0.01953125 0.02936857562408223
0 0.8370203718354429 0.5059768768936226 0.01953125 0.02936857562408223
0 0.9001384493670884 0.4901587390100187 0.01953125 0.02936857562408223
0 0.9148660007911391 0.4205589323221621 0.01953125 0.02936857562408223
0 0.9758801424050632 0.43163162884068473 0.01953125 0.02936857562408223
0 0.8706833465189873 0.4047407944385583 0.01953125 0.02936857562408223
0 0.8412282436708859 0.44270432535920734 0.01953125 0.02936857562408223
0 0.810721172863924 0.4363770702057658 0.01953125 0.02936857562408223
0 0.8023054291930379 0.4031589806501979 0.01953125 0.02936857562408223
0 0.7802141020569618 0.3936680979200356 0.01953125 0.02936857562408223
0 0.7549668710443037 0.3920862841316751 0.01953125 0.02936857562408223
0 0.740239319620253 0.4031589806501979 0.01953125 0.02936857562408223
0 0.7160440565664555 0.40790442201527904 0.01953125 0.02936857562408223
0 0.3099844244462025 0.39660727894570513 0.01953125 0.02936857562408223
0 0.2915749851661392 0.42428902024201176 0.01953125 0.02936857562408223
0 0.2931529371044303 0.40767997546422785 0.01953125 0.02936857562408223
0 0.34417338310917717 0.41321632372348915 0.01953125 0.02936857562408223
0 0.3620568384098102 0.41005269614676837 0.01953125 0.02936857562408223
0 0.35101117484177213 0.40451634788750707 0.01953125 0.02936857562408223
0 0.3652127422863924 0.3823709548504617 0.01953125 0.02936857562408223
0 0.3752064378955696 0.3902800237922637 0.01953125 0.02936857562408223
0 0.44411033920094933 0.370507351437759 0.01953125 0.02936857562408223
0 0.4356945955300633 0.37604369969702023 0.01953125 0.02936857562408223
0 0.42307098002373417 0.3799982341679212 0.01953125 0.02936857562408223
0 0.4136032683939873 0.3799982341679212 0.01953125 0.02936857562408223
0 0.4062394926819621 0.38474367553300237 0.01953125 0.02936857562408223
0 0.3957198130933544 0.39581637205152503 0.01953125 0.02936857562408223
0 0.38625210146360756 0.3736709790144797 0.01953125 0.02936857562408223
0 0.4761953619462025 0.37129825833193913 0.01953125 0.02936857562408223
0 0.48250716969936713 0.39107093068644394 0.01953125 0.02936857562408223
0 0.49355283326740507 0.39107093068644394 0.01953125 0.02936857562408223
0 0.5103843206091772 0.3973981858398854 0.01953125 0.02936857562408223
0 0.5214299841772152 0.3902800237922637 0.01953125 0.02936857562408223
0 0.5135402244857595 0.3768346065912005 0.01953125 0.02936857562408223
0 0.4577859226661392 0.3799982341679212 0.01953125 0.02936857562408223
0 0.45620797072784813 0.40214362720496655 0.01953125 0.02936857562408223
0 0.474091426028481 0.42349811334783166 0.01953125 0.02936857562408223
0 0.4288568037974684 0.4108436030409486 0.01953125 0.02936857562408223
0 0.38835603738132907 0.42982536850127323 0.01953125 0.02936857562408223
0 0.26264586629746833 0.40135272031078634 0.01953125 0.02936857562408223
0 0.25580807456487337 0.38790730310972316 0.01953125 0.02936857562408223
0 0.13096073971518993 0.395724455844904 0.01953125 0.02936857562408223
0 0.17893047863924055 0.39382627929887154 0.01953125 0.02936857562408223
0 0.2054400712025317 0.4115425937285077 0.01953125 0.02936857562408223
0 0.2407861946202532 0.3773754158999236 0.01953125 0.02936857562408223
0 0.0981393393987342 0.39698990687559227 0.01953125 0.02936857562408223
0 0.08930280854430382 0.3824372200226768 0.01953125 0.02936857562408223
0 0.09098595727848102 0.3672518076544172 0.01953125 0.02936857562408223
0 0.0981393393987342 0.3672518076544172 0.01953125 0.02936857562408223
0 0.11370846518987343 0.3773754158999236 0.01953125 0.02936857562408223
0 0.08088706487341775 0.37104816074648206 0.01953125 0.02936857562408223
0 0.05311511075949369 0.37294633729251453 0.01953125 0.02936857562408223
0 0.04890723892405067 0.39002992620680665 0.01953125 0.02936857562408223
0 0.3221242088607595 0.40110262272532926 0.01953125 0.02936857562408223
0 0.3440051424050633 0.46943697838249754 0.01953125 0.02936857562408223
0 0.690439082278481 0.39256082826818306 0.01953125 0.02936857562408223
0 0.7022211234177216 0.3900299262068065 0.01953125 0.02936857562408223
0 0.7821706882911393 0.4096444171824752 0.01953125 0.02936857562408223
0 0.7569234572784811 0.4121753192438519 0.01953125 0.02936857562408223
0 0.6475187895569621 0.4457097715570919 0.01953125 0.02936857562408223
0 0.6803401898734178 0.3862335731147416 0.01953125 0.02936857562408223
0 0.7649184137658229 0.39445900481421553 0.01953125 0.02936857562408223
0 0.7358840981012659 0.3830699455380208 0.01953125 0.02936857562408223
0 0.7051858297952048 0.45462437709133735 0.01953125 0.02936857562408223
0 0.028362444703576253 0.3909101454720439 0.01953125 0.02936857562408223
0 0.05921547273435072 0.3643025068904379 0.01953125 0.02936857562408223
0 0.5325178006329114 0.40110262272532937 0.01953125 0.02936857562408223
0 0.49043908227848104 0.3833863082956932 0.01953125 0.02936857562408223
0 0.5013795490506329 0.3694663469581218 0.01953125 0.02936857562408223
0 0.5636560522151898 0.49094964590419893 0.01953125 0.02936857562408223
0 0.4172221123417721 0.40742987787877094 0.01953125 0.02936857562408223
0 0.3574703322784811 0.374528151080875 0.01953125 0.02936857562408223
0 0.3423219936708861 0.38718266138775803 0.01953125 0.02936857562408223
0 0.32801522943037975 0.38971356344913466 0.01953125 0.02936857562408223
0 0.35242088607594935 0.39224446551051123 0.01953125 0.02936857562408223
0 0.4727660205696202 0.3833863082956932 0.01953125 0.02936857562408223
0 0.4677165743670886 0.37579360211156326 0.01953125 0.02936857562408223
0 0.5190526107594936 0.3719972490194984 0.01953125 0.02936857562408223
0 0.5198941851265823 0.374528151080875 0.01953125 0.02936857562408223
0 0.5232604825949368 0.37579360211156326 0.01953125 0.02936857562408223
0 0.3973228545570698 0.37441281610618704 0.01953125 0.02936857562408223
0 0.4069500638841566 0.37015512311537047 0.01953125 0.02936857562408223
0 0.413745741056218 0.36760050732088045 0.01953125 0.02936857562408223
0 0.4573513362436115 0.36845204591904374 0.01953125 0.02936857562408223
0 0.49359494782793867 0.37185820031169703 0.01953125 0.02936857562408223
0 0.4890644963798977 0.37441281610618704 0.01953125 0.02936857562408223
0 0.4992580121379897 0.3820766634896571 0.01953125 0.02936857562408223
