0 0.04046075994318199 0.9597760695187165 0.01953125 0.029411764705882353
0 0.031845026718073766 0.9289621530430355 0.01953125 0.029411764705882353
0 0.032921993371212266 0.9062571619556914 0.01953125 0.029411764705882353
0 0.02322929349296554 0.8689561051693404 0.01953125 0.029411764705882353
0 0.04369165990259756 0.8673343200916731 0.01953125 0.029411764705882353
0 0.08246245941558453 0.8576036096256685 0.01953125 0.029411764705882353
0 0.12123325892857158 0.8511164693149988 0.01953125 0.029411764705882353
0 0.10938662574404778 0.9030135918003566 0.01953125 0.029411764705882353
0 0.06953885957792223 0.9078789470333588 0.01953125 0.029411764705882353
0 0.07492369284361489 0.93869286350904 0.01953125 0.029411764705882353
0 0.0716927928841993 0.9597760695187165 0.01953125 0.029411764705882353
0 0.11477145900974042 0.9370710784313726 0.01953125 0.029411764705882353
0 0.12554112554112565 0.961397854596384 0.01953125 0.029411764705882353
0 0.14815742525703474 0.9030135918003566 0.01953125 0.029411764705882353
0 0.15677315848214296 0.9824810606060607 0.01953125 0.029411764705882353
0 0.19015912472943736 0.9743721352177236 0.01953125 0.029411764705882353
0 0.19985182460768408 0.9192314425770308 0.01953125 0.029411764705882353
0 0.2095445244859308 0.9030135918003566 0.01953125 0.029411764705882353
0 0.177235524891775 0.8576036096256685 0.01953125 0.029411764705882353
0 0.21708329105790053 0.8494946842373314 0.01953125 0.029411764705882353
0 0.18477429146374472 0.8235461229946526 0.01953125 0.029411764705882353
0 0.16538889170725118 0.7813797109752992 0.01953125 0.029411764705882353
0 0.17938945819805208 0.7554311497326204 0.01953125 0.029411764705882353
0 0.1524652918695889 0.7246172332569393 0.01953125 0.029411764705882353
0 0.14815742525703474 0.6613676152279094 0.01953125 0.029411764705882353
0 0.1395416920319265 0.7473222243442833 0.01953125 0.029411764705882353
0 0.1406186586850651 0.7927322065189714 0.01953125 0.029411764705882353
0 0.10938662574404778 0.7700272154316272 0.01953125 0.029411764705882353
0 0.09753999255952397 0.799219346829641 0.01953125 0.029411764705882353
0 0.08892425933441575 0.7473222243442833 0.01953125 0.029411764705882353
0 0.08030852610930753 0.7651618601986249 0.01953125 0.029411764705882353
0 0.05553829308712136 0.7554311497326204 0.01953125 0.029411764705882353
0 0.07061582623106073 0.6856943913929209 0.01953125 0.029411764705882353
0 0.06523099296536808 0.6646111853832443 0.01953125 0.029411764705882353
0 0.06953885957792223 0.6419061942959003 0.01953125 0.029411764705882353
0 0.009228727002164667 0.4797276865291572 0.01953125 0.029411764705882353
0 0.026460193452381115 0.49918910746116646 0.01953125 0.029411764705882353
0 0.010305693655303205 0.49918910746116646 0.01953125 0.029411764705882353
0 0.021075360186688465 0.5251376687038454 0.01953125 0.029411764705882353
0 0.033998960024350836 0.5397337344028522 0.01953125 0.029411764705882353
0 0.04584559320887464 0.5283812388591802 0.01953125 0.029411764705882353
0 0.07061582623106073 0.542977304558187 0.01953125 0.029411764705882353
0 0.05876919304653694 0.542977304558187 0.01953125 0.029411764705882353
0 0.04692255986201314 0.5543298001018591 0.01953125 0.029411764705882353
0 0.04476862655573606 0.5445990896358545 0.01953125 0.029411764705882353
0 0.11046359239718628 0.6451497644512352 0.01953125 0.029411764705882353
0 0.1309259588068183 0.6500151196842374 0.01953125 0.029411764705882353
0 0.13631079207251096 0.6273101285968934 0.01953125 0.029411764705882353
0 0.12769505884740273 0.6127140628978865 0.01953125 0.029411764705882353
0 0.11692539231601742 0.5932526419658775 0.01953125 0.029411764705882353
0 0.10184785917207806 0.588387286732875 0.01953125 0.029411764705882353
0 0.11584842566287892 0.5705476508785333 0.01953125 0.029411764705882353
0 0.1061557257846322 0.5737912210338681 0.01953125 0.029411764705882353
0 0.09969392586580098 0.5510862299465242 0.01953125 0.029411764705882353
0 0.09000122598755425 0.5624387254901961 0.01953125 0.029411764705882353
0 0.08892425933441575 0.5348683791698499 0.01953125 0.029411764705882353
0 0.08892425933441575 0.5737912210338681 0.01953125 0.029411764705882353
0 0.08461639272186161 0.5900090718105426 0.01953125 0.029411764705882353
0 0.06200009300595251 0.5624387254901961 0.01953125 0.029411764705882353
0 0.06307705965909108 0.5737912210338681 0.01953125 0.029411764705882353
0 0.06953885957792223 0.5997397822765471 0.01953125 0.029411764705882353
0 0.03722985998376641 0.5656822956455311 0.01953125 0.029411764705882353
0 0.052307393127705784 0.6224447733638911 0.01953125 0.029411764705882353
0 0.02430626014610404 0.6078487076648843 0.01953125 0.029411764705882353
0 0.012459626961580242 0.6159576330532215 0.01953125 0.029411764705882353
0 0.02322929349296554 0.5851437165775403 0.01953125 0.029411764705882353
0 0.01892142688041143 0.4910801820728293 0.01953125 0.029411764705882353
0 0.02969109341179669 0.5218940985485104 0.01953125 0.029411764705882353
0 0.021075360186688465 0.5445990896358545 0.01953125 0.029411764705882353
0 0.027537160105519615 0.5624387254901961 0.01953125 0.029411764705882353
0 0.03938379329004341 0.6192012032085563 0.01953125 0.029411764705882353
0 0.010305693655303205 0.5997397822765471 0.01953125 0.029411764705882353
0 0.07492369284361489 0.5656822956455311 0.01953125 0.029411764705882353
0 0.12231022558171008 0.5462208747135219 0.01953125 0.029411764705882353
0 0.1309259588068183 0.5510862299465242 0.01953125 0.029411764705882353
0 0.15569619182900446 0.5624387254901961 0.01953125 0.029411764705882353
0 0.16108102509469713 0.5737912210338681 0.01953125 0.029411764705882353
0 0.1395416920319265 0.5737912210338681 0.01953125 0.029411764705882353
0 0.1524652918695889 0.5851437165775403 0.01953125 0.029411764705882353
0 0.12877202550054123 0.5916308568882099 0.01953125 0.029411764705882353
0 0.1406186586850651 0.5997397822765471 0.01953125 0.029411764705882353
0 0.1524652918695889 0.6078487076648843 0.01953125 0.029411764705882353
0 0.16000405844155854 0.5964962121212122 0.01953125 0.029411764705882353
0 0.17185069162608235 0.5997397822765471 0.01953125 0.029411764705882353
0 0.19231305803571436 0.5851437165775403 0.01953125 0.029411764705882353
0 0.20200575791396116 0.625688343519226 0.01953125 0.029411764705882353
0 0.19877485795454558 0.6110922778202191 0.01953125 0.029411764705882353
0 0.18585125811688322 0.6419061942959003 0.01953125 0.029411764705882353
0 0.18154339150432913 0.625688343519226 0.01953125 0.029411764705882353
0 0.16646585836038968 0.625688343519226 0.01953125 0.029411764705882353
0 0.15785012513528146 0.6500151196842374 0.01953125 0.029411764705882353
0 0.14815742525703474 0.6159576330532215 0.01953125 0.029411764705882353
0 0.09753999255952397 0.6192012032085563 0.01953125 0.029411764705882353
0 0.0738467261904763 0.6305536987522283 0.01953125 0.029411764705882353
0 0.08353942606872311 0.6159576330532215 0.01953125 0.029411764705882353
0 0.08461639272186161 0.6451497644512352 0.01953125 0.029411764705882353
0 0.04584559320887464 0.6337972689075632 0.01953125 0.029411764705882353
0 0.036152893330627836 0.6305536987522283 0.01953125 0.029411764705882353
0 0.02322929349296554 0.6386626241405654 0.01953125 0.029411764705882353
0 0.011382660308441706 0.6678547555385792 0.01953125 0.029411764705882353
0 0.04476862655573606 0.6532586898395722 0.01953125 0.029411764705882353
0 0.049076493168290214 0.6905597466259232 0.01953125 0.029411764705882353
0 0.02861412675865819 0.7148865227909347 0.01953125 0.029411764705882353
0 0.04692255986201314 0.7246172332569393 0.01953125 0.029411764705882353
0 0.03938379329004341 0.7732707855869622 0.01953125 0.029411764705882353
0 0.012459626961580242 0.7927322065189714 0.01953125 0.029411764705882353
0 0.016767493574134353 0.8073282722179782 0.01953125 0.029411764705882353
0 0.014613560267857317 0.8267896931499873 0.01953125 0.029411764705882353
0 0.05661525974025986 0.8235461229946526 0.01953125 0.029411764705882353
0 0.08246245941558453 0.8154371976063153 0.01953125 0.029411764705882353
0 0.11800235896915601 0.8235461229946526 0.01953125 0.029411764705882353
0 0.12015629227543301 0.6921815317035905 0.01953125 0.029411764705882353
0 0.11907932562229451 0.6743418958492489 0.01953125 0.029411764705882353
0 0.19662092464826852 0.6743418958492489 0.01953125 0.029411764705882353
0 0.1761585582386365 0.6694765406162466 0.01953125 0.029411764705882353
0 0.18262035815746763 0.6565022599949072 0.01953125 0.029411764705882353
0 0.16538889170725118 0.6678547555385792 0.01953125 0.029411764705882353
0 0.23000689089556284 0.6305536987522283 0.01953125 0.029411764705882353
0 0.2235450909767317 0.6565022599949072 0.01953125 0.029411764705882353
0 0.2440074573863637 0.6451497644512352 0.01953125 0.029411764705882353
0 0.2580080238771646 0.6694765406162466 0.01953125 0.029411764705882353
0 0.23539172416125548 0.6938033167812582 0.01953125 0.029411764705882353
0 0.2073905911796538 0.697046886936593 0.01953125 0.029411764705882353
0 0.20092879126082258 0.7262390183346067 0.01953125 0.029411764705882353
0 0.22677599093614725 0.7440786541889484 0.01953125 0.029411764705882353
0 0.24723835734577929 0.7165083078686021 0.01953125 0.029411764705882353
0 0.2623158904897187 0.7359697288006113 0.01953125 0.029411764705882353
0 0.28062432359307365 0.6743418958492489 0.01953125 0.029411764705882353
0 0.27308555702110393 0.6986686720142604 0.01953125 0.029411764705882353
0 0.2967788233901516 0.682450821237586 0.01953125 0.029411764705882353
0 0.3053945566152598 0.697046886936593 0.01953125 0.029411764705882353
0 0.31831815645292216 0.7505657944996181 0.01953125 0.029411764705882353
0 0.3258569230248919 0.7359697288006113 0.01953125 0.029411764705882353
0 0.34631928943452384 0.6678547555385792 0.01953125 0.029411764705882353
0 0.35601198931277056 0.7473222243442833 0.01953125 0.029411764705882353
0 0.375397389069264 0.7359697288006113 0.01953125 0.029411764705882353
0 0.33339568959686156 0.7586747198879553 0.01953125 0.029411764705882353
0 0.3226260230654763 0.7132647377132673 0.01953125 0.029411764705882353
0 0.2903170234713204 0.742456869111281 0.01953125 0.029411764705882353
0 0.2892400568181819 0.7927322065189714 0.01953125 0.029411764705882353
0 0.2773934236336581 0.8284114782276547 0.01953125 0.029411764705882353
0 0.2526231906114719 0.8397639737713268 0.01953125 0.029411764705882353
0 0.26123892383658015 0.8851739559460148 0.01953125 0.029411764705882353
0 0.28277825689935077 0.9143660873440287 0.01953125 0.029411764705882353
0 0.3053945566152598 0.9516671441303794 0.01953125 0.029411764705882353
0 0.3075484899215368 0.9030135918003566 0.01953125 0.029411764705882353
0 0.34631928943452384 0.9143660873440287 0.01953125 0.029411764705882353
0 0.34631928943452384 0.8673343200916731 0.01953125 0.029411764705882353
0 0.2978557900432901 0.855981824548001 0.01953125 0.029411764705882353
0 0.30862545657467544 0.8121936274509804 0.01953125 0.029411764705882353
0 0.34955018939393945 0.8073282722179782 0.01953125 0.029411764705882353
0 0.352781089353355 0.7732707855869622 0.01953125 0.029411764705882353
0 0.3797052556818182 0.7700272154316272 0.01953125 0.029411764705882353
0 0.38078222233495673 0.7586747198879553 0.01953125 0.029411764705882353
0 0.38616705560064934 0.7959757766743061 0.01953125 0.029411764705882353
0 0.36785862249729445 0.8332768334606571 0.01953125 0.029411764705882353
0 0.3657046891910173 0.8624689648586709 0.01953125 0.029411764705882353
0 0.3797052556818182 0.8867957410236822 0.01953125 0.029411764705882353
0 0.4087833553165585 0.9030135918003566 0.01953125 0.029411764705882353
0 0.4109372886228355 0.9630196396740515 0.01953125 0.029411764705882353
0 0.4109372886228355 0.9338275082760377 0.01953125 0.029411764705882353
0 0.39585975547889607 0.8381421886936594 0.01953125 0.029411764705882353
0 0.41739908854166663 0.8170589826839827 0.01953125 0.029411764705882353
0 0.40662942201028135 0.7813797109752992 0.01953125 0.029411764705882353
0 0.4033985220508658 0.7327261586452765 0.01953125 0.029411764705882353
0 0.4141681885822511 0.6792072510822511 0.01953125 0.029411764705882353
0 0.42278392180735935 0.7165083078686021 0.01953125 0.029411764705882353
0 0.4292457217261905 0.659745830150242 0.01953125 0.029411764705882353
0 0.44109235491071425 0.7019122421695952 0.01953125 0.029411764705882353
0 0.4357075216450217 0.776514355742297 0.01953125 0.029411764705882353
0 0.46263168797348486 0.8381421886936594 0.01953125 0.029411764705882353
0 0.45509292140151514 0.82516790807232 0.01953125 0.029411764705882353
0 0.46155472132034625 0.7959757766743061 0.01953125 0.029411764705882353
0 0.4324766216856061 0.8592253947033359 0.01953125 0.029411764705882353
0 0.45724685470779225 0.8867957410236822 0.01953125 0.029411764705882353
0 0.45078505478896097 0.9176096574993634 0.01953125 0.029411764705882353
0 0.4766322544642857 0.9630196396740515 0.01953125 0.029411764705882353
0 0.4820170877299783 0.9078789470333588 0.01953125 0.029411764705882353
0 0.4820170877299783 0.855981824548001 0.01953125 0.029411764705882353
0 0.49494068756764076 0.8235461229946526 0.01953125 0.029411764705882353
0 0.4798631544237013 0.7732707855869622 0.01953125 0.029411764705882353
0 0.46047775466720786 0.7359697288006113 0.01953125 0.029411764705882353
0 0.4981715875270563 0.7067775974025976 0.01953125 0.029411764705882353
0 0.5250957538555194 0.7294825884899415 0.01953125 0.029411764705882353
0 0.5057103540990259 0.7700272154316272 0.01953125 0.029411764705882353
0 0.5423272203057359 0.7262390183346067 0.01953125 0.029411764705882353
0 0.5649435200216449 0.742456869111281 0.01953125 0.029411764705882353
0 0.5789440865124458 0.7927322065189714 0.01953125 0.029411764705882353
0 0.5606356534090908 0.8413857588489941 0.01953125 0.029411764705882353
0 0.5315575537743507 0.8186807677616502 0.01953125 0.029411764705882353
0 0.5240187872023809 0.8494946842373314 0.01953125 0.029411764705882353
0 0.5154030539772727 0.8673343200916731 0.01953125 0.029411764705882353
0 0.5057103540990259 0.9013918067226893 0.01953125 0.029411764705882353
0 0.5229418205492423 0.9159878724216961 0.01953125 0.029411764705882353
0 0.5530968868371212 0.8981482365673543 0.01953125 0.029411764705882353
0 0.5789440865124458 0.8754432454800103 0.01953125 0.029411764705882353
0 0.5821749864718614 0.9678849949070538 0.01953125 0.029411764705882353
0 0.6112530861066017 0.8186807677616502 0.01953125 0.029411764705882353
0 0.6478699523133116 0.7894886363636364 0.01953125 0.029411764705882353
0 0.6317154525162337 0.7246172332569393 0.01953125 0.029411764705882353
0 0.6467929856601731 0.7246172332569393 0.01953125 0.029411764705882353
0 0.624176685944264 0.6678547555385792 0.01953125 0.029411764705882353
0 0.5864828530844155 0.682450821237586 0.01953125 0.029411764705882353
0 0.6338693858225107 0.9143660873440287 0.01953125 0.029411764705882353
0 0.6661783854166666 0.9143660873440287 0.01953125 0.029411764705882353
0 0.6144839860660173 0.9792374904507257 0.01953125 0.029411764705882353
0 0.6801789519074675 0.9857246307613954 0.01953125 0.029411764705882353
0 0.5886367863906925 0.9208532276546982 0.01953125 0.029411764705882353
0 0.35924288927218617 0.8981482365673543 0.01953125 0.029411764705882353
0 0.23754565746753256 0.8900393111790171 0.01953125 0.029411764705882353
0 0.7103340181953463 0.9776157053730583 0.01953125 0.029411764705882353
0 0.7071031182359306 0.9484235739750446 0.01953125 0.029411764705882353
0 0.7211036847267316 0.9143660873440287 0.01953125 0.029411764705882353
0 0.7114109848484849 0.8786868156353451 0.01953125 0.029411764705882353
0 0.7577205509334415 0.8235461229946526 0.01953125 0.029411764705882353
0 0.7771059506899349 0.9159878724216961 0.01953125 0.029411764705882353
0 0.7598744842397186 0.972750350140056 0.01953125 0.029411764705882353
0 0.8169537168560606 0.9257185828877006 0.01953125 0.029411764705882353
0 0.8988031824945886 0.9143660873440287 0.01953125 0.029411764705882353
0 0.9623442150297619 0.9257185828877006 0.01953125 0.029411764705882353
0 0.9569593817640691 0.8819303857906798 0.01953125 0.029411764705882353
0 0.9784987148268397 0.9030135918003566 0.01953125 0.029411764705882353
0 0.991422314664502 0.9289621530430355 0.01953125 0.029411764705882353
0 0.9289582487824674 0.8527382543926663 0.01953125 0.029411764705882353
0 0.8988031824945886 0.8511164693149988 0.01953125 0.029411764705882353
0 0.8966492491883116 0.8835521708683475 0.01953125 0.029411764705882353
0 0.8557245163690476 0.8689561051693404 0.01953125 0.029411764705882353
0 0.8320312499999998 0.8332768334606571 0.01953125 0.029411764705882353
0 0.8029531503652596 0.8511164693149988 0.01953125 0.029411764705882353
0 0.7781829173430734 0.8267896931499873 0.01953125 0.029411764705882353
0 0.7006413183170995 0.7586747198879553 0.01953125 0.029411764705882353
0 0.7264885179924241 0.776514355742297 0.01953125 0.029411764705882353
0 0.7232576180330086 0.7473222243442833 0.01953125 0.029411764705882353
0 0.7318733512581168 0.7262390183346067 0.01953125 0.029411764705882353
0 0.7017182849702379 0.7246172332569393 0.01953125 0.029411764705882353
0 0.681255918560606 0.7213736631016044 0.01953125 0.029411764705882353
0 0.6747941186417747 0.7019122421695952 0.01953125 0.029411764705882353
0 0.6931025517451298 0.6938033167812582 0.01953125 0.029411764705882353
0 0.681255918560606 0.6840726063152536 0.01953125 0.029411764705882353
0 0.6704862520292207 0.6792072510822511 0.01953125 0.029411764705882353
0 0.6467929856601731 0.6500151196842374 0.01953125 0.029411764705882353
0 0.6500238856195886 0.6905597466259232 0.01953125 0.029411764705882353
0 0.662947485457251 0.6419061942959003 0.01953125 0.029411764705882353
0 0.6898716517857142 0.6305536987522283 0.01953125 0.029411764705882353
0 0.7264885179924241 0.6192012032085563 0.01953125 0.029411764705882353
0 0.7081800848890693 0.6451497644512352 0.01953125 0.029411764705882353
0 0.7060261515827921 0.6646111853832443 0.01953125 0.029411764705882353
0 0.7060261515827921 0.6986686720142604 0.01953125 0.029411764705882353
0 0.72218065137987 0.70515581232493 0.01953125 0.029411764705882353
0 0.7232576180330086 0.6840726063152536 0.01953125 0.029411764705882353
0 0.7329503179112553 0.6808290361599186 0.01953125 0.029411764705882353
0 0.7232576180330086 0.662989400305577 0.01953125 0.029411764705882353
0 0.7372581845238094 0.6710983256939141 0.01953125 0.029411764705882353
0 0.7867986505681818 0.7894886363636364 0.01953125 0.029411764705882353
0 0.7717211174242423 0.7586747198879553 0.01953125 0.029411764705882353
0 0.7641823508522726 0.7359697288006113 0.01953125 0.029411764705882353
0 0.7426430177895021 0.7278608034122741 0.01953125 0.029411764705882353
0 0.779259883996212 0.7246172332569393 0.01953125 0.029411764705882353
0 0.7921834838338744 0.7408350840336135 0.01953125 0.029411764705882353
0 0.8083379836309522 0.7408350840336135 0.01953125 0.029411764705882353
0 0.818030683509199 0.787866851285969 0.01953125 0.029411764705882353
0 0.8492627164502162 0.8040847020626433 0.01953125 0.029411764705882353
0 0.8417239498782467 0.7732707855869622 0.01953125 0.029411764705882353
0 0.8309542833468614 0.7440786541889484 0.01953125 0.029411764705882353
0 0.8718790161661254 0.7700272154316272 0.01953125 0.029411764705882353
0 0.8675711495535713 0.742456869111281 0.01953125 0.029411764705882353
0 0.8471087831439392 0.7165083078686021 0.01953125 0.029411764705882353
0 0.8858795826569263 0.7327261586452765 0.01953125 0.029411764705882353
0 0.9343430820481601 0.7959757766743061 0.01953125 0.029411764705882353
0 0.9698829816017314 0.8154371976063153 0.01953125 0.029411764705882353
0 0.9741908482142856 0.787866851285969 0.01953125 0.029411764705882353
0 0.9580363484172076 0.7781361408199643 0.01953125 0.029411764705882353
0 0.932189148741883 0.776514355742297 0.01953125 0.029411764705882353
0 0.932189148741883 0.7619182900432901 0.01953125 0.029411764705882353
0 0.9526515151515149 0.7473222243442833 0.01953125 0.029411764705882353
0 0.9375739820075757 0.719751878023937 0.01953125 0.029411764705882353
0 0.9235734155167747 0.7083993824802649 0.01953125 0.029411764705882353
0 0.9860374813988094 0.7181300929462695 0.01953125 0.029411764705882353
0 0.9784987148268397 0.7408350840336135 0.01953125 0.029411764705882353
0 0.9494206151920994 0.6873161764705883 0.01953125 0.029411764705882353
0 0.9268043154761904 0.6792072510822511 0.01953125 0.029411764705882353
0 0.9214194822104976 0.6613676152279094 0.01953125 0.029411764705882353
0 0.8923413825757575 0.682450821237586 0.01953125 0.029411764705882353
0 0.8826486826975107 0.6921815317035905 0.01953125 0.029411764705882353
0 0.8880335159632033 0.6532586898395722 0.01953125 0.029411764705882353
0 0.9031110491071428 0.6467715495289026 0.01953125 0.029411764705882353
0 0.9074189157196969 0.6305536987522283 0.01953125 0.029411764705882353
0 0.9483436485389609 0.6240665584415586 0.01953125 0.029411764705882353
0 0.9418818486201298 0.6386626241405654 0.01953125 0.029411764705882353
0 0.9623442150297619 0.6386626241405654 0.01953125 0.029411764705882353
0 0.9634211816829003 0.6565022599949072 0.01953125 0.029411764705882353
0 0.8535705830627704 0.6678547555385792 0.01953125 0.029411764705882353
0 0.8654172162472943 0.6419061942959003 0.01953125 0.029411764705882353
0 0.8804947493912336 0.6224447733638911 0.01953125 0.029411764705882353
0 0.8589554163284632 0.6078487076648843 0.01953125 0.029411764705882353
0 0.7749520173836579 0.6678547555385792 0.01953125 0.029411764705882353
0 0.7921834838338744 0.697046886936593 0.01953125 0.029411764705882353
0 0.7534126843208873 0.662989400305577 0.01953125 0.029411764705882353
0 0.7544896509740259 0.6792072510822511 0.01953125 0.029411764705882353
0 0.7695671841179653 0.6986686720142604 0.01953125 0.029411764705882353
0 0.7577205509334415 0.6467715495289026 0.01953125 0.029411764705882353
0 0.7523357176677489 0.6305536987522283 0.01953125 0.029411764705882353
0 0.7674132508116882 0.6273101285968934 0.01953125 0.029411764705882353
0 0.75879751758658 0.6110922778202191 0.01953125 0.029411764705882353
0 0.7889525838744588 0.5997397822765471 0.01953125 0.029411764705882353
0 0.7900295505275974 0.6305536987522283 0.01953125 0.029411764705882353
0 0.7857216839150432 0.64839333460657 0.01953125 0.029411764705882353
0 0.8471087831439392 0.6921815317035905 0.01953125 0.029411764705882353
0 0.8169537168560606 0.7083993824802649 0.01953125 0.029411764705882353
0 0.818030683509199 0.6873161764705883 0.01953125 0.029411764705882353
0 0.8137228168966449 0.662989400305577 0.01953125 0.029411764705882353
0 0.8137228168966449 0.637040839062898 0.01953125 0.029411764705882353
0 0.8309542833468614 0.6192012032085563 0.01953125 0.029411764705882353
0 0.8460318164908007 0.6159576330532215 0.01953125 0.029411764705882353
0 0.8740329494724024 0.5964962121212122 0.01953125 0.029411764705882353
0 0.779259883996212 0.5705476508785333 0.01953125 0.029411764705882353
0 0.8158767502029219 0.5900090718105426 0.01953125 0.029411764705882353
0 0.8007992170589826 0.5673040807231986 0.01953125 0.029411764705882353
0 0.834185183306277 0.6078487076648843 0.01953125 0.029411764705882353
0 0.8320312499999998 0.5964962121212122 0.01953125 0.029411764705882353
0 0.8417239498782467 0.5770347911892031 0.01953125 0.029411764705882353
0 0.852493616409632 0.5737912210338681 0.01953125 0.029411764705882353
0 0.9192655489042206 0.5964962121212122 0.01953125 0.029411764705882353
0 0.932189148741883 0.6159576330532215 0.01953125 0.029411764705882353
0 0.9752678148674241 0.6110922778202191 0.01953125 0.029411764705882353
0 0.9763447815205626 0.5964962121212122 0.01953125 0.029411764705882353
0 0.9644981483360389 0.6013615673542144 0.01953125 0.029411764705882353
0 0.9515745484983765 0.588387286732875 0.01953125 0.029411764705882353
0 0.9364970153544371 0.5900090718105426 0.01953125 0.029411764705882353
0 0.9881914147050864 0.5737912210338681 0.01953125 0.029411764705882353
0 0.9741908482142856 0.5705476508785333 0.01953125 0.029411764705882353
0 0.9558824151109305 0.5510862299465242 0.01953125 0.029411764705882353
0 0.9451127485795454 0.5673040807231986 0.01953125 0.029411764705882353
0 0.9386509486607141 0.5624387254901961 0.01953125 0.029411764705882353
0 0.9235734155167747 0.5624387254901961 0.01953125 0.029411764705882353
0 0.9031110491071428 0.5997397822765471 0.01953125 0.029411764705882353
0 0.9063419490665583 0.5770347911892031 0.01953125 0.029411764705882353
0 0.9074189157196969 0.5510862299465242 0.01953125 0.029411764705882353
0 0.8944953158820345 0.542977304558187 0.01953125 0.029411764705882353
0 0.8826486826975107 0.5332465940921824 0.01953125 0.029411764705882353
0 0.8848026160037877 0.5559515851795265 0.01953125 0.029411764705882353
0 0.872955982819264 0.5462208747135219 0.01953125 0.029411764705882353
0 0.8417239498782467 0.5543298001018591 0.01953125 0.029411764705882353
0 0.8191076501623376 0.5575733702571939 0.01953125 0.029411764705882353
0 0.8428009165313851 0.5397337344028522 0.01953125 0.029411764705882353
0 0.854647549715909 0.5543298001018591 0.01953125 0.029411764705882353
0 0.973113881561147 0.5283812388591802 0.01953125 0.029411764705882353
0 0.989268381358225 0.5624387254901961 0.01953125 0.029411764705882353
0 0.9924992813176405 0.5008108925388338 0.01953125 0.029411764705882353
0 0.9838835480925323 0.49432375222816416 0.01953125 0.029411764705882353
0 0.9677290482954544 0.49432375222816416 0.01953125 0.029411764705882353
0 0.9741908482142856 0.47486233129615496 0.01953125 0.029411764705882353
0 0.9871144480519478 0.3905295072574486 0.01953125 0.029411764705882353
0 0.989268381358225 0.3467413101604279 0.01953125 0.029411764705882353
0 0.9828065814393938 0.34025416984975826 0.01953125 0.029411764705882353
0 0.9903453480113634 0.27862633689839594 0.01953125 0.029411764705882353
0 0.9741908482142856 0.40836914311179034 0.01953125 0.029411764705882353
0 0.9795756814799783 0.4310741341991343 0.01953125 0.029411764705882353
0 0.989268381358225 0.4424266297428064 0.01953125 0.029411764705882353
0 0.9655751149891774 0.4359394894321366 0.01953125 0.029411764705882353
0 0.9591133150703463 0.4570226954418132 0.01953125 0.029411764705882353
0 0.9720369149080086 0.4602662655971481 0.01953125 0.029411764705882353
0 0.9871144480519478 0.47161876114082 0.01953125 0.029411764705882353
0 0.9494206151920994 0.47161876114082 0.01953125 0.029411764705882353
0 0.9580363484172076 0.47486233129615496 0.01953125 0.029411764705882353
0 0.9397279153138527 0.4262087789661321 0.01953125 0.029411764705882353
0 0.9418818486201298 0.36944630124777206 0.01953125 0.029411764705882353
0 0.9461897152326838 0.4489137700534761 0.01953125 0.029411764705882353
0 0.9451127485795454 0.508919817927171 0.01953125 0.029411764705882353
0 0.916034648944805 0.4537791252864784 0.01953125 0.029411764705882353
0 0.9246503821699134 0.44404841482047375 0.01953125 0.029411764705882353
0 0.9257273488230517 0.41485628342246 0.01953125 0.029411764705882353
0 0.9224964488636362 0.3580938057041 0.01953125 0.029411764705882353
0 0.9009571158008656 0.3743116564807743 0.01953125 0.029411764705882353
0 0.916034648944805 0.37917701171377655 0.01953125 0.029411764705882353
0 0.9224964488636362 0.40350378787878793 0.01953125 0.029411764705882353
0 0.9074189157196969 0.392151292335116 0.01953125 0.029411764705882353
0 0.9020340824540042 0.3937730774127834 0.01953125 0.029411764705882353
0 0.8955722825351731 0.40999092818945776 0.01953125 0.029411764705882353
0 0.9009571158008656 0.41972163865546225 0.01953125 0.029411764705882353
0 0.9268043154761904 0.49432375222816416 0.01953125 0.029411764705882353
0 0.9311121820887445 0.47810590145148985 0.01953125 0.029411764705882353
0 0.9235734155167747 0.508919817927171 0.01953125 0.029411764705882353
0 0.9483436485389609 0.5251376687038454 0.01953125 0.029411764705882353
0 0.932189148741883 0.542977304558187 0.01953125 0.029411764705882353
0 0.9128037489853895 0.5251376687038454 0.01953125 0.029411764705882353
0 0.9171116155979436 0.4894583969951619 0.01953125 0.029411764705882353
0 0.9041880157602812 0.46837519098548525 0.01953125 0.029411764705882353
0 0.8880335159632033 0.4424266297428064 0.01953125 0.029411764705882353
0 0.9074189157196969 0.4310741341991343 0.01953125 0.029411764705882353
0 0.8804947493912336 0.3986384326457857 0.01953125 0.029411764705882353
0 0.8761868827786796 0.41323449834479264 0.01953125 0.029411764705882353
0 0.8740329494724024 0.42134342373312983 0.01953125 0.029411764705882353
0 0.872955982819264 0.43756127450980414 0.01953125 0.029411764705882353
0 0.8708020495129869 0.45215734020881093 0.01953125 0.029411764705882353
0 0.8923413825757575 0.4667534059078178 0.01953125 0.029411764705882353
0 0.8708020495129869 0.47486233129615496 0.01953125 0.029411764705882353
0 0.8966492491883116 0.49432375222816416 0.01953125 0.029411764705882353
0 0.8944953158820345 0.5105416030048383 0.01953125 0.029411764705882353
0 0.8804947493912336 0.5024326776165013 0.01953125 0.029411764705882353
0 0.875109916125541 0.5056762477718361 0.01953125 0.029411764705882353
0 0.875109916125541 0.520272313470843 0.01953125 0.029411764705882353
0 0.8643402495941557 0.5170287433155082 0.01953125 0.029411764705882353
0 0.8664941829004327 0.5283812388591802 0.01953125 0.029411764705882353
0 0.8471087831439392 0.5218940985485104 0.01953125 0.029411764705882353
0 0.9041880157602812 0.2688956264323913 0.01953125 0.029411764705882353
0 0.9128037489853895 0.2656520562770565 0.01953125 0.029411764705882353
0 0.9214194822104976 0.28997883244206785 0.01953125 0.029411764705882353
0 0.9375739820075757 0.27700455182072853 0.01953125 0.029411764705882353
0 0.8858795826569263 0.27700455182072853 0.01953125 0.029411764705882353
0 0.8804947493912336 0.27376098166539353 0.01953125 0.029411764705882353
0 0.8718790161661254 0.27376098166539353 0.01953125 0.029411764705882353
0 0.8794177827380951 0.3370105996944234 0.01953125 0.029411764705882353
0 0.8675711495535713 0.3580938057041 0.01953125 0.029411764705882353
0 0.8664941829004327 0.3856641520244463 0.01953125 0.029411764705882353
0 0.854647549715909 0.39701664756811833 0.01953125 0.029411764705882353
0 0.8471087831439392 0.41323449834479264 0.01953125 0.029411764705882353
0 0.8449548498376622 0.4310741341991343 0.01953125 0.029411764705882353
0 0.8514166497564934 0.45215734020881093 0.01953125 0.029411764705882353
0 0.856801483022186 0.44404841482047375 0.01953125 0.029411764705882353
0 0.354935022659632 0.2960605264833205 0.01953125 0.029411764705882353
0 0.39855217211174243 0.2952496339444868 0.01953125 0.029411764705882353
0 0.4141681885822511 0.29443874140565307 0.01953125 0.029411764705882353
0 0.43409207166531383 0.30335855933282396 0.01953125 0.029411764705882353
0 0.44809263815611466 0.30335855933282396 0.01953125 0.029411764705882353
0 0.38455160562094154 0.3001149891774891 0.01953125 0.029411764705882353
0 0.37108952245670995 0.2984932040998216 0.01953125 0.029411764705882353
0 0.3172411897997835 0.2920060637891519 0.01953125 0.029411764705882353
0 0.3414729394954004 0.3220090877259994 0.01953125 0.029411764705882353
0 0.39155188886634196 0.3447140788133434 0.01953125 0.029411764705882353
0 0.42601482176677485 0.3211981951871657 0.01953125 0.029411764705882353
0 0.43624600497159094 0.3333615832696714 0.01953125 0.029411764705882353
0 0.4561698880546537 0.326063550420168 0.01953125 0.029411764705882353
0 0.48094012107683987 0.2920060637891519 0.01953125 0.029411764705882353
0 0.5051718707724567 0.28308624586198106 0.01953125 0.029411764705882353
0 0.5154030539772727 0.27903178316781246 0.01953125 0.029411764705882353
0 0.5423272203057359 0.27173375031830904 0.01953125 0.029411764705882353
0 0.5514814368574135 0.2701119652406416 0.01953125 0.029411764705882353
0 0.5595586867559523 0.2701119652406416 0.01953125 0.029411764705882353
0 0.5875598197375541 0.28308624586198106 0.01953125 0.029411764705882353
0 0.6392542190882035 0.31876551757066457 0.01953125 0.029411764705882353
0 0.7038722182765152 0.314711054876496 0.01953125 0.029411764705882353
0 0.7103340181953464 0.3001149891774891 0.01953125 0.029411764705882353
0 0.7264885179924243 0.32038730264833193 0.01953125 0.029411764705882353
0 0.7313348679315477 0.34309229373567596 0.01953125 0.029411764705882353
0 0.711410984848485 0.326063550420168 0.01953125 0.029411764705882353
0 0.7458739177489179 0.32038730264833193 0.01953125 0.029411764705882353
0 0.7474893677286256 0.34309229373567596 0.01953125 0.029411764705882353
0 0.7383351511769481 0.37147353259485605 0.01953125 0.029411764705882353
0 0.7464124010754871 0.38282602813852806 0.01953125 0.029411764705882353
0 0.6925640684185607 0.3568774668958492 0.01953125 0.029411764705882353
0 0.7044107016030845 0.3747171027501909 0.01953125 0.029411764705882353
0 0.6968719350311148 0.37958245798319323 0.01953125 0.029411764705882353
0 0.725950034665855 0.39498941622103384 0.01953125 0.029411764705882353
0 0.7194882347470238 0.3844478132161955 0.01953125 0.029411764705882353
0 0.7313348679315477 0.38282602813852806 0.01953125 0.029411764705882353
0 0.7248730680127166 0.37309531767252346 0.01953125 0.029411764705882353
0 0.7453354344223486 0.4095854819200407 0.01953125 0.029411764705882353
0 0.7383351511769481 0.41931619238604523 0.01953125 0.029411764705882353
0 0.7377966678503789 0.3998547714540361 0.01953125 0.029411764705882353
0 0.7307963846049784 0.4055310192258721 0.01953125 0.029411764705882353
0 0.7092570515422079 0.40147655653170344 0.01953125 0.029411764705882353
0 0.7097955348687771 0.3941785236822001 0.01953125 0.029411764705882353
0 0.7146418848079006 0.388502275910364 0.01953125 0.029411764705882353
0 0.6920255850919914 0.3901240609880315 0.01953125 0.029411764705882353
0 0.6887946851325758 0.36985174751718863 0.01953125 0.029411764705882353
0 0.6785635019277598 0.3844478132161955 0.01953125 0.029411764705882353
0 0.6758710852949135 0.3755279952890246 0.01953125 0.029411764705882353
0 0.6688708020495131 0.36985174751718863 0.01953125 0.029411764705882353
0 0.6548702355587122 0.31876551757066457 0.01953125 0.029411764705882353
0 0.6284845525568181 0.3341724758085051 0.01953125 0.029411764705882353
0 0.6177148860254329 0.33011801311433653 0.01953125 0.029411764705882353
0 0.6037143195346322 0.3349833683473389 0.01953125 0.029411764705882353
0 0.6037143195346322 0.2984932040998216 0.01953125 0.029411764705882353
0 0.652716302252435 0.2863298160173159 0.01953125 0.029411764705882353
0 0.6295615192099567 0.29281695632798566 0.01953125 0.029411764705882353
0 0.5918676863501082 0.3017367742551565 0.01953125 0.029411764705882353
0 0.6112530861066017 0.2952496339444868 0.01953125 0.029411764705882353
0 0.5767901532061688 0.3066021294881588 0.01953125 0.029411764705882353
0 0.5697898699607684 0.3066021294881588 0.01953125 0.029411764705882353
0 0.5466350869182901 0.2984932040998216 0.01953125 0.029411764705882353
0 0.5541738534902598 0.3228199802648331 0.01953125 0.029411764705882353
0 0.5590202034293831 0.3090348071046599 0.01953125 0.029411764705882353
0 0.5428657036323052 0.3090348071046599 0.01953125 0.029411764705882353
0 0.5245572705289502 0.3171437324929971 0.01953125 0.029411764705882353
0 0.5229418205492424 0.3057912369493251 0.01953125 0.029411764705882353
0 0.5143260873241342 0.3130892697988285 0.01953125 0.029411764705882353
0 0.507864287405303 0.3236308728036668 0.01953125 0.029411764705882353
0 0.507864287405303 0.3293071205755028 0.01953125 0.029411764705882353
0 0.49924855418019487 0.314711054876496 0.01953125 0.029411764705882353
0 0.49494068756764076 0.314711054876496 0.01953125 0.029411764705882353
0 0.4857864710159632 0.31795462503183075 0.01953125 0.029411764705882353
0 0.477170737790855 0.31795462503183075 0.01953125 0.029411764705882353
0 0.4981715875270563 0.3349833683473389 0.01953125 0.029411764705882353
0 0.5003255208333333 0.326063550420168 0.01953125 0.029411764705882353
0 0.5067873207521645 0.34714675642984455 0.01953125 0.029411764705882353
0 0.5159415373038421 0.348768541507512 0.01953125 0.029411764705882353
0 0.5267112038352273 0.33741604596384 0.01953125 0.029411764705882353
0 0.526172720508658 0.331739798192004 0.01953125 0.029411764705882353
0 0.5417887369791666 0.331739798192004 0.01953125 0.029411764705882353
0 0.5353269370603355 0.33741604596384 0.01953125 0.029411764705882353
0 0.5342499704071969 0.35120121912401314 0.01953125 0.029411764705882353
0 0.5563277867965368 0.3382269385026737 0.01953125 0.029411764705882353
0 0.5627895867153679 0.34957943404634567 0.01953125 0.029411764705882353
0 0.5724822865936147 0.35120121912401314 0.01953125 0.029411764705882353
0 0.5827134697984309 0.33011801311433653 0.01953125 0.029411764705882353
0 0.5956370696360931 0.32038730264833193 0.01953125 0.029411764705882353
0 0.6230997192911256 0.36660817736185375 0.01953125 0.029411764705882353
0 0.6085606694737554 0.36660817736185375 0.01953125 0.029411764705882353
0 0.6026373528814936 0.37714978036669206 0.01953125 0.029411764705882353
0 0.5945601029829546 0.36579728482302004 0.01953125 0.029411764705882353
0 0.6160994360457251 0.37714978036669206 0.01953125 0.029411764705882353
0 0.630100002536526 0.3755279952890246 0.01953125 0.029411764705882353
0 0.660793552150974 0.3503903265851795 0.01953125 0.029411764705882353
0 0.6467929856601732 0.38606959829386284 0.01953125 0.029411764705882353
0 0.6543317522321429 0.3893131684491978 0.01953125 0.029411764705882353
0 0.6737171519886364 0.3982329863763686 0.01953125 0.029411764705882353
0 0.6640244521103896 0.37714978036669206 0.01953125 0.029411764705882353
0 0.6597165854978355 0.3674190699006874 0.01953125 0.029411764705882353
0 0.6252536525974026 0.35444478927934797 0.01953125 0.029411764705882353
0 0.5816365031452922 0.36174282212885145 0.01953125 0.029411764705882353
0 0.5552508201433982 0.36579728482302004 0.01953125 0.029411764705882353
0 0.5552508201433982 0.3584992519735166 0.01953125 0.029411764705882353
0 0.5530968868371212 0.3463358638910109 0.01953125 0.029411764705882353
0 0.5401732869994589 0.37147353259485605 0.01953125 0.029411764705882353
0 0.5450196369385822 0.36012103705118403 0.01953125 0.029411764705882353
0 0.5342499704071969 0.3633646072065189 0.01953125 0.029411764705882353
0 0.5277881704883658 0.3528230042016806 0.01953125 0.029411764705882353
0 0.5218648538961039 0.36012103705118403 0.01953125 0.029411764705882353
0 0.5170185039569805 0.3576883594346829 0.01953125 0.029411764705882353
0 0.5084027707318723 0.3584992519735166 0.01953125 0.029411764705882353
0 0.5003255208333333 0.35525568181818173 0.01953125 0.029411764705882353
0 0.49655613754734845 0.36660817736185375 0.01953125 0.029411764705882353
0 0.4933252375879329 0.3576883594346829 0.01953125 0.029411764705882353
0 0.49547917089421 0.34309229373567596 0.01953125 0.029411764705882353
0 0.4766322544642857 0.331739798192004 0.01953125 0.029411764705882353
0 0.48363253770968617 0.34714675642984455 0.01953125 0.029411764705882353
0 0.48470950436282473 0.3333615832696714 0.01953125 0.029411764705882353
0 0.47286287117830084 0.3503903265851795 0.01953125 0.029411764705882353
0 0.47286287117830084 0.3390378310415074 0.01953125 0.029411764705882353
0 0.4642471379531927 0.3463358638910109 0.01953125 0.029411764705882353
0 0.45455443807494583 0.34957943404634567 0.01953125 0.029411764705882353
0 0.45293898809523814 0.34065961611917484 0.01953125 0.029411764705882353
0 0.4427078048904221 0.34957943404634567 0.01953125 0.029411764705882353
0 0.4432462882169914 0.3276853354978354 0.01953125 0.029411764705882353
0 0.40716790533685066 0.33741604596384 0.01953125 0.029411764705882353
0 0.41793757186823594 0.3528230042016806 0.01953125 0.029411764705882353
0 0.46155472132034625 0.36093192959001774 0.01953125 0.029411764705882353
0 0.47609377113771645 0.36822996243952116 0.01953125 0.029411764705882353
0 0.48740192099567103 0.3690408549783549 0.01953125 0.029411764705882353
0 0.49924855418019487 0.37796067290552576 0.01953125 0.029411764705882353
0 0.5143260873241342 0.37796067290552576 0.01953125 0.029411764705882353
0 0.5277881704883658 0.37714978036669206 0.01953125 0.029411764705882353
0 0.5358654203869048 0.37228442513368976 0.01953125 0.029411764705882353
0 0.5250957538555194 0.36660817736185375 0.01953125 0.029411764705882353
0 0.5148645706507035 0.36579728482302004 0.01953125 0.029411764705882353
0 0.51001822071158 0.3690408549783549 0.01953125 0.029411764705882353
0 0.5337114870806278 0.38606959829386284 0.01953125 0.029411764705882353
0 0.5487890202245671 0.37958245798319323 0.01953125 0.029411764705882353
0 0.5622511033887987 0.38039335052202683 0.01953125 0.029411764705882353
0 0.5767901532061688 0.36985174751718863 0.01953125 0.029411764705882353
0 0.5940216196563852 0.3325506907308377 0.01953125 0.029411764705882353
0 0.6247151692708333 0.3893131684491978 0.01953125 0.029411764705882353
0 0.6494854022930194 0.4071528043035395 0.01953125 0.029411764705882353
0 0.6371002857819265 0.40228744907053726 0.01953125 0.029411764705882353
0 0.662947485457251 0.4055310192258721 0.01953125 0.029411764705882353
0 0.687179235152868 0.4128290520753755 0.01953125 0.029411764705882353
0 0.7076416015625001 0.41445083715304293 0.01953125 0.029411764705882353
0 0.6984873850108225 0.4128290520753755 0.01953125 0.029411764705882353
0 0.7022567682968074 0.3998547714540361 0.01953125 0.029411764705882353
0 0.7194882347470238 0.41120726699770804 0.01953125 0.029411764705882353
0 0.6478699523133118 0.4241815476190476 0.01953125 0.029411764705882353
0 0.6597165854978355 0.4185052998472115 0.01953125 0.029411764705882353
0 0.6327924191693723 0.4225597625413801 0.01953125 0.029411764705882353
0 0.627946069230249 0.40796369684237327 0.01953125 0.029411764705882353
0 0.6160994360457251 0.4185052998472115 0.01953125 0.029411764705882353
0 0.5999449362486473 0.40147655653170344 0.01953125 0.029411764705882353
0 0.5945601029829546 0.3941785236822001 0.01953125 0.029411764705882353
0 0.6101761194534633 0.4006656639928698 0.01953125 0.029411764705882353
0 0.6069452194940477 0.40796369684237327 0.01953125 0.029411764705882353
0 0.6020988695549243 0.4225597625413801 0.01953125 0.029411764705882353
0 0.5902522363704004 0.41201815953654175 0.01953125 0.029411764705882353
0 0.5859443697578464 0.3974220938375349 0.01953125 0.029411764705882353
0 0.5794825698390151 0.40228744907053726 0.01953125 0.029411764705882353
0 0.5724822865936147 0.3909349535268652 0.01953125 0.029411764705882353
0 0.5638665533685066 0.4006656639928698 0.01953125 0.029411764705882353
0 0.5536353701636905 0.3917458460656989 0.01953125 0.029411764705882353
0 0.5450196369385822 0.4071528043035395 0.01953125 0.029411764705882353
0 0.5450196369385822 0.3909349535268652 0.01953125 0.029411764705882353
0 0.5240187872023809 0.3893131684491978 0.01953125 0.029411764705882353
0 0.5062488374255953 0.38606959829386284 0.01953125 0.029411764705882353
0 0.4777092211174243 0.38282602813852806 0.01953125 0.029411764705882353
0 0.4906328209550866 0.38282602813852806 0.01953125 0.029411764705882353
0 0.49655613754734845 0.3974220938375349 0.01953125 0.029411764705882353
0 0.48524798768939403 0.39255673860453266 0.01953125 0.029411764705882353
0 0.505710354099026 0.3941785236822001 0.01953125 0.029411764705882353
0 0.5121721540178572 0.4063419117647058 0.01953125 0.029411764705882353
0 0.5234803038758118 0.41201815953654175 0.01953125 0.029411764705882353
0 0.5304805871212122 0.41445083715304293 0.01953125 0.029411764705882353
0 0.5390963203463204 0.4225597625413801 0.01953125 0.029411764705882353
0 0.5595586867559523 0.4339122580850522 0.01953125 0.029411764705882353
0 0.5827134697984309 0.41769440730837776 0.01953125 0.029411764705882353
0 0.5719438032670455 0.41445083715304293 0.01953125 0.029411764705882353
0 0.5880983030641234 0.4282360103132161 0.01953125 0.029411764705882353
0 0.5730207699201839 0.42985779539088353 0.01953125 0.029411764705882353
0 0.5778671198593074 0.44121029093455555 0.01953125 0.029411764705882353
0 0.5940216196563852 0.437155828240387 0.01953125 0.029411764705882353
0 0.6107146027800325 0.437155828240387 0.01953125 0.029411764705882353
0 0.6058682528409092 0.42580333269671494 0.01953125 0.029411764705882353
0 0.6209457859848486 0.43553404316271954 0.01953125 0.029411764705882353
0 0.6360233191287878 0.437155828240387 0.01953125 0.029411764705882353
0 0.6559472022118508 0.437155828240387 0.01953125 0.029411764705882353
0 0.6817944018871753 0.431479580468551 0.01953125 0.029411764705882353
0 0.672640185335498 0.42580333269671494 0.01953125 0.029411764705882353
0 0.6968719350311148 0.43553404316271954 0.01953125 0.029411764705882353
0 0.7302579012784092 0.4233706550802138 0.01953125 0.029411764705882353
0 0.7345657678909633 0.4339122580850522 0.01953125 0.029411764705882353
0 0.7291809346252706 0.4549954640947287 0.01953125 0.029411764705882353
0 0.7410275678097944 0.45418457155589503 0.01953125 0.029411764705882353
0 0.7469508844020563 0.4403993983957219 0.01953125 0.029411764705882353
0 0.7173343014407468 0.45986081932773104 0.01953125 0.029411764705882353
0 0.7130264348281927 0.4525627864782276 0.01953125 0.029411764705882353
0 0.7087185682156385 0.44607564616755785 0.01953125 0.029411764705882353
0 0.689333168459145 0.44850832378405897 0.01953125 0.029411764705882353
0 0.689333168459145 0.45986081932773104 0.01953125 0.029411764705882353
0 0.6823328852137447 0.46959152979373553 0.01953125 0.029411764705882353
0 0.672640185335498 0.45986081932773104 0.01953125 0.029411764705882353
0 0.6640244521103896 0.4493192163228927 0.01953125 0.029411764705882353
0 0.6645629354369589 0.45742814171122986 0.01953125 0.029411764705882353
0 0.6618705188041126 0.4687806372549018 0.01953125 0.029411764705882353
0 0.6532547855790043 0.45986081932773104 0.01953125 0.029411764705882353
0 0.6446390523538962 0.45175189393939386 0.01953125 0.029411764705882353
0 0.6365618024553572 0.45418457155589503 0.01953125 0.029411764705882353
0 0.6360233191287878 0.4639152820218996 0.01953125 0.029411764705882353
0 0.6290230358833875 0.44850832378405897 0.01953125 0.029411764705882353
0 0.6230997192911256 0.44850832378405897 0.01953125 0.029411764705882353
0 0.6214842693114178 0.4582390342500637 0.01953125 0.029411764705882353
0 0.611791569433171 0.45418457155589503 0.01953125 0.029411764705882353
0 0.5983294862689394 0.45175189393939386 0.01953125 0.029411764705882353
0 0.5751747032264611 0.45742814171122986 0.01953125 0.029411764705882353
0 0.5843289197781385 0.4525627864782276 0.01953125 0.029411764705882353
0 0.593483136329816 0.4631043894830659 0.01953125 0.029411764705882353
0 0.609637636126894 0.4744568850267379 0.01953125 0.029411764705882353
0 0.6004834195752164 0.46634795963840076 0.01953125 0.029411764705882353
0 0.6193303360051408 0.4833767029539088 0.01953125 0.029411764705882353
0 0.6338693858225108 0.4777004551820727 0.01953125 0.029411764705882353
0 0.6467929856601732 0.47851134772090653 0.01953125 0.029411764705882353
0 0.6543317522321429 0.48418759549274254 0.01953125 0.029411764705882353
0 0.662947485457251 0.4874311656480773 0.01953125 0.029411764705882353
0 0.672640185335498 0.4931074134199133 0.01953125 0.029411764705882353
0 0.6882562018060066 0.482565810415075 0.01953125 0.029411764705882353
0 0.7060261515827922 0.48580938057040995 0.01953125 0.029411764705882353
0 0.6990258683373918 0.4468865387063916 0.01953125 0.029411764705882353
0 0.7232576180330087 0.4712133148714031 0.01953125 0.029411764705882353
0 0.7313348679315477 0.47607867010440535 0.01953125 0.029411764705882353
0 0.7437199844426408 0.47851134772090653 0.01953125 0.029411764705882353
0 0.7431815011160714 0.4987836611917494 0.01953125 0.029411764705882353
0 0.7367197011972403 0.4931074134199133 0.01953125 0.029411764705882353
0 0.7248730680127166 0.5004054462694167 0.01953125 0.029411764705882353
0 0.7184112680938854 0.48418759549274254 0.01953125 0.029411764705882353
0 0.7286424512987014 0.4874311656480773 0.01953125 0.029411764705882353
0 0.7447969510957793 0.5158124045072574 0.01953125 0.029411764705882353
0 0.7356427345441019 0.5085143716577539 0.01953125 0.029411764705882353
0 0.7410275678097944 0.5401391806722687 0.01953125 0.029411764705882353
0 0.7286424512987014 0.531219362745098 0.01953125 0.029411764705882353
0 0.7001028349905304 0.5085143716577539 0.01953125 0.029411764705882353
0 0.6947180017248377 0.5101361567354215 0.01953125 0.029411764705882353
0 0.6904101351122837 0.5231104373567609 0.01953125 0.029411764705882353
0 0.6866407518262988 0.5109470492742552 0.01953125 0.029411764705882353
0 0.6801789519074677 0.4987836611917494 0.01953125 0.029411764705882353
0 0.6721017020089286 0.5117579418130889 0.01953125 0.029411764705882353
0 0.6683323187229437 0.5271649000509295 0.01953125 0.029411764705882353
0 0.6904101351122837 0.5336520403615992 0.01953125 0.029411764705882353
0 0.7060261515827922 0.5450045359052711 0.01953125 0.029411764705882353
0 0.7141034014813312 0.5214886522790935 0.01953125 0.029411764705882353
0 0.7275654846455628 0.5725748822256175 0.01953125 0.029411764705882353
0 0.7243345846861473 0.5466263209829386 0.01953125 0.029411764705882353
0 0.7431815011160714 0.5928471956964604 0.01953125 0.029411764705882353
0 0.7103340181953464 0.5733857747644513 0.01953125 0.029411764705882353
0 0.6548702355587122 0.5352738254392665 0.01953125 0.029411764705882353
0 0.6521778189258659 0.5052708015024191 0.01953125 0.029411764705882353
0 0.6403311857413421 0.4874311656480773 0.01953125 0.029411764705882353
0 0.6338693858225108 0.5012163388082505 0.01953125 0.029411764705882353
0 0.6252536525974026 0.525543114973262 0.01953125 0.029411764705882353
0 0.6177148860254329 0.5052708015024191 0.01953125 0.029411764705882353
0 0.6101761194534633 0.4987836611917494 0.01953125 0.029411764705882353
0 0.5967140362892317 0.4833767029539088 0.01953125 0.029411764705882353
0 0.5924061696766776 0.4777004551820727 0.01953125 0.029411764705882353
0 0.5714053199404763 0.4833767029539088 0.01953125 0.029411764705882353
0 0.5676359366544914 0.4712133148714031 0.01953125 0.029411764705882353
0 0.5563277867965368 0.46796974471606817 0.01953125 0.029411764705882353
0 0.5595586867559523 0.4582390342500637 0.01953125 0.029411764705882353
0 0.5423272203057359 0.4712133148714031 0.01953125 0.029411764705882353
0 0.5310190704477813 0.5733857747644513 0.01953125 0.029411764705882353
0 0.5127106373444265 0.576629344919786 0.01953125 0.029411764705882353
0 0.5186339539366883 0.5555461389101094 0.01953125 0.029411764705882353
0 0.5294036204680737 0.5287866851285967 0.01953125 0.029411764705882353
0 0.51001822071158 0.5182450821237584 0.01953125 0.029411764705882353
0 0.5073258040787337 0.5393282881334351 0.01953125 0.029411764705882353
0 0.4987100708536256 0.5498698911382733 0.01953125 0.029411764705882353
0 0.497633104200487 0.5628441717596129 0.01953125 0.029411764705882353
0 0.48740192099567103 0.5612223866819455 0.01953125 0.029411764705882353
0 0.4841710210362554 0.5709530971479501 0.01953125 0.029411764705882353
0 0.4933252375879329 0.625282897249809 0.01953125 0.029411764705882353
0 0.41524515523538963 0.5851437165775403 0.01953125 0.029411764705882353
0 0.4087833553165585 0.5656822956455311 0.01953125 0.029411764705882353
0 0.466939554586039 0.5819001464222053 0.01953125 0.029411764705882353
0 0.30862545657467527 0.5441936433664374 0.01953125 0.029411764705882353
0 0.328549339657738 0.5182450821237584 0.01953125 0.029411764705882353
0 0.2887015734916125 0.5125688343519225 0.01953125 0.029411764705882353
0 0.3118563565340909 0.482565810415075 0.01953125 0.029411764705882353
0 0.3172411897997835 0.45986081932773104 0.01953125 0.029411764705882353
0 0.32154905641233766 0.4403993983957219 0.01953125 0.029411764705882353
0 0.33070327296401514 0.4379667207792207 0.01953125 0.029411764705882353
0 0.33931900618912336 0.43472315062388583 0.01953125 0.029411764705882353
0 0.3436268728016774 0.4290469028520498 0.01953125 0.029411764705882353
0 0.3339341729234307 0.4549954640947287 0.01953125 0.029411764705882353
0 0.3247799563717532 0.4744568850267379 0.01953125 0.029411764705882353
0 0.33178023961715364 0.4744568850267379 0.01953125 0.029411764705882353
0 0.41739908854166663 0.46067171186656475 0.01953125 0.029411764705882353
0 0.39478278882575757 0.3982329863763686 0.01953125 0.029411764705882353
0 0.4001676220914502 0.42580333269671494 0.01953125 0.029411764705882353
0 0.3980136887851732 0.4128290520753755 0.01953125 0.029411764705882353
0 0.4093218386431277 0.4055310192258721 0.01953125 0.029411764705882353
0 0.4168606052150974 0.4136399446142093 0.01953125 0.029411764705882353
0 0.44378477154356055 0.45094100140056015 0.01953125 0.029411764705882353
0 0.4357075216450217 0.4403993983957219 0.01953125 0.029411764705882353
0 0.42601482176677485 0.4241815476190476 0.01953125 0.029411764705882353
0 0.4238608884604978 0.4055310192258721 0.01953125 0.029411764705882353
0 0.42493785511363635 0.3909349535268652 0.01953125 0.029411764705882353
0 0.43409207166531383 0.4006656639928698 0.01953125 0.029411764705882353
0 0.4491696048092533 0.3974220938375349 0.01953125 0.029411764705882353
0 0.44378477154356055 0.40796369684237327 0.01953125 0.029411764705882353
0 0.4324766216856061 0.4185052998472115 0.01953125 0.029411764705882353
0 0.44809263815611466 0.4282360103132161 0.01953125 0.029411764705882353
0 0.45455443807494583 0.4493192163228927 0.01953125 0.029411764705882353
0 0.475016804484578 0.45094100140056015 0.01953125 0.029411764705882353
0 0.4664010712594697 0.45742814171122986 0.01953125 0.029411764705882353
0 0.4513235381155303 0.4801331327985739 0.01953125 0.029411764705882353
0 0.4400153882575758 0.5401391806722687 0.01953125 0.029411764705882353
0 0.45940078801406925 0.5385173955946014 0.01953125 0.029411764705882353
0 0.46478562127976186 0.553924353832442 0.01953125 0.029411764705882353
0 0.48094012107683987 0.5514916762159409 0.01953125 0.029411764705882353
0 0.48363253770968617 0.5271649000509295 0.01953125 0.029411764705882353
0 0.4987100708536256 0.5904145180799591 0.01953125 0.029411764705882353
0 0.4421693215638528 0.5677095269926152 0.01953125 0.029411764705882353
0 0.4168606052150974 0.548248106060606 0.01953125 0.029411764705882353
0 0.381320705661526 0.5425718582887701 0.01953125 0.029411764705882353
0 0.35062715604707784 0.5385173955946014 0.01953125 0.029411764705882353
0 0.36301227255817103 0.5271649000509295 0.01953125 0.029411764705882353
0 0.2887015734916125 0.48580938057040995 0.01953125 0.029411764705882353
0 0.2757779736539502 0.48175491787624136 0.01953125 0.029411764705882353
0 0.2827782568993506 0.4639152820218996 0.01953125 0.029411764705882353
0 0.2660852737757034 0.46067171186656475 0.01953125 0.029411764705882353
0 0.2563925738974567 0.4801331327985739 0.01953125 0.029411764705882353
0 0.2703931403882575 0.44283207601222296 0.01953125 0.029411764705882353
0 0.27147010704139607 0.45094100140056015 0.01953125 0.029411764705882353
0 0.28223977357278135 0.44364296855105667 0.01953125 0.029411764705882353
0 0.2908555067978896 0.437155828240387 0.01953125 0.029411764705882353
0 0.3021636566558441 0.44607564616755785 0.01953125 0.029411764705882353
0 0.29570185673701294 0.46959152979373553 0.01953125 0.029411764705882353
0 0.30701000659496747 0.4631043894830659 0.01953125 0.029411764705882353
0 0.31239483986066013 0.437155828240387 0.01953125 0.029411764705882353
0 0.3242414730451839 0.4209379774637127 0.01953125 0.029411764705882353
0 0.3280108563311688 0.4152617296918767 0.01953125 0.029411764705882353
0 0.33770355620941556 0.41201815953654175 0.01953125 0.029411764705882353
0 0.3463192894345238 0.3917458460656989 0.01953125 0.029411764705882353
0 0.3463192894345238 0.41120726699770804 0.01953125 0.029411764705882353
0 0.3597813725987554 0.4282360103132161 0.01953125 0.029411764705882353
0 0.35385805600649345 0.4095854819200407 0.01953125 0.029411764705882353
0 0.3543965393330627 0.4209379774637127 0.01953125 0.029411764705882353
0 0.37162800578327915 0.41769440730837776 0.01953125 0.029411764705882353
0 0.3576274392924783 0.39580030875986755 0.01953125 0.029411764705882353
0 0.3220875397389069 0.4039092341482046 0.01953125 0.029411764705882353
0 0.31401028984036794 0.41120726699770804 0.01953125 0.029411764705882353
0 0.3021636566558441 0.4039092341482046 0.01953125 0.029411764705882353
0 0.3818591889880952 0.40796369684237327 0.01953125 0.029411764705882353
0 0.3657046891910173 0.3941785236822001 0.01953125 0.029411764705882353
0 0.37485890574269476 0.37147353259485605 0.01953125 0.029411764705882353
0 0.37001255580357145 0.37958245798319323 0.01953125 0.029411764705882353
0 0.40447548870400435 0.38282602813852806 0.01953125 0.029411764705882353
0 0.41847605519480524 0.3812042430608606 0.01953125 0.029411764705882353
0 0.41632212188852813 0.37147353259485605 0.01953125 0.029411764705882353
0 0.45024657146239183 0.38282602813852806 0.01953125 0.029411764705882353
0 0.44055387158414494 0.38282602813852806 0.01953125 0.029411764705882353
0 0.46047775466720786 0.38282602813852806 0.01953125 0.029411764705882353
0 0.46263168797348486 0.4006656639928698 0.01953125 0.029411764705882353
0 0.47286287117830084 0.4055310192258721 0.01953125 0.029411764705882353
0 0.47286287117830084 0.4233706550802138 0.01953125 0.029411764705882353
0 0.45940078801406925 0.437155828240387 0.01953125 0.029411764705882353
0 0.46478562127976186 0.4233706550802138 0.01953125 0.029411764705882353
0 0.4583238213609307 0.4185052998472115 0.01953125 0.029411764705882353
0 0.45293898809523814 0.41120726699770804 0.01953125 0.029411764705882353
0 0.4841710210362554 0.44607564616755785 0.01953125 0.029411764705882353
0 0.48524798768939403 0.42985779539088353 0.01953125 0.029411764705882353
0 0.48524798768939403 0.41769440730837776 0.01953125 0.029411764705882353
0 0.48147860440340917 0.4063419117647058 0.01953125 0.029411764705882353
0 0.47340135450487014 0.43472315062388583 0.01953125 0.029411764705882353
0 0.5132491206709957 0.4687806372549018 0.01953125 0.029411764705882353
0 0.5250957538555194 0.4712133148714031 0.01953125 0.029411764705882353
0 0.5089412540584416 0.45175189393939386 0.01953125 0.029411764705882353
0 0.5035564207927489 0.44364296855105667 0.01953125 0.029411764705882353
0 0.49386372091450215 0.437155828240387 0.01953125 0.029411764705882353
0 0.5067873207521645 0.4282360103132161 0.01953125 0.029411764705882353
0 0.4987100708536256 0.41688351476954405 0.01953125 0.029411764705882353
0 0.5084027707318723 0.41445083715304293 0.01953125 0.029411764705882353
0 0.5175569872835497 0.4322904730073847 0.01953125 0.029411764705882353
0 0.5245572705289502 0.4282360103132161 0.01953125 0.029411764705882353
0 0.536403903713474 0.44607564616755785 0.01953125 0.029411764705882353
0 0.5256342371820888 0.4525627864782276 0.01953125 0.029411764705882353
0 0.5137876039975648 0.44283207601222296 0.01953125 0.029411764705882353
0 0.5466350869182901 0.44364296855105667 0.01953125 0.029411764705882353
0 0.4561698880546537 0.36985174751718863 0.01953125 0.029411764705882353
0 0.44863112148268397 0.3641754997453526 0.01953125 0.029411764705882353
0 0.43409207166531383 0.37228442513368976 0.01953125 0.029411764705882353
0 0.4330151050121754 0.36255371466768516 0.01953125 0.029411764705882353
0 0.42601482176677485 0.3584992519735166 0.01953125 0.029411764705882353
0 0.42601482176677485 0.3463358638910109 0.01953125 0.029411764705882353
0 0.4033985220508658 0.36822996243952116 0.01953125 0.029411764705882353
0 0.39478278882575757 0.37958245798319323 0.01953125 0.029411764705882353
0 0.3942443054991883 0.3674190699006874 0.01953125 0.029411764705882353
0 0.39101340553977276 0.3568774668958492 0.01953125 0.029411764705882353
0 0.3872440222537879 0.3690408549783549 0.01953125 0.029411764705882353
0 0.3818591889880952 0.37714978036669206 0.01953125 0.029411764705882353
0 0.39316733884604976 0.5555461389101094 0.01953125 0.029411764705882353
0 0.4087833553165584 0.5271649000509295 0.01953125 0.029411764705882353
0 0.39316733884604976 0.5328411478227654 0.01953125 0.029411764705882353
0 0.38347463896780304 0.5198668672014259 0.01953125 0.029411764705882353
0 0.26231589048971854 0.44283207601222296 0.01953125 0.029411764705882353
0 0.27523949032738093 0.4282360103132161 0.01953125 0.029411764705882353
0 0.26823920708198046 0.41201815953654175 0.01953125 0.029411764705882353
0 0.25854650720373373 0.41688351476954405 0.01953125 0.029411764705882353
0 0.2800858402665043 0.388502275910364 0.01953125 0.029411764705882353
0 0.2800858402665043 0.4095854819200407 0.01953125 0.029411764705882353
0 0.29300944010416663 0.4152617296918767 0.01953125 0.029411764705882353
0 0.2843937068790584 0.4282360103132161 0.01953125 0.029411764705882353
0 0.29570185673701294 0.388502275910364 0.01953125 0.029411764705882353
0 0.30054820667613635 0.38282602813852806 0.01953125 0.029411764705882353
0 0.31401028984036794 0.3844478132161955 0.01953125 0.029411764705882353
0 0.30970242322781383 0.37147353259485605 0.01953125 0.029411764705882353
0 0.3258569230248918 0.37147353259485605 0.01953125 0.029411764705882353
0 0.31939512310606055 0.37228442513368976 0.01953125 0.029411764705882353
0 0.3355496229031385 0.36822996243952116 0.01953125 0.029411764705882353
0 0.3457808061079546 0.37147353259485605 0.01953125 0.029411764705882353
0 0.35385805600649345 0.36985174751718863 0.01953125 0.029411764705882353
0 0.35008867272050864 0.35201211166284685 0.01953125 0.029411764705882353
0 0.3603198559253247 0.3398487235803411 0.01953125 0.029411764705882353
0 0.35870440594561687 0.33011801311433653 0.01953125 0.029411764705882353
0 0.3473962560876623 0.3390378310415074 0.01953125 0.029411764705882353
0 0.3328572062702922 0.33011801311433653 0.01953125 0.029411764705882353
0 0.29193247345102813 0.28389713840081476 0.01953125 0.029411764705882353
0 0.27631645698051943 0.277409998090145 0.01953125 0.029411764705882353
0 0.2660852737757034 0.277409998090145 0.01953125 0.029411764705882353
0 0.2553156072443181 0.27173375031830904 0.01953125 0.029411764705882353
0 0.29839427336985924 0.30092588171632284 0.01953125 0.029411764705882353
0 0.3113178732075216 0.2952496339444868 0.01953125 0.029411764705882353
0 0.29570185673701294 0.3130892697988285 0.01953125 0.029411764705882353
0 0.31077938988095233 0.3211981951871657 0.01953125 0.029411764705882353
0 0.2870861235119047 0.3382269385026737 0.01953125 0.029411764705882353
0 0.26985465706168826 0.3284962280366691 0.01953125 0.029411764705882353
0 0.251007740631764 0.3244417653425006 0.01953125 0.029411764705882353
0 0.2542386405911796 0.35201211166284685 0.01953125 0.029411764705882353
0 0.2720085903679653 0.35444478927934797 0.01953125 0.029411764705882353
0 0.2811628069196428 0.35120121912401314 0.01953125 0.029411764705882353
0 0.3037791066355519 0.3333615832696714 0.01953125 0.029411764705882353
0 0.31239483986066013 0.3398487235803411 0.01953125 0.029411764705882353
0 0.33716507288284625 0.34552497135217713 0.01953125 0.029411764705882353
0 0.31670270647321425 0.35444478927934797 0.01953125 0.029411764705882353
0 0.3247799563717532 0.34714675642984455 0.01953125 0.029411764705882353
0 0.29731730671672074 0.348768541507512 0.01953125 0.029411764705882353
0 0.40716790533685066 0.3909349535268652 0.01953125 0.029411764705882353
0 0.2870861235119048 0.36295916093710223 0.01953125 0.029411764705882353
0 0.29462489008387455 0.36458094601476976 0.01953125 0.029411764705882353
0 0.2633928571428572 0.3564720206264326 0.01953125 0.029411764705882353
0 0.2558540905708875 0.34025416984975826 0.01953125 0.029411764705882353
0 0.22677599093614725 0.32727988922841883 0.01953125 0.029411764705882353
0 0.23216082420183992 0.32241453399541653 0.01953125 0.029411764705882353
0 0.2203141910173161 0.3013313279857399 0.01953125 0.029411764705882353
0 0.2116984577922079 0.2834916921313982 0.01953125 0.029411764705882353
0 0.09000122598755425 0.10671711866564827 0.01953125 0.029411764705882353
0 0.08353942606872311 0.10022997835497861 0.01953125 0.029411764705882353
0 0.08677032602813868 0.10833890374331566 0.01953125 0.029411764705882353
0 0.08138549276244603 0.101851763432646 0.01953125 0.029411764705882353
0 0.07707762614989189 0.10671711866564827 0.01953125 0.029411764705882353
0 0.0716927928841993 0.10671711866564827 0.01953125 0.029411764705882353
0 0.06630795961850666 0.10671711866564827 0.01953125 0.029411764705882353
0 0.06092312635281401 0.10671711866564827 0.01953125 0.029411764705882353
0 0.05769222639339844 0.10833890374331566 0.01953125 0.029411764705882353
0 0.053384359780844284 0.10671711866564827 0.01953125 0.029411764705882353
0 0.04369165990259756 0.10671711866564827 0.01953125 0.029411764705882353
0 0.04046075994318199 0.10022997835497861 0.01953125 0.029411764705882353
0 0.03722985998376641 0.11158247389865056 0.01953125 0.029411764705882353
0 0.02969109341179669 0.10671711866564827 0.01953125 0.029411764705882353
0 0.02322929349296554 0.10671711866564827 0.01953125 0.029411764705882353
0 0.02969109341179669 0.1699667366946781 0.01953125 0.029411764705882353
0 0.02430626014610404 0.16510138146167572 0.01953125 0.029411764705882353
0 0.01892142688041143 0.16672316653934321 0.01953125 0.029411764705882353
0 0.011382660308441706 0.16023602622867342 0.01953125 0.029411764705882353
0 0.16538889170725118 0.21213314871403122 0.01953125 0.029411764705882353
0 0.14923439191017324 0.2169985039470335 0.01953125 0.029411764705882353
0 0.138464725378788 0.2153767188693661 0.01953125 0.029411764705882353
0 0.1298489921536798 0.2153767188693661 0.01953125 0.029411764705882353
0 0.11800235896915601 0.2169985039470335 0.01953125 0.029411764705882353
0 0.11046359239718628 0.2169985039470335 0.01953125 0.029411764705882353
0 0.10077089251893956 0.22348564425770326 0.01953125 0.029411764705882353
0 0.0953860592532469 0.22024207410236835 0.01953125 0.029411764705882353
0 0.08677032602813868 0.22024207410236835 0.01953125 0.029411764705882353
0 0.07707762614989189 0.22348564425770326 0.01953125 0.029411764705882353
0 0.0716927928841993 0.2380817099567101 0.01953125 0.029411764705882353
0 0.06092312635281401 0.22510742933537078 0.01953125 0.029411764705882353
0 0.05553829308712136 0.22510742933537078 0.01953125 0.029411764705882353
0 0.051230426474567284 0.23645992487904272 0.01953125 0.029411764705882353
0 0.04692255986201314 0.24619063534504737 0.01953125 0.029411764705882353
0 0.03076806006493519 0.24456885026737984 0.01953125 0.029411764705882353
0 0.02861412675865819 0.2397034950343776 0.01953125 0.029411764705882353
0 0.022152326839827003 0.24294706518971237 0.01953125 0.029411764705882353
0 0.005997827042749093 0.2380817099567101 0.01953125 0.029411764705882353
0 0.050153459821428714 0.2607867010440542 0.01953125 0.029411764705882353
0 0.04153772659632049 0.2802481219760633 0.01953125 0.029411764705882353
0 0.036152893330627836 0.2607867010440542 0.01953125 0.029411764705882353
0 0.08246245941558453 0.2672738413547239 0.01953125 0.029411764705882353
0 0.11584842566287892 0.2656520562770565 0.01953125 0.029411764705882353
0 0.12661809219426423 0.2672738413547239 0.01953125 0.029411764705882353
0 0.036152893330627836 0.2916006175197354 0.01953125 0.029411764705882353
0 0.0716927928841993 0.2964659727527376 0.01953125 0.029411764705882353
0 0.06630795961850666 0.27376098166539353 0.01953125 0.029411764705882353
0 0.052307393127705784 0.2802481219760633 0.01953125 0.029411764705882353
0 0.08569335937500011 0.31106203845174446 0.01953125 0.029411764705882353
0 0.10507875913149363 0.3013313279857399 0.01953125 0.029411764705882353
0 0.11800235896915601 0.31917096384008165 0.01953125 0.029411764705882353
0 0.09753999255952397 0.32241453399541653 0.01953125 0.029411764705882353
0 0.09107819264069275 0.29484418767507015 0.01953125 0.029411764705882353
0 0.1083096590909092 0.2688956264323913 0.01953125 0.029411764705882353
0 0.1406186586850651 0.27700455182072853 0.01953125 0.029411764705882353
0 0.12338719223484865 0.2834916921313982 0.01953125 0.029411764705882353
0 0.12661809219426423 0.2964659727527376 0.01953125 0.029411764705882353
0 0.13738775872564946 0.2997095429080724 0.01953125 0.029411764705882353
0 0.16323495840097413 0.2883570473644005 0.01953125 0.029411764705882353
0 0.1729276582792209 0.28511347720906555 0.01953125 0.029411764705882353
0 0.19123609138257586 0.28511347720906555 0.01953125 0.029411764705882353
0 0.20308272456709967 0.27862633689839594 0.01953125 0.029411764705882353
0 0.23862262412067106 0.2688956264323913 0.01953125 0.029411764705882353
0 0.15892709178842004 0.31106203845174446 0.01953125 0.029411764705882353
0 0.14384955864448068 0.3256581041507513 0.01953125 0.029411764705882353
0 0.12554112554112565 0.3289016743060863 0.01953125 0.029411764705882353
0 0.1416956253382036 0.36295916093710223 0.01953125 0.029411764705882353
0 0.13200292545995687 0.3564720206264326 0.01953125 0.029411764705882353
0 0.12446415888798715 0.3483630952380954 0.01953125 0.029411764705882353
0 0.11046359239718628 0.3467413101604279 0.01953125 0.029411764705882353
0 0.17185069162608235 0.3305234593837537 0.01953125 0.029411764705882353
0 0.16323495840097413 0.33376702953908854 0.01953125 0.029411764705882353
0 0.18660553041282496 0.31416452926647825 0.01953125 0.029411764705882353
0 0.2117883493306898 0.31993532357604515 0.01953125 0.029411764705882353
0 0.2172628751823995 0.3446672991884751 0.01953125 0.029411764705882353
0 0.20302910796795418 0.3413697024401511 0.01953125 0.029411764705882353
0 0.19372241402004767 0.364452879678419 0.01953125 0.029411764705882353
0 0.22711702171547704 0.361979682117176 0.01953125 0.029411764705882353
0 0.2314966423968448 0.3504380934980421 0.01953125 0.029411764705882353
0 0.08016029976714517 0.4239443191117675 0.01953125 0.029411764705882353
0 0.10798063389407521 0.39768231449958563 0.01953125 0.029411764705882353
0 0.0419592439510621 0.41206388845387576 0.01953125 0.029411764705882353
0 0.06147500072666976 0.40393517274058127 0.01953125 0.029411764705882353
0 0.13538573915343916 0.4151903175743735 0.01953125 0.029411764705882353
0 0.16943450629386098 0.4020593152682827 0.01953125 0.029411764705882353
0 0.1611299289425386 0.3807995972488973 0.01953125 0.029411764705882353
0 0.17566293930735283 0.37016973823920457 0.01953125 0.029411764705882353
0 0.17400202383708835 0.31514458571844245 0.01953125 0.029411764705882353
0 0.1283268484048151 0.3082664416533472 0.01953125 0.029411764705882353
0 0.1490882917831211 0.37016973823920457 0.01953125 0.029411764705882353
0 0.19144163627486535 0.33140201714503126 0.01953125 0.029411764705882353
0 0.18479797439380743 0.3307767313209317 0.01953125 0.029411764705882353
0 0.18479797439380743 0.34828473439571966 0.01953125 0.029411764705882353
0 0.22465994568015502 0.31326872824614377 0.01953125 0.029411764705882353
0 0.21386399512343585 0.33327787461733 0.01953125 0.029411764705882353
0 0.24500616019089488 0.3539123068126158 0.01953125 0.029411764705882353
0 0.23545589623687413 0.36391687999820893 0.01953125 0.029411764705882353
0 0.20929647758020856 0.36141573670181054 0.01953125 0.029411764705882353
0 0.20348327343428285 0.3801743114247977 0.01953125 0.029411764705882353
0 0.19434823834782824 0.3876777413139925 0.01953125 0.029411764705882353
0 0.18230660118841074 0.39455588537908787 0.01953125 0.029411764705882353
0 0.1856284321289397 0.4151903175743735 0.01953125 0.029411764705882353
0 0.2001614424937539 0.40643631603697955 0.01953125 0.029411764705882353
0 0.19850052702348941 0.40080874362008345 0.01953125 0.029411764705882353
0 0.20722033324237793 0.3964317428513865 0.01953125 0.029411764705882353
0 0.21469445285856814 0.3876777413139925 0.01953125 0.029411764705882353
0 0.22009242813692764 0.36766859494280635 0.01953125 0.029411764705882353
0 0.2329645230314774 0.3714203098874037 0.01953125 0.029411764705882353
0 0.24251478698549814 0.37016973823920457 0.01953125 0.029411764705882353
0 0.24832799113142384 0.36766859494280635 0.01953125 0.029411764705882353
0 0.2516498220719528 0.37329616735970245 0.01953125 0.029411764705882353
0 0.25704779735031236 0.3645421658223084 0.01953125 0.029411764705882353
0 0.3085361769285113 0.35078587769211794 0.01953125 0.029411764705882353
0 0.3322042223797802 0.3526617351644167 0.01953125 0.029411764705882353
0 0.3446610884067637 0.36141573670181054 0.01953125 0.029411764705882353
0 0.35711795443374733 0.3539123068126158 0.01953125 0.029411764705882353
0 0.37206619366612764 0.3501605918680184 0.01953125 0.029411764705882353
0 0.3787098555471856 0.35141116351621743 0.01953125 0.029411764705882353
0 0.3737271091363921 0.324523873079936 0.01953125 0.029411764705882353
0 0.38327737309041293 0.3395307328583257 0.01953125 0.029411764705882353
0 0.3616854719769747 0.3757973106561007 0.01953125 0.029411764705882353
0 0.3371869687905736 0.38892831296219166 0.01953125 0.029411764705882353
0 0.33137376464464785 0.3920547420826895 0.01953125 0.029411764705882353
0 0.34092402859866866 0.37892373977659854 0.01953125 0.029411764705882353
0 0.3010620573123211 0.3670433091187067 0.01953125 0.029411764705882353
0 0.29026610675560194 0.3764225964802003 0.01953125 0.029411764705882353
0 0.27448740978808944 0.3657927374705076 0.01953125 0.029411764705882353
0 0.2682589767745976 0.3776731681283994 0.01953125 0.029411764705882353
0 0.2616153148935397 0.37016973823920457 0.01953125 0.029411764705882353
0 0.2412691003827998 0.3858018838416938 0.01953125 0.029411764705882353
0 0.2508193643368205 0.3876777413139925 0.01953125 0.029411764705882353
0 0.2582934839530107 0.38892831296219166 0.01953125 0.029411764705882353
0 0.2690894345097299 0.39080417043449034 0.01953125 0.029411764705882353
0 0.28943564902046975 0.39893288614778477 0.01953125 0.029411764705882353
0 0.37289665140125994 0.3933053137308886 0.01953125 0.029411764705882353
0 0.36210070084454077 0.41206388845387576 0.01953125 0.029411764705882353
0 0.24376047358819655 0.47959475745662916 0.01953125 0.029411764705882353
0 0.23171883642877905 0.48834875899402314 0.01953125 0.029411764705882353
0 0.21510968172613426 0.4658384693264387 0.01953125 0.029411764705882353
0 0.1918568651424315 0.45770975361314425 0.01953125 0.029411764705882353
0 0.19974621362618783 0.46021089690954253 0.01953125 0.029411764705882353
0 0.1715106506316916 0.4477051804275512 0.01953125 0.029411764705882353
0 0.1503339783858195 0.46021089690954253 0.01953125 0.029411764705882353
0 0.16196038667767085 0.4351994639455598 0.01953125 0.029411764705882353
0 0.1532405804587823 0.4239443191117675 0.01953125 0.029411764705882353
0 0.15116443612095173 0.4108133168056766 0.01953125 0.029411764705882353
0 0.14991874951825335 0.3995581719718844 0.01953125 0.029411764705882353
0 0.12583547519941837 0.4051857443887804 0.01953125 0.029411764705882353
0 0.17898477024788179 0.39768231449958563 0.01953125 0.029411764705882353
0 0.23088837869364678 0.3964317428513865 0.01953125 0.029411764705882353
0 0.22133811473962606 0.3801743114247977 0.01953125 0.029411764705882353
0 0.23213406529634512 0.4239443191117675 0.01953125 0.029411764705882353
0 0.21635536832883262 0.42894660570456405 0.01953125 0.029411764705882353
0 0.21137262191803913 0.4170661750466723 0.01953125 0.029411764705882353
0 0.19933098475862168 0.43457417812146026 0.01953125 0.029411764705882353
0 0.21344876625586978 0.4445787513070533 0.01953125 0.029411764705882353
0 0.22382948794502272 0.45770975361314425 0.01953125 0.029411764705882353
0 0.22465994568015502 0.46458789767823955 0.01953125 0.029411764705882353
0 0.22175334360719212 0.43832589306605757 0.01953125 0.029411764705882353
0 0.22465994568015502 0.42894660570456405 0.01953125 0.029411764705882353
0 0.2375320405747047 0.4414523221865554 0.01953125 0.029411764705882353
0 0.2416843292503659 0.4226937474635684 0.01953125 0.029411764705882353
0 0.2512345932043867 0.4264454624081658 0.01953125 0.029411764705882353
0 0.24666707566115936 0.44582932295525246 0.01953125 0.029411764705882353
0 0.2516498220719528 0.45896032526134334 0.01953125 0.029411764705882353
0 0.25621733961518006 0.43457417812146026 0.01953125 0.029411764705882353
0 0.2773940118610523 0.4176914608707718 0.01953125 0.029411764705882353
0 0.25870871282057684 0.3776731681283994 0.01953125 0.029411764705882353
0 0.13372482368317468 0.38892831296219166 0.01953125 0.029411764705882353
0 0.1196070421859266 0.3582893075813128 0.01953125 0.029411764705882353
0 0.3259757893662883 0.3182710148389403 0.01953125 0.029411764705882353
0 0.3272214759689867 0.33265258879323045 0.01953125 0.029411764705882353
0 0.32016258522036267 0.33390316044142954 0.01953125 0.029411764705882353
0 0.2794701561988829 0.3088917274774468 0.01953125 0.029411764705882353
0 0.19850052702348941 0.37267088153560285 0.01953125 0.029411764705882353
0 0.22892992424242434 0.2834916921313982 0.01953125 0.029411764705882353
0 0.7550017296227979 0.2731763229136393 0.01953125 0.029411764705882353
0 0.776427771160644 0.27494913048755293 0.01953125 0.029411764705882353
0 0.7863167134088808 0.2763673765466838 0.01953125 0.029411764705882353
0 0.8562456621642689 0.2784947456353801 0.01953125 0.029411764705882353
0 0.8489466809810465 0.27814018412059743 0.01953125 0.029411764705882353
0 0.8082136569585479 0.3767082852301925 0.01953125 0.029411764705882353
0 0.8016210287930565 0.3430249413258345 0.01953125 0.029411764705882353
0 0.7865521644147911 0.39975478369106915 0.01953125 0.029411764705882353
0 0.7792531832315689 0.36784424736062465 0.01953125 0.029411764705882353
0 0.7693642409833321 0.38592688461454316 0.01953125 0.029411764705882353
0 0.7728960060719882 0.3759991622006271 0.01953125 0.029411764705882353
0 0.7594752987350954 0.4164191748858568 0.01953125 0.029411764705882353
0 0.7754859671370025 0.41322812125281233 0.01953125 0.029411764705882353
0 0.7827849483202247 0.4387565503171679 0.01953125 0.029411764705882353
0 0.7717187510424361 0.4501025187902149 0.01953125 0.029411764705882353
0 0.7545308276109771 0.4476205881867359 0.01953125 0.029411764705882353
0 0.7693642409833321 0.43237444305107897 0.01953125 0.029411764705882353
0 0.7491154544750379 0.42031935154846667 0.01953125 0.029411764705882353
0 0.7535890235873355 0.40010934520585184 0.01953125 0.029411764705882353
0 0.7839622033497768 0.4245740897258593 0.01953125 0.029411764705882353
0 0.7900839295034472 0.4313107585067309 0.01953125 0.029411764705882353
0 0.7952638516334758 0.44372041152412595 0.01953125 0.029411764705882353
0 0.7914966355389096 0.46038480271891363 0.01953125 0.029411764705882353
0 0.8058591468994437 0.4518753263641284 0.01953125 0.029411764705882353
0 0.8140999321063076 0.45861199514500006 0.01953125 0.029411764705882353
0 0.8126872260708453 0.44372041152412595 0.01953125 0.029411764705882353
0 0.8277560904491108 0.44265672697977787 0.01953125 0.029411764705882353
0 0.8319942085554979 0.4313107585067309 0.01953125 0.029411764705882353
0 0.844473111868749 0.44372041152412595 0.01953125 0.029411764705882353
0 0.8437667588510178 0.3884088152180222 0.01953125 0.029411764705882353
0 0.8520075440578818 0.3724535470528 0.01953125 0.029411764705882353
0 0.8282269924609316 0.3930181149101975 0.01953125 0.029411764705882353
0 0.8317587575495875 0.37848109280410613 0.01953125 0.029411764705882353
0 0.8164544421654117 0.39904566066150365 0.01953125 0.029411764705882353
0 0.7980892637044007 0.40259127580933085 0.01953125 0.029411764705882353
0 0.8058591468994437 0.4171282979154223 0.01953125 0.029411764705882353
0 0.7983247147103111 0.38167214643715064 0.01953125 0.029411764705882353
0 0.7712478490306154 0.32600598861626406 0.01953125 0.029411764705882353
0 0.824245784663405 0.37919772076506136 0.01953125 0.029411764705882353
0 0.8602477512814285 0.42460255395861557 0.01953125 0.029411764705882353
0 0.8953496687340015 0.43341244696632003 0.01953125 0.029411764705882353
0 0.9268513895247719 0.43273476288880436 0.01953125 0.029411764705882353
0 0.9462024465819594 0.402916663478112 0.01953125 0.029411764705882353
0 0.9781541919554552 0.4076604520207222 0.01953125 0.029411764705882353
0 0.9493526186610365 0.2843219499128584 0.01953125 0.029411764705882353
0 0.8606977758641539 0.46119749414446526 0.01953125 0.029411764705882353
0 0.8291960550733833 0.4212141335710369 0.01953125 0.029411764705882353
0 0.8170453913398005 0.41375960871836376 0.01953125 0.029411764705882353
0 0.7139897618957085 0.43137939473377285 0.01953125 0.029411764705882353
0 0.6752876477813332 0.43951160366396175 0.01953125 0.029411764705882353
0 0.6793378690258609 0.4537429692917922 0.01953125 0.029411764705882353
0 0.7072393931548291 0.3615779347496522 0.01953125 0.029411764705882353
0 0.7013890735794003 0.4930486457877048 0.01953125 0.029411764705882353
0 0.6104841078688912 0.349379621354369 0.01953125 0.029411764705882353
0 0.6392856811633099 0.3636109869821994 0.01953125 0.029411764705882353
0 0.6478361482350904 0.3730985640674197 0.01953125 0.029411764705882353
0 0.6572866644723216 0.3805530889200927 0.01953125 0.029411764705882353
0 0.7997222504058441 0.28511347720906555 0.01953125 0.029411764705882353
0 0.8115688835903678 0.27700455182072853 0.01953125 0.029411764705882353
0 0.8212615834686147 0.27700455182072853 0.01953125 0.029411764705882353
0 0.8352621499594155 0.27213919658772623 0.01953125 0.029411764705882353
0 0.7619945085126194 0.5766899268650877 0.01953125 0.029411764705882353
0 0.7544403587515631 0.5629807971629718 0.01953125 0.029411764705882353
0 0.751922308831211 0.5297288655450734 0.01953125 0.029411764705882353
0 0.7658684314670072 0.5413962099724061 0.01953125 0.029411764705882353
0 0.77768389647789 0.5530635543997389 0.01953125 0.029411764705882353
0 0.7792334656596452 0.5416878935830894 0.01953125 0.029411764705882353
0 0.800927434204217 0.5483966166288058 0.01953125 0.029411764705882353
0 0.8032517879768497 0.5381876902548897 0.01953125 0.029411764705882353
0 0.8115807223287836 0.5338124360946398 0.01953125 0.029411764705882353
0 0.7991841688747425 0.52943718193439 0.01953125 0.029411764705882353
0 0.8102248492947478 0.5192282555604738 0.01953125 0.029411764705882353
0 0.8090626724084315 0.5008521880874248 0.01953125 0.029411764705882353
0 0.7976345996929874 0.4944351486523918 0.01953125 0.029411764705882353
0 0.7999589534656201 0.4886014764387254 0.01953125 0.029411764705882353
0 0.786012830829824 0.49647693392717507 0.01953125 0.029411764705882353
0 0.7767154157392931 0.48772642560667545 0.01953125 0.029411764705882353
0 0.767224304501043 0.4781008664541259 0.01953125 0.029411764705882353
0 0.7606386354785837 0.47168382701909295 0.01953125 0.029411764705882353
0 0.7517286126834917 0.4620582678665434 0.01953125 0.029411764705882353
0 0.8838293854281165 0.6178173159714356 0.01953125 0.029411764705882353
0 0.8803428547691674 0.5836903335214874 0.01953125 0.029411764705882353
0 0.8911898390414534 0.5796067629719209 0.01953125 0.029411764705882353
0 0.8654282513947744 0.5842737007428539 0.01953125 0.029411764705882353
0 0.8514821287589782 0.4947268322630751 0.01953125 0.029411764705882353
0 0.8359864369414268 0.4929767305989752 0.01953125 0.029411764705882353
0 0.8321125139870391 0.5093110127972411 0.01953125 0.029411764705882353
0 0.8294007679189677 0.49910208642332493 0.01953125 0.029411764705882353
0 0.8206844412715949 0.5061024930797247 0.01953125 0.029411764705882353
0 0.8268827179986156 0.5271037130489236 0.01953125 0.029411764705882353
0 0.8282385910326513 0.583398649910804 0.01953125 0.029411764705882353
0 0.797440903545268 0.5822319154680707 0.01953125 0.029411764705882353
0 0.7825263001708749 0.5877739040710538 0.01953125 0.029411764705882353
0 0.8204907451238755 0.47460066312592614 0.01953125 0.029411764705882353
0 0.9124964152905864 0.4903515781028253 0.01953125 0.029411764705882353
0 0.7982156881361455 0.47664244840070935 0.01953125 0.029411764705882353
0 0.7865939192729822 0.5151446850109074 0.01953125 0.029411764705882353
0 0.7685801775350787 0.523895193331407 0.01953125 0.029411764705882353
0 0.7792334656596452 0.5265203458275569 0.01953125 0.029411764705882353
0 0.7679990890919206 0.5084359619651911 0.01953125 0.029411764705882353
0 0.7561836240810377 0.4956018830951251 0.01953125 0.029411764705882353
0 0.7410847615925739 0.2893870835047305 0.01953125 0.029411764705882353
0 0.7340917545995669 0.2939002174296291 0.01953125 0.029411764705882353
0 0.7410847615925739 0.3044308632543926 0.01953125 0.029411764705882353
0 0.7470787675865799 0.29991772932949395 0.01953125 0.029411764705882353
0 0.7470787675865799 0.2908914614796967 0.01953125 0.029411764705882353
0 0.756069776577589 0.2969089733795615 0.01953125 0.029411764705882353
0 0.756069776577589 0.2908914614796967 0.01953125 0.029411764705882353
0 0.7660597865675989 0.28487394957983175 0.01953125 0.029411764705882353
0 0.762063782571595 0.2969089733795615 0.01953125 0.029411764705882353
0 0.7710547915626039 0.29841335135452773 0.01953125 0.029411764705882353
0 0.7760497965576089 0.2908914614796967 0.01953125 0.029411764705882353
0 0.7800458005536128 0.29841335135452773 0.01953125 0.029411764705882353
0 0.7840418045496169 0.31044837515425744 0.01953125 0.029411764705882353
0 0.785040805548618 0.3194746430040546 0.01953125 0.029411764705882353
0 0.7960298165376289 0.32248339895398703 0.01953125 0.029411764705882353
0 0.7970288175366298 0.307439619204325 0.01953125 0.029411764705882353
0 0.9239019444097567 0.22319445260621731 0.01953125 0.029411764705882353
0 0.9069189274267397 0.22319445260621731 0.01953125 0.029411764705882353
0 0.9438819643897768 0.24726450020567653 0.01953125 0.029411764705882353
0 0.9418839623917747 0.2442557442557441 0.01953125 0.029411764705882353
0 0.9249009454087578 0.26682141388023733 0.01953125 0.029411764705882353
