0 0.11726332336088423 0.9121362616341094 0.02079002079002079 0.030165912518853696
0 0.048904720855940324 0.8991281315528086 0.02079002079002079 0.030165912518853696
0 0.043301556716190834 0.8048191884633777 0.02079002079002079 0.030165912518853696
0 0.03881902540439123 0.7365265055365485 0.02079002079002079 0.030165912518853696
0 0.074679275898788 0.697502115292646 0.02079002079002079 0.030165912518853696
0 0.045542822372090605 0.640591546186955 0.02079002079002079 0.030165912518853696
0 0.07804117438263773 0.6064452047235405 0.02079002079002079 0.030165912518853696
0 0.056749150651589586 0.5657947982194754 0.02079002079002079 0.030165912518853696
0 0.12174585467268388 0.7901850421219144 0.02079002079002079 0.030165912518853696
0 0.14976167537143134 0.7170143104145973 0.02079002079002079 0.030165912518853696
0 0.17665686324222898 0.7609167494389876 0.02079002079002079 0.030165912518853696
0 0.1889838243496779 0.6438435787072802 0.02079002079002079 0.030165912518853696
0 0.15088230819938128 0.5950630909024022 0.02079002079002079 0.030165912518853696
0 0.09709193245778604 0.5739248795202884 0.02079002079002079 0.030165912518853696
0 0.15312357385528105 0.5479086193576868 0.02079002079002079 0.030165912518853696
0 0.074679275898788 0.505632196593459 0.02079002079002079 0.030165912518853696
0 0.09933319811368586 0.534900489276386 0.02079002079002079 0.030165912518853696
0 0.13743471426398254 0.4975021152926461 0.02079002079002079 0.030165912518853696
0 0.19906951980122706 0.4975021152926461 0.02079002079002079 0.030165912518853696
0 0.1945869884894274 0.5641687819593127 0.02079002079002079 0.030165912518853696
0 0.23156787181177418 0.559290733178825 0.02079002079002079 0.030165912518853696
0 0.22596470767202467 0.5300224404958981 0.02079002079002079 0.030165912518853696
0 0.2494979970589726 0.6357134974064672 0.02079002079002079 0.030165912518853696
0 0.25510116119872206 0.7316484567560607 0.02079002079002079 0.030165912518853696
0 0.2618249581664215 0.840591546186955 0.02079002079002079 0.030165912518853696
0 0.3111328025962171 0.7202663429349225 0.02079002079002079 0.030165912518853696
0 0.36492317833781235 0.9251443917154102 0.02079002079002079 0.030165912518853696
0 0.41871355407940763 0.7609167494389876 0.02079002079002079 0.030165912518853696
0 0.34026925612291453 0.6584777250487437 0.02079002079002079 0.030165912518853696
0 0.28087571624156976 0.6031931722032152 0.02079002079002079 0.030165912518853696
0 0.3010471071446681 0.5511606518780119 0.02079002079002079 0.030165912518853696
0 0.2752725521018203 0.5527866681381746 0.02079002079002079 0.030165912518853696
0 0.36604381116576235 0.5853069933414266 0.02079002079002079 0.030165912518853696
0 0.4545738045738045 0.5918110583820769 0.02079002079002079 0.030165912518853696
0 0.44785000760610505 0.6633557738292314 0.02079002079002079 0.030165912518853696
0 0.48483089092845183 0.697502115292646 0.02079002079002079 0.030165912518853696
0 0.5419831651538968 0.8584777250487436 0.02079002079002079 0.030165912518853696
0 0.039280462451194154 0.4893720339918331 0.02079002079002079 0.030165912518853696
0 0.039280462451194154 0.5446565868373616 0.02079002079002079 0.030165912518853696
0 0.043202677349018816 0.44709561122760544 0.02079002079002079 0.030165912518853696
0 0.036478880381319405 0.41051024537394687 0.02079002079002079 0.030165912518853696
0 0.054409005628517824 0.3853069933414266 0.02079002079002079 0.030165912518853696
0 0.03703919679529435 0.36498179008939413 0.02079002079002079 0.030165912518853696
0 0.07514071294559097 0.36335577382923145 0.02079002079002079 0.030165912518853696
0 0.08242482632726537 0.3828679689511827 0.02079002079002079 0.030165912518853696
0 0.08802799046701486 0.41051024537394687 0.02079002079002079 0.030165912518853696
0 0.0762613457735409 0.4706728469999632 0.02079002079002079 0.030165912518853696
0 0.12668982303128645 0.47148585513004454 0.02079002079002079 0.030165912518853696
0 0.1625500735256833 0.4763639039105324 0.02079002079002079 0.030165912518853696
0 0.1289310886871862 0.42026634293492254 0.02079002079002079 0.030165912518853696
0 0.1804801987728817 0.4527866681381745 0.02079002079002079 0.030165912518853696
0 0.22586582830485272 0.451160651878012 0.02079002079002079 0.030165912518853696
0 0.18104051518685668 0.4218923591950852 0.02079002079002079 0.030165912518853696
0 0.24827848486385073 0.483680977081264 0.02079002079002079 0.030165912518853696
0 0.2701308250088738 0.4975021152926462 0.02079002079002079 0.030165912518853696
0 0.29814664570762134 0.49262406651215834 0.02079002079002079 0.030165912518853696
0 0.26060544597129964 0.5560387006584998 0.02079002079002079 0.030165912518853696
0 0.3418513259976675 0.4869330096015893 0.02079002079002079 0.030165912518853696
0 0.3597814512448659 0.48774601773167053 0.02079002079002079 0.030165912518853696
0 0.3838750570457887 0.5007541478129713 0.02079002079002079 0.030165912518853696
0 0.4124511941585112 0.49668910716256487 0.02079002079002079 0.030165912518853696
0 0.4427082805131585 0.5495346356178494 0.02079002079002079 0.030165912518853696
0 0.4242178388519852 0.45847772504874373 0.02079002079002079 0.030165912518853696
0 0.460638405760357 0.49099805025199567 0.02079002079002079 0.030165912518853696
0 0.48865422645910456 0.5015671559430526 0.02079002079002079 0.030165912518853696
0 0.4802494802494803 0.4633557738292314 0.02079002079002079 0.030165912518853696
0 0.4499923938948329 0.42595739984549164 0.02079002079002079 0.030165912518853696
0 0.48361137873333 0.42514439171541035 0.02079002079002079 0.030165912518853696
0 0.49817960549667867 0.43652650553654854 0.02079002079002079 0.030165912518853696
0 0.46904315196998125 0.39994113968288997 0.02079002079002079 0.030165912518853696
0 0.40964961208863654 0.41457528602435345 0.02079002079002079 0.030165912518853696
0 0.4214162567821104 0.38205496082110146 0.02079002079002079 0.030165912518853696
0 0.43486385071750927 0.38205496082110146 0.02079002079002079 0.030165912518853696
0 0.404046447948887 0.36498179008939413 0.02079002079002079 0.030165912518853696
0 0.4174940418842858 0.34465658683736156 0.02079002079002079 0.030165912518853696
0 0.38779727194361346 0.39099805025199574 0.02079002079002079 0.030165912518853696
0 0.36482429897064045 0.41457528602435345 0.02079002079002079 0.030165912518853696
0 0.33008468130419344 0.42595739984549164 0.02079002079002079 0.030165912518853696
0 0.3076720247451955 0.45603870065849983 0.02079002079002079 0.030165912518853696
0 0.2751736727346484 0.451160651878012 0.02079002079002079 0.030165912518853696
0 0.27293240707874855 0.42514439171541035 0.02079002079002079 0.030165912518853696
0 0.2841387353582476 0.4088842291137844 0.02079002079002079 0.030165912518853696
0 0.29198316515389683 0.3812419526910201 0.02079002079002079 0.030165912518853696
0 0.313275188884945 0.35441268439833723 0.02079002079002079 0.030165912518853696
0 0.3295243648902185 0.3828679689511827 0.02079002079002079 0.030165912518853696
0 0.3424116424116424 0.39425008277232093 0.02079002079002079 0.030165912518853696
0 0.3155164545408448 0.40400618033329655 0.02079002079002079 0.030165912518853696
0 0.36538461538461536 0.3617297575690689 0.02079002079002079 0.030165912518853696
0 0.35025607220729177 0.33733951366662984 0.02079002079002079 0.030165912518853696
0 0.4006845494650373 0.31620130228451604 0.02079002079002079 0.030165912518853696
0 0.44102733127123367 0.32107935106500385 0.02079002079002079 0.030165912518853696
0 0.4735256832817808 0.33977853805687375 0.02079002079002079 0.030165912518853696
0 0.4544749252066326 0.36498179008939413 0.02079002079002079 0.030165912518853696
0 0.4875335936311546 0.32107935106500385 0.02079002079002079 0.030165912518853696
0 0.44158764768520875 0.28286796895118277 0.02079002079002079 0.030165912518853696
0 0.3956417017392627 0.2869330096015892 0.02079002079002079 0.030165912518853696
0 0.36930683028244 0.2942500827723209 0.02079002079002079 0.030165912518853696
0 0.31271487247097 0.30807122098370304 0.02079002079002079 0.030165912518853696
0 0.290302215911972 0.32107935106500385 0.02079002079002079 0.030165912518853696
0 0.2925434815678718 0.34546959496744284 0.02079002079002079 0.030165912518853696
0 0.28301810253029763 0.3601037413089063 0.02079002079002079 0.030165912518853696
0 0.26172607879924953 0.3812419526910201 0.02079002079002079 0.030165912518853696
0 0.24883880127782565 0.40563219659345917 0.02079002079002079 0.030165912518853696
0 0.21746108209522844 0.41051024537394687 0.02079002079002079 0.030165912518853696
0 0.19672937477815527 0.3958760990324836 0.02079002079002079 0.030165912518853696
0 0.20681507022970436 0.37636390391053226 0.02079002079002079 0.030165912518853696
0 0.16423102276760815 0.3983151234227274 0.02079002079002079 0.030165912518853696
0 0.23483089092845194 0.3666078063495567 0.02079002079002079 0.030165912518853696
0 0.24827848486385073 0.3487216274877681 0.02079002079002079 0.030165912518853696
0 0.25276101617565033 0.3381525217967112 0.02079002079002079 0.030165912518853696
0 0.25332133258962525 0.32107935106500385 0.02079002079002079 0.030165912518853696
0 0.1194057096496121 0.38693300960158916 0.02079002079002079 0.030165912518853696
0 0.14293899903656002 0.4031931722032152 0.02079002079002079 0.030165912518853696
0 0.13789615131078542 0.3739248795202884 0.02079002079002079 0.030165912518853696
0 0.15414532731605904 0.3666078063495567 0.02079002079002079 0.030165912518853696
0 0.1272501394452614 0.35441268439833723 0.02079002079002079 0.030165912518853696
0 0.18384209725673142 0.3560387006584998 0.02079002079002079 0.030165912518853696
0 0.20625475381572944 0.34465658683736156 0.02079002079002079 0.030165912518853696
0 0.23090867603062723 0.3227053673251664 0.02079002079002079 0.030165912518853696
0 0.18384209725673142 0.3251443917154104 0.02079002079002079 0.030165912518853696
0 0.19841032402008013 0.3227053673251664 0.02079002079002079 0.030165912518853696
0 0.16647228842350792 0.33246146488614203 0.02079002079002079 0.030165912518853696
0 0.14069773338066024 0.33408748114630465 0.02079002079002079 0.030165912518853696
0 0.13061203792911105 0.3088842291137844 0.02079002079002079 0.030165912518853696
0 0.11884539323563713 0.31213626163410957 0.02079002079002079 0.030165912518853696
0 0.07233913087571621 0.343030570577199 0.02079002079002079 0.030165912518853696
0 0.08690735763906497 0.343030570577199 0.02079002079002079 0.030165912518853696
0 0.09979463516048882 0.3357134974064673 0.02079002079002079 0.030165912518853696
0 0.08130419349931542 0.31213626163410957 0.02079002079002079 0.030165912518853696
0 0.0588915369403174 0.3194533348048412 0.02079002079002079 0.030165912518853696
0 0.06953754880584147 0.30075414781297133 0.02079002079002079 0.030165912518853696
0 0.09923431874651384 0.2991281315528087 0.02079002079002079 0.030165912518853696
0 0.08634704122509 0.27473788765036966 0.02079002079002079 0.030165912518853696
0 0.06393438466609198 0.2812419526910201 0.02079002079002079 0.030165912518853696
0 0.04600425941889356 0.2901850421219144 0.02079002079002079 0.030165912518853696
0 0.03479793113939455 0.28205496082110143 0.02079002079002079 0.030165912518853696
0 0.03479793113939455 0.2666078063495567 0.02079002079002079 0.030165912518853696
0 0.03815982962324423 0.24628260309752414 0.02079002079002079 0.030165912518853696
0 0.04712489224684344 0.2706728469999632 0.02079002079002079 0.030165912518853696
0 0.061132802596217235 0.2601037413089063 0.02079002079002079 0.030165912518853696
0 0.07233913087571621 0.2568517087885811 0.02079002079002079 0.030165912518853696
0 0.08130419349931542 0.24384357870728032 0.02079002079002079 0.030165912518853696
0 0.08522640839714012 0.23246146488614208 0.02079002079002079 0.030165912518853696
0 0.08858830688098977 0.2202663429349225 0.02079002079002079 0.030165912518853696
0 0.09923431874651384 0.2308354486259794 0.02079002079002079 0.030165912518853696
0 0.10763906495613813 0.23815252179671115 0.02079002079002079 0.030165912518853696
0 0.11884539323563713 0.25929073317882495 0.02079002079002079 0.030165912518853696
0 0.10707874854216316 0.2633557738292314 0.02079002079002079 0.030165912518853696
0 0.11324222909588763 0.28286796895118277 0.02079002079002079 0.030165912518853696
0 0.12556919020333657 0.25359967626825586 0.02079002079002079 0.030165912518853696
0 0.11324222909588763 0.24628260309752414 0.02079002079002079 0.030165912518853696
0 0.13229298717103596 0.23815252179671115 0.02079002079002079 0.030165912518853696
0 0.14461994827848487 0.23164845675606074 0.02079002079002079 0.030165912518853696
0 0.13677551848283553 0.21945333480484128 0.02079002079002079 0.030165912518853696
0 0.14125804979463516 0.20888422911378438 0.02079002079002079 0.030165912518853696
0 0.13565488565488565 0.2048191884633778 0.02079002079002079 0.030165912518853696
0 0.14966279600425944 0.20888422911378438 0.02079002079002079 0.030165912518853696
0 0.15526596014400892 0.2048191884633778 0.02079002079002079 0.030165912518853696
0 0.15470564373003395 0.22839642423573558 0.02079002079002079 0.030165912518853696
0 0.15694690938593378 0.2178273185446786 0.02079002079002079 0.030165912518853696
0 0.12332792454743673 0.19994113968289004 0.02079002079002079 0.030165912518853696
0 0.11884539323563713 0.21051024537394694 0.02079002079002079 0.030165912518853696
0 0.12612950661731148 0.216201302284516 0.02079002079002079 0.030165912518853696
0 0.09419147102073933 0.21213626163410954 0.02079002079002079 0.030165912518853696
0 0.09082957253688961 0.2048191884633778 0.02079002079002079 0.030165912518853696
0 0.10315653364433854 0.1983151234227274 0.02079002079002079 0.030165912518853696
0 0.109320014198063 0.1983151234227274 0.02079002079002079 0.030165912518853696
0 0.10315653364433854 0.216201302284516 0.02079002079002079 0.030165912518853696
0 0.11492317833781249 0.2031931722032152 0.02079002079002079 0.030165912518853696
0 0.039280462451194154 0.2267704079755729 0.02079002079002079 0.030165912518853696
0 0.05608995487044265 0.22758341610565425 0.02079002079002079 0.030165912518853696
0 0.04824552507479336 0.2267704079755729 0.02079002079002079 0.030165912518853696
0 0.052167739972618025 0.216201302284516 0.02079002079002079 0.030165912518853696
0 0.052167739972618025 0.20888422911378438 0.02079002079002079 0.030165912518853696
0 0.057770904112367516 0.20888422911378438 0.02079002079002079 0.030165912518853696
0 0.06393438466609198 0.2031931722032152 0.02079002079002079 0.030165912518853696
0 0.04768520866081842 0.21051024537394694 0.02079002079002079 0.030165912518853696
0 0.039280462451194154 0.20888422911378438 0.02079002079002079 0.030165912518853696
0 0.06561533390801684 0.21294926976419085 0.02079002079002079 0.030165912518853696
0 0.07065818163379135 0.2048191884633778 0.02079002079002079 0.030165912518853696
0 0.07570102935956594 0.2137622778942721 0.02079002079002079 0.030165912518853696
0 0.0818645099132904 0.2048191884633778 0.02079002079002079 0.030165912518853696
0 0.08018356067136553 0.21945333480484128 0.02079002079002079 0.030165912518853696
0 0.06393438466609198 0.23164845675606074 0.02079002079002079 0.030165912518853696
0 0.0762613457735409 0.23408748114630465 0.02079002079002079 0.030165912518853696
0 0.07345976370366616 0.2454695949674429 0.02079002079002079 0.030165912518853696
0 0.13901678413873536 0.2763639039105323 0.02079002079002079 0.030165912518853696
0 0.1384564677247604 0.2584777250487437 0.02079002079002079 0.030165912518853696
0 0.16815323766543278 0.29262406651215833 0.02079002079002079 0.030165912518853696
0 0.14461994827848487 0.31538829415443476 0.02079002079002079 0.030165912518853696
0 0.1519040616601592 0.3194533348048412 0.02079002079002079 0.030165912518853696
0 0.1575072257999087 0.3088842291137844 0.02079002079002079 0.030165912518853696
0 0.19841032402008013 0.2625427656991502 0.02079002079002079 0.030165912518853696
0 0.20289285533187973 0.283680977081264 0.02079002079002079 0.030165912518853696
0 0.20737538664367933 0.2690468307398006 0.02079002079002079 0.030165912518853696
0 0.21690076568125352 0.30075414781297133 0.02079002079002079 0.030165912518853696
0 0.22026266416510318 0.27473788765036966 0.02079002079002079 0.030165912518853696
0 0.19000557781045588 0.28530699334142656 0.02079002079002079 0.030165912518853696
0 0.18832462856853102 0.2584777250487437 0.02079002079002079 0.030165912518853696
0 0.16815323766543278 0.26416878195931276 0.02079002079002079 0.030165912518853696
0 0.16927387049338266 0.2454695949674429 0.02079002079002079 0.030165912518853696
0 0.17655798387505708 0.2454695949674429 0.02079002079002079 0.030165912518853696
0 0.18552304649865628 0.24628260309752414 0.02079002079002079 0.030165912518853696
0 0.1894452613964809 0.23896552992679249 0.02079002079002079 0.030165912518853696
0 0.19616905836418028 0.2454695949674429 0.02079002079002079 0.030165912518853696
0 0.17263576897723237 0.23408748114630465 0.02079002079002079 0.030165912518853696
0 0.17375640180518226 0.22351837545524775 0.02079002079002079 0.030165912518853696
0 0.1816008316008316 0.21945333480484128 0.02079002079002079 0.030165912518853696
0 0.20457380457380459 0.24628260309752414 0.02079002079002079 0.030165912518853696
0 0.2140991836113787 0.23977853805687374 0.02079002079002079 0.030165912518853696
0 0.22082298057907815 0.23571349740646724 0.02079002079002079 0.030165912518853696
0 0.22474519547690278 0.22839642423573558 0.02079002079002079 0.030165912518853696
0 0.21690076568125352 0.22351837545524775 0.02079002079002079 0.030165912518853696
0 0.2084960194716292 0.2308354486259794 0.02079002079002079 0.030165912518853696
0 0.19953095684803002 0.2267704079755729 0.02079002079002079 0.030165912518853696
0 0.19672937477815527 0.216201302284516 0.02079002079002079 0.030165912518853696
0 0.21129760154150395 0.21213626163410954 0.02079002079002079 0.030165912518853696
0 0.2146595000253537 0.2096972372438656 0.02079002079002079 0.030165912518853696
0 0.21746108209522844 0.1983151234227274 0.02079002079002079 0.030165912518853696
0 0.18272146442878148 0.21457528602435344 0.02079002079002079 0.030165912518853696
0 0.18776431215455605 0.20156715594305263 0.02079002079002079 0.030165912518853696
0 0.19000557781045588 0.21457528602435344 0.02079002079002079 0.030165912518853696
0 0.2370721565843517 0.2901850421219144 0.02079002079002079 0.030165912518853696
0 0.24323563713807617 0.28530699334142656 0.02079002079002079 0.030165912518853696
0 0.2594848131433497 0.2796159364308575 0.02079002079002079 0.030165912518853696
0 0.23875310582627657 0.2739248795202883 0.02079002079002079 0.030165912518853696
0 0.23595152375640183 0.2601037413089063 0.02079002079002079 0.030165912518853696
0 0.22922772678870237 0.2576647169186624 0.02079002079002079 0.030165912518853696
0 0.22082298057907815 0.25359967626825586 0.02079002079002079 0.030165912518853696
0 0.2281070939607525 0.24384357870728032 0.02079002079002079 0.030165912518853696
0 0.2516403833477004 0.23815252179671115 0.02079002079002079 0.030165912518853696
0 0.24323563713807617 0.2527866681381745 0.02079002079002079 0.030165912518853696
0 0.22978804320267734 0.22514439171541034 0.02079002079002079 0.030165912518853696
0 0.26732924293899907 0.2527866681381745 0.02079002079002079 0.030165912518853696
0 0.26340702804117433 0.2414045543170364 0.02079002079002079 0.030165912518853696
0 0.2751736727346484 0.23408748114630465 0.02079002079002079 0.030165912518853696
0 0.2779752548045231 0.28042894456093886 0.02079002079002079 0.030165912518853696
0 0.2628467116271994 0.2649817900893941 0.02079002079002079 0.030165912518853696
0 0.2925434815678718 0.26985983886988196 0.02079002079002079 0.030165912518853696
0 0.28862126667004717 0.2495346356178494 0.02079002079002079 0.030165912518853696
0 0.2802165204604229 0.2454695949674429 0.02079002079002079 0.030165912518853696
0 0.26116576238527456 0.2137622778942721 0.02079002079002079 0.030165912518853696
0 0.25332133258962525 0.22351837545524775 0.02079002079002079 0.030165912518853696
0 0.24659753562192588 0.21294926976419085 0.02079002079002079 0.030165912518853696
0 0.2751736727346484 0.2137622778942721 0.02079002079002079 0.030165912518853696
0 0.279656204046448 0.2048191884633778 0.02079002079002079 0.030165912518853696
0 0.28301810253029763 0.21701431041459734 0.02079002079002079 0.030165912518853696
0 0.22530551189087775 0.2072582128536217 0.02079002079002079 0.030165912518853696
0 0.3323259469600934 0.28286796895118277 0.02079002079002079 0.030165912518853696
0 0.31495613812686984 0.2682338226097193 0.02079002079002079 0.030165912518853696
0 0.3054307590892957 0.2796159364308575 0.02079002079002079 0.030165912518853696
0 0.3076720247451955 0.24872162748776805 0.02079002079002079 0.030165912518853696
0 0.3121545560569951 0.2414045543170364 0.02079002079002079 0.030165912518853696
0 0.3037498098473708 0.23652650553654858 0.02079002079002079 0.030165912518853696
0 0.30935297398712036 0.2267704079755729 0.02079002079002079 0.030165912518853696
0 0.29590538005172157 0.20644520472354044 0.02079002079002079 0.030165912518853696
0 0.267889559352974 0.2202663429349225 0.02079002079002079 0.030165912518853696
0 0.33008468130419344 0.25116065187801195 0.02079002079002079 0.030165912518853696
0 0.33400689620201823 0.23652650553654858 0.02079002079002079 0.030165912518853696
0 0.32055930226661933 0.23652650553654858 0.02079002079002079 0.030165912518853696
0 0.3289640484762436 0.22758341610565425 0.02079002079002079 0.030165912518853696
0 0.3418513259976675 0.23164845675606074 0.02079002079002079 0.030165912518853696
0 0.3446529080675423 0.22839642423573558 0.02079002079002079 0.030165912518853696
0 0.3508163886212667 0.22107935106500384 0.02079002079002079 0.030165912518853696
0 0.3256021499923939 0.216201302284516 0.02079002079002079 0.030165912518853696
0 0.32055930226661933 0.216201302284516 0.02079002079002079 0.030165912518853696
0 0.33344657978804315 0.21701431041459734 0.02079002079002079 0.030165912518853696
0 0.3777115764920643 0.2763639039105323 0.02079002079002079 0.030165912518853696
0 0.3609020840728158 0.2690468307398006 0.02079002079002079 0.030165912518853696
0 0.3552989199330662 0.2649817900893941 0.02079002079002079 0.030165912518853696
0 0.3833147406318138 0.2527866681381745 0.02079002079002079 0.030165912518853696
0 0.37490999442218953 0.2560387006584998 0.02079002079002079 0.030165912518853696
0 0.36202271690076565 0.234900489276386 0.02079002079002079 0.030165912518853696
0 0.35641955276101617 0.23652650553654858 0.02079002079002079 0.030165912518853696
0 0.35641955276101617 0.21701431041459734 0.02079002079002079 0.030165912518853696
0 0.3665052482125653 0.2056321965934591 0.02079002079002079 0.030165912518853696
0 0.37603062725013947 0.20644520472354044 0.02079002079002079 0.030165912518853696
0 0.37210841235231484 0.21945333480484128 0.02079002079002079 0.030165912518853696
0 0.37154809593833993 0.23164845675606074 0.02079002079002079 0.030165912518853696
0 0.3827544242178389 0.2308354486259794 0.02079002079002079 0.030165912518853696
0 0.403486131534912 0.2576647169186624 0.02079002079002079 0.030165912518853696
0 0.39340043608336295 0.26416878195931276 0.02079002079002079 0.030165912518853696
0 0.46960346838395617 0.2893720339918331 0.02079002079002079 0.030165912518853696
0 0.45727650727650726 0.28042894456093886 0.02079002079002079 0.030165912518853696
0 0.4354241671314842 0.2861200014715079 0.02079002079002079 0.030165912518853696
0 0.4180543582982607 0.26985983886988196 0.02079002079002079 0.030165912518853696
0 0.4174940418842858 0.2454695949674429 0.02079002079002079 0.030165912518853696
0 0.42757973733583493 0.2601037413089063 0.02079002079002079 0.030165912518853696
0 0.41020992850261145 0.2454695949674429 0.02079002079002079 0.030165912518853696
0 0.3973226509811876 0.2454695949674429 0.02079002079002079 0.030165912518853696
0 0.41077024491658637 0.2202663429349225 0.02079002079002079 0.030165912518853696
0 0.4169337254703109 0.22351837545524775 0.02079002079002079 0.030165912518853696
0 0.404046447948887 0.21701431041459734 0.02079002079002079 0.030165912518853696
0 0.39003853759951324 0.21294926976419085 0.02079002079002079 0.030165912518853696
0 0.3956417017392627 0.2048191884633778 0.02079002079002079 0.030165912518853696
0 0.42533847167993516 0.216201302284516 0.02079002079002079 0.030165912518853696
0 0.4180543582982607 0.2048191884633778 0.02079002079002079 0.030165912518853696
0 0.4298210029917347 0.22758341610565425 0.02079002079002079 0.030165912518853696
0 0.43486385071750927 0.24221756244711765 0.02079002079002079 0.030165912518853696
0 0.4427082805131585 0.22351837545524775 0.02079002079002079 0.030165912518853696
0 0.4460701789970083 0.20644520472354044 0.02079002079002079 0.030165912518853696
0 0.43430353430353436 0.21213626163410954 0.02079002079002079 0.030165912518853696
0 0.4488717610668831 0.216201302284516 0.02079002079002079 0.030165912518853696
0 0.4499923938948329 0.25359967626825586 0.02079002079002079 0.030165912518853696
0 0.4354241671314842 0.2584777250487437 0.02079002079002079 0.030165912518853696
0 0.461198722174332 0.25929073317882495 0.02079002079002079 0.030165912518853696
0 0.4763272653516556 0.2625427656991502 0.02079002079002079 0.030165912518853696
0 0.48473201156127993 0.2454695949674429 0.02079002079002079 0.030165912518853696
0 0.47800821459358045 0.24303057057719898 0.02079002079002079 0.030165912518853696
0 0.46960346838395617 0.25359967626825586 0.02079002079002079 0.030165912518853696
0 0.47464631610973074 0.21457528602435344 0.02079002079002079 0.030165912518853696
0 0.4617590385883069 0.21051024537394694 0.02079002079002079 0.030165912518853696
0 0.47184473403985594 0.2096972372438656 0.02079002079002079 0.030165912518853696
0 0.45615587444855743 0.20644520472354044 0.02079002079002079 0.030165912518853696
0 0.48473201156127993 0.2072582128536217 0.02079002079002079 0.030165912518853696
0 0.48193042949140513 0.21945333480484128 0.02079002079002079 0.030165912518853696
0 0.495378023426804 0.2072582128536217 0.02079002079002079 0.030165912518853696
0 0.48921454287307947 0.2178273185446786 0.02079002079002079 0.030165912518853696
0 0.495378023426804 0.2527866681381745 0.02079002079002079 0.030165912518853696
0 0.5789640484762434 0.7040061803332964 0.02079002079002079 0.030165912518853696
0 0.6372369555296382 0.7609167494389876 0.02079002079002079 0.030165912518853696
0 0.6764591045078847 0.7023801640731339 0.02079002079002079 0.030165912518853696
0 0.7481796054966784 0.7576647169186623 0.02079002079002079 0.030165912518853696
0 0.8131763095177726 0.6763639039105322 0.02079002079002079 0.030165912518853696
0 0.8837761776786165 0.8113232535040282 0.02079002079002079 0.030165912518853696
0 0.9028269357537647 0.6861200014715079 0.02079002079002079 0.030165912518853696
0 0.8624841539475684 0.6584777250487437 0.02079002079002079 0.030165912518853696
0 0.8512778256680694 0.5934370746422396 0.02079002079002079 0.030165912518853696
0 0.8837761776786165 0.559290733178825 0.02079002079002079 0.030165912518853696
0 0.912912631205314 0.5397785380568738 0.02079002079002079 0.030165912518853696
0 0.9140332640332638 0.4747378876503697 0.02079002079002079 0.030165912518853696
0 0.9342046549363621 0.4633557738292315 0.02079002079002079 0.030165912518853696
0 0.9151538968612136 0.4275834161056543 0.02079002079002079 0.030165912518853696
0 0.9342046549363621 0.3983151234227274 0.02079002079002079 0.030165912518853696
0 0.9510141473556104 0.40969723724386564 0.02079002079002079 0.030165912518853696
0 0.8624841539475684 0.4470956112276055 0.02079002079002079 0.030165912518853696
0 0.8848968105065663 0.45685170878858106 0.02079002079002079 0.030165912518853696
0 0.8770523807109171 0.40969723724386564 0.02079002079002079 0.030165912518853696
0 0.899465037269915 0.39506309090240227 0.02079002079002079 0.030165912518853696
0 0.8098144110339229 0.4714858551300445 0.02079002079002079 0.030165912518853696
0 0.8434333958724202 0.4682338226097193 0.02079002079002079 0.030165912518853696
0 0.8568809898078188 0.5153882941544348 0.02079002079002079 0.030165912518853696
0 0.8176588408295722 0.5088842291137843 0.02079002079002079 0.030165912518853696
0 0.7829192231631255 0.5446565868373615 0.02079002079002079 0.030165912518853696
0 0.7885223873028748 0.6227053673251665 0.02079002079002079 0.030165912518853696
0 0.7123193550022816 0.5853069933414266 0.02079002079002079 0.030165912518853696
0 0.6663734090563356 0.6064452047235405 0.02079002079002079 0.030165912518853696
0 0.7347320115612795 0.559290733178825 0.02079002079002079 0.030165912518853696
0 0.7403351757010291 0.5202663429349226 0.02079002079002079 0.030165912518853696
0 0.7537827696364281 0.4926240665121583 0.02079002079002079 0.030165912518853696
0 0.7649890979159271 0.4796159364308575 0.02079002079002079 0.030165912518853696
0 0.7481796054966784 0.4617297575690689 0.02079002079002079 0.030165912518853696
0 0.6899066984432837 0.5040061803332965 0.02079002079002079 0.030165912518853696
0 0.7168018863140811 0.4828679689511827 0.02079002079002079 0.030165912518853696
0 0.5307768368743977 0.6031931722032152 0.02079002079002079 0.030165912518853696
0 0.5767227828203437 0.6389655299267925 0.02079002079002079 0.030165912518853696
0 0.6114624004867906 0.59994113968289 0.02079002079002079 0.030165912518853696
0 0.652925815120937 0.5625427656991502 0.02079002079002079 0.030165912518853696
0 0.584567212615993 0.5153882941544348 0.02079002079002079 0.030165912518853696
0 0.5464656964656963 0.5153882941544348 0.02079002079002079 0.030165912518853696
0 0.5318974697023476 0.49099805025199567 0.02079002079002079 0.030165912518853696
0 0.5285355712184979 0.4601037413089063 0.02079002079002079 0.030165912518853696
0 0.5565513919172455 0.4714858551300445 0.02079002079002079 0.030165912518853696
0 0.5688783530246944 0.45685170878858106 0.02079002079002079 0.030165912518853696
0 0.5851275290299679 0.47148585513004454 0.02079002079002079 0.030165912518853696
0 0.583446579788043 0.44709561122760544 0.02079002079002079 0.030165912518853696
0 0.5559910755032705 0.4194533348048413 0.02079002079002079 0.030165912518853696
0 0.5223720906647734 0.4080712209837031 0.02079002079002079 0.030165912518853696
0 0.5061229146594999 0.3812419526910201 0.02079002079002079 0.030165912518853696
0 0.5363800010141473 0.391811058382077 0.02079002079002079 0.030165912518853696
0 0.49379595355205097 0.3682338226097193 0.02079002079002079 0.030165912518853696
0 0.5442244308097967 0.3633557738292315 0.02079002079002079 0.030165912518853696
0 0.5666370873687946 0.37229886326012585 0.02079002079002079 0.030165912518853696
0 0.5817656305461182 0.37148585513004456 0.02079002079002079 0.030165912518853696
0 0.5924116424116422 0.38530699334142665 0.02079002079002079 0.030165912518853696
0 0.595213224481517 0.42677040797557303 0.02079002079002079 0.030165912518853696
0 0.6109020840728157 0.43083544862597944 0.02079002079002079 0.030165912518853696
0 0.6125830333147406 0.38855902586175184 0.02079002079002079 0.030165912518853696
0 0.6069798691749909 0.3633557738292315 0.02079002079002079 0.030165912518853696
0 0.6607702449165862 0.33327447301622337 0.02079002079002079 0.030165912518853696
0 0.6691749911262105 0.30238016407313395 0.02079002079002079 0.030165912518853696
0 0.6938289133411084 0.334900489276386 0.02079002079002079 0.030165912518853696
0 0.7027939759647076 0.391811058382077 0.02079002079002079 0.030165912518853696
0 0.6882257492013589 0.3666078063495567 0.02079002079002079 0.030165912518853696
0 0.7016733431367577 0.35929073317882504 0.02079002079002079 0.030165912518853696
0 0.6590892956746613 0.4300224404958982 0.02079002079002079 0.030165912518853696
0 0.6618908777445361 0.46904683073980064 0.02079002079002079 0.030165912518853696
0 0.640038537599513 0.4999411396828901 0.02079002079002079 0.030165912518853696
0 0.6680543582982605 0.49831512342272744 0.02079002079002079 0.030165912518853696
0 0.6910273312712336 0.45766471691866234 0.02079002079002079 0.030165912518853696
0 0.7240859996957557 0.44384357870728025 0.02079002079002079 0.030165912518853696
0 0.7369732772171795 0.3901850421219144 0.02079002079002079 0.030165912518853696
0 0.743697074184879 0.4162013022845161 0.02079002079002079 0.030165912518853696
0 0.7537827696364281 0.38449398521134537 0.02079002079002079 0.030165912518853696
0 0.7616271994320775 0.41213626163410955 0.02079002079002079 0.030165912518853696
0 0.7902033365447998 0.3812419526910201 0.02079002079002079 0.030165912518853696
0 0.754903402464378 0.3666078063495567 0.02079002079002079 0.030165912518853696
0 0.7705922620556767 0.3519736600080933 0.02079002079002079 0.030165912518853696
0 0.8075731453780233 0.3283964242357356 0.02079002079002079 0.030165912518853696
0 0.822701688555347 0.31864032667475994 0.02079002079002079 0.030165912518853696
0 0.8081334617919982 0.3568517087885811 0.02079002079002079 0.030165912518853696
0 0.8193397900714973 0.41538829415443473 0.02079002079002079 0.030165912518853696
0 0.7834795395771005 0.4162013022845161 0.02079002079002079 0.030165912518853696
0 0.7974874499264742 0.4316484567560608 0.02079002079002079 0.030165912518853696
0 0.5016403833477003 0.2560387006584998 0.02079002079002079 0.030165912518853696
0 0.5083641803153998 0.267420814479638 0.02079002079002079 0.030165912518853696
0 0.517329242938999 0.2747378876503697 0.02079002079002079 0.030165912518853696
0 0.5139673444551492 0.24872162748776805 0.02079002079002079 0.030165912518853696
0 0.5234927234927234 0.23977853805687382 0.02079002079002079 0.030165912518853696
0 0.5167689265250239 0.22758341610565425 0.02079002079002079 0.030165912518853696
0 0.5296562040464478 0.2609167494389876 0.02079002079002079 0.030165912518853696
0 0.539741899497997 0.26985983886988196 0.02079002079002079 0.030165912518853696
0 0.5492672785355711 0.26335577382923153 0.02079002079002079 0.030165912518853696
0 0.5582323411591703 0.2414045543170364 0.02079002079002079 0.030165912518853696
0 0.562154556056995 0.25522569252841854 0.02079002079002079 0.030165912518853696
0 0.5599132904010952 0.26985983886988196 0.02079002079002079 0.030165912518853696
0 0.5677577201967444 0.2560387006584998 0.02079002079002079 0.030165912518853696
0 0.573360884336494 0.2601037413089063 0.02079002079002079 0.030165912518853696
0 0.5767227828203437 0.27880292830077624 0.02079002079002079 0.030165912518853696
0 0.583446579788043 0.2601037413089063 0.02079002079002079 0.030165912518853696
0 0.5812053141321433 0.24465658683736155 0.02079002079002079 0.030165912518853696
0 0.5778434156482936 0.24465658683736155 0.02079002079002079 0.030165912518853696
0 0.5929719588256172 0.2731118713902071 0.02079002079002079 0.030165912518853696
0 0.6024973378631914 0.2544126843983372 0.02079002079002079 0.030165912518853696
0 0.595773540895492 0.24221756244711773 0.02079002079002079 0.030165912518853696
0 0.6114624004867907 0.2544126843983372 0.02079002079002079 0.030165912518853696
0 0.6092211348308909 0.29506309090240224 0.02079002079002079 0.030165912518853696
0 0.6170655646265402 0.27880292830077624 0.02079002079002079 0.030165912518853696
0 0.630513158561939 0.2747378876503697 0.02079002079002079 0.030165912518853696
0 0.6551670807768367 0.27148585513004453 0.02079002079002079 0.030165912518853696
0 0.6321941078038638 0.2560387006584998 0.02079002079002079 0.030165912518853696
0 0.6338750570457887 0.2479086193576868 0.02079002079002079 0.030165912518853696
0 0.6422798032554129 0.25278666813817463 0.02079002079002079 0.030165912518853696
0 0.6271512600780893 0.2479086193576868 0.02079002079002079 0.030165912518853696
0 0.67365752243801 0.2747378876503697 0.02079002079002079 0.030165912518853696
0 0.652925815120937 0.2503476437479307 0.02079002079002079 0.030165912518853696
0 0.6686146747122356 0.25359967626825586 0.02079002079002079 0.030165912518853696
0 0.6770194209218597 0.2544126843983372 0.02079002079002079 0.030165912518853696
0 0.6876654327873839 0.26335577382923153 0.02079002079002079 0.030165912518853696
0 0.6927082805131585 0.26985983886988196 0.02079002079002079 0.030165912518853696
0 0.6837432178895593 0.29343707464223967 0.02079002079002079 0.030165912518853696
0 0.7095177729324069 0.28937203399183314 0.02079002079002079 0.030165912518853696
0 0.698311444652908 0.2966891071625648 0.02079002079002079 0.030165912518853696
0 0.7151209370721565 0.27880292830077624 0.02079002079002079 0.030165912518853696
0 0.7123193550022817 0.26335577382923153 0.02079002079002079 0.030165912518853696
0 0.7033542923786825 0.25522569252841854 0.02079002079002079 0.030165912518853696
0 0.7212844176258809 0.26335577382923153 0.02079002079002079 0.030165912518853696
0 0.7162415699001063 0.24872162748776805 0.02079002079002079 0.030165912518853696
0 0.720724101211906 0.2414045543170364 0.02079002079002079 0.030165912518853696
0 0.6955098625830333 0.2601037413089063 0.02079002079002079 0.030165912518853696
0 0.685984483545459 0.25278666813817463 0.02079002079002079 0.030165912518853696
0 0.6899066984432838 0.24709561122760548 0.02079002079002079 0.030165912518853696
0 0.697751128238933 0.24384357870728032 0.02079002079002079 0.030165912518853696
0 0.7369732772171795 0.2861200014715079 0.02079002079002079 0.030165912518853696
0 0.7252066325237055 0.30400618033329657 0.02079002079002079 0.030165912518853696
0 0.7257669489376806 0.32107935106500385 0.02079002079002079 0.030165912518853696
0 0.7408954921150042 0.3096972372438656 0.02079002079002079 0.030165912518853696
0 0.7509811875665534 0.29750211529264614 0.02079002079002079 0.030165912518853696
0 0.7560240352923279 0.2877460177316705 0.02079002079002079 0.030165912518853696
0 0.7616271994320775 0.2877460177316705 0.02079002079002079 0.030165912518853696
0 0.7689113128137518 0.30807122098370304 0.02079002079002079 0.030165912518853696
0 0.7902033365447998 0.31213626163410957 0.02079002079002079 0.030165912518853696
0 0.809814411033923 0.30238016407313395 0.02079002079002079 0.030165912518853696
0 0.8114953602758479 0.28042894456093886 0.02079002079002079 0.030165912518853696
0 0.7952461842705744 0.2771769120406136 0.02079002079002079 0.030165912518853696
0 0.7823589067491505 0.29343707464223967 0.02079002079002079 0.030165912518853696
0 0.7913239693727497 0.28937203399183314 0.02079002079002079 0.030165912518853696
0 0.7986080827544241 0.2966891071625648 0.02079002079002079 0.030165912518853696
0 0.7750747933674762 0.28286796895118277 0.02079002079002079 0.030165912518853696
0 0.7694716292277267 0.2747378876503697 0.02079002079002079 0.030165912518853696
0 0.777316059023376 0.27148585513004453 0.02079002079002079 0.030165912518853696
0 0.7560240352923279 0.26985983886988196 0.02079002079002079 0.030165912518853696
0 0.7476192890827036 0.28042894456093886 0.02079002079002079 0.030165912518853696
0 0.7420161249429541 0.26172975756906885 0.02079002079002079 0.030165912518853696
0 0.7324907459053799 0.2649817900893941 0.02079002079002079 0.030165912518853696
0 0.7565843517063029 0.2609167494389876 0.02079002079002079 0.030165912518853696
0 0.7537827696364281 0.2503476437479307 0.02079002079002079 0.030165912518853696
0 0.7666700471578519 0.2544126843983372 0.02079002079002079 0.030165912518853696
0 0.767230363571827 0.23327447301622334 0.02079002079002079 0.030165912518853696
0 0.7481796054966785 0.21864032667475994 0.02079002079002079 0.030165912518853696
0 0.7795573246792759 0.21538829415443478 0.02079002079002079 0.030165912518853696
0 0.7705922620556767 0.22270536732516644 0.02079002079002079 0.030165912518853696
0 0.755463718878353 0.22433138358532909 0.02079002079002079 0.030165912518853696
0 0.8008493484103238 0.21538829415443478 0.02079002079002079 0.030165912518853696
0 0.7817985903351756 0.226770407975573 0.02079002079002079 0.030165912518853696
0 0.7627478322600273 0.24059154618695505 0.02079002079002079 0.030165912518853696
0 0.7840398559910754 0.2495346356178494 0.02079002079002079 0.030165912518853696
0 0.7756351097814511 0.24709561122760548 0.02079002079002079 0.030165912518853696
0 0.8036509304801986 0.22758341610565425 0.02079002079002079 0.030165912518853696
0 0.7946858678565994 0.2519736600080933 0.02079002079002079 0.030165912518853696
0 0.8008493484103238 0.23815252179671115 0.02079002079002079 0.030165912518853696
0 0.8210207393134221 0.2519736600080933 0.02079002079002079 0.030165912518853696
0 0.8182191572435473 0.2454695949674429 0.02079002079002079 0.030165912518853696
0 0.8131763095177728 0.23815252179671115 0.02079002079002079 0.030165912518853696
0 0.8075731453780233 0.23327447301622334 0.02079002079002079 0.030165912518853696
0 0.8193397900714973 0.23164845675606074 0.02079002079002079 0.030165912518853696
0 0.8266239034531717 0.23652650553654858 0.02079002079002079 0.030165912518853696
0 0.7740530399066984 0.34546959496744295 0.02079002079002079 0.030165912518853696
0 0.835127529029968 0.33164845675606086 0.02079002079002079 0.030165912518853696
0 0.8373687946858678 0.3666078063495568 0.02079002079002079 0.030165912518853696
0 0.8547386035190914 0.33977853805687386 0.02079002079002079 0.030165912518853696
0 0.9511130267227829 0.33408748114630477 0.02079002079002079 0.030165912518853696
0 0.8749099944221895 0.3462826030975242 0.02079002079002079 0.030165912518853696
0 0.8620227169007657 0.3137622778942722 0.02079002079002079 0.030165912518853696
0 0.8866766391156635 0.353599676268256 0.02079002079002079 0.030165912518853696
0 0.8849956898737387 0.3747378876503698 0.02079002079002079 0.030165912518853696
0 0.8496957557933167 0.391811058382077 0.02079002079002079 0.030165912518853696
0 0.9062877136047868 0.3649817900893942 0.02079002079002079 0.030165912518853696
0 0.9230972060240352 0.3820549608211015 0.02079002079002079 0.030165912518853696
0 0.9443892297550834 0.36172975756906894 0.02079002079002079 0.030165912518853696
0 0.9533542923786826 0.377989920170695 0.02079002079002079 0.030165912518853696
0 0.9415876476852088 0.3373395136666299 0.02079002079002079 0.030165912518853696
0 0.960638405760357 0.3153882941544348 0.02079002079002079 0.030165912518853696
0 0.9348638507175093 0.28286796895118277 0.02079002079002079 0.030165912518853696
0 0.9130115105724862 0.3007541478129714 0.02079002079002079 0.030165912518853696
0 0.9202956239541605 0.2901850421219145 0.02079002079002079 0.030165912518853696
0 0.9107702449165863 0.2731118713902072 0.02079002079002079 0.030165912518853696
0 0.8990036002231124 0.26416878195931287 0.02079002079002079 0.030165912518853696
0 0.8861163227016886 0.2519736600080934 0.02079002079002079 0.030165912518853696
0 0.8799528421479641 0.25359967626825597 0.02079002079002079 0.030165912518853696
0 0.8827544242178389 0.28042894456093886 0.02079002079002079 0.030165912518853696
0 0.8737893615942397 0.2771769120406137 0.02079002079002079 0.030165912518853696
0 0.8603417676588409 0.28286796895118277 0.02079002079002079 0.030165912518853696
0 0.846333857309467 0.286120001471508 0.02079002079002079 0.030165912518853696
0 0.835687845443943 0.2901850421219145 0.02079002079002079 0.030165912518853696
0 0.8267227828203438 0.29587609903248363 0.02079002079002079 0.030165912518853696
0 0.8261624664063688 0.2714858551300446 0.02079002079002079 0.030165912518853696
0 0.8401703767557426 0.26985983886988196 0.02079002079002079 0.030165912518853696
0 0.8547386035190914 0.26416878195931287 0.02079002079002079 0.030165912518853696
0 0.8597814512448659 0.26416878195931287 0.02079002079002079 0.030165912518853696
0 0.8687465138684651 0.25522569252841854 0.02079002079002079 0.030165912518853696
0 0.8429719588256174 0.23896552992679257 0.02079002079002079 0.030165912518853696
0 0.8401703767557426 0.25522569252841854 0.02079002079002079 0.030165912518853696
0 0.8306449977181685 0.2503476437479308 0.02079002079002079 0.030165912518853696
0 0.7269864611328026 0.15929073317882503 0.02079002079002079 0.030165912518853696
0 0.7152198164393286 0.15929073317882503 0.02079002079002079 0.030165912518853696
0 0.7034531717458546 0.15929073317882503 0.02079002079002079 0.030165912518853696
0 0.6984103240200801 0.15929073317882503 0.02079002079002079 0.030165912518853696
0 0.7129785507834289 0.19506309090240231 0.02079002079002079 0.030165912518853696
0 0.7387531058262766 0.19099805025199582 0.02079002079002079 0.030165912518853696
0 0.7286674103747275 0.21701431041459743 0.02079002079002079 0.030165912518853696
0 0.7197023477511283 0.21864032667476002 0.02079002079002079 0.030165912518853696
0 0.7309086760306273 0.22839642423573564 0.02079002079002079 0.030165912518853696
0 0.744916586380001 0.22839642423573564 0.02079002079002079 0.030165912518853696
0 0.7359515237564018 0.23896552992679257 0.02079002079002079 0.030165912518853696
0 0.7527610161756504 0.24059154618695516 0.02079002079002079 0.030165912518853696
0 0.7230642462349779 0.23164845675606083 0.02079002079002079 0.030165912518853696
0 0.7275467775467775 0.23733951366663 0.02079002079002079 0.030165912518853696
0 0.7146595000253537 0.23164845675606083 0.02079002079002079 0.030165912518853696
0 0.7012119060899548 0.21294926976419096 0.02079002079002079 0.030165912518853696
0 0.6900055778104558 0.21376227789427218 0.02079002079002079 0.030165912518853696
0 0.675997667461082 0.21376227789427218 0.02079002079002079 0.030165912518853696
0 0.687764312154556 0.22433138358532914 0.02079002079002079 0.030165912518853696
0 0.6821611480148065 0.22107935106500393 0.02079002079002079 0.030165912518853696
0 0.6810405151868567 0.23002244049589826 0.02079002079002079 0.030165912518853696
0 0.6860833629126312 0.23164845675606083 0.02079002079002079 0.030165912518853696
0 0.6810405151868567 0.23733951366663 0.02079002079002079 0.030165912518853696
0 0.687764312154556 0.23896552992679257 0.02079002079002079 0.030165912518853696
0 0.6737564018051823 0.22433138358532914 0.02079002079002079 0.030165912518853696
0 0.6687135540794077 0.22595739984549176 0.02079002079002079 0.030165912518853696
0 0.6743167182191573 0.23490048927638604 0.02079002079002079 0.030165912518853696
0 0.6681532376654328 0.23327447301622342 0.02079002079002079 0.030165912518853696
0 0.6737564018051823 0.24221756244711773 0.02079002079002079 0.030165912518853696
0 0.6619897571117083 0.21864032667476002 0.02079002079002079 0.030165912518853696
0 0.6591881750418336 0.19343707464223972 0.02079002079002079 0.030165912518853696
0 0.6485421631763095 0.19343707464223972 0.02079002079002079 0.030165912518853696
0 0.6535850109020841 0.14221756244711772 0.02079002079002079 0.030165912518853696
0 0.620526342477562 0.1527866681381747 0.02079002079002079 0.030165912518853696
0 0.6003549515744637 0.16498179008939418 0.02079002079002079 0.030165912518853696
0 0.5930708381927894 0.1633557738292316 0.02079002079002079 0.030165912518853696
0 0.6003549515744637 0.12677040797557307 0.02079002079002079 0.030165912518853696
0 0.6334136199989857 0.2096972372438657 0.02079002079002079 0.030165912518853696
0 0.6507834288322093 0.21864032667476002 0.02079002079002079 0.030165912518853696
0 0.6502231124182344 0.22839642423573564 0.02079002079002079 0.030165912518853696
0 0.6558262765579839 0.22758341610565433 0.02079002079002079 0.030165912518853696
0 0.6451802646924599 0.23327447301622342 0.02079002079002079 0.030165912518853696
0 0.6463008975204098 0.24221756244711773 0.02079002079002079 0.030165912518853696
0 0.6530246944881092 0.23733951366663 0.02079002079002079 0.030165912518853696
0 0.6244485573753866 0.23490048927638604 0.02079002079002079 0.030165912518853696
0 0.630612037929111 0.23490048927638604 0.02079002079002079 0.030165912518853696
0 0.6278104558592363 0.21701431041459743 0.02079002079002079 0.030165912518853696
0 0.6166041275797374 0.2153882941544348 0.02079002079002079 0.030165912518853696
0 0.6154834947517873 0.23490048927638604 0.02079002079002079 0.030165912518853696
0 0.6048374828862634 0.23164845675606083 0.02079002079002079 0.030165912518853696
0 0.6104406470260129 0.22595739984549176 0.02079002079002079 0.030165912518853696
0 0.609320014198063 0.21701431041459743 0.02079002079002079 0.030165912518853696
0 0.6053977993002383 0.2096972372438657 0.02079002079002079 0.030165912518853696
0 0.6003549515744637 0.21701431041459743 0.02079002079002079 0.030165912518853696
0 0.6003549515744637 0.22595739984549176 0.02079002079002079 0.030165912518853696
0 0.5958724202626642 0.22758341610565433 0.02079002079002079 0.030165912518853696
0 0.5874676740530399 0.2096972372438657 0.02079002079002079 0.030165912518853696
0 0.5930708381927894 0.21376227789427218 0.02079002079002079 0.030165912518853696
0 0.5801835606713656 0.2113232535040283 0.02079002079002079 0.030165912518853696
0 0.5689772323918666 0.2153882941544348 0.02079002079002079 0.030165912518853696
0 0.563934384666092 0.2202663429349226 0.02079002079002079 0.030165912518853696
0 0.5605724861822423 0.2113232535040283 0.02079002079002079 0.030165912518853696
0 0.5577709041123674 0.2096972372438657 0.02079002079002079 0.030165912518853696
0 0.5504867907306931 0.2113232535040283 0.02079002079002079 0.030165912518853696
0 0.5465645758328684 0.22595739984549176 0.02079002079002079 0.030165912518853696
0 0.5331169818974697 0.22595739984549176 0.02079002079002079 0.030165912518853696
0 0.5667359667359668 0.19099805025199582 0.02079002079002079 0.030165912518853696
0 0.5605724861822423 0.19099805025199582 0.02079002079002079 0.030165912518853696
0 0.5544090056285178 0.19181105838207715 0.02079002079002079 0.030165912518853696
0 0.5499264743167182 0.18774601773167057 0.02079002079002079 0.030165912518853696
0 0.5454439430049186 0.1844939852113454 0.02079002079002079 0.030165912518853696
0 0.5370391967952943 0.18855902586175188 0.02079002079002079 0.030165912518853696
0 0.5213503372039957 0.2153882941544348 0.02079002079002079 0.030165912518853696
0 0.5213503372039957 0.20563219659345922 0.02079002079002079 0.030165912518853696
0 0.5263931849297703 0.20807122098370312 0.02079002079002079 0.030165912518853696
0 0.5319963490695198 0.20400618033329662 0.02079002079002079 0.030165912518853696
0 0.5252725521018204 0.18205496082110148 0.02079002079002079 0.030165912518853696
0 0.5224709700319456 0.18612000147150798 0.02079002079002079 0.030165912518853696
0 0.5095836925105218 0.18693300960158932 0.02079002079002079 0.030165912518853696
0 0.5123852745803965 0.19343707464223972 0.02079002079002079 0.030165912518853696
0 0.5062217940266721 0.19343707464223972 0.02079002079002079 0.030165912518853696
0 0.5230312864459206 0.19668910716256488 0.02079002079002079 0.030165912518853696
0 0.5196693879620709 0.19343707464223972 0.02079002079002079 0.030165912518853696
0 0.5101440089244967 0.20400618033329662 0.02079002079002079 0.030165912518853696
0 0.517988438720146 0.19912813155280878 0.02079002079002079 0.030165912518853696
0 0.5163074894782211 0.20644520472354053 0.02079002079002079 0.030165912518853696
0 0.11324222909588763 0.16864032667475995 0.02079002079002079 0.030165912518853696
0 0.09811368591856395 0.17758341610565428 0.02079002079002079 0.030165912518853696
0 0.09475178743471424 0.17758341610565428 0.02079002079002079 0.030165912518853696
0 0.0919502053648395 0.1792094323658169 0.02079002079002079 0.030165912518853696
0 0.08578672481111503 0.17433138358532912 0.02079002079002079 0.030165912518853696
0 0.07850261142944068 0.1727053673251665 0.02079002079002079 0.030165912518853696
0 0.0818645099132904 0.17189235919508522 0.02079002079002079 0.030165912518853696
0 0.0672962831499417 0.16864032667475995 0.02079002079002079 0.030165912518853696
0 0.07177881446174131 0.17189235919508522 0.02079002079002079 0.030165912518853696
0 0.06169311901019214 0.1653882941544348 0.02079002079002079 0.030165912518853696
0 0.05272805638659297 0.16701431041459738 0.02079002079002079 0.030165912518853696
0 0.03367729831144463 0.18896552992679252 0.02079002079002079 0.030165912518853696
0 0.03703919679529435 0.18490048927638603 0.02079002079002079 0.030165912518853696
0 0.04040109527914404 0.1881525217967112 0.02079002079002079 0.030165912518853696
0 0.04040109527914404 0.18083544862597953 0.02079002079002079 0.030165912518853696
0 0.0443233101769687 0.1832744730162234 0.02079002079002079 0.030165912518853696
0 0.04712489224684344 0.18083544862597953 0.02079002079002079 0.030165912518853696
0 0.05496932204249277 0.1800224404958982 0.02079002079002079 0.030165912518853696
0 0.053848689214542854 0.18490048927638603 0.02079002079002079 0.030165912518853696
0 0.04936615790274325 0.1881525217967112 0.02079002079002079 0.030165912518853696
0 0.04824552507479336 0.1938435787072803 0.02079002079002079 0.030165912518853696
0 0.044883626590943644 0.1962826030975242 0.02079002079002079 0.030165912518853696
0 0.042082044521068895 0.19953463561784943 0.02079002079002079 0.030165912518853696
0 0.0588915369403174 0.1905915461869551 0.02079002079002079 0.030165912518853696
0 0.06001216976826735 0.1832744730162234 0.02079002079002079 0.030165912518853696
0 0.06785659956391661 0.1881525217967112 0.02079002079002079 0.030165912518853696
0 0.07121849804776632 0.1832744730162234 0.02079002079002079 0.030165912518853696
0 0.07402008011764108 0.1865265055365486 0.02079002079002079 0.030165912518853696
0 0.07738197860149079 0.1905915461869551 0.02079002079002079 0.030165912518853696
0 0.0818645099132904 0.1865265055365486 0.02079002079002079 0.030165912518853696
0 0.07962324425739056 0.1922175624471177 0.02079002079002079 0.030165912518853696
0 0.07962324425739056 0.19953463561784943 0.02079002079002079 0.030165912518853696
0 0.0728994472896912 0.19790861935768683 0.02079002079002079 0.030165912518853696
0 0.09587242026266418 0.18490048927638603 0.02079002079002079 0.030165912518853696
0 0.08914862329496474 0.18490048927638603 0.02079002079002079 0.030165912518853696
0 0.08746767405303989 0.1800224404958982 0.02079002079002079 0.030165912518853696
0 0.08914862329496474 0.1922175624471177 0.02079002079002079 0.030165912518853696
0 0.09979463516048882 0.1905915461869551 0.02079002079002079 0.030165912518853696
0 0.12220729171948684 0.1905915461869551 0.02079002079002079 0.030165912518853696
0 0.1272501394452614 0.1865265055365486 0.02079002079002079 0.030165912518853696
0 0.13509456924091068 0.19465658683736164 0.02079002079002079 0.030165912518853696
0 0.13117235434308602 0.19790861935768683 0.02079002079002079 0.030165912518853696
0 0.13957710055271028 0.19790861935768683 0.02079002079002079 0.030165912518853696
0 0.14069773338066024 0.18733951366662993 0.02079002079002079 0.030165912518853696
0 0.13341361999898582 0.1865265055365486 0.02079002079002079 0.030165912518853696
0 0.1384564677247604 0.18083544862597953 0.02079002079002079 0.030165912518853696
0 0.1250088737893616 0.1792094323658169 0.02079002079002079 0.030165912518853696
0 0.14686121393438464 0.19953463561784943 0.02079002079002079 0.030165912518853696
0 0.1519040616601592 0.19790861935768683 0.02079002079002079 0.030165912518853696
0 0.1519040616601592 0.1905915461869551 0.02079002079002079 0.030165912518853696
0 0.1530246944881091 0.1832744730162234 0.02079002079002079 0.030165912518853696
0 0.15582627655798384 0.18164845675606078 0.02079002079002079 0.030165912518853696
0 0.1614294406977334 0.1800224404958982 0.02079002079002079 0.030165912518853696
0 0.165911972009533 0.21660780634955673 0.02079002079002079 0.030165912518853696
0 0.17543735104710712 0.20522569252841855 0.02079002079002079 0.030165912518853696
0 0.16367070635363318 0.20197366000809333 0.02079002079002079 0.030165912518853696
0 0.165911972009533 0.1922175624471177 0.02079002079002079 0.030165912518853696
0 0.16871355407940775 0.18490048927638603 0.02079002079002079 0.030165912518853696
0 0.21017696871355407 0.18490048927638603 0.02079002079002079 0.030165912518853696
0 0.21746108209522844 0.1832744730162234 0.02079002079002079 0.030165912518853696
0 0.20457380457380459 0.1792094323658169 0.02079002079002079 0.030165912518853696
0 0.20233253891790476 0.1905915461869551 0.02079002079002079 0.030165912518853696
0 0.200091273262005 0.18083544862597953 0.02079002079002079 0.030165912518853696
0 0.19616905836418028 0.1832744730162234 0.02079002079002079 0.030165912518853696
0 0.19224684346635565 0.1865265055365486 0.02079002079002079 0.030165912518853696
0 0.18832462856853102 0.1792094323658169 0.02079002079002079 0.030165912518853696
0 0.18384209725673142 0.18164845675606078 0.02079002079002079 0.030165912518853696
0 0.17879924953095686 0.1938435787072803 0.02079002079002079 0.030165912518853696
0 0.18384209725673142 0.19465658683736164 0.02079002079002079 0.030165912518853696
0 0.18776431215455605 0.18733951366662993 0.02079002079002079 0.030165912518853696
0 0.1950484255362304 0.19790861935768683 0.02079002079002079 0.030165912518853696
0 0.2034531717458547 0.20116065187801205 0.02079002079002079 0.030165912518853696
0 0.21073728512752904 0.1962826030975242 0.02079002079002079 0.030165912518853696
0 0.23987373865422645 0.1865265055365486 0.02079002079002079 0.030165912518853696
0 0.23034835961665232 0.18164845675606078 0.02079002079002079 0.030165912518853696
0 0.22642614471882763 0.1922175624471177 0.02079002079002079 0.030165912518853696
0 0.23090867603062723 0.1905915461869551 0.02079002079002079 0.030165912518853696
0 0.2370721565843517 0.20278666813817461 0.02079002079002079 0.030165912518853696
0 0.23314994168652708 0.20522569252841855 0.02079002079002079 0.030165912518853696
0 0.24491658638000102 0.20116065187801205 0.02079002079002079 0.030165912518853696
0 0.23931342224025154 0.19546959496744293 0.02079002079002079 0.030165912518853696
0 0.24547690279397594 0.1922175624471177 0.02079002079002079 0.030165912518853696
0 0.24043405506820142 0.22717691204061366 0.02079002079002079 0.030165912518853696
0 0.2583641803153998 0.17758341610565428 0.02079002079002079 0.030165912518853696
0 0.25668323107347496 0.1962826030975242 0.02079002079002079 0.030165912518853696
0 0.2516403833477004 0.19790861935768683 0.02079002079002079 0.030165912518853696
0 0.24883880127782565 0.1832744730162234 0.02079002079002079 0.030165912518853696
0 0.3143958217128949 0.20116065187801205 0.02079002079002079 0.030165912518853696
0 0.31943866943866944 0.19790861935768683 0.02079002079002079 0.030165912518853696
0 0.30935297398712036 0.20116065187801205 0.02079002079002079 0.030165912518853696
0 0.3031894934333959 0.21416878195931285 0.02079002079002079 0.030165912518853696
0 0.3054307590892957 0.21010374130890633 0.02079002079002079 0.030165912518853696
0 0.302068860605446 0.1905915461869551 0.02079002079002079 0.030165912518853696
0 0.3054307590892957 0.1865265055365486 0.02079002079002079 0.030165912518853696
0 0.30935297398712036 0.1865265055365486 0.02079002079002079 0.030165912518853696
0 0.29422443080979666 0.18896552992679252 0.02079002079002079 0.030165912518853696
0 0.28638000101414735 0.1865265055365486 0.02079002079002079 0.030165912518853696
0 0.27629430556259826 0.1792094323658169 0.02079002079002079 0.030165912518853696
0 0.30262917701942094 0.19790861935768683 0.02079002079002079 0.030165912518853696
0 0.3099132904010953 0.19546959496744293 0.02079002079002079 0.030165912518853696
0 0.3177577201967446 0.1905915461869551 0.02079002079002079 0.030165912518853696
0 0.3166370873687947 0.1865265055365486 0.02079002079002079 0.030165912518853696
0 0.32728309923431875 0.20522569252841855 0.02079002079002079 0.030165912518853696
0 0.3256021499923939 0.19546959496744293 0.02079002079002079 0.030165912518853696
0 0.3480148065513919 0.20522569252841855 0.02079002079002079 0.030165912518853696
0 0.34297195882561743 0.19790861935768683 0.02079002079002079 0.030165912518853696
0 0.33456721261599315 0.20847772504874373 0.02079002079002079 0.030165912518853696
0 0.3418513259976675 0.21823382260971935 0.02079002079002079 0.030165912518853696
0 0.358100502002941 0.1962826030975242 0.02079002079002079 0.030165912518853696
0 0.3625830333147407 0.18896552992679252 0.02079002079002079 0.030165912518853696
0 0.4062877136047868 0.1800224404958982 0.02079002079002079 0.030165912518853696
0 0.4202956239541606 0.1865265055365486 0.02079002079002079 0.030165912518853696
0 0.426459104507885 0.1792094323658169 0.02079002079002079 0.030165912518853696
0 0.43374321788955933 0.18083544862597953 0.02079002079002079 0.030165912518853696
0 0.43766543278738396 0.18733951366662993 0.02079002079002079 0.030165912518853696
0 0.44214796409918367 0.1922175624471177 0.02079002079002079 0.030165912518853696
0 0.4455098625830334 0.18490048927638603 0.02079002079002079 0.030165912518853696
0 0.4522336595507328 0.18733951366662993 0.02079002079002079 0.030165912518853696
0 0.45671619086253235 0.1832744730162234 0.02079002079002079 0.030165912518853696
0 0.4499923938948329 0.1905915461869551 0.02079002079002079 0.030165912518853696
0 0.45335429237868263 0.1938435787072803 0.02079002079002079 0.030165912518853696
0 0.45727650727650726 0.19953463561784943 0.02079002079002079 0.030165912518853696
0 0.46231935500228183 0.1938435787072803 0.02079002079002079 0.030165912518853696
0 0.4651209370721566 0.1905915461869551 0.02079002079002079 0.030165912518853696
0 0.471284417625881 0.19790861935768683 0.02079002079002079 0.030165912518853696
0 0.47464631610973074 0.1905915461869551 0.02079002079002079 0.030165912518853696
0 0.48249074590538005 0.1881525217967112 0.02079002079002079 0.030165912518853696
0 0.49201612494295427 0.1922175624471177 0.02079002079002079 0.030165912518853696
0 0.4864129608032048 0.1938435787072803 0.02079002079002079 0.030165912518853696
0 0.48865422645910456 0.18733951366662993 0.02079002079002079 0.030165912518853696
0 0.4987399219106536 0.18490048927638603 0.02079002079002079 0.030165912518853696
0 0.4365447999594341 0.19953463561784943 0.02079002079002079 0.030165912518853696
0 0.42757973733583493 0.19465658683736164 0.02079002079002079 0.030165912518853696
0 0.4292606865777598 0.1881525217967112 0.02079002079002079 0.030165912518853696
0 0.4331829014755844 0.1922175624471177 0.02079002079002079 0.030165912518853696
0 0.4118908777445363 0.1905915461869551 0.02079002079002079 0.030165912518853696
0 0.40740834643273677 0.1905915461869551 0.02079002079002079 0.030165912518853696
0 0.3984432838091375 0.1922175624471177 0.02079002079002079 0.030165912518853696
0 0.4090892956746615 0.20522569252841855 0.02079002079002079 0.030165912518853696
0 0.27674352674352676 0.19567197508373976 0.02079002079002079 0.030165912518853696
0 0.28123903123903127 0.1978462713756831 0.02079002079002079 0.030165912518853696
0 0.28973053973053975 0.20147009852892206 0.02079002079002079 0.030165912518853696
0 0.26875151875151876 0.1761033084562496 0.02079002079002079 0.030165912518853696
0 0.26725301725301726 0.1891490862079097 0.02079002079002079 0.030165912518853696
0 0.2727475227475228 0.1891490862079097 0.02079002079002079 0.030165912518853696
0 0.2842360342360342 0.1761033084562496 0.02079002079002079 0.030165912518853696
0 0.2792410292410292 0.17465377759495404 0.02079002079002079 0.030165912518853696
0 0.29023004023004023 0.17465377759495404 0.02079002079002079 0.030165912518853696
0 0.2967235467235468 0.1732042467336585 0.02079002079002079 0.030165912518853696
0 0.3027175527175528 0.17175471587236293 0.02079002079002079 0.030165912518853696
0 0.30671355671355677 0.1724794813030107 0.02079002079002079 0.030165912518853696
0 0.3107095607095607 0.16595659242718064 0.02079002079002079 0.030165912518853696
0 0.3157045657045657 0.16740612328847623 0.02079002079002079 0.030165912518853696
0 0.31470556470556466 0.17392901216430628 0.02079002079002079 0.030165912518853696
0 0.30571455571455575 0.17827760474819296 0.02079002079002079 0.030165912518853696
0 0.31870156870156874 0.1775528393175452 0.02079002079002079 0.030165912518853696
0 0.3226975726975727 0.1804519010401363 0.02079002079002079 0.030165912518853696
0 0.32819207819207824 0.18769955534661414 0.02079002079002079 0.030165912518853696
0 0.3266935766935766 0.17392901216430628 0.02079002079002079 0.030165912518853696
0 0.32869157869157867 0.168130888719124 0.02079002079002079 0.030165912518853696
0 0.32469557469557475 0.16740612328847623 0.02079002079002079 0.030165912518853696
0 0.33718308718308715 0.1761033084562496 0.02079002079002079 0.030165912518853696
0 0.3346855846855847 0.16740612328847623 0.02079002079002079 0.030165912518853696
0 0.3411790911790911 0.1688556541497718 0.02079002079002079 0.030165912518853696
0 0.3446755946755946 0.16668135785782845 0.02079002079002079 0.030165912518853696
0 0.34717309717309713 0.17827760474819296 0.02079002079002079 0.030165912518853696
0 0.34367659367659376 0.1855252590546708 0.02079002079002079 0.030165912518853696
0 0.33618408618408613 0.18697478991596636 0.02079002079002079 0.030165912518853696
0 0.33318708318708323 0.1985710368063309 0.02079002079002079 0.030165912518853696
0 0.35216810216810224 0.1891490862079097 0.02079002079002079 0.030165912518853696
0 0.36215811215811217 0.18407572819337525 0.02079002079002079 0.030165912518853696
0 0.3591611091611091 0.18262619733207966 0.02079002079002079 0.030165912518853696
0 0.36565461565461566 0.1761033084562496 0.02079002079002079 0.030165912518853696
0 0.3726476226476227 0.1775528393175452 0.02079002079002079 0.030165912518853696
0 0.37664362664362666 0.17537854302560185 0.02079002079002079 0.030165912518853696
0 0.37164862164862167 0.19204814793050085 0.02079002079002079 0.030165912518853696
0 0.38563463563463557 0.17827760474819296 0.02079002079002079 0.030165912518853696
0 0.3666536166536167 0.19204814793050085 0.02079002079002079 0.030165912518853696
0 0.36215811215811217 0.20074533309827428 0.02079002079002079 0.030165912518853696
