0 0.005044767090139278 0.7327379381516671 0.01953125 0.029411764705882353
0 0.020710828796128376 0.7399967830326322 0.01953125 0.029411764705882353
0 0.058068360556563975 0.7835498523184227 0.01953125 0.029411764705882353
0 0.054453115547489536 0.8742854133304864 0.01953125 0.029411764705882353
0 0.0797598306110104 0.7327379381516671 0.01953125 0.029411764705882353
0 0.15447489413188153 0.7563291840148035 0.01953125 0.029411764705882353
0 0.2243696309739868 0.8543235899078324 0.01953125 0.029411764705882353
0 0.2544966727162736 0.7363673605921496 0.01953125 0.029411764705882353
0 0.3063151845130068 0.7218496708302194 0.01953125 0.029411764705882353
0 0.32318632788868734 0.7835498523184227 0.01953125 0.029411764705882353
0 0.37018451300665467 0.8216587879434895 0.01953125 0.029411764705882353
0 0.35692861464004855 0.7145908259492544 0.01953125 0.029411764705882353
0 0.3906709013914097 0.7309232269314259 0.01953125 0.029411764705882353
0 0.46177071990320634 0.7073319810682893 0.01953125 0.029411764705882353
0 0.4894875983061102 0.7182202483897369 0.01953125 0.029411764705882353
0 0.5280502117362372 0.7073319810682893 0.01953125 0.029411764705882353
0 0.5762534785238961 0.7182202483897369 0.01953125 0.029411764705882353
0 0.6160211736237144 0.7236643820504608 0.01953125 0.029411764705882353
0 0.699171808832426 0.7327379381516671 0.01953125 0.029411764705882353
0 0.7280937689050212 0.7218496708302194 0.01953125 0.029411764705882353
0 0.7835275257108287 0.7200349596099781 0.01953125 0.029411764705882353
0 0.8546273442226257 0.7345526493719083 0.01953125 0.029411764705882353
0 0.9004204476709012 0.7363673605921496 0.01953125 0.029411764705882353
0 0.9546491228070177 0.7345526493719083 0.01953125 0.029411764705882353
0 0.9570592861464007 0.7091466922885306 0.01953125 0.029411764705882353
0 0.9956218995765275 0.7817351410981814 0.01953125 0.029411764705882353
0 0.9956218995765275 0.7073319810682893 0.01953125 0.029411764705882353
0 0.9883914095583789 0.6764818903241876 0.01953125 0.029411764705882353
0 0.942598306110103 0.9468738621401371 0.01953125 0.029411764705882353
0 0.8751137326073807 0.8035116757410767 0.01953125 0.029411764705882353
0 0.6606091954022989 0.8361764777054196 0.01953125 0.029411764705882353
0 0.5822788868723533 0.9069502152948293 0.01953125 0.029411764705882353
0 0.5533569267997581 0.7871792747589053 0.01953125 0.029411764705882353
0 0.005044767090139278 0.6165964200562256 0.01953125 0.029411764705882353
0 0.04360738052026628 0.5784874844311589 0.01953125 0.029411764705882353
0 0.13519358741681797 0.5567109497882637 0.01953125 0.029411764705882353
0 0.16652571082879625 0.5621550834489875 0.01953125 0.029411764705882353
0 0.18098669086509386 0.5694139283299525 0.01953125 0.029411764705882353
0 0.23039503932244412 0.558525661008505 0.01953125 0.029411764705882353
0 0.24124077434966737 0.5694139283299525 0.01953125 0.029411764705882353
0 0.2810084694494858 0.5803021956514003 0.01953125 0.029411764705882353
0 0.34608287961282524 0.5821169068716415 0.01953125 0.029411764705882353
0 0.3774150030248034 0.5875610405323652 0.01953125 0.029411764705882353
0 0.4123623714458561 0.5821169068716415 0.01953125 0.029411764705882353
0 0.4497199032062917 0.5712286395501939 0.01953125 0.029411764705882353
0 0.47261645493042964 0.5621550834489875 0.01953125 0.029411764705882353
0 0.4894875983061102 0.5821169068716415 0.01953125 0.029411764705882353
0 0.4906926799758017 0.5694139283299525 0.01953125 0.029411764705882353
0 0.5907144585601937 0.5675992171097113 0.01953125 0.029411764705882353
0 0.6051754385964913 0.5911904629728478 0.01953125 0.029411764705882353
0 0.614816091954023 0.5748580619906764 0.01953125 0.029411764705882353
0 0.6413278886872354 0.5712286395501939 0.01953125 0.029411764705882353
0 0.658199032062916 0.5784874844311589 0.01953125 0.029411764705882353
0 0.655788868723533 0.5548962385680224 0.01953125 0.029411764705882353
0 0.6798905021173625 0.5821169068716415 0.01953125 0.029411764705882353
0 0.7039921355111919 0.5803021956514003 0.01953125 0.029411764705882353
0 0.7232734422262553 0.5748580619906764 0.01953125 0.029411764705882353
0 0.737734422262553 0.5694139283299525 0.01953125 0.029411764705882353
0 0.7690665456745313 0.5694139283299525 0.01953125 0.029411764705882353
0 0.8088342407743496 0.5784874844311589 0.01953125 0.029411764705882353
0 0.7859376890502117 0.5675992171097113 0.01953125 0.029411764705882353
0 0.8208850574712645 0.5675992171097113 0.01953125 0.029411764705882353
0 0.8305257108287963 0.6256699761574319 0.01953125 0.029411764705882353
0 0.8305257108287963 0.5948198854133304 0.01953125 0.029411764705882353
0 0.8437816091954025 0.6075228639550193 0.01953125 0.029411764705882353
0 0.8437816091954025 0.5784874844311589 0.01953125 0.029411764705882353
0 0.8654730792498488 0.5930051741930891 0.01953125 0.029411764705882353
0 0.8678832425892318 0.5784874844311589 0.01953125 0.029411764705882353
0 0.9004204476709012 0.5875610405323652 0.01953125 0.029411764705882353
0 0.9233169993950393 0.5875610405323652 0.01953125 0.029411764705882353
0 0.9534440411373262 0.5875610405323652 0.01953125 0.029411764705882353
0 0.9510338777979431 0.6002640190740541 0.01953125 0.029411764705882353
0 0.9666999395039323 0.5694139283299525 0.01953125 0.029411764705882353
0 0.9932117362371445 0.6002640190740541 0.01953125 0.029411764705882353
0 0.9883914095583789 0.6292993985979145 0.01953125 0.029411764705882353
0 0.9679050211736239 0.6420023771396034 0.01953125 0.029411764705882353
0 0.8956001209921357 0.6583347781217749 0.01953125 0.029411764705882353
0 0.914881427707199 0.6964437137468417 0.01953125 0.029411764705882353
0 0.8582425892316999 0.6764818903241876 0.01953125 0.029411764705882353
0 0.7485801572897762 0.645631799580086 0.01953125 0.029411764705882353
0 0.7317090139140955 0.6510759332408098 0.01953125 0.029411764705882353
0 0.7690665456745313 0.6583347781217749 0.01953125 0.029411764705882353
0 0.7088124621899579 0.6801113127646702 0.01953125 0.029411764705882353
0 0.6919413188142771 0.6075228639550193 0.01953125 0.029411764705882353
0 0.7148378705384151 0.7145908259492544 0.01953125 0.029411764705882353
0 0.6208415003024804 0.6383729546991208 0.01953125 0.029411764705882353
0 0.5979449485783425 0.6438170883598447 0.01953125 0.029411764705882353
0 0.5364857834240775 0.4750489448774064 0.01953125 0.029411764705882353
0 0.47020629159104665 0.6547053556812923 0.01953125 0.029411764705882353
0 0.437669086509377 0.6438170883598447 0.01953125 0.029411764705882353
0 0.4003115547489414 0.612966997615743 0.01953125 0.029411764705882353
0 0.33162189957652766 0.6347435322586383 0.01953125 0.029411764705882353
0 0.3424676346037508 0.6093375751752605 0.01953125 0.029411764705882353
0 0.2930592861464005 0.6220405537169496 0.01953125 0.029411764705882353
0 0.2641373260738053 0.6565200669015336 0.01953125 0.029411764705882353
0 0.25329159104658217 0.612966997615743 0.01953125 0.029411764705882353
0 0.2641373260738053 0.5930051741930891 0.01953125 0.029411764705882353
0 0.2605220810647308 0.612966997615743 0.01953125 0.029411764705882353
0 0.2388306110102844 0.6801113127646702 0.01953125 0.029411764705882353
0 0.17616636418632803 0.6383729546991208 0.01953125 0.029411764705882353
0 0.18098669086509386 0.5966345966335718 0.01953125 0.029411764705882353
0 0.16773079249848774 0.6057081527347781 0.01953125 0.029411764705882353
0 0.2785983061101029 0.705517269848048 0.01953125 0.029411764705882353
0 0.13519358741681797 0.6837407352051528 0.01953125 0.029411764705882353
0 0.10024621899576543 0.6420023771396034 0.01953125 0.029411764705882353
0 0.10988687235329712 0.6184111312764669 0.01953125 0.029411764705882353
0 0.1327834240774351 0.6038934415145367 0.01953125 0.029411764705882353
0 0.061683605565638344 0.6438170883598447 0.01953125 0.029411764705882353
0 0.06650393224440426 0.6837407352051528 0.01953125 0.029411764705882353
0 0.020710828796128376 0.6710377566634639 0.01953125 0.029411764705882353
0 0.032761645493043105 0.6982584249670829 0.01953125 0.029411764705882353
0 0.003839685420447798 0.6728524678837051 0.01953125 0.029411764705882353
0 0.12500483968542042 0.6283920429877938 0.01953125 0.029411764705882353
0 0.22442407743496667 0.7345526493719082 0.01953125 0.029411764705882353
0 0.17381064730792495 0.7118687591188922 0.01953125 0.029411764705882353
0 0.2672044767090138 0.6755745347140669 0.01953125 0.029411764705882353
0 0.7147834240774349 0.6542516778762322 0.01953125 0.029411764705882353
0 0.6774258923169995 0.5653308280844097 0.01953125 0.029411764705882353
0 0.6701954022988506 0.5426469378313937 0.01953125 0.029411764705882353
0 0.6382607380520265 0.5462763602718763 0.01953125 0.029411764705882353
0 0.5629431336963098 0.5499057827123589 0.01953125 0.029411764705882353
0 0.07170719903206287 0.32215952457207897 0.01953125 0.029411764705882353
0 0.07441863278886869 0.31172493505569165 0.01953125 0.029411764705882353
0 0.11358378705384145 0.2881336891925551 0.01953125 0.029411764705882353
0 0.11659649122807011 0.2881336891925551 0.01953125 0.029411764705882353
0 0.1093660012099213 0.29766092309882186 0.01953125 0.029411764705882353
0 0.1111736237144585 0.3634442048325679 0.01953125 0.029411764705882353
0 0.11132425892316997 0.3815913170349806 0.01953125 0.029411764705882353
0 0.13557652752571078 0.3645783993452187 0.01953125 0.029411764705882353
0 0.07577434966727158 0.3418945090922028 0.01953125 0.029411764705882353
0 0.07517180883242583 0.33486250311376786 0.01953125 0.029411764705882353
0 0.08164912280701749 0.3341819864061774 0.01953125 0.029411764705882353
0 0.09068723532970352 0.32737681933027263 0.01953125 0.029411764705882353
0 0.08903024803387775 0.33531618091882814 0.01953125 0.029411764705882353
0 0.09821899576527521 0.3525559375111203 0.01953125 0.029411764705882353
0 0.07517180883242583 0.35890742678196474 0.01953125 0.029411764705882353
0 0.10093042952208099 0.3657125938578695 0.01953125 0.029411764705882353
0 0.1182534785238959 0.35822691007437424 0.01953125 0.029411764705882353
0 0.13587779794313365 0.3266963026226821 0.01953125 0.029411764705882353
0 0.16058197217180878 0.3230668801821996 0.01953125 0.029411764705882353
0 0.15365275257108282 0.3253352692075012 0.01953125 0.029411764705882353
0 0.15967816091954015 0.33032572506316465 0.01953125 0.029411764705882353
0 0.1660048396854204 0.32896469164798375 0.01953125 0.029411764705882353
0 0.09520629159104656 0.3716104053236536 0.01953125 0.029411764705882353
0 0.08948215366001207 0.3716104053236536 0.01953125 0.029411764705882353
0 0.08134785238959465 0.3561853599516028 0.01953125 0.029411764705882353
0 0.14970901391409547 0.2436732642966439 0.01953125 0.029411764705882353
0 0.1729068360556563 0.24185855307640258 0.01953125 0.029411764705882353
0 0.16206110102843307 0.24276590868652323 0.01953125 0.029411764705882353
0 0.20875801572897754 0.23187764136507558 0.01953125 0.029411764705882353
0 0.22713551119177247 0.23051660794989465 0.01953125 0.029411764705882353
0 0.24310284331518445 0.2436732642966439 0.01953125 0.029411764705882353
0 0.26871082879612823 0.24594165332194548 0.01953125 0.029411764705882353
0 0.2819667271627344 0.24095119746628196 0.01953125 0.029411764705882353
0 0.2894984875983061 0.24276590868652323 0.01953125 0.029411764705882353
0 0.2952226255293406 0.2436732642966439 0.01953125 0.029411764705882353
0 0.2976327888687235 0.24276590868652323 0.01953125 0.029411764705882353
0 0.32896491228070174 0.24594165332194548 0.01953125 0.029411764705882353
0 0.3054658197217181 0.300836667734244 0.01953125 0.029411764705882353
0 0.28588324258923165 0.2999293121241234 0.01953125 0.029411764705882353
0 0.3259522081064731 0.2953925340735201 0.01953125 0.029411764705882353
0 0.3515601935874168 0.2981146009038821 0.01953125 0.029411764705882353
0 0.3401119177253478 0.2935778228532789 0.01953125 0.029411764705882353
0 0.25394857834240764 0.3403066367744922 0.01953125 0.029411764705882353
0 0.27142226255293395 0.33576985872388904 0.01953125 0.029411764705882353
0 0.3648160919540229 0.3130859684708731 0.01953125 0.029411764705882353
0 0.3672262552934058 0.3003829899291842 0.01953125 0.029411764705882353
0 0.39765456745311545 0.30991022383545086 0.01953125 0.029411764705882353
0 0.410006654567453 0.2944851784634001 0.01953125 0.029411764705882353
0 0.3967507562008468 0.3298720472581049 0.01953125 0.029411764705882353
0 0.430493042952208 0.3008366677342445 0.01953125 0.029411764705882353
0 0.46604295220810643 0.31127125725063187 0.01953125 0.029411764705882353
0 0.48743315184513 0.2994756343190636 0.01953125 0.029411764705882353
0 0.508220810647308 0.327149980427743 0.01953125 0.029411764705882353
0 0.494362371445856 0.33576985872388904 0.01953125 0.029411764705882353
0 0.4482679975801572 0.34983387068075894 0.01953125 0.029411764705882353
0 0.46845311554748936 0.35482432653642243 0.01953125 0.029411764705882353
0 0.4759848759830611 0.35391697092630175 0.01953125 0.029411764705882353
0 0.4871318814277071 0.3634442048325685 0.01953125 0.029411764705882353
0 0.43651845130066536 0.37206408312871453 0.01953125 0.029411764705882353
0 0.42476890502117354 0.3611758158072669 0.01953125 0.029411764705882353
0 0.41542952208106465 0.35482432653642243 0.01953125 0.029411764705882353
0 0.40066727162734406 0.35482432653642243 0.01953125 0.029411764705882353
0 0.4066926799758015 0.3648052382477494 0.01953125 0.029411764705882353
0 0.40940411373260727 0.3466581260453367 0.01953125 0.029411764705882353
0 0.396449485783424 0.37387879434895577 0.01953125 0.029411764705882353
0 0.4220574712643677 0.4038215294829368 0.01953125 0.029411764705882353
0 0.4018723532970355 0.43421794242197814 0.01953125 0.029411764705882353
0 0.42778160919540215 0.4405694316928226 0.01953125 0.029411764705882353
0 0.4588124621899576 0.44646724315860675 0.01953125 0.029411764705882353
0 0.4817090139140955 0.4328569090067972 0.01953125 0.029411764705882353
0 0.4808052026618269 0.39701636240703203 0.01953125 0.029411764705882353
0 0.5064131881427706 0.38340602825522246 0.01953125 0.029411764705882353
0 0.5190665456745311 0.36661994946799065 0.01953125 0.029411764705882353
0 0.535335148215366 0.35890742678196524 0.01953125 0.029411764705882353
0 0.5190665456745311 0.3938406177716098 0.01953125 0.029411764705882353
0 0.5076182698124622 0.45508712145475283 0.01953125 0.029411764705882353
0 0.5488923169993951 0.3657125938578699 0.01953125 0.029411764705882353
0 0.5558215366001211 0.3652589160528096 0.01953125 0.029411764705882353
0 0.5711863278886874 0.3625368492224477 0.01953125 0.029411764705882353
0 0.56726981246219 0.3702493719084732 0.01953125 0.029411764705882353
0 0.5645583787053843 0.33077940286822544 0.01953125 0.029411764705882353
0 0.5708850574712645 0.33077940286822544 0.01953125 0.029411764705882353
0 0.5748015728977618 0.34166767018967303 0.01953125 0.029411764705882353
0 0.5871536600120993 0.34801915946051754 0.01953125 0.029411764705882353
0 0.5853460375075622 0.33849192555425084 0.01953125 0.029411764705882353
0 0.5898650937689052 0.33214043628340634 0.01953125 0.029411764705882353
0 0.5892625529340595 0.32079849115689835 0.01953125 0.029411764705882353
0 0.599505747126437 0.3230668801822 0.01953125 0.029411764705882353
0 0.583538415003025 0.3303257250631651 0.01953125 0.029411764705882353
0 0.592576527525711 0.35119490409593973 0.01953125 0.029411764705882353
0 0.5976981246218998 0.35210225970606035 0.01953125 0.029411764705882353
0 0.6100502117362374 0.35255593751112063 0.01953125 0.029411764705882353
0 0.613062915910466 0.33849192555425084 0.01953125 0.029411764705882353
0 0.6217997580157292 0.33168675847834606 0.01953125 0.029411764705882353
0 0.619690865093769 0.3303257250631651 0.01953125 0.029411764705882353
0 0.6239086509376892 0.32533526920750155 0.01953125 0.029411764705882353
0 0.6287289776164551 0.3285110138429238 0.01953125 0.029411764705882353
0 0.6323442226255296 0.3294183694530444 0.01953125 0.029411764705882353
0 0.633549304295221 0.3226132023771397 0.01953125 0.029411764705882353
0 0.6486128251663644 0.32578894701256184 0.01953125 0.029411764705882353
0 0.651625529340593 0.32578894701256184 0.01953125 0.029411764705882353
0 0.6320429522081067 0.35845374897690485 0.01953125 0.029411764705882353
0 0.5754041137326076 0.43058851998149544 0.01953125 0.029411764705882353
0 0.5663660012099215 0.42514438632077167 0.01953125 0.029411764705882353
0 0.5570266182698125 0.42514438632077167 0.01953125 0.029411764705882353
0 0.5552189957652753 0.455540799259813 0.01953125 0.029411764705882353
0 0.5407580157289776 0.41607083021956526 0.01953125 0.029411764705882353
0 0.5886600120992137 0.4219686416853494 0.01953125 0.029411764705882353
0 0.5976981246218998 0.41470979680438436 0.01953125 0.029411764705882353
0 0.599505747126437 0.47187320024198454 0.01953125 0.029411764705882353
0 0.613062915910466 0.4537260880395717 0.01953125 0.029411764705882353
0 0.6121591046581973 0.4283201309561939 0.01953125 0.029411764705882353
0 0.6305366001209924 0.40926566314366053 0.01953125 0.029411764705882353
0 0.6419848759830613 0.4101730187537812 0.01953125 0.029411764705882353
0 0.624511191772535 0.45735551048005435 0.01953125 0.029411764705882353
0 0.6133641863278888 0.47232687804704476 0.01953125 0.029411764705882353
0 0.6413823351482155 0.478224689512829 0.01953125 0.029411764705882353
0 0.6428886872353299 0.43875472047258124 0.01953125 0.029411764705882353
0 0.6555420447670903 0.435578975837159 0.01953125 0.029411764705882353
0 0.6687979431336966 0.4274127753460733 0.01953125 0.029411764705882353
0 0.6660865093768907 0.41334876338920334 0.01953125 0.029411764705882353
0 0.6868741681790685 0.47232687804704476 0.01953125 0.029411764705882353
0 0.6844640048396857 0.44918930998896855 0.01953125 0.029411764705882353
0 0.6886817906836058 0.44918930998896855 0.01953125 0.029411764705882353
0 0.6965148215366004 0.4546334436496924 0.01953125 0.029411764705882353
0 0.7013351482153664 0.4451062097434257 0.01953125 0.029411764705882353
0 0.6962135511191776 0.478224689512829 0.01953125 0.029411764705882353
0 0.704347852389595 0.4791320451229496 0.01953125 0.029411764705882353
0 0.7185075620084698 0.47686365609764797 0.01953125 0.029411764705882353
0 0.7221228070175442 0.4696048112166829 0.01953125 0.029411764705882353
0 0.7311609195402302 0.4514576990142702 0.01953125 0.029411764705882353
0 0.7386926799758019 0.4432914985231844 0.01953125 0.029411764705882353
0 0.736282516636419 0.46733642219138133 0.01953125 0.029411764705882353
0 0.7266418632788872 0.4097193409487208 0.01953125 0.029411764705882353
0 0.7118796128251667 0.4124414077790827 0.01953125 0.029411764705882353
0 0.6805474894131884 0.4124414077790827 0.01953125 0.029411764705882353
0 0.6944059286146402 0.43467162022703837 0.01953125 0.029411764705882353
0 0.7055529340592864 0.4260517419308923 0.01953125 0.029411764705882353
0 0.7269431336963101 0.3575463933667842 0.01953125 0.029411764705882353
0 0.7395964912280706 0.3534632931212413 0.01953125 0.029411764705882353
0 0.7173024803387782 0.36208317141738733 0.01953125 0.029411764705882353
0 0.6910919540229888 0.3638978826376286 0.01953125 0.029411764705882353
0 0.72483424077435 0.35936110458702547 0.01953125 0.029411764705882353
0 0.6974186327888691 0.35845374897690485 0.01953125 0.029411764705882353
0 0.667894131881428 0.3607221380022064 0.01953125 0.029411764705882353
0 0.6754258923169997 0.3589074267819652 0.01953125 0.029411764705882353
0 0.6672915910465822 0.34166767018967303 0.01953125 0.029411764705882353
0 0.6766309739866911 0.33168675847834606 0.01953125 0.029411764705882353
0 0.6886817906836058 0.3167153909113555 0.01953125 0.029411764705882353
0 0.6953097398669089 0.32397423579232065 0.01953125 0.029411764705882353
0 0.7016364186327891 0.3294183694530444 0.01953125 0.029411764705882353
0 0.7061554748941322 0.3189837799366571 0.01953125 0.029411764705882353
0 0.7028415003024806 0.32034481335183806 0.01953125 0.029411764705882353
0 0.7121808832425895 0.33214043628340634 0.01953125 0.029411764705882353
0 0.7163986690865097 0.33486250311376825 0.01953125 0.029411764705882353
0 0.7233278886872356 0.33168675847834606 0.01953125 0.029411764705882353
0 0.7260393224440415 0.3244279135973809 0.01953125 0.029411764705882353
0 0.7179050211736241 0.3244279135973809 0.01953125 0.029411764705882353
0 0.7356799758015732 0.31807642432653643 0.01953125 0.029411764705882353
0 0.7395964912280706 0.3285110138429238 0.01953125 0.029411764705882353
0 0.7308596491228073 0.3325941140884667 0.01953125 0.029411764705882353
0 0.6859703569268001 0.3303257250631651 0.01953125 0.029411764705882353
0 0.6832589231699943 0.3226132023771397 0.01953125 0.029411764705882353
0 0.6775347852389597 0.32397423579232065 0.01953125 0.029411764705882353
0 0.5964385964912282 0.49591812391018086 0.01953125 0.029411764705882353
0 0.6048741681790685 0.48457617878367293 0.01953125 0.029411764705882353
0 0.6235529340592862 0.48956663463933636 0.01953125 0.029411764705882353
0 0.6042716273442227 0.5485447492971778 0.01953125 0.029411764705882353
0 0.6226491228070177 0.5399248710010317 0.01953125 0.029411764705882353
0 0.6464494857834242 0.5276755702644031 0.01953125 0.029411764705882353
0 0.6600066545674532 0.5176946585530761 0.01953125 0.029411764705882353
0 0.6732625529340593 0.5208704031884983 0.01953125 0.029411764705882353
0 0.6798905021173625 0.5009085797658444 0.01953125 0.029411764705882353
0 0.6554875983061103 0.4814004341482507 0.01953125 0.029411764705882353
0 0.644641863278887 0.4646143553610189 0.01953125 0.029411764705882353
0 0.705799758015729 0.5072600690366889 0.01953125 0.029411764705882353
0 0.7067035692679977 0.49773283513042216 0.01953125 0.029411764705882353
0 0.7169467634603752 0.5149725917227141 0.01953125 0.029411764705882353
0 0.7184531155474895 0.5408322266111524 0.01953125 0.029411764705882353
0 0.7124277071990321 0.530397637094765 0.01953125 0.029411764705882353
0 0.7018832425892317 0.5335733817301873 0.01953125 0.029411764705882353
0 0.6886273442226256 0.5281292480694635 0.01953125 0.029411764705882353
0 0.6838070175438598 0.5176946585530761 0.01953125 0.029411764705882353
0 0.6988705384150031 0.5689602505248921 0.01953125 0.029411764705882353
0 0.6946527525710828 0.5612477278388667 0.01953125 0.029411764705882353
0 0.6874222625529341 0.5381101597807905 0.01953125 0.029411764705882353
0 0.6940502117362373 0.5344807373403078 0.01953125 0.029411764705882353
0 0.737734422262553 0.5358417707554889 0.01953125 0.029411764705882353
0 0.7274912280701755 0.5276755702644031 0.01953125 0.029411764705882353
0 0.7371318814277072 0.5199630475783777 0.01953125 0.029411764705882353
0 0.7350229885057472 0.5058990356215078 0.01953125 0.029411764705882353
0 0.7320102843315185 0.4941034126899395 0.01953125 0.029411764705882353
0 0.7482788868723534 0.5072600690366889 0.01953125 0.029411764705882353
0 0.7615347852389596 0.471873200241984 0.01953125 0.029411764705882353
0 0.758522081064731 0.46143861072559667 0.01953125 0.029411764705882353
0 0.7630411373260738 0.45780918828511413 0.01953125 0.029411764705882353
0 0.7633424077434968 0.4446525319383649 0.01953125 0.029411764705882353
0 0.7720792498487599 0.4342179424219776 0.01953125 0.029411764705882353
0 0.7497852389594677 0.4128950855841427 0.01953125 0.029411764705882353
0 0.7642462189957653 0.40881198533859975 0.01953125 0.029411764705882353
0 0.7729830611010285 0.4069972741183585 0.01953125 0.029411764705882353
0 0.7642462189957653 0.500454901960784 0.01953125 0.029411764705882353
0 0.760630973986691 0.5104358136721111 0.01953125 0.029411764705882353
0 0.7524966727162735 0.5140652361125936 0.01953125 0.029411764705882353
0 0.7506890502117364 0.5208704031884983 0.01953125 0.029411764705882353
0 0.753701754385965 0.5231387922138 0.01953125 0.029411764705882353
0 0.7561119177253479 0.5281292480694635 0.01953125 0.029411764705882353
0 0.7476763460375075 0.5421932600263333 0.01953125 0.029411764705882353
0 0.7530992135511193 0.5558035941781428 0.01953125 0.029411764705882353
0 0.7600284331518452 0.5567109497882634 0.01953125 0.029411764705882353
0 0.7678614640048398 0.5408322266111524 0.01953125 0.029411764705882353
0 0.764848759830611 0.5313049927048856 0.01953125 0.029411764705882353
0 0.7723805202661828 0.5263145368492221 0.01953125 0.029411764705882353
0 0.7651500302480339 0.5231387922138 0.01953125 0.029411764705882353
0 0.7594258923169994 0.5213240809935586 0.01953125 0.029411764705882353
0 0.7615347852389596 0.5167873029429554 0.01953125 0.029411764705882353
0 0.7654513006654569 0.5136115583075332 0.01953125 0.029411764705882353
0 0.782924984875983 0.5122505248923522 0.01953125 0.029411764705882353
0 0.7880465819721718 0.5149725917227141 0.01953125 0.029411764705882353
0 0.7790084694494859 0.5199630475783777 0.01953125 0.029411764705882353
0 0.7889503932244405 0.5313049927048856 0.01953125 0.029411764705882353
0 0.7814186327888689 0.5340270595352475 0.01953125 0.029411764705882353
0 0.7880465819721718 0.5440079712465745 0.01953125 0.029411764705882353
0 0.7979885057471264 0.5526278495427206 0.01953125 0.029411764705882353
0 0.8157634603750757 0.5435542934415143 0.01953125 0.029411764705882353
0 0.8049177253478526 0.530397637094765 0.01953125 0.029411764705882353
0 0.7979885057471264 0.5254071812391015 0.01953125 0.029411764705882353
0 0.799193587416818 0.5068063912316285 0.01953125 0.029411764705882353
0 0.8091355111917725 0.5186020141631967 0.01953125 0.029411764705882353
0 0.8175710828796129 0.5149725917227141 0.01953125 0.029411764705882353
0 0.8178723532970357 0.5254071812391015 0.01953125 0.029411764705882353
0 0.8241990320629159 0.5254071812391015 0.01953125 0.029411764705882353
0 0.8220901391409557 0.5099821358670507 0.01953125 0.029411764705882353
0 0.8139558378705384 0.49773283513042216 0.01953125 0.029411764705882353
0 0.8076291591046584 0.491835023664638 0.01953125 0.029411764705882353
0 0.7964821536600122 0.4741415892672856 0.01953125 0.029411764705882353
0 0.8094367816091955 0.46552171097113954 0.01953125 0.029411764705882353
0 0.797084694494858 0.4351252980320982 0.01953125 0.029411764705882353
0 0.8133532970356927 0.4324032312017363 0.01953125 0.029411764705882353
0 0.8118469449485782 0.4432914985231839 0.01953125 0.029411764705882353
0 0.8000973986690866 0.40745095192341885 0.01953125 0.029411764705882353
0 0.8100393224440413 0.4051825628981172 0.01953125 0.029411764705882353
0 0.8172698124621899 0.4160708302195648 0.01953125 0.029411764705882353
0 0.755153660012099 0.34529709263015523 0.01953125 0.029411764705882353
0 0.7464168179068359 0.3462044482402759 0.01953125 0.029411764705882353
0 0.7476218995765274 0.32125216896195835 0.01953125 0.029411764705882353
0 0.7428015728977616 0.31308596847087267 0.01953125 0.029411764705882353
0 0.7473206291591046 0.30764183481014884 0.01953125 0.029411764705882353
0 0.7581663641863279 0.31217861286075205 0.01953125 0.029411764705882353
0 0.7476218995765274 0.31036390164051075 0.01953125 0.029411764705882353
0 0.7696146400483967 0.3217058467670187 0.01953125 0.029411764705882353
0 0.7690120992135511 0.31353964627593295 0.01953125 0.029411764705882353
0 0.7765438596491228 0.3516485819009996 0.01953125 0.029411764705882353
0 0.7786527525710827 0.3462044482402759 0.01953125 0.029411764705882353
0 0.7629866908650936 0.35890742678196486 0.01953125 0.029411764705882353
0 0.755153660012099 0.3303257250631647 0.01953125 0.029411764705882353
0 0.7822679975801572 0.3516485819009996 0.01953125 0.029411764705882353
0 0.7828705384150029 0.34529709263015523 0.01953125 0.029411764705882353
0 0.78256926799758 0.3344088253087076 0.01953125 0.029411764705882353
0 0.7864857834240773 0.33259411408846634 0.01953125 0.029411764705882353
0 0.7894984875983061 0.3462044482402759 0.01953125 0.029411764705882353
0 0.791607380520266 0.3516485819009996 0.01953125 0.029411764705882353
0 0.7961264367816091 0.3493801928756981 0.01953125 0.029411764705882353
0 0.794017543859649 0.3439360592149742 0.01953125 0.029411764705882353
0 0.7943188142770718 0.3244279135973806 0.01953125 0.029411764705882353
0 0.8036581972171808 0.32624262481762184 0.01953125 0.029411764705882353
0 0.8000429522081064 0.3117249350556917 0.01953125 0.029411764705882353
0 0.8042607380520265 0.3117249350556917 0.01953125 0.029411764705882353
0 0.8099848759830609 0.3303257250631647 0.01953125 0.029411764705882353
0 0.8172153660012098 0.33259411408846634 0.01953125 0.029411764705882353
0 0.8157090139140954 0.31989113554677745 0.01953125 0.029411764705882353
0 0.8202280701754384 0.32397423579232026 0.01953125 0.029411764705882353
0 0.8208306110102842 0.3149006796911139 0.01953125 0.029411764705882353
0 0.8274585601935873 0.3185301021315964 0.01953125 0.029411764705882353
0 0.8220356926799758 0.342121347994733 0.01953125 0.029411764705882353
0 0.8407144585601934 0.3475654816554568 0.01953125 0.029411764705882353
0 0.8367979431336962 0.32624262481762184 0.01953125 0.029411764705882353
0 0.8446309739866907 0.3244279135973806 0.01953125 0.029411764705882353
0 0.8374004839685419 0.3167153909113552 0.01953125 0.029411764705882353
0 0.8443297035692678 0.3117249350556917 0.01953125 0.029411764705882353
0 0.8449322444041135 0.3044660901747266 0.01953125 0.029411764705882353
0 0.8548741681790683 0.3253352692075012 0.01953125 0.029411764705882353
0 0.8503551119177253 0.31626171310629486 0.01953125 0.029411764705882353
0 0.8545728977616454 0.3366772143340092 0.01953125 0.029411764705882353
0 0.8615021173623713 0.33395514750364724 0.01953125 0.029411764705882353
0 0.8654186327888685 0.3307794028682251 0.01953125 0.029411764705882353
0 0.8612008469449485 0.31626171310629486 0.01953125 0.029411764705882353
0 0.8672262552934057 0.32079849115689807 0.01953125 0.029411764705882353
0 0.8762643678160917 0.3217058467670187 0.01953125 0.029411764705882353
0 0.8795783424077434 0.3117249350556917 0.01953125 0.029411764705882353
0 0.8967507562008468 0.3108175794455711 0.01953125 0.029411764705882353
0 0.8533678160919539 0.3475654816554568 0.01953125 0.029411764705882353
0 0.8449322444041135 0.3462044482402759 0.01953125 0.029411764705882353
0 0.8744567453115546 0.3525559375111203 0.01953125 0.029411764705882353
0 0.8846999395039321 0.350741226290879 0.01953125 0.029411764705882353
0 0.8810846944948577 0.34302870360485366 0.01953125 0.029411764705882353
0 0.8913278886872352 0.343482381409914 0.01953125 0.029411764705882353
0 0.9036799758015728 0.362083171417387 0.01953125 0.029411764705882353
0 0.919044767090139 0.35300961531618064 0.01953125 0.029411764705882353
0 0.9178396854204475 0.340760314579552 0.01953125 0.029411764705882353
0 0.9027761645493042 0.32851101384292347 0.01953125 0.029411764705882353
0 0.8937380520266182 0.3271499804277425 0.01953125 0.029411764705882353
0 0.8970520266182697 0.3271499804277425 0.01953125 0.029411764705882353
0 0.9048850574712641 0.31217861286075205 0.01953125 0.029411764705882353
0 0.9136218995765274 0.31036390164051075 0.01953125 0.029411764705882353
0 0.9160320629159103 0.3217058467670187 0.01953125 0.029411764705882353
0 0.9226600120992133 0.3303257250631647 0.01953125 0.029411764705882353
0 0.9265765275257106 0.31807642432653616 0.01953125 0.029411764705882353
0 0.9319993950393224 0.31308596847087267 0.01953125 0.029411764705882353
0 0.9377235329703568 0.32306688018219964 0.01953125 0.029411764705882353
0 0.9338070175438595 0.3253352692075012 0.01953125 0.029411764705882353
0 0.9482679975801571 0.3185301021315964 0.01953125 0.029411764705882353
0 0.9708632788868722 0.31535435749617424 0.01953125 0.029411764705882353
0 0.9720683605565636 0.3856744172805235 0.01953125 0.029411764705882353
0 0.9591137326073803 0.4246907085157109 0.01953125 0.029411764705882353
0 0.9527870538415003 0.44056943169282203 0.01953125 0.029411764705882353
0 0.9506781609195402 0.419246574854987 0.01953125 0.029411764705882353
0 0.9624277071990318 0.44238414291306327 0.01953125 0.029411764705882353
0 0.8286636418632788 0.43194955339667596 0.01953125 0.029411764705882353
0 0.8244458560193587 0.4051825628981172 0.01953125 0.029411764705882353
0 0.8199267997580156 0.41153405216896166 0.01953125 0.029411764705882353
0 0.8355928614640047 0.4065435963132981 0.01953125 0.029411764705882353
0 0.8416182698124621 0.4083583075335394 0.01953125 0.029411764705882353
0 0.8419195402298849 0.4278664531511331 0.01953125 0.029411764705882353
0 0.8521627344222624 0.4215149638802887 0.01953125 0.029411764705882353
0 0.8693351482153658 0.40109946265257435 0.01953125 0.029411764705882353
0 0.8738542044767089 0.4083583075335394 0.01953125 0.029411764705882353
0 0.8843986690865093 0.4083583075335394 0.01953125 0.029411764705882353
0 0.8798796128251662 0.4065435963132981 0.01953125 0.029411764705882353
0 0.8934367816091954 0.39565532899185046 0.01953125 0.029411764705882353
0 0.9000647307924984 0.3961090067969109 0.01953125 0.029411764705882353
0 0.9100066545674529 0.41833921924486644 0.01953125 0.029411764705882353
0 0.8997634603750754 0.4228759972954696 0.01953125 0.029411764705882353
0 0.8756618269812461 0.4246907085157109 0.01953125 0.029411764705882353
0 0.8678287961282516 0.42242231949040926 0.01953125 0.029411764705882353
0 0.9223587416817906 0.4128950855841427 0.01953125 0.029411764705882353
0 0.9286854204476708 0.4178855414398061 0.01953125 0.029411764705882353
0 0.8289649122807017 0.4863908900039143 0.01953125 0.029411764705882353
0 0.8398106473079248 0.47414158926728567 0.01953125 0.029411764705882353
0 0.837099213551119 0.49364973488487934 0.01953125 0.029411764705882353
0 0.837099213551119 0.5394711931959714 0.01953125 0.029411764705882353
0 0.8545728977616454 0.5521741717376604 0.01953125 0.029411764705882353
0 0.8467398669086509 0.5494521049072983 0.01953125 0.029411764705882353
0 0.8572843315184512 0.5390175153909111 0.01953125 0.029411764705882353
0 0.8545728977616454 0.5290366036795842 0.01953125 0.029411764705882353
0 0.8596944948578341 0.5127042026974127 0.01953125 0.029411764705882353
0 0.8666237144585599 0.5063527134265683 0.01953125 0.029411764705882353
0 0.8536690865093768 0.5117968470872921 0.01953125 0.029411764705882353
0 0.8479449485783422 0.495918123910181 0.01953125 0.029411764705882353
0 0.8527652752571081 0.49183502366463805 0.01953125 0.029411764705882353
0 0.8621046581972169 0.4904739902494571 0.01953125 0.029411764705882353
0 0.8587906836055653 0.47323423365716505 0.01953125 0.029411764705882353
0 0.848246218995765 0.47323423365716505 0.01953125 0.029411764705882353
0 0.8512589231699937 0.4673364221913809 0.01953125 0.029411764705882353
0 0.8458360556563821 0.4510040212092095 0.01953125 0.029411764705882353
0 0.8401119177253477 0.46416067755595863 0.01953125 0.029411764705882353
0 0.8898215366001208 0.5948198854133303 0.01953125 0.029411764705882353
0 0.8898215366001208 0.5580719832034444 0.01953125 0.029411764705882353
0 0.8798796128251662 0.5635161168641684 0.01953125 0.029411764705882353
0 0.8765656382335146 0.5521741717376604 0.01953125 0.029411764705882353
0 0.8666237144585599 0.5539888829579016 0.01953125 0.029411764705882353
0 0.8795783424077432 0.540378548806092 0.01953125 0.029411764705882353
0 0.8705402298850573 0.5199630475783777 0.01953125 0.029411764705882353
0 0.8777707199032061 0.5117968470872921 0.01953125 0.029411764705882353
0 0.8834948578342406 0.49274237927475867 0.01953125 0.029411764705882353
0 0.8783732607380519 0.4836688231735523 0.01953125 0.029411764705882353
0 0.8780719903206291 0.4673364221913809 0.01953125 0.029411764705882353
0 0.8780719903206291 0.4510040212092095 0.01953125 0.029411764705882353
0 0.887384150030248 0.44918930998896817 0.01953125 0.029411764705882353
0 0.8931082879612824 0.45145769901426974 0.01953125 0.029411764705882353
0 0.8928070175438595 0.46370699975089835 0.01953125 0.029411764705882353
0 0.9006400483968541 0.48003940073306983 0.01953125 0.029411764705882353
0 0.8973260738052027 0.49183502366463816 0.01953125 0.029411764705882353
0 0.8861790683605565 0.4696048112166825 0.01953125 0.029411764705882353
0 0.8819612825166364 0.46053125511547616 0.01953125 0.029411764705882353
0 0.9036527525710829 0.5204167253834381 0.01953125 0.029411764705882353
0 0.9084730792498487 0.5154262695277746 0.01953125 0.029411764705882353
0 0.9045565638233514 0.48956663463933653 0.01953125 0.029411764705882353
0 0.9265493042952208 0.5176946585530763 0.01953125 0.029411764705882353
0 0.9256454930429521 0.5081674246468095 0.01953125 0.029411764705882353
0 0.916908650937689 0.5027232909860857 0.01953125 0.029411764705882353
0 0.916607380520266 0.5086211024518699 0.01953125 0.029411764705882353
0 0.9172099213551118 0.5431006156364541 0.01953125 0.029411764705882353
0 0.9069667271627343 0.545822682466816 0.01953125 0.029411764705882353
0 0.8997362371445856 0.5626087612540477 0.01953125 0.029411764705882353
0 0.9111845130066545 0.5585256610085049 0.01953125 0.029411764705882353
0 0.9111845130066545 0.584385295896943 0.01953125 0.029411764705882353
0 0.9208251663641863 0.573043350770435 0.01953125 0.029411764705882353
0 0.9274531155474893 0.5607940500338064 0.01953125 0.029411764705882353
0 0.9292607380520265 0.5417395822212732 0.01953125 0.029411764705882353
0 0.9352861464004839 0.5385638375858509 0.01953125 0.029411764705882353
0 0.9346836055656382 0.5267682146542827 0.01953125 0.029411764705882353
0 0.9407090139140954 0.5195093697733175 0.01953125 0.029411764705882353
0 0.944022988505747 0.5362954485605492 0.01953125 0.029411764705882353
0 0.9446255293405927 0.5521741717376605 0.01953125 0.029411764705882353
0 0.9488433151845129 0.5480910714921177 0.01953125 0.029411764705882353
0 0.9376963097398668 0.5521741717376605 0.01953125 0.029411764705882353
0 0.941612825166364 0.5680528949147716 0.01953125 0.029411764705882353
0 0.9473369630973986 0.5734970285754954 0.01953125 0.029411764705882353
0 0.9587852389594675 0.5666918614995905 0.01953125 0.029411764705882353
0 0.9569776164549303 0.557164627593324 0.01953125 0.029411764705882353
0 0.9506509376890502 0.5603403722287461 0.01953125 0.029411764705882353
0 0.9479395039322444 0.5603403722287461 0.01953125 0.029411764705882353
0 0.9702335148215365 0.5449153268566953 0.01953125 0.029411764705882353
0 0.9633042952208106 0.5512668161275398 0.01953125 0.029411764705882353
0 0.9657144585601936 0.5331197039251271 0.01953125 0.029411764705882353
0 0.9768614640048396 0.5317586705099462 0.01953125 0.029411764705882353
0 0.9846944948578341 0.5508131383224795 0.01953125 0.029411764705882353
0 0.9783678160919539 0.5594330166186255 0.01953125 0.029411764705882353
0 0.9843932244404113 0.5739507063805557 0.01953125 0.029411764705882353
0 0.9958415003024802 0.5766727732109176 0.01953125 0.029411764705882353
0 0.9904186327888685 0.521777758798619 0.01953125 0.029411764705882353
0 0.9967453115547488 0.5195093697733175 0.01953125 0.029411764705882353
0 0.9979503932244403 0.5054453578164476 0.01953125 0.029411764705882353
0 0.9877071990320628 0.4827614675634318 0.01953125 0.029411764705882353
0 0.9840919540229885 0.4927423792747588 0.01953125 0.029411764705882353
0 0.9786690865093769 0.5086211024518699 0.01953125 0.029411764705882353
0 0.9593877797943132 0.5068063912316285 0.01953125 0.029411764705882353
0 0.9407090139140954 0.485937212198854 0.01953125 0.029411764705882353
0 0.953362371445856 0.484576178783673 0.01953125 0.029411764705882353
0 0.9741500302480338 0.4909276680545175 0.01953125 0.029411764705882353
0 0.9744513006654566 0.4696048112166825 0.01953125 0.029411764705882353
0 0.9819830611010284 0.4641606775559587 0.01953125 0.029411764705882353
0 0.9614966727162734 0.467336422191381 0.01953125 0.029411764705882353
0 0.955471264367816 0.47096584463186353 0.01953125 0.029411764705882353
0 0.919318814277072 0.4900203124443968 0.01953125 0.029411764705882353
0 0.9226327888687235 0.4696048112166825 0.01953125 0.029411764705882353
0 0.9286581972171808 0.4578091882851143 0.01953125 0.029411764705882353
0 0.9735474894131881 0.4364863314472794 0.01953125 0.029411764705882353
0 0.9816817906836055 0.40699727411835857 0.01953125 0.029411764705882353
0 0.9886110102843314 0.39111855094124753 0.01953125 0.029411764705882353
0 0.9991554748941318 0.43421794242197775 0.01953125 0.029411764705882353
0 0.28654711954711964 0.747925078842726 0.01953125 0.029411764705882353
