0 0.9725993850507467 0.7760522709341987 0.01953125 0.02600780234070221
0 0.9397227286332342 0.7209237408647426 0.01953125 0.02600780234070221
0 0.9031931103915539 0.7047094673149028 0.01953125 0.02600780234070221
0 0.925110881336562 0.6641737834403028 0.01953125 0.02600780234070221
0 0.8557046066773693 0.7436237238345187 0.01953125 0.02600780234070221
0 0.8703164539740416 0.6982237578949667 0.01953125 0.02600780234070221
0 0.8642281842670948 0.6787666296351588 0.01953125 0.02600780234070221
0 0.7290685967728769 0.6641737834403028 0.01953125 0.02600780234070221
0 0.6547917063481266 0.7549737153194067 0.01953125 0.02600780234070221
0 0.5951266632200484 0.7176808861547747 0.01953125 0.02600780234070221
0 0.500149655791679 0.6917380484750307 0.01953125 0.02600780234070221
0 0.5342439661505808 0.7095737493798547 0.01953125 0.02600780234070221
0 0.48919077031917496 0.7533522879644227 0.01953125 0.02600780234070221
0 0.43926695872221166 0.8246950915837185 0.01953125 0.02600780234070221
0 0.45144349813610507 0.9300878696576784 0.01953125 0.02600780234070221
0 0.44900819025332644 0.8733379122332386 0.01953125 0.02600780234070221
0 0.18112432314766944 0.8700950575232705 0.01953125 0.02600780234070221
0 0.21887159533073933 0.7517308606094386 0.01953125 0.02600780234070221
0 0.11050039454708711 0.7760522709341987 0.01953125 0.02600780234070221
0 0.05083535141900899 0.7922665444840388 0.01953125 0.02600780234070221
0 0.01917634894288589 0.8814450490081586 0.01953125 0.02600780234070221
0 0.0362235041223368 0.9592735620473903 0.01953125 0.02600780234070221
0 0.10319447089875106 0.7144380314448067 0.01953125 0.02600780234070221
0 0.04352942777067286 0.7176808861547747 0.01953125 0.02600780234070221
0 0.06544719871568117 0.6820094843451269 0.01953125 0.02600780234070221
0 0.024046964708443284 0.6625523560853187 0.01953125 0.02600780234070221
0 0.04474708171206226 0.6641737834403028 0.01953125 0.02600780234070221
0 0.060576582950123775 0.6333666636956068 0.01953125 0.02600780234070221
0 0.09345323936763619 0.6674166381502707 0.01953125 0.02600780234070221
0 0.16651247585099724 0.6528237919554148 0.01953125 0.02600780234070221
0 0.1957361704443416 0.6803880569901428 0.01953125 0.02600780234070221
0 0.18843024679600556 0.6479595098904629 0.01953125 0.02600780234070221
0 0.21521863350657125 0.6495809372454467 0.01953125 0.02600780234070221
0 0.2103480177410138 0.6787666296351588 0.01953125 0.02600780234070221
0 0.1470300127887676 0.6852523390550946 0.01953125 0.02600780234070221
0 0.16529482190960784 0.7128166040898226 0.01953125 0.02600780234070221
0 0.298019101521047 0.7728094162242308 0.01953125 0.02600780234070221
0 0.33089575793855946 0.7517308606094386 0.01953125 0.02600780234070221
0 0.37473129982857606 0.7144380314448067 0.01953125 0.02600780234070221
0 0.41126091807025655 0.7128166040898226 0.01953125 0.02600780234070221
0 0.44779053631193705 0.7128166040898226 0.01953125 0.02600780234070221
0 0.44900819025332644 0.7728094162242308 0.01953125 0.02600780234070221
0 0.37594895376996545 0.7647022794493108 0.01953125 0.02600780234070221
0 0.37716660771135474 0.6787666296351588 0.01953125 0.02600780234070221
0 0.34794291311801034 0.6787666296351588 0.01953125 0.02600780234070221
0 0.27975429240020666 0.7014666126049347 0.01953125 0.02600780234070221
0 0.2517482517482517 0.7063308946698867 0.01953125 0.02600780234070221
0 0.26027182933797716 0.7533522879644227 0.01953125 0.02600780234070221
0 0.2663600990449239 0.6463380825354788 0.01953125 0.02600780234070221
0 0.2371364044515795 0.6333666636956068 0.01953125 0.02600780234070221
0 0.2639247911621452 0.6155309627907828 0.01953125 0.02600780234070221
0 0.3534223558542625 0.6524184351166687 0.01953125 0.02600780234070221
0 0.3625547604146826 0.6353934478893369 0.01953125 0.02600780234070221
0 0.36499006829746133 0.6199898880169887 0.01953125 0.02600780234070221
0 0.3522047019128731 0.6167470333070209 0.01953125 0.02600780234070221
0 0.32115452640744474 0.6224220290494648 0.01953125 0.02600780234070221
0 0.30532502516938315 0.6167470333070209 0.01953125 0.02600780234070221
0 0.4167403608065087 0.6783612727964127 0.01953125 0.02600780234070221
0 0.4167403608065087 0.6524184351166687 0.01953125 0.02600780234070221
0 0.39847555168566845 0.6556612898266367 0.01953125 0.02600780234070221
0 0.39786672471497375 0.6386363025993048 0.01953125 0.02600780234070221
0 0.37960191559413353 0.6426898709867648 0.01953125 0.02600780234070221
0 0.38569018530108024 0.6240434564044488 0.01953125 0.02600780234070221
0 0.4057814753340045 0.6013434734346728 0.01953125 0.02600780234070221
0 0.4575317678430519 0.5997220460796889 0.01953125 0.02600780234070221
0 0.44961701722402114 0.6199898880169887 0.01953125 0.02600780234070221
0 0.442311093575685 0.6370148752443208 0.01953125 0.02600780234070221
0 0.5275468694729395 0.6662005676340328 0.01953125 0.02600780234070221
0 0.5238939076487714 0.6426898709867648 0.01953125 0.02600780234070221
0 0.5056290985279313 0.6353934478893369 0.01953125 0.02600780234070221
0 0.4916260782019537 0.6564720035041288 0.01953125 0.02600780234070221
0 0.4703171342276401 0.6670112813115248 0.01953125 0.02600780234070221
0 0.4690994802862507 0.6937648326687608 0.01953125 0.02600780234070221
0 0.3382016815868956 0.6353934478893369 0.01953125 0.02600780234070221
0 0.3260251421730021 0.6564720035041288 0.01953125 0.02600780234070221
0 0.23896288536366359 0.6556612898266367 0.01953125 0.02600780234070221
0 0.24870411689477837 0.6029649007896569 0.01953125 0.02600780234070221
0 0.2340922695981062 0.6126934649195609 0.01953125 0.02600780234070221
0 0.19330086256156295 0.6199898880169887 0.01953125 0.02600780234070221
0 0.15677124431988246 0.6240434564044488 0.01953125 0.02600780234070221
0 0.17564488041141738 0.6143148922745448 0.01953125 0.02600780234070221
0 0.1799066692062801 0.6045863281446408 0.01953125 0.02600780234070221
0 0.27853663845881743 0.5527006527851529 0.01953125 0.02600780234070221
0 0.2974102745503524 0.5640506442700409 0.01953125 0.02600780234070221
0 0.4703171342276401 0.6451220120192408 0.01953125 0.02600780234070221
0 0.23074372125928552 0.5999247244990618 0.01953125 0.02600780234070221
0 0.7631629071317786 0.6820094843451269 0.01953125 0.02600780234070221
0 0.9896465402301978 0.6901166211200467 0.01953125 0.02600780234070221
0 0.9614126146227314 0.6532291487941608 0.01953125 0.02600780234070221
0 0.9425389785311965 0.6418791573092729 0.01953125 0.02600780234070221
0 0.9413213245898071 0.6272863111144169 0.01953125 0.02600780234070221
0 0.95471551794509 0.610261323887085 0.01953125 0.02600780234070221
0 0.9711538461538463 0.604586328144641 0.01953125 0.02600780234070221
0 0.9839392125384344 0.604586328144641 0.01953125 0.02600780234070221
0 0.9967245789230226 0.610261323887085 0.01953125 0.02600780234070221
0 0.997942232864412 0.6256648837594329 0.01953125 0.02600780234070221
0 0.9918539631574652 0.651607721439177 0.01953125 0.02600780234070221
0 0.9772421158607929 0.6329613068568609 0.01953125 0.02600780234070221
0 0.8974857826997905 0.634582734211845 0.01953125 0.02600780234070221
0 0.9181858997034095 0.607018469177117 0.01953125 0.02600780234070221
0 0.900529917553264 0.607829182854609 0.01953125 0.02600780234070221
0 0.8670444341650568 0.6418791573092729 0.01953125 0.02600780234070221
0 0.8481707980735219 0.6353934478893369 0.01953125 0.02600780234070221
0 0.872523876901309 0.634582734211845 0.01953125 0.02600780234070221
0 0.8706973959892248 0.623232742726957 0.01953125 0.02600780234070221
0 0.8640002993115834 0.619989888016989 0.01953125 0.02600780234070221
0 0.8646091262822782 0.615936319629529 0.01953125 0.02600780234070221
0 0.8323412968354602 0.6126934649195609 0.01953125 0.02600780234070221
0 0.8469531441321325 0.6037756144671489 0.01953125 0.02600780234070221
0 0.827470681069903 0.6970076873787289 0.01953125 0.02600780234070221
0 0.7629350221762673 0.6475541530517169 0.01953125 0.02600780234070221
0 0.7373642894070911 0.621611315371973 0.01953125 0.02600780234070221
0 0.7227524421104188 0.586750627239817 0.01953125 0.02600780234070221
0 0.6326460504476069 0.582697058852357 0.01953125 0.02600780234070221
0 0.759890887322794 0.6126934649195609 0.01953125 0.02600780234070221
0 0.7568467524693206 0.598100618724705 0.01953125 0.02600780234070221
0 0.8664356071943621 0.6572827171816209 0.01953125 0.02600780234070221
0 0.6034223558542624 0.6443112983417488 0.01953125 0.02600780234070221
0 0.5821134118799488 0.651607721439177 0.01953125 0.02600780234070221
0 0.5778516230850861 0.607018469177117 0.01953125 0.02600780234070221
0 0.6253401267992708 0.6540398624716529 0.01953125 0.02600780234070221
0 0.6198606840630188 0.634582734211845 0.01953125 0.02600780234070221
0 0.6856139968980436 0.628907738469401 0.01953125 0.02600780234070221
0 0.6880493047808223 0.615936319629529 0.01953125 0.02600780234070221
0 0.6789169002204022 0.6175577469845129 0.01953125 0.02600780234070221
0 0.671610976572066 0.6183684606620049 0.01953125 0.02600780234070221
0 0.7885057549454436 0.607829182854609 0.01953125 0.02600780234070221
0 0.7720674267366874 0.5964791913697209 0.01953125 0.02600780234070221
0 0.10049216347854482 0.6408657652124078 0.01953125 0.02600780234070221
0 0.07187729585589508 0.6080318612739818 0.01953125 0.02600780234070221
0 0.06304930478082234 0.6011407950152998 0.01953125 0.02600780234070221
0 0.06152723735408564 0.5869533056591898 0.01953125 0.02600780234070221
0 0.04326242823324538 0.5824943804329838 0.01953125 0.02600780234070221
0 0.006732809991564875 0.5751979573355558 0.01953125 0.02600780234070221
0 0.040827120350466685 0.6153282843714097 0.01953125 0.02600780234070221
0 0.05361248673505485 0.6165443548876478 0.01953125 0.02600780234070221
0 0.09440389377159807 0.5731711731418259 0.01953125 0.02600780234070221
0 0.33667961416015885 0.6100586454677119 0.01953125 0.02600780234070221
0 0.31567508367119257 0.6055997202415059 0.01953125 0.02600780234070221
0 0.326938382629044 0.6072211475964899 0.01953125 0.02600780234070221
0 0.323285420804876 0.599924724499062 0.01953125 0.02600780234070221
0 0.3762533672553127 0.5970872266278399 0.01953125 0.02600780234070221
0 0.6318088526259735 0.8932890388112947 0.01953125 0.02600780234070221
0 0.8974284470393422 0.76359943710032 0.01953125 0.02600780234070221
0 0.14336393178805643 0.743949497447142 0.01953125 0.02600780234070221
0 0.6900975969555739 0.6776309511176662 0.01953125 0.02600780234070221
0 0.6790301138550169 0.7041583696494564 0.01953125 0.02600780234070221
0 0.6509924900002724 0.6972808907708441 0.01953125 0.02600780234070221
0 0.6155765440784899 0.7041583696494564 0.01953125 0.02600780234070221
0 0.6089360542181558 0.6766484541350073 0.01953125 0.02600780234070221
0 0.593441577877376 0.6628934963777827 0.01953125 0.02600780234070221
0 0.5757336049164846 0.6314535929326979 0.01953125 0.02600780234070221
0 0.6369736780729002 0.6196636291407911 0.01953125 0.02600780234070221
0 0.6074603898047481 0.6167161381928143 0.01953125 0.02600780234070221
0 0.5897524168438568 0.6167161381928143 0.01953125 0.02600780234070221
0 0.6967380868159081 0.6383310718113102 0.01953125 0.02600780234070221
0 0.7373188581846173 0.6019786834529309 0.01953125 0.02600780234070221
0 0.7778996295533265 0.6363660778459924 0.01953125 0.02600780234070221
0 0.4244405885942852 0.62064612612345 0.01953125 0.02600780234070221
0 0.20894086458288794 0.6171032167702766 0.01953125 0.02600780234070221
