0 0.200345027008696 0.9559260794922337 0.01953125 0.029282576866764276
0 0.36261521086161363 0.9331554233963198 0.01953125 0.029282576866764276
0 0.27548491509822437 0.6179616048055119 0.01953125 0.029282576866764276
0 0.34263119807184544 0.6371368941494393 0.01953125 0.029282576866764276
0 0.3386343955138918 0.590397126373616 0.01953125 0.029282576866764276
0 0.353022884722525 0.5844048484536386 0.01953125 0.029282576866764276
0 0.31145613811980705 0.5196882469178834 0.01953125 0.029282576866764276
0 0.27548491509822437 0.4945206796539786 0.01953125 0.029282576866764276
0 0.267491309982317 0.5532450032697565 0.01953125 0.029282576866764276
0 0.26269514691277274 0.5017114131579515 0.01953125 0.029282576866764276
0 0.23631625003027876 0.5112990578299151 0.01953125 0.029282576866764276
0 0.21313479519414769 0.5196882469178834 0.01953125 0.029282576866764276
0 0.209137992636194 0.5652295591097113 0.01953125 0.029282576866764276
0 0.19874630598551457 0.6095724157175436 0.01953125 0.029282576866764276
0 0.16037700142915967 0.687472028677249 0.01953125 0.029282576866764276
0 0.03407804059782474 0.8121114094127776 0.01953125 0.029282576866764276
0 0.1875552588232444 0.8073175870767958 0.01953125 0.029282576866764276
0 0.16757124603347617 0.48493303498201484 0.01953125 0.029282576866764276
0 0.15078467529007092 0.5029098687419469 0.01953125 0.029282576866764276
0 0.147587233243708 0.4693531123900738 0.01953125 0.029282576866764276
0 0.1907527008696073 0.45257473421413724 0.01953125 0.029282576866764276
0 0.16597252501029472 0.4070334220223095 0.01953125 0.029282576866764276
0 0.13879426761621005 0.41781952227826863 0.01953125 0.029282576866764276
0 0.15398211733643388 0.3950488661823548 0.01953125 0.029282576866764276
0 0.20673991110142187 0.4094303331903004 0.01953125 0.029282576866764276
0 0.2235264818448271 0.45497164538212814 0.01953125 0.029282576866764276
0 0.20594055058983113 0.45497164538212814 0.01953125 0.029282576866764276
0 0.21473351621732914 0.4465824562941599 0.01953125 0.029282576866764276
0 0.2083386321246033 0.43100253370221886 0.01953125 0.029282576866764276
0 0.2323194474723251 0.43459790045420527 0.01953125 0.029282576866764276
0 0.256300262820047 0.3950488661823548 0.01953125 0.029282576866764276
0 0.27628427560981517 0.41542261111027773 0.01953125 0.029282576866764276
0 0.2523034602620933 0.43100253370221886 0.01953125 0.029282576866764276
0 0.2730868335634522 0.45137627863014174 0.01953125 0.029282576866764276
0 0.2938702068648111 0.4477809118781554 0.01953125 0.029282576866764276
0 0.2938702068648111 0.41182724435829127 0.01953125 0.029282576866764276
0 0.3290420693748031 0.4897268573179967 0.01953125 0.029282576866764276
0 0.35222352421093417 0.5065052354939333 0.01953125 0.029282576866764276
0 0.3410324770486641 0.5065052354939333 0.01953125 0.029282576866764276
0 0.3865960262093355 0.5232836136698699 0.01953125 0.029282576866764276
0 0.4129749230918295 0.4909253129019922 0.01953125 0.029282576866764276
0 0.4209685282077367 0.4477809118781554 0.01953125 0.029282576866764276
0 0.4105768415570573 0.4070334220223095 0.01953125 0.029282576866764276
0 0.4177710861613738 0.38785813267838204 0.01953125 0.029282576866764276
0 0.4129749230918295 0.37227821008644085 0.01953125 0.029282576866764276
0 0.44654806457864005 0.38546122151039103 0.01953125 0.029282576866764276
0 0.4369557384395513 0.38186585475840457 0.01953125 0.029282576866764276
0 0.428962133323644 0.3938504105983593 0.01953125 0.029282576866764276
0 0.4297614938352347 0.4130256999422868 0.01953125 0.029282576866764276
0 0.4425512620206864 0.4214148890302551 0.01953125 0.029282576866764276
0 0.4633346353220453 0.3926519550143639 0.01953125 0.029282576866764276
0 0.47212760094954326 0.444185545126169 0.01953125 0.029282576866764276
0 0.4609365537872731 0.4561701009661236 0.01953125 0.029282576866764276
0 0.44734742509023073 0.5148944245819016 0.01953125 0.029282576866764276
0 0.4329589358815977 0.5628326479417203 0.01953125 0.029282576866764276
0 0.4273634123004625 0.6479229944053986 0.01953125 0.029282576866764276
0 0.4505448671365937 0.687472028677249 0.01953125 0.029282576866764276
0 0.5009045793668095 0.8216990540847413 0.01953125 0.029282576866764276
0 0.5648534202940676 0.7857453865648774 0.01953125 0.029282576866764276
0 0.5552610941549789 0.7150365071091447 0.01953125 0.029282576866764276
0 0.5856367935954265 0.700655040101199 0.01953125 0.029282576866764276
0 0.546468128527481 0.6658998281653304 0.01953125 0.029282576866764276
0 0.5144937080638519 0.6563121834933667 0.01953125 0.029282576866764276
0 0.5001052188552187 0.62635079389348 0.01953125 0.029282576866764276
0 0.5560604546665697 0.6035801377975663 0.01953125 0.029282576866764276
0 0.4761244035074969 0.6371368941494393 0.01953125 0.029282576866764276
0 0.5400732444347551 0.5484511809337747 0.01953125 0.029282576866764276
0 0.5608566177361141 0.5364666250938201 0.01953125 0.029282576866764276
0 0.4681307983915896 0.48133766823002844 0.01953125 0.029282576866764276
0 0.48491736913499495 0.5029098687419469 0.01953125 0.029282576866764276
0 0.508098823971126 0.5101006022459197 0.01953125 0.029282576866764276
0 0.5256847552261221 0.4981160464059651 0.01953125 0.029282576866764276
0 0.5248853947145312 0.4657577456380874 0.01953125 0.029282576866764276
0 0.5104969055058982 0.4429870895421735 0.01953125 0.029282576866764276
0 0.5336783603420293 0.4286056225342279 0.01953125 0.029282576866764276
0 0.5009045793668095 0.4214148890302551 0.01953125 0.029282576866764276
0 0.48491736913499495 0.4405901783741826 0.01953125 0.029282576866764276
0 0.4945096952740836 0.43819326720619173 0.01953125 0.029282576866764276
0 0.4697295194147711 0.41781952227826863 0.01953125 0.029282576866764276
0 0.47212760094954326 0.38546122151039103 0.01953125 0.029282576866764276
0 0.46653207736840824 0.3758735768384273 0.01953125 0.029282576866764276
0 0.6032227248504226 0.8037222203248092 0.01953125 0.029282576866764276
0 0.6551811581038198 0.8133098649967732 0.01953125 0.029282576866764276
0 0.7231268015890316 0.8300882431727097 0.01953125 0.029282576866764276
0 0.7638941876801588 0.9715060020841748 0.01953125 0.029282576866764276
0 0.8342379127001427 0.818103687332755 0.01953125 0.029282576866764276
0 0.7966679686553785 0.7569824525489861 0.01953125 0.029282576866764276
0 0.8566200070246832 0.7090442291891673 0.01953125 0.029282576866764276
0 0.9149733243708061 0.7905392089008592 0.01953125 0.029282576866764276
0 0.9053809982317175 0.7234256961971129 0.01953125 0.029282576866764276
0 0.9757247232517013 0.7917376644848547 0.01953125 0.029282576866764276
0 0.9597375130198869 0.8049206759088048 0.01953125 0.029282576866764276
0 0.9917119334835159 0.5868017596216296 0.01953125 0.029282576866764276
0 0.968530478647385 0.5676264702777022 0.01953125 0.029282576866764276
0 0.8821995433955864 0.5124975134139107 0.01953125 0.029282576866764276
0 0.8614161700942276 0.5808094817016524 0.01953125 0.029282576866764276
0 0.8318398311653706 0.5784125705336615 0.01953125 0.029282576866764276
0 0.80945773684083 0.5748172037816751 0.01953125 0.029282576866764276
0 0.7447095354019813 0.5484511809337747 0.01953125 0.029282576866764276
0 0.7303210461933481 0.5364666250938201 0.01953125 0.029282576866764276
0 0.7007447072644913 0.5268789804218563 0.01953125 0.029282576866764276
0 0.6663722052660901 0.5364666250938201 0.01953125 0.029282576866764276
0 0.6727670893588158 0.4741469347260557 0.01953125 0.029282576866764276
0 0.6216080166170092 0.480139212646033 0.01953125 0.029282576866764276
0 0.5888342356417895 0.4561701009661236 0.01953125 0.029282576866764276
0 0.6072195274083763 0.5652295591097113 0.01953125 0.029282576866764276
0 0.6327990637792795 0.5844048484536386 0.01953125 0.029282576866764276
0 0.6783626129399509 0.6071755045495526 0.01953125 0.029282576866764276
0 0.6120156904779205 0.6143662380535254 0.01953125 0.029282576866764276
0 0.6391939478720053 0.667098283749326 0.01953125 0.029282576866764276
0 0.631200342756098 0.7234256961971129 0.01953125 0.029282576866764276
0 0.6663722052660901 0.7533870857969998 0.01953125 0.029282576866764276
0 0.6831587760094953 0.7258226073651038 0.01953125 0.029282576866764276
0 0.8086583763292395 0.4765438458940467 0.01953125 0.029282576866764276
0 0.7982666896785602 0.5112990578299151 0.01953125 0.029282576866764276
0 0.7926711660974249 0.43220098928621437 0.01953125 0.029282576866764276
0 0.8182507024683282 0.44897936746215084 0.01953125 0.029282576866764276
0 0.757499303587433 0.45137627863014174 0.01953125 0.029282576866764276
0 0.9725272812053386 0.5400619918458065 0.01953125 0.029282576866764276
0 0.6367958663372332 0.46336083447009646 0.01953125 0.029282576866764276
0 0.6551811581038198 0.4130256999422868 0.01953125 0.029282576866764276
0 0.651983716057457 0.4393917227901871 0.01953125 0.029282576866764276
0 0.57844254899111 0.41901797786226413 0.01953125 0.029282576866764276
0 0.572847025409975 0.45137627863014174 0.01953125 0.029282576866764276
0 0.5664521413172491 0.4214148890302551 0.01953125 0.029282576866764276
0 0.5384745234115736 0.4022395996863276 0.01953125 0.029282576866764276
0 0.18835461933483516 0.426208711366237 0.01953125 0.029282576866764276
0 0.5544617336433884 0.5032094826379458 0.01953125 0.029282576866764276
0 0.5748454266889519 0.38156624086240587 0.01953125 0.029282576866764276
0 0.4525432684155706 0.41751990838226993 0.01953125 0.029282576866764276
0 0.47372632197272485 0.4019399857903289 0.01953125 0.029282576866764276
0 0.6084185681757623 0.39175311332636736 0.01953125 0.029282576866764276
0 0.603622405106218 0.41332531383828575 0.01953125 0.029282576866764276
0 0.5940300789671293 0.4043368969583197 0.01953125 0.029282576866764276
0 0.5840380725722452 0.39834461903834234 0.01953125 0.029282576866764276
0 0.5912323171765618 0.4229129585102495 0.01953125 0.029282576866764276
0 0.6571795593827967 0.39175311332636736 0.01953125 0.029282576866764276
0 0.48451768887919966 0.40913071929430156 0.01953125 0.029282576866764276
0 0.291472125330039 0.6302457745414655 0.01953125 0.029282576866764276
0 0.5872355146186081 0.3713793683984444 0.01953125 0.029282576866764276
0 0.5916319974323572 0.36898245723045336 0.01953125 0.029282576866764276
0 0.5796415897584962 0.3611924959344829 0.01953125 0.029282576866764276
0 0.6395936281278007 0.5104002161419186 0.01953125 0.029282576866764276
0 0.42816277281205345 0.4894272434219979 0.01953125 0.029282576866764276
0 0.6210084962333164 0.39370060365035986 0.01953125 0.029282576866764276
0 0.5904329566649711 0.3832141172903996 0.01953125 0.029282576866764276
0 0.5988262420366737 0.3760233837864268 0.01953125 0.029282576866764276
0 0.1541819574643315 0.4229129585102495 0.01953125 0.029282576866764276
0 0.24850649783203738 0.406134580334313 0.01953125 0.029282576866764276
0 0.23331864811181355 0.41452376942228125 0.01953125 0.029282576866764276
0 0.1489861141389918 0.5379646945738145 0.01953125 0.029282576866764276
0 0.17016916769614607 0.5571399839177419 0.01953125 0.029282576866764276
0 0.21253527481045464 0.6062766628615561 0.01953125 0.029282576866764276
0 0.4135744434755226 0.5823075511816468 0.01953125 0.029282576866764276
0 0.17656405178887194 0.41452376942228125 0.01953125 0.029282576866764276
0 0.2858766017489038 0.4525747342141373 0.01953125 0.029282576866764276
0 0.2946695673764019 0.4861314905660104 0.01953125 0.029282576866764276
0 0.22512520286800858 0.4873299461500059 0.01953125 0.029282576866764276
0 0.45214358815977507 0.39624732176635036 0.01953125 0.029282576866764276
0 0.8933905905578566 0.8984002114604515 0.01953125 0.029282576866764276
0 0.9285624530678485 0.9834905579241295 0.01953125 0.029282576866764276
0 0.8766040198144514 0.9918797470120979 0.01953125 0.029282576866764276
0 0.7934705266090156 0.4861314905660104 0.01953125 0.029282576866764276
