0 0.043017489507713336 0.5841548147895858 0.01953125 0.02680965147453083
0 0.0985486260775863 0.5333381178748853 0.01953125 0.02680965147453083
0 0.16333495207577142 0.49885535925419555 0.01953125 0.02680965147453083
0 0.20828872929900188 0.507929769417535 0.01953125 0.02680965147453083
0 0.23869863742059894 0.5424125280382247 0.01953125 0.02680965147453083
0 0.16862363174909267 0.6313417476389505 0.01953125 0.02680965147453083
0 0.28497458456215974 0.6603798601616366 0.01953125 0.02680965147453083
0 0.2981962837454629 0.549672056168896 0.01953125 0.02680965147453083
0 0.34976091056034486 0.535152999907553 0.01953125 0.02680965147453083
0 0.39471468778357544 0.5841548147895858 0.01953125 0.02680965147453083
0 0.33125053170372054 0.6277119835736149 0.01953125 0.02680965147453083
0 0.45950101378176056 0.5587464663322355 0.01953125 0.02680965147453083
0 0.4819779023933757 0.49885535925419555 0.01953125 0.02680965147453083
0 0.5348646991265882 0.49522559518885984 0.01953125 0.02680965147453083
0 0.5335425292082578 0.58052505072425 0.01953125 0.02680965147453083
0 0.598328855206443 0.58052505072425 0.01953125 0.02680965147453083
0 0.6313831031647006 0.549672056168896 0.01953125 0.02680965147453083
0 0.6657595210412885 0.5170041795808743 0.01953125 0.02680965147453083
0 0.697491599081216 0.5115595334828708 0.01953125 0.02680965147453083
0 0.7887213234460073 0.4843363029928525 0.01953125 0.02680965147453083
0 0.8283864209959166 0.522448825678878 0.01953125 0.02680965147453083
0 0.8892062372391107 0.5170041795808743 0.01953125 0.02680965147453083
0 0.7834326437726862 0.5714506405609107 0.01953125 0.02680965147453083
0 0.7305458470394737 0.5678208764955748 0.01953125 0.02680965147453083
0 0.6736925405512704 0.5932292249529252 0.01953125 0.02680965147453083
0 0.6988137689995464 0.6567500960963009 0.01953125 0.02680965147453083
0 0.7728552844260437 0.6531203320309651 0.01953125 0.02680965147453083
0 0.025829280569419355 0.2102891160600032 0.01953125 0.02680965147453083
0 0.052272678936025496 0.1848807676026529 0.01953125 0.02680965147453083
0 0.07871607730263164 0.1848807676026529 0.01953125 0.02680965147453083
0 0.09061560656760448 0.15402777304729903 0.01953125 0.02680965147453083
0 0.1408580634641562 0.1685468293086421 0.01953125 0.02680965147453083
0 0.12234768460753187 0.19032541370065653 0.01953125 0.02680965147453083
0 0.1382137236274955 0.2157337621580068 0.01953125 0.02680965147453083
0 0.11309249517921971 0.2538462848440322 0.01953125 0.02680965147453083
0 0.08400475697595289 0.26655045907270736 0.01953125 0.02680965147453083
0 0.05359484885435584 0.23206770045201777 0.01953125 0.02680965147453083
0 0.020540600896098105 0.30284809972606486 0.01953125 0.02680965147453083
0 0.049628339099364815 0.344590386477426 0.01953125 0.02680965147453083
0 0.056239188691016406 0.3790731450981157 0.01953125 0.02680965147453083
0 0.09061560656760448 0.37544338103277997 0.01953125 0.02680965147453083
0 0.09458211632259539 0.32462668411807943 0.01953125 0.02680965147453083
0 0.165979291912432 0.2484016387460286 0.01953125 0.02680965147453083
0 0.187134010605717 0.1794361215046493 0.01953125 0.02680965147453083
0 0.20828872929900188 0.1848807676026529 0.01953125 0.02680965147453083
0 0.18845618052404722 0.27380998720337885 0.01953125 0.02680965147453083
0 0.20300004962568063 0.31555227395474006 0.01953125 0.02680965147453083
0 0.20300004962568063 0.3409606224120903 0.01953125 0.02680965147453083
0 0.22415476831896564 0.2756248692360466 0.01953125 0.02680965147453083
0 0.24266514717558996 0.30829274582406857 0.01953125 0.02680965147453083
0 0.23473212766560803 0.38451779119611934 0.01953125 0.02680965147453083
0 0.16862363174909267 0.38451779119611934 0.01953125 0.02680965147453083
0 0.20300004962568063 0.41718566778414107 0.01953125 0.02680965147453083
0 0.2162217488089837 0.448038662339495 0.01953125 0.02680965147453083
0 0.25720901627722326 0.448038662339495 0.01953125 0.02680965147453083
0 0.2611755260322143 0.3427755044447582 0.01953125 0.02680965147453083
0 0.27043071546052644 0.31373739192207206 0.01953125 0.02680965147453083
0 0.2651420357872052 0.286514161432054 0.01953125 0.02680965147453083
0 0.21886608864564439 0.2121039980926711 0.01953125 0.02680965147453083
0 0.20300004962568063 0.15221289101463112 0.01953125 0.02680965147453083
0 0.2228325984006353 0.14858312694929543 0.01953125 0.02680965147453083
0 0.23605429758393837 0.14313848085129183 0.01953125 0.02680965147453083
0 0.2439873170939202 0.14132359881862389 0.01953125 0.02680965147453083
0 0.2545646764405627 0.12861942458994877 0.01953125 0.02680965147453083
0 0.23605429758393837 0.19395517776599236 0.01953125 0.02680965147453083
0 0.255886846358893 0.19758494183132805 0.01953125 0.02680965147453083
0 0.2664642057055354 0.1885105316679886 0.01953125 0.02680965147453083
0 0.255886846358893 0.23569746451735346 0.01953125 0.02680965147453083
0 0.27175288537885667 0.2175486441906747 0.01953125 0.02680965147453083
0 0.2651420357872052 0.19758494183132805 0.01953125 0.02680965147453083
0 0.290263264235481 0.19758494183132805 0.01953125 0.02680965147453083
0 0.2942297739904719 0.2157337621580068 0.01953125 0.02680965147453083
0 0.2876189243988204 0.1739914754066457 0.01953125 0.02680965147453083
0 0.2796859048888386 0.1812510035373172 0.01953125 0.02680965147453083
0 0.2691085455421961 0.15221289101463112 0.01953125 0.02680965147453083
0 0.28100807480716883 0.13950871678595597 0.01953125 0.02680965147453083
0 0.30348496341878406 0.13587895272062028 0.01953125 0.02680965147453083
0 0.22944344799228678 0.17217659337397778 0.01953125 0.02680965147453083
0 0.2439873170939202 0.15947241914530264 0.01953125 0.02680965147453083
0 0.31009581301043565 0.4298898420128162 0.01953125 0.02680965147453083
0 0.3325727016220509 0.40992613965346963 0.01953125 0.02680965147453083
0 0.3008406235821235 0.32462668411807943 0.01953125 0.02680965147453083
0 0.28497458456215974 0.35729456070610116 0.01953125 0.02680965147453083
0 0.3299283617853903 0.32644156615074726 0.01953125 0.02680965147453083
0 0.31406232276542656 0.2701802231380432 0.01953125 0.02680965147453083
0 0.2876189243988204 0.26655045907270736 0.01953125 0.02680965147453083
0 0.290263264235481 0.23932722858268915 0.01953125 0.02680965147453083
0 0.27043071546052644 0.26110581297470375 0.01953125 0.02680965147453083
0 0.3471165707236843 0.26655045907270736 0.01953125 0.02680965147453083
0 0.32860619186705997 0.26836534110537524 0.01953125 0.02680965147453083
0 0.33521704145871145 0.23932722858268915 0.01953125 0.02680965147453083
0 0.33918355121370247 0.22299329028867831 0.01953125 0.02680965147453083
0 0.3153844926837569 0.2102891160600032 0.01953125 0.02680965147453083
0 0.33521704145871145 0.20121470589666374 0.01953125 0.02680965147453083
0 0.33918355121370247 0.13950871678595597 0.01953125 0.02680965147453083
0 0.3299283617853903 0.13587895272062028 0.01953125 0.02680965147453083
0 0.3405057211320327 0.16673194727597418 0.01953125 0.02680965147453083
0 0.359016099988657 0.14858312694929543 0.01953125 0.02680965147453083
0 0.37355996909029043 0.14313848085129183 0.01953125 0.02680965147453083
0 0.3722377991719601 0.13043430662261668 0.01953125 0.02680965147453083
0 0.3762043089269511 0.12317477849194515 0.01953125 0.02680965147453083
0 0.3656269495803086 0.12317477849194515 0.01953125 0.02680965147453083
0 0.359016099988657 0.12861942458994877 0.01953125 0.02680965147453083
0 0.35240525039700554 0.13950871678595597 0.01953125 0.02680965147453083
0 0.3748821390086208 0.46618748266617377 0.01953125 0.02680965147453083
0 0.3656269495803086 0.42081543184947684 0.01953125 0.02680965147453083
0 0.3722377991719601 0.3627392068041048 0.01953125 0.02680965147453083
0 0.34976091056034486 0.3373308583467546 0.01953125 0.02680965147453083
0 0.36694911949863895 0.31373739192207206 0.01953125 0.02680965147453083
0 0.41322506664019976 0.30284809972606486 0.01953125 0.02680965147453083
0 0.39603685770190566 0.2792546333013825 0.01953125 0.02680965147453083
0 0.40925855688520874 0.25203140281136427 0.01953125 0.02680965147453083
0 0.3510830804786752 0.22480817232134626 0.01953125 0.02680965147453083
0 0.3576939300703268 0.2048444699619996 0.01953125 0.02680965147453083
0 0.3762043089269511 0.17580635743931347 0.01953125 0.02680965147453083
0 0.38810383819192384 0.16673194727597418 0.01953125 0.02680965147453083
0 0.39471468778357544 0.11591525036127362 0.01953125 0.02680965147453083
0 0.4105807268035391 0.12861942458994877 0.01953125 0.02680965147453083
0 0.42380242598684215 0.12680454255728082 0.01953125 0.02680965147453083
0 0.4158694064768603 0.15221289101463112 0.01953125 0.02680965147453083
0 0.4052920471302178 0.1685468293086421 0.01953125 0.02680965147453083
0 0.39603685770190566 0.17762123947198138 0.01953125 0.02680965147453083
0 0.3907481780285844 0.19395517776599236 0.01953125 0.02680965147453083
0 0.380170818681942 0.20302958792933165 0.01953125 0.02680965147453083
0 0.39868119753856635 0.2102891160600032 0.01953125 0.02680965147453083
0 0.39868119753856635 0.20121470589666374 0.01953125 0.02680965147453083
0 0.4079363869668785 0.18669564963532084 0.01953125 0.02680965147453083
0 0.41322506664019976 0.1794361215046493 0.01953125 0.02680965147453083
0 0.4224802560685119 0.16673194727597418 0.01953125 0.02680965147453083
0 0.4119028967218694 0.23569746451735346 0.01953125 0.02680965147453083
0 0.4013255373752269 0.2175486441906747 0.01953125 0.02680965147453083
0 0.4290911056601634 0.19214029573332445 0.01953125 0.02680965147453083
0 0.43041327557849374 0.12135989645927722 0.01953125 0.02680965147453083
0 0.44495714468012704 0.13950871678595597 0.01953125 0.02680965147453083
0 0.45156799427177874 0.433519606078152 0.01953125 0.02680965147453083
0 0.4185137463135209 0.4407791342088235 0.01953125 0.02680965147453083
0 0.45156799427177874 0.3827029091634514 0.01953125 0.02680965147453083
0 0.4330576154151543 0.35003503257542967 0.01953125 0.02680965147453083
0 0.4714005430467332 0.32462668411807943 0.01953125 0.02680965147453083
0 0.4581788438634302 0.29377368956272554 0.01953125 0.02680965147453083
0 0.4317354454968241 0.27380998720337885 0.01953125 0.02680965147453083
0 0.45289016419010886 0.2538462848440322 0.01953125 0.02680965147453083
0 0.4224802560685119 0.23569746451735346 0.01953125 0.02680965147453083
0 0.4290911056601634 0.226623054354014 0.01953125 0.02680965147453083
0 0.43834629508847556 0.2102891160600032 0.01953125 0.02680965147453083
0 0.4436349747617967 0.19758494183132805 0.01953125 0.02680965147453083
0 0.4581788438634302 0.1739914754066457 0.01953125 0.02680965147453083
0 0.47404488288339386 0.15221289101463112 0.01953125 0.02680965147453083
0 0.4647896934550817 0.13406407068795237 0.01953125 0.02680965147453083
0 0.4462793145984574 0.22299329028867831 0.01953125 0.02680965147453083
0 0.462145353618421 0.2102891160600032 0.01953125 0.02680965147453083
0 0.48065573247504534 0.19758494183132805 0.01953125 0.02680965147453083
0 0.483300072311706 0.1812510035373172 0.01953125 0.02680965147453083
0 0.47007837312840306 0.1812510035373172 0.01953125 0.02680965147453083
0 0.46611186337341204 0.27380998720337885 0.01953125 0.02680965147453083
0 0.4674340332917424 0.2484016387460286 0.01953125 0.02680965147453083
0 0.4793335625567152 0.22480817232134626 0.01953125 0.02680965147453083
0 0.4608231837000909 0.23025281841934986 0.01953125 0.02680965147453083
0 0.4965217714950092 0.44622378030682713 0.01953125 0.02680965147453083
0 0.4793335625567152 0.4407791342088235 0.01953125 0.02680965147453083
0 0.4899109219033575 0.3699987349347763 0.01953125 0.02680965147453083
0 0.5084213007599818 0.35366479664076544 0.01953125 0.02680965147453083
0 0.4885887519850274 0.32644156615074726 0.01953125 0.02680965147453083
0 0.5242873397799457 0.31373739192207206 0.01953125 0.02680965147453083
0 0.5084213007599818 0.2810695153340504 0.01953125 0.02680965147453083
0 0.48462224223003636 0.28832904346472177 0.01953125 0.02680965147453083
0 0.48726658206669704 0.25203140281136427 0.01953125 0.02680965147453083
0 0.5097434706783122 0.2538462848440322 0.01953125 0.02680965147453083
0 0.5163543202699639 0.23569746451735346 0.01953125 0.02680965147453083
0 0.5031326210866607 0.23025281841934986 0.01953125 0.02680965147453083
0 0.5031326210866607 0.2102891160600032 0.01953125 0.02680965147453083
0 0.5137099804333032 0.2175486441906747 0.01953125 0.02680965147453083
0 0.5242873397799457 0.21936352622334263 0.01953125 0.02680965147453083
0 0.538831208881579 0.2157337621580068 0.01953125 0.02680965147453083
0 0.521642999943285 0.19395517776599236 0.01953125 0.02680965147453083
0 0.521642999943285 0.17580635743931347 0.01953125 0.02680965147453083
0 0.521642999943285 0.15039800898196318 0.01953125 0.02680965147453083
0 0.5295760194532668 0.13406407068795237 0.01953125 0.02680965147453083
0 0.5242873397799457 0.12317477849194515 0.01953125 0.02680965147453083
0 0.5070991308416517 0.14858312694929543 0.01953125 0.02680965147453083
0 0.5057769609233214 0.12680454255728082 0.01953125 0.02680965147453083
0 0.4925552617400182 0.11410036832860569 0.01953125 0.02680965147453083
0 0.4753670528017242 0.12861942458994877 0.01953125 0.02680965147453083
0 0.48726658206669704 0.10321107613259849 0.01953125 0.02680965147453083
0 0.47404488288339386 0.11591525036127362 0.01953125 0.02680965147453083
0 0.984402471358893 0.38996243729412294 0.01953125 0.02680965147453083
0 0.9751472819305809 0.3409606224120903 0.01953125 0.02680965147453083
0 0.9883689811138838 0.30284809972606486 0.01953125 0.02680965147453083
0 0.980435961603902 0.31555227395474006 0.01953125 0.02680965147453083
0 0.9857246412772234 0.26110581297470375 0.01953125 0.02680965147453083
0 0.9751472819305809 0.22843793638668194 0.01953125 0.02680965147453083
0 0.9725029420939202 0.2121039980926711 0.01953125 0.02680965147453083
0 0.9949798307055355 0.20121470589666374 0.01953125 0.02680965147453083
0 0.9685364323389292 0.15584265507996695 0.01953125 0.02680965147453083
0 0.9394486941356626 0.1812510035373172 0.01953125 0.02680965147453083
0 0.9526703933189655 0.2066593519946675 0.01953125 0.02680965147453083
0 0.9434152038906534 0.22480817232134626 0.01953125 0.02680965147453083
0 0.9288713347890201 0.2102891160600032 0.01953125 0.02680965147453083
0 0.9143274656873865 0.1885105316679886 0.01953125 0.02680965147453083
0 0.9169718055240472 0.23569746451735346 0.01953125 0.02680965147453083
0 0.9513482234006352 0.26655045907270736 0.01953125 0.02680965147453083
0 0.9143274656873865 0.2955885715953935 0.01953125 0.02680965147453083
0 0.9407708640539927 0.3010332176933969 0.01953125 0.02680965147453083
0 0.9566369030739565 0.31555227395474006 0.01953125 0.02680965147453083
0 0.946059543727314 0.3373308583467546 0.01953125 0.02680965147453083
0 0.9103609559323957 0.3627392068041048 0.01953125 0.02680965147453083
0 0.9050722762590744 0.46437260063350594 0.01953125 0.02680965147453083
0 0.8799510478107986 0.30829274582406857 0.01953125 0.02680965147453083
0 0.8799510478107986 0.27380998720337885 0.01953125 0.02680965147453083
0 0.9024279364224139 0.2756248692360466 0.01953125 0.02680965147453083
0 0.8905284071574411 0.23025281841934986 0.01953125 0.02680965147453083
0 0.9037501063407443 0.20121470589666374 0.01953125 0.02680965147453083
0 0.8931727469941018 0.1794361215046493 0.01953125 0.02680965147453083
0 0.8773067079741379 0.19214029573332445 0.01953125 0.02680965147453083
0 0.8746623681374774 0.16491706524330624 0.01953125 0.02680965147453083
0 0.8548298193625228 0.2102891160600032 0.01953125 0.02680965147453083
0 0.8614406689541743 0.14858312694929543 0.01953125 0.02680965147453083
0 0.8680515185458257 0.19758494183132805 0.01953125 0.02680965147453083
0 0.8733401982191471 0.22299329028867831 0.01953125 0.02680965147453083
0 0.8627628388725046 0.23932722858268915 0.01953125 0.02680965147453083
0 0.8614406689541743 0.30829274582406857 0.01953125 0.02680965147453083
0 0.8548298193625228 0.3645540888367727 0.01953125 0.02680965147453083
0 0.8336751006692378 0.3409606224120903 0.01953125 0.02680965147453083
0 0.8389637803425591 0.29377368956272554 0.01953125 0.02680965147453083
0 0.8323529307509074 0.2484016387460286 0.01953125 0.02680965147453083
0 0.8429302900975499 0.2175486441906747 0.01953125 0.02680965147453083
0 0.8323529307509074 0.2121039980926711 0.01953125 0.02680965147453083
0 0.8323529307509074 0.1848807676026529 0.01953125 0.02680965147453083
0 0.8495411396892014 0.1885105316679886 0.01953125 0.02680965147453083
0 0.846896799852541 0.16128730117797055 0.01953125 0.02680965147453083
0 0.8416081201792196 0.15039800898196318 0.01953125 0.02680965147453083
0 0.8336751006692378 0.1685468293086421 0.01953125 0.02680965147453083
0 0.8164868917309438 0.15402777304729903 0.01953125 0.02680965147453083
0 0.8138425518942831 0.19214029573332445 0.01953125 0.02680965147453083
0 0.8178090616492741 0.1739914754066457 0.01953125 0.02680965147453083
0 0.8217755714042649 0.2102891160600032 0.01953125 0.02680965147453083
0 0.8217755714042649 0.27380998720337885 0.01953125 0.02680965147453083
0 0.7992986827926498 0.2810695153340504 0.01953125 0.02680965147453083
0 0.808553872220962 0.31373739192207206 0.01953125 0.02680965147453083
0 0.7728552844260437 0.29921833566072914 0.01953125 0.02680965147453083
0 0.7768217941810345 0.25203140281136427 0.01953125 0.02680965147453083
0 0.7887213234460073 0.2121039980926711 0.01953125 0.02680965147453083
0 0.7794661340176952 0.22843793638668194 0.01953125 0.02680965147453083
0 0.7688887746710527 0.1885105316679886 0.01953125 0.02680965147453083
0 0.7926878332009983 0.1848807676026529 0.01953125 0.02680965147453083
0 0.7847548136910163 0.16673194727597418 0.01953125 0.02680965147453083
0 0.7979765128743195 0.15402777304729903 0.01953125 0.02680965147453083
0 0.787399153527677 0.12135989645927722 0.01953125 0.02680965147453083
0 0.774177454344374 0.13950871678595597 0.01953125 0.02680965147453083
0 0.7609557551610708 0.14132359881862389 0.01953125 0.02680965147453083
0 0.7503783958144283 0.15402777304729903 0.01953125 0.02680965147453083
0 0.7424453763044465 0.12680454255728082 0.01953125 0.02680965147453083
0 0.7609557551610708 0.12135989645927722 0.01953125 0.02680965147453083
0 0.7715331145077133 0.11410036832860569 0.01953125 0.02680965147453083
0 0.7279015072028132 0.12680454255728082 0.01953125 0.02680965147453083
0 0.7173241478561707 0.12861942458994877 0.01953125 0.02680965147453083
0 0.7160019779378404 0.15584265507996695 0.01953125 0.02680965147453083
0 0.7226128275294919 0.14313848085129183 0.01953125 0.02680965147453083
0 0.7331901868761344 0.14313848085129183 0.01953125 0.02680965147453083
0 0.7437675462227769 0.1848807676026529 0.01953125 0.02680965147453083
0 0.7437675462227769 0.1685468293086421 0.01953125 0.02680965147453083
0 0.7517005657327587 0.18669564963532084 0.01953125 0.02680965147453083
0 0.7583114153244102 0.2048444699619996 0.01953125 0.02680965147453083
0 0.7543449055694194 0.2175486441906747 0.01953125 0.02680965147453083
0 0.7424453763044465 0.2048444699619996 0.01953125 0.02680965147453083
0 0.7226128275294919 0.20302958792933165 0.01953125 0.02680965147453083
0 0.7014581088362069 0.1848807676026529 0.01953125 0.02680965147453083
0 0.7014581088362069 0.16310218321063832 0.01953125 0.02680965147453083
0 0.7014581088362069 0.14313848085129183 0.01953125 0.02680965147453083
0 0.7054246185911979 0.2102891160600032 0.01953125 0.02680965147453083
0 0.7093911283461889 0.23569746451735346 0.01953125 0.02680965147453083
0 0.7239349974478222 0.23569746451735346 0.01953125 0.02680965147453083
0 0.7384788665494555 0.22299329028867831 0.01953125 0.02680965147453083
0 0.7371566966311254 0.24477187468069292 0.01953125 0.02680965147453083
0 0.753022735651089 0.24295699264802498 0.01953125 0.02680965147453083
0 0.7583114153244102 0.26292069500737153 0.01953125 0.02680965147453083
0 0.7345123567944647 0.26836534110537524 0.01953125 0.02680965147453083
0 0.7093911283461889 0.26110581297470375 0.01953125 0.02680965147453083
0 0.7173241478561707 0.29921833566072914 0.01953125 0.02680965147453083
0 0.7543449055694194 0.3010332176933969 0.01953125 0.02680965147453083
0 0.7477340559777677 0.3282564481834152 0.01953125 0.02680965147453083
0 0.7279015072028132 0.34640526851009396 0.01953125 0.02680965147453083
0 0.7715331145077133 0.3373308583467546 0.01953125 0.02680965147453083
0 0.7517005657327587 0.3881475552614551 0.01953125 0.02680965147453083
0 0.7860769836093466 0.38996243729412294 0.01953125 0.02680965147453083
0 0.8217755714042649 0.40992613965346963 0.01953125 0.02680965147453083
0 0.7014581088362069 0.42081543184947684 0.01953125 0.02680965147453083
0 0.7173241478561707 0.3827029091634514 0.01953125 0.02680965147453083
0 0.6922029194078947 0.3627392068041048 0.01953125 0.02680965147453083
0 0.6895585795712342 0.32099692005274366 0.01953125 0.02680965147453083
0 0.6922029194078947 0.2955885715953935 0.01953125 0.02680965147453083
0 0.6882364096529039 0.26110581297470375 0.01953125 0.02680965147453083
0 0.6869142397345736 0.2157337621580068 0.01953125 0.02680965147453083
0 0.6723703706329403 0.22299329028867831 0.01953125 0.02680965147453083
0 0.6803033901429221 0.19214029573332445 0.01953125 0.02680965147453083
0 0.6684038608779492 0.16491706524330624 0.01953125 0.02680965147453083
0 0.6829477299795825 0.15402777304729903 0.01953125 0.02680965147453083
0 0.6710482007146099 0.15039800898196318 0.01953125 0.02680965147453083
0 0.6723703706329403 0.12680454255728082 0.01953125 0.02680965147453083
0 0.6855920698162432 0.11773013239394153 0.01953125 0.02680965147453083
0 0.6922029194078947 0.13406407068795237 0.01953125 0.02680965147453083
0 0.6922029194078947 0.13950871678595597 0.01953125 0.02680965147453083
0 0.6551821616946463 0.12135989645927722 0.01953125 0.02680965147453083
0 0.6591486714496371 0.13950871678595597 0.01953125 0.02680965147453083
0 0.6551821616946463 0.15947241914530264 0.01953125 0.02680965147453083
0 0.6419604625113431 0.15402777304729903 0.01953125 0.02680965147453083
0 0.6419604625113431 0.14313848085129183 0.01953125 0.02680965147453083
0 0.6340274430013613 0.12680454255728082 0.01953125 0.02680965147453083
0 0.6208057438180581 0.13587895272062028 0.01953125 0.02680965147453083
0 0.6274165934097098 0.15947241914530264 0.01953125 0.02680965147453083
0 0.6260944234913794 0.17217659337397778 0.01953125 0.02680965147453083
0 0.6327052730830309 0.17217659337397778 0.01953125 0.02680965147453083
0 0.6393161226746824 0.18669564963532084 0.01953125 0.02680965147453083
0 0.6512156519396552 0.17762123947198138 0.01953125 0.02680965147453083
0 0.6670816909596189 0.19032541370065653 0.01953125 0.02680965147453083
0 0.6565043316129764 0.19758494183132805 0.01953125 0.02680965147453083
0 0.6472491421846642 0.22480817232134626 0.01953125 0.02680965147453083
0 0.6353496129196916 0.20121470589666374 0.01953125 0.02680965147453083
0 0.6327052730830309 0.21936352622334263 0.01953125 0.02680965147453083
0 0.6287387633280399 0.2484016387460286 0.01953125 0.02680965147453083
0 0.6578265015313067 0.2484016387460286 0.01953125 0.02680965147453083
0 0.6657595210412885 0.2919588075300576 0.01953125 0.02680965147453083
0 0.6670816909596189 0.31373739192207206 0.01953125 0.02680965147453083
0 0.6379939527563521 0.30284809972606486 0.01953125 0.02680965147453083
0 0.6247722535730491 0.32462668411807943 0.01953125 0.02680965147453083
0 0.6565043316129764 0.34640526851009396 0.01953125 0.02680965147453083
0 0.6697260307962796 0.38996243729412294 0.01953125 0.02680965147453083
0 0.6353496129196916 0.38996243729412294 0.01953125 0.02680965147453083
0 0.6525378218579856 0.4407791342088235 0.01953125 0.02680965147453083
0 0.6208057438180581 0.46437260063350594 0.01953125 0.02680965147453083
0 0.615517064144737 0.3699987349347763 0.01953125 0.02680965147453083
0 0.5970066852881126 0.35729456070610116 0.01953125 0.02680965147453083
0 0.6049397047980944 0.2484016387460286 0.01953125 0.02680965147453083
0 0.5851071560231398 0.2919588075300576 0.01953125 0.02680965147453083
0 0.5851071560231398 0.23932722858268915 0.01953125 0.02680965147453083
0 0.598328855206443 0.22843793638668194 0.01953125 0.02680965147453083
0 0.5970066852881126 0.2048444699619996 0.01953125 0.02680965147453083
0 0.6062618747164248 0.1885105316679886 0.01953125 0.02680965147453083
0 0.6208057438180581 0.20121470589666374 0.01953125 0.02680965147453083
0 0.6141948942264066 0.1812510035373172 0.01953125 0.02680965147453083
0 0.5917180056147913 0.1848807676026529 0.01953125 0.02680965147453083
0 0.5930401755331216 0.16491706524330624 0.01953125 0.02680965147453083
0 0.5930401755331216 0.11410036832860569 0.01953125 0.02680965147453083
0 0.5665967771665155 0.13950871678595597 0.01953125 0.02680965147453083
0 0.5784963064314883 0.17217659337397778 0.01953125 0.02680965147453083
0 0.5679189470848458 0.16310218321063832 0.01953125 0.02680965147453083
0 0.5732076267581669 0.1885105316679886 0.01953125 0.02680965147453083
0 0.5732076267581669 0.2102891160600032 0.01953125 0.02680965147453083
0 0.5837849861048094 0.20302958792933165 0.01953125 0.02680965147453083
0 0.5732076267581669 0.23569746451735346 0.01953125 0.02680965147453083
0 0.5692411170031761 0.26292069500737153 0.01953125 0.02680965147453083
0 0.5520529080648822 0.24295699264802498 0.01953125 0.02680965147453083
0 0.559985927574864 0.2175486441906747 0.01953125 0.02680965147453083
0 0.5480863983098911 0.2121039980926711 0.01953125 0.02680965147453083
0 0.556019417819873 0.19758494183132805 0.01953125 0.02680965147453083
0 0.5480863983098911 0.18669564963532084 0.01953125 0.02680965147453083
0 0.5533750779832125 0.17762123947198138 0.01953125 0.02680965147453083
0 0.5520529080648822 0.1685468293086421 0.01953125 0.02680965147453083
0 0.5520529080648822 0.15402777304729903 0.01953125 0.02680965147453083
0 0.5454420584732305 0.13406407068795237 0.01953125 0.02680965147453083
0 0.556019417819873 0.14132359881862389 0.01953125 0.02680965147453083
0 0.538831208881579 0.16491706524330624 0.01953125 0.02680965147453083
0 0.538831208881579 0.1885105316679886 0.01953125 0.02680965147453083
0 0.538831208881579 0.26110581297470375 0.01953125 0.02680965147453083
0 0.5546972479015426 0.31555227395474006 0.01953125 0.02680965147453083
0 0.5718854568398368 0.30284809972606486 0.01953125 0.02680965147453083
0 0.5414755487182397 0.35184991460809756 0.01953125 0.02680965147453083
0 0.5335425292082578 0.40085172949013026 0.01953125 0.02680965147453083
0 0.5824628161864791 0.38451779119611934 0.01953125 0.02680965147453083
0 0.5798184763498186 0.433519606078152 0.01953125 0.02680965147453083
0 0.2891617513611614 0.13905499627778886 0.01953125 0.02680965147453083
0 0.3394042082577131 0.12725826306544766 0.01953125 0.02680965147453083
0 0.35791458711433743 0.1590186986371355 0.01953125 0.02680965147453083
0 0.5542568199863882 0.13678639373695403 0.01953125 0.02680965147453083
0 0.557562244782214 0.11591525036127347 0.01953125 0.02680965147453083
0 0.5456627155172412 0.10684084019793405 0.01953125 0.02680965147453083
0 0.5367380685685116 0.09958131206726256 0.01953125 0.02680965147453083
0 0.49475917366152433 0.10774828121426802 0.01953125 0.02680965147453083
0 0.5159138923548092 0.11273920680410468 0.01953125 0.02680965147453083
0 0.5344242712114335 0.12635082204911374 0.01953125 0.02680965147453083
0 0.56218983949637 0.15675009609630067 0.01953125 0.02680965147453083
0 0.579378048434664 0.12226733747561101 0.01953125 0.02680965147453083
0 0.5519430226293102 0.2270767748621809 0.01953125 0.02680965147453083
0 0.8324628161864791 0.12907314509811557 0.01953125 0.02680965147453083
0 0.8456845153697822 0.1095631632469359 0.01953125 0.02680965147453083
0 0.8433707180127041 0.0991275915590956 0.01953125 0.02680965147453083
0 0.8245297966764972 0.09595154800192682 0.01953125 0.02680965147453083
0 0.8076721302177858 0.09186806342842409 0.01953125 0.02680965147453083
0 0.7742873397799455 0.10502595816526619 0.01953125 0.02680965147453083
0 0.7779233070553538 0.13406407068795223 0.01953125 0.02680965147453083
0 0.7706513725045372 0.122721057983778 0.01953125 0.02680965147453083
0 0.8159356922073502 0.13996243729412283 0.01953125 0.02680965147453083
0 0.8202327444419237 0.122721057983778 0.01953125 0.02680965147453083
0 0.7128064385775862 0.1095631632469359 0.01953125 0.02680965147453083
0 0.7108231837000907 0.09685898901826076 0.01953125 0.02680965147453083
0 0.7002458243534482 0.10321107613259833 0.01953125 0.02680965147453083
0 0.694957144680127 0.11001688375510286 0.01953125 0.02680965147453083
0 0.5733175121937386 0.0846085352977526 0.01953125 0.02680965147453083
0 0.607363387590744 0.09912759155909562 0.01953125 0.02680965147453083
0 0.6169491194986388 0.10411851714893226 0.01953125 0.02680965147453083
0 0.6291791912431942 0.11228548629593772 0.01953125 0.02680965147453083
0 0.6390954656306715 0.10321107613259833 0.01953125 0.02680965147453083
0 0.681735445496824 0.08642341733042049 0.01953125 0.02680965147453083
0 0.6698359162318512 0.08687713783858747 0.01953125 0.02680965147453083
0 0.6298402762023594 0.14268476034312466 0.01953125 0.02680965147453083
0 0.673141341027677 0.14404592186762555 0.01953125 0.02680965147453083
0 0.5399327217558983 0.14540708339212646 0.01953125 0.02680965147453083
0 0.637351418113137 0.27029471868613947 0.01953125 0.02680965147453083
0 0.8031855839473029 0.24424034410629586 0.01953125 0.02680965147453083
0 0.9590297397914588 0.45541790649029257 0.01953125 0.02680965147453083
0 0.9570317377934568 0.5418087274655641 0.01953125 0.02680965147453083
0 0.718270499032218 0.4691307352165261 0.01953125 0.02680965147453083
0 0.7412475220092409 0.51164050426785 0.01953125 0.02680965147453083
