0 0.12629403794037947 0.7829611906660797 0.01953125 0.029282576866764276
0 0.010304878048780589 0.6610694885865405 0.01953125 0.029282576866764276
0 0.0666734417344174 0.47579410142564116 0.01953125 0.029282576866764276
0 0.20000677506775066 0.500172441841549 0.01953125 0.029282576866764276
0 0.34960027100271 0.500172441841549 0.01953125 0.029282576866764276
0 0.45258130081300807 0.8528457665250152 0.01953125 0.029282576866764276
0 0.606510840108401 0.5147994460910935 0.01953125 0.029282576866764276
0 0.8753455284552845 0.6578190431977528 0.01953125 0.029282576866764276
0 0.8406571815718156 0.5294264503406382 0.01953125 0.029282576866764276
0 0.7561043360433605 0.4595418744817026 0.01953125 0.029282576866764276
0 0.8449932249322494 0.3571528447348896 0.01953125 0.029282576866764276
0 0.9653184281842818 0.41891130712185626 0.01953125 0.029282576866764276
0 0.7864566395663956 0.3246483908470126 0.01953125 0.029282576866764276
0 0.8384891598915988 0.27426648732080317 0.01953125 0.029282576866764276
0 0.8818495934959348 0.26939081923762154 0.01953125 0.029282576866764276
0 0.9349661246612464 0.26939081923762154 0.01953125 0.029282576866764276
0 0.9815785907859077 0.18487923912914114 0.01953125 0.029282576866764276
0 0.9490582655826557 0.19788102068429209 0.01953125 0.029282576866764276
0 0.9143699186991868 0.23038547457216915 0.01953125 0.029282576866764276
0 0.8883536585365853 0.20275668876747358 0.01953125 0.029282576866764276
0 0.865589430894309 0.18162879374035357 0.01953125 0.029282576866764276
0 0.8103048780487805 0.2515133695992892 0.01953125 0.029282576866764276
0 0.7561043360433605 0.3035204958198926 0.01953125 0.029282576866764276
0 0.7051558265582655 0.34252584048534507 0.01953125 0.029282576866764276
0 0.6563753387533874 0.28564304618156017 0.01953125 0.029282576866764276
0 0.6899796747967478 0.266140373848834 0.01953125 0.029282576866764276
0 0.6162669376693767 0.2953943823479233 0.01953125 0.029282576866764276
0 0.7268360433604336 0.2157584703226244 0.01953125 0.029282576866764276
0 0.7127439024390243 0.25476381498807704 0.01953125 0.029282576866764276
0 0.5718224932249323 0.3035204958198926 0.01953125 0.029282576866764276
0 0.5219579945799457 0.28401782348716625 0.01953125 0.029282576866764276
0 0.5013617886178862 0.2710160419320155 0.01953125 0.029282576866764276
0 0.5490582655826557 0.2563890376824708 0.01953125 0.029282576866764276
0 0.41897696476964774 0.30677094120868026 0.01953125 0.029282576866764276
0 0.3734485094850949 0.40103385748352377 0.01953125 0.029282576866764276
0 0.3181639566395664 0.3831564078451914 0.01953125 0.029282576866764276
0 0.20000677506775066 0.3912825213171606 0.01953125 0.029282576866764276
0 0.1533943089430895 0.40103385748352377 0.01953125 0.029282576866764276
0 0.09377371273712741 0.38965729862276677 0.01953125 0.029282576866764276
0 0.03957317073170739 0.40103385748352377 0.01953125 0.029282576866764276
0 0.004884823848238587 0.36202851281807136 0.01953125 0.029282576866764276
0 0.07317750677506783 0.31327183198625574 0.01953125 0.029282576866764276
0 0.1317140921409215 0.3246483908470126 0.01953125 0.029282576866764276
0 0.1458062330623307 0.321397945458225 0.01953125 0.029282576866764276
0 0.18157859078590793 0.32789883623580035 0.01953125 0.029282576866764276
0 0.2021747967479675 0.28401782348716625 0.01953125 0.029282576866764276
0 0.2650474254742548 0.3035204958198926 0.01953125 0.029282576866764276
0 0.27913956639566395 0.30677094120868026 0.01953125 0.029282576866764276
0 0.3430962059620596 0.30677094120868026 0.01953125 0.029282576866764276
0 0.03455962059620589 0.2962069936951202 0.01953125 0.029282576866764276
0 0.05244579945799453 0.31083399794466493 0.01953125 0.029282576866764276
0 0.007459349593495877 0.3002700504311049 0.01953125 0.029282576866764276
0 0.009627371273712666 0.2726412646264093 0.01953125 0.029282576866764276
0 0.016673441734417278 0.25070075825209226 0.01953125 0.029282576866764276
0 0.024261517615176097 0.23769897669694143 0.01953125 0.029282576866764276
0 0.008001355013550059 0.23201069726656295 0.01953125 0.029282576866764276
0 0.0042073170731706635 0.21413324762823052 0.01953125 0.029282576866764276
0 0.013963414634146274 0.2173836930170182 0.01953125 0.029282576866764276
0 0.029139566395663886 0.22307197244739677 0.01953125 0.029282576866764276
0 0.0405216802168021 0.21413324762823052 0.01953125 0.029282576866764276
0 0.04648373983739832 0.2100701908922459 0.01953125 0.029282576866764276
0 0.05352981029810293 0.2214467497530029 0.01953125 0.029282576866764276
0 0.05244579945799453 0.25070075825209226 0.01953125 0.029282576866764276
0 0.03726964769647692 0.25801426037686465 0.01953125 0.029282576866764276
0 0.11531842818428181 0.28564304618156017 0.01953125 0.029282576866764276
0 0.11260840108401081 0.3092087752502711 0.01953125 0.029282576866764276
0 0.14079268292682925 0.2685782078904247 0.01953125 0.029282576866764276
0 0.1207384823848238 0.2596394830712585 0.01953125 0.029282576866764276
0 0.1646409214092141 0.28483043483436327 0.01953125 0.029282576866764276
0 0.16572493224932247 0.2563890376824708 0.01953125 0.029282576866764276
0 0.13970867208672086 0.23444853130815368 0.01953125 0.029282576866764276
0 0.1071883468834688 0.24663770151610764 0.01953125 0.029282576866764276
0 0.08767615176151758 0.24338725612731993 0.01953125 0.029282576866764276
0 0.07195799457994576 0.2336359199609568 0.01953125 0.029282576866764276
0 0.06924796747967475 0.2116954135866398 0.01953125 0.029282576866764276
0 0.07141598915989154 0.20438191146186743 0.01953125 0.029282576866764276
0 0.09851626016260158 0.19950624337868586 0.01953125 0.029282576866764276
0 0.10393631436314359 0.21413324762823052 0.01953125 0.029282576866764276
0 0.09851626016260158 0.2173836930170182 0.01953125 0.029282576866764276
0 0.09418021680216801 0.2214467497530029 0.01953125 0.029282576866764276
0 0.1120663956639566 0.20519452280906436 0.01953125 0.029282576866764276
0 0.11857046070460701 0.2214467497530029 0.01953125 0.029282576866764276
0 0.12561653116531168 0.2328233086137599 0.01953125 0.029282576866764276
0 0.13699864498644987 0.2157584703226244 0.01953125 0.029282576866764276
0 0.12561653116531168 0.20519452280906436 0.01953125 0.029282576866764276
0 0.1288685636856368 0.19381796394830733 0.01953125 0.029282576866764276
0 0.13374661246612465 0.20356930011467048 0.01953125 0.029282576866764276
0 0.13699864498644987 0.19219274125391345 0.01953125 0.029282576866764276
0 0.14621273712737123 0.20844496819785205 0.01953125 0.029282576866764276
0 0.15813685636856367 0.22307197244739677 0.01953125 0.029282576866764276
0 0.1565108401084011 0.20519452280906436 0.01953125 0.029282576866764276
0 0.1538008130081301 0.19219274125391345 0.01953125 0.029282576866764276
0 0.16518292682926833 0.19056751855951964 0.01953125 0.029282576866764276
0 0.1700609756097561 0.2011314660730797 0.01953125 0.029282576866764276
0 0.1803590785907859 0.22876025187777527 0.01953125 0.029282576866764276
0 0.18686314363143633 0.20844496819785205 0.01953125 0.029282576866764276
0 0.17981707317073167 0.1954431866427012 0.01953125 0.029282576866764276
0 0.1884891598915989 0.18812968451792883 0.01953125 0.029282576866764276
0 0.19445121951219513 0.2011314660730797 0.01953125 0.029282576866764276
0 0.20312330623306232 0.19950624337868586 0.01953125 0.029282576866764276
0 0.21016937669376698 0.2100701908922459 0.01953125 0.029282576866764276
0 0.20800135501355013 0.22713502918338138 0.01953125 0.029282576866764276
0 0.24756775067750683 0.2929565483063325 0.01953125 0.029282576866764276
0 0.22588753387533878 0.3197727227638311 0.01953125 0.029282576866764276
0 0.38577913279132797 0.30839616390307417 0.01953125 0.029282576866764276
0 0.36680894308943096 0.265327762501637 0.01953125 0.029282576866764276
0 0.3689769647696478 0.22307197244739677 0.01953125 0.029282576866764276
0 0.35109078590785914 0.2116954135866398 0.01953125 0.029282576866764276
0 0.33103658536585373 0.2523259809464861 0.01953125 0.029282576866764276
0 0.29418021680216805 0.2523259809464861 0.01953125 0.029282576866764276
0 0.2578658536585366 0.23038547457216907 0.01953125 0.029282576866764276
0 0.2486517615176152 0.25801426037686465 0.01953125 0.029282576866764276
0 0.23564363143631442 0.24663770151610764 0.01953125 0.029282576866764276
0 0.21938346883468834 0.24094942208572914 0.01953125 0.029282576866764276
0 0.2351016260162602 0.23444853130815368 0.01953125 0.029282576866764276
0 0.23184959349593498 0.22307197244739677 0.01953125 0.029282576866764276
0 0.2296815718157182 0.21413324762823052 0.01953125 0.029282576866764276
0 0.22426151761517618 0.197881020684292 0.01953125 0.029282576866764276
0 0.24539972899728998 0.2100701908922459 0.01953125 0.029282576866764276
0 0.23455962059620597 0.2011314660730797 0.01953125 0.029282576866764276
0 0.23889566395663964 0.19219274125391345 0.01953125 0.029282576866764276
0 0.2296815718157182 0.1808161823931565 0.01953125 0.029282576866764276
0 0.21938346883468834 0.18325401643474729 0.01953125 0.029282576866764276
0 0.23943766937669378 0.1775657370043688 0.01953125 0.029282576866764276
0 0.24756775067750683 0.18162879374035346 0.01953125 0.029282576866764276
0 0.2546138211382114 0.17431529161558107 0.01953125 0.029282576866764276
0 0.2665379403794038 0.2011314660730797 0.01953125 0.029282576866764276
0 0.27575203252032526 0.19625579798989812 0.01953125 0.029282576866764276
0 0.2893021680216803 0.19625579798989812 0.01953125 0.029282576866764276
0 0.2844241192411925 0.21250802493383666 0.01953125 0.029282576866764276
0 0.2893021680216803 0.21819630436421517 0.01953125 0.029282576866764276
0 0.2806300813008131 0.18812968451792883 0.01953125 0.029282576866764276
0 0.2855081300813009 0.18487923912914114 0.01953125 0.029282576866764276
0 0.26707994579945804 0.18325401643474729 0.01953125 0.029282576866764276
0 0.28334010840108403 0.17025223487959645 0.01953125 0.029282576866764276
0 0.2898441734417345 0.1670017894908087 0.01953125 0.029282576866764276
0 0.3012262872628727 0.16456395544921798 0.01953125 0.029282576866764276
0 0.3017682926829269 0.1775657370043688 0.01953125 0.029282576866764276
0 0.29634823848238484 0.186504461823535 0.01953125 0.029282576866764276
0 0.3001422764227643 0.2011314660730797 0.01953125 0.029282576866764276
0 0.31260840108401095 0.2011314660730797 0.01953125 0.029282576866764276
0 0.3174864498644987 0.22307197244739677 0.01953125 0.029282576866764276
0 0.3299525745257453 0.27101604193201545 0.01953125 0.029282576866764276
0 0.3180284552845529 0.265327762501637 0.01953125 0.029282576866764276
0 0.3342886178861789 0.2011314660730797 0.01953125 0.029282576866764276
0 0.32670054200542015 0.2068197455034582 0.01953125 0.029282576866764276
0 0.3299525745257453 0.17025223487959645 0.01953125 0.029282576866764276
0 0.32561653116531175 0.16456395544921798 0.01953125 0.029282576866764276
0 0.3136924119241193 0.1775657370043688 0.01953125 0.029282576866764276
0 0.3386246612466125 0.18162879374035346 0.01953125 0.029282576866764276
0 0.3402506775067752 0.17025223487959645 0.01953125 0.029282576866764276
0 0.35000677506775074 0.18812968451792883 0.01953125 0.029282576866764276
0 0.3467547425474255 0.17431529161558107 0.01953125 0.029282576866764276
0 0.3472967479674797 0.1596882873660364 0.01953125 0.029282576866764276
0 0.35163279132791336 0.16456395544921798 0.01953125 0.029282576866764276
0 0.3565108401084012 0.16862701218520257 0.01953125 0.029282576866764276
0 0.36464092140921417 0.1670017894908087 0.01953125 0.029282576866764276
0 0.3624728997289974 0.1808161823931565 0.01953125 0.029282576866764276
0 0.36680894308943096 0.19381796394830733 0.01953125 0.029282576866764276
0 0.3716869918699188 0.20519452280906436 0.01953125 0.029282576866764276
0 0.38415311653116546 0.18812968451792883 0.01953125 0.029282576866764276
0 0.3711449864498646 0.17919095969876261 0.01953125 0.029282576866764276
0 0.383069105691057 0.1661891781436118 0.01953125 0.029282576866764276
0 0.3760230352303524 0.16131351006043024 0.01953125 0.029282576866764276
0 0.37981707317073177 0.15156217389406712 0.01953125 0.029282576866764276
0 0.39011517615176167 0.1572504533244456 0.01953125 0.029282576866764276
0 0.39607723577235787 0.15562523063005176 0.01953125 0.029282576866764276
0 0.4031233062330624 0.1572504533244456 0.01953125 0.029282576866764276
0 0.39878726287262883 0.17594051430997493 0.01953125 0.029282576866764276
0 0.40637533875338766 0.17594051430997493 0.01953125 0.029282576866764276
0 0.41125338753387547 0.16862701218520257 0.01953125 0.029282576866764276
0 0.41667344173441745 0.16456395544921798 0.01953125 0.029282576866764276
0 0.42751355013550146 0.1661891781436118 0.01953125 0.029282576866764276
0 0.4128794037940381 0.15237478524126405 0.01953125 0.029282576866764276
0 0.43510162601626035 0.1629387327548241 0.01953125 0.029282576866764276
0 0.44268970189701906 0.16862701218520257 0.01953125 0.029282576866764276
0 0.43510162601626035 0.15562523063005176 0.01953125 0.029282576866764276
0 0.4383536585365855 0.18894229586512576 0.01953125 0.029282576866764276
0 0.42751355013550146 0.186504461823535 0.01953125 0.029282576866764276
0 0.42100948509485103 0.2108828022394428 0.01953125 0.029282576866764276
0 0.39987127371273723 0.2173836930170182 0.01953125 0.029282576866764276
0 0.4231775067750679 0.2336359199609568 0.01953125 0.029282576866764276
0 0.4611178861788619 0.26288992846004616 0.01953125 0.029282576866764276
0 0.4562398373983741 0.22632241783618445 0.01953125 0.029282576866764276
0 0.4551558265582657 0.2100701908922459 0.01953125 0.029282576866764276
0 0.45136178861788634 0.19056751855951964 0.01953125 0.029282576866764276
0 0.46220189701897035 0.186504461823535 0.01953125 0.029282576866764276
0 0.4773780487804879 0.23444853130815368 0.01953125 0.029282576866764276
0 0.4838821138211383 0.21819630436421517 0.01953125 0.029282576866764276
0 0.485508130081301 0.19056751855951964 0.01953125 0.029282576866764276
0 0.474668021680217 0.17025223487959645 0.01953125 0.029282576866764276
0 0.49201219512195143 0.17025223487959645 0.01953125 0.029282576866764276
0 0.46491192411924126 0.16862701218520257 0.01953125 0.029282576866764276
0 0.45136178861788634 0.15887567601883945 0.01953125 0.029282576866764276
0 0.45190379403794056 0.14668650581088555 0.01953125 0.029282576866764276
0 0.44268970189701906 0.15237478524126405 0.01953125 0.029282576866764276
0 0.463827913279133 0.14831172850527938 0.01953125 0.029282576866764276
0 0.4605758807588077 0.1426234490749009 0.01953125 0.029282576866764276
0 0.4714159891598917 0.14993695119967324 0.01953125 0.029282576866764276
0 0.4806300813008132 0.15562523063005176 0.01953125 0.029282576866764276
0 0.48442411924119255 0.14668650581088555 0.01953125 0.029282576866764276
0 0.49634823848238496 0.15400000793565788 0.01953125 0.029282576866764276
0 0.490928184281843 0.14831172850527938 0.01953125 0.029282576866764276
0 0.4762940379403795 0.13774778099171933 0.01953125 0.029282576866764276
0 0.5794105691056911 0.22429088946819187 0.01953125 0.029282576866764276
0 0.5972967479674796 0.24541878449531201 0.01953125 0.029282576866764276
0 0.6688414634146342 0.21372694195463182 0.01953125 0.029282576866764276
0 0.6596273712737127 0.1990999377050871 0.01953125 0.029282576866764276
0 0.6346951219512196 0.22104044407940418 0.01953125 0.029282576866764276
0 0.6124728997289973 0.18772337884433016 0.01953125 0.029282576866764276
0 0.5869986449864498 0.20885127387145028 0.01953125 0.029282576866764276
0 0.5718224932249321 0.1990999377050871 0.01953125 0.029282576866764276
0 0.5300880758807587 0.22835394620417654 0.01953125 0.029282576866764276
0 0.5170799457994579 0.18284771076114859 0.01953125 0.029282576866764276
0 0.5073238482384823 0.1917864355803148 0.01953125 0.029282576866764276
0 0.4986517615176151 0.20641343982985944 0.01953125 0.029282576866764276
0 0.5306300813008129 0.18853599019152706 0.01953125 0.029282576866764276
0 0.5333401084010839 0.17147115190039158 0.01953125 0.029282576866764276
0 0.544180216802168 0.17959726537236084 0.01953125 0.029282576866764276
0 0.5268360433604335 0.155218924956453 0.01953125 0.029282576866764276
0 0.519789972899729 0.15928198169243768 0.01953125 0.029282576866764276
0 0.5170799457994579 0.14953064552607456 0.01953125 0.029282576866764276
0 0.5073238482384823 0.1535937022620592 0.01953125 0.029282576866764276
0 0.5051558265582655 0.1422171434013022 0.01953125 0.029282576866764276
0 0.5094918699186991 0.133278418582136 0.01953125 0.029282576866764276
0 0.49106368563685626 0.13896669801251446 0.01953125 0.029282576866764276
0 0.5219579945799457 0.14059192070690837 0.01953125 0.029282576866764276
0 0.5322560975609755 0.13490364127652985 0.01953125 0.029282576866764276
0 0.5365921409214092 0.14059192070690837 0.01953125 0.029282576866764276
0 0.5376761517615175 0.15928198169243768 0.01953125 0.029282576866764276
0 0.5376761517615175 0.14790542283168068 0.01953125 0.029282576866764276
0 0.544180216802168 0.15034325687327144 0.01953125 0.029282576866764276
0 0.5490582655826557 0.13734147531812063 0.01953125 0.029282576866764276
0 0.5566463414634146 0.13734147531812063 0.01953125 0.029282576866764276
0 0.5571883468834689 0.16659548381721007 0.01953125 0.029282576866764276
0 0.5539363143631436 0.1535937022620592 0.01953125 0.029282576866764276
0 0.5647764227642276 0.15928198169243768 0.01953125 0.029282576866764276
0 0.5701964769647696 0.16253242708122537 0.01953125 0.029282576866764276
0 0.5815785907859078 0.17715943133077006 0.01953125 0.029282576866764276
0 0.5810365853658536 0.14790542283168068 0.01953125 0.029282576866764276
0 0.5756165311653116 0.13896669801251446 0.01953125 0.029282576866764276
0 0.5734485094850947 0.13002797319334825 0.01953125 0.029282576866764276
0 0.5669444444444444 0.1259649164573636 0.01953125 0.029282576866764276
0 0.5794105691056911 0.133278418582136 0.01953125 0.029282576866764276
0 0.5842886178861787 0.13165319588774213 0.01953125 0.029282576866764276
0 0.5880826558265583 0.14628020013728682 0.01953125 0.029282576866764276
0 0.5945867208672085 0.14790542283168068 0.01953125 0.029282576866764276
0 0.6070528455284552 0.155218924956453 0.01953125 0.029282576866764276
0 0.5929607046070461 0.17147115190039158 0.01953125 0.029282576866764276
0 0.620060975609756 0.15928198169243768 0.01953125 0.029282576866764276
0 0.620060975609756 0.14628020013728682 0.01953125 0.029282576866764276
0 0.6124728997289973 0.13734147531812063 0.01953125 0.029282576866764276
0 0.6086788617886179 0.13165319588774213 0.01953125 0.029282576866764276
0 0.6043428184281843 0.12759013915175751 0.01953125 0.029282576866764276
0 0.5972967479674796 0.12759013915175751 0.01953125 0.029282576866764276
0 0.6477032520325204 0.155218924956453 0.01953125 0.029282576866764276
0 0.6406571815718156 0.16253242708122537 0.01953125 0.029282576866764276
0 0.6520392953929538 0.17553420863637623 0.01953125 0.029282576866764276
0 0.7029878048780488 0.19016121288592092 0.01953125 0.029282576866764276
0 0.6888956639566396 0.17390898594198237 0.01953125 0.029282576866764276
0 0.6639634146341463 0.16822070651160384 0.01953125 0.029282576866764276
0 0.7311720867208673 0.16253242708122537 0.01953125 0.029282576866764276
0 0.614640921409214 0.12271447106857593 0.01953125 0.029282576866764276
0 0.6374051490514905 0.13165319588774213 0.01953125 0.029282576866764276
0 0.6498712737127371 0.133278418582136 0.01953125 0.029282576866764276
0 0.6726355013550136 0.14790542283168068 0.01953125 0.029282576866764276
0 0.679139566395664 0.12759013915175751 0.01953125 0.029282576866764276
0 0.7002777777777778 0.15928198169243768 0.01953125 0.029282576866764276
0 0.717079945799458 0.1422171434013022 0.01953125 0.029282576866764276
0 0.7089498644986449 0.13734147531812063 0.01953125 0.029282576866764276
0 0.69539972899729 0.13165319588774213 0.01953125 0.029282576866764276
0 0.6997357723577236 0.12759013915175751 0.01953125 0.029282576866764276
0 0.6677574525745258 0.13002797319334825 0.01953125 0.029282576866764276
0 0.6645054200542004 0.133278418582136 0.01953125 0.029282576866764276
0 0.6612533875338753 0.12108924837418207 0.01953125 0.029282576866764276
0 0.7056978319783198 0.11865141433259128 0.01953125 0.029282576866764276
0 0.7100338753387534 0.12433969376296977 0.01953125 0.029282576866764276
0 0.7154539295392953 0.1170261916381974 0.01953125 0.029282576866764276
0 0.7225 0.1259649164573636 0.01953125 0.029282576866764276
0 0.7246680216802168 0.11540096894380361 0.01953125 0.029282576866764276
0 0.7300880758807589 0.11865141433259128 0.01953125 0.029282576866764276
0 0.7463482384823849 0.12759013915175751 0.01953125 0.029282576866764276
0 0.7664024390243902 0.12433969376296977 0.01953125 0.029282576866764276
0 0.7598983739837398 0.12433969376296977 0.01953125 0.029282576866764276
0 0.7826626016260162 0.15928198169243768 0.01953125 0.029282576866764276
0 0.7664024390243902 0.14465497744289296 0.01953125 0.029282576866764276
0 0.74960027100271 0.15196847956766532 0.01953125 0.029282576866764276
0 0.77670054200542 0.18447293345554244 0.01953125 0.029282576866764276
0 0.7842886178861789 0.20153777174667792 0.01953125 0.029282576866764276
0 0.8130149051490515 0.16253242708122537 0.01953125 0.029282576866764276
0 0.8038008130081301 0.1422171434013022 0.01953125 0.029282576866764276
0 0.7924186991869919 0.10239918738865275 0.01953125 0.029282576866764276
0 0.8027168021680218 0.10727485547183434 0.01953125 0.029282576866764276
0 0.7945867208672087 0.12108924837418207 0.01953125 0.029282576866764276
0 0.7826626016260162 0.13002797319334825 0.01953125 0.029282576866764276
0 0.7859146341463416 0.1137757462494097 0.01953125 0.029282576866764276
0 0.7794105691056911 0.10890007816622814 0.01953125 0.029282576866764276
0 0.7723644986449865 0.10727485547183434 0.01953125 0.029282576866764276
0 0.7544783197831978 0.10971268951342508 0.01953125 0.029282576866764276
0 0.7479742547425475 0.1170261916381974 0.01953125 0.029282576866764276
0 0.7398441734417345 0.1170261916381974 0.01953125 0.029282576866764276
0 0.8103048780487806 0.11865141433259128 0.01953125 0.029282576866764276
0 0.8162669376693769 0.12271447106857593 0.01953125 0.029282576866764276
0 0.819518970189702 0.11540096894380361 0.01953125 0.029282576866764276
0 0.819518970189702 0.1064622441246374 0.01953125 0.029282576866764276
0 0.8130149051490515 0.10158657604145581 0.01953125 0.029282576866764276
0 0.8086788617886179 0.20478821713546566 0.01953125 0.029282576866764276
0 0.8494647696476966 0.1698459292059977 0.01953125 0.029282576866764276
0 0.8597628726287264 0.14790542283168068 0.01953125 0.029282576866764276
0 0.8397086720867208 0.14790542283168068 0.01953125 0.029282576866764276
0 0.8402506775067751 0.12433969376296977 0.01953125 0.029282576866764276
0 0.8608468834688348 0.133278418582136 0.01953125 0.029282576866764276
0 0.8716869918699188 0.12759013915175751 0.01953125 0.029282576866764276
0 0.8879471544715448 0.13002797319334825 0.01953125 0.029282576866764276
0 0.9063753387533877 0.16659548381721007 0.01953125 0.029282576866764276
0 0.921009485094851 0.14953064552607456 0.01953125 0.029282576866764276
0 0.8982452574525746 0.1422171434013022 0.01953125 0.029282576866764276
0 0.902039295392954 0.1259649164573636 0.01953125 0.029282576866764276
0 0.9150474254742548 0.1137757462494097 0.01953125 0.029282576866764276
0 0.9188414634146344 0.13165319588774213 0.01953125 0.029282576866764276
0 0.9378116531165313 0.14790542283168068 0.01953125 0.029282576866764276
0 0.9416056910569107 0.16090720438683154 0.01953125 0.029282576866764276
0 0.9291395663956641 0.17228376324758848 0.01953125 0.029282576866764276
0 0.9622018970189703 0.16659548381721007 0.01953125 0.029282576866764276
0 0.9687059620596208 0.14953064552607456 0.01953125 0.029282576866764276
0 0.958949864498645 0.13571625262372677 0.01953125 0.029282576866764276
0 0.9768360433604337 0.13490364127652985 0.01953125 0.029282576866764276
0 0.9887601626016261 0.14302975474849908 0.01953125 0.029282576866764276
0 0.996348238482385 0.1259649164573636 0.01953125 0.029282576866764276
0 0.9822560975609756 0.12108924837418207 0.01953125 0.029282576866764276
0 0.9887601626016261 0.11133791220781897 0.01953125 0.029282576866764276
0 0.9822560975609756 0.11296313490221276 0.01953125 0.029282576866764276
0 0.9616598915989161 0.1170261916381974 0.01953125 0.029282576866764276
0 0.9421476964769648 0.10971268951342508 0.01953125 0.029282576866764276
0 0.9264295392953931 0.10321179873584965 0.01953125 0.029282576866764276
0 0.931849593495935 0.09996135334706197 0.01953125 0.029282576866764276
0 0.9432317073170733 0.09346046256948655 0.01953125 0.029282576866764276
0 0.9475677506775069 0.08614696044471418 0.01953125 0.029282576866764276
0 0.9627439024390245 0.09589829661107732 0.01953125 0.029282576866764276
0 0.9735840108401086 0.08533434909751726 0.01953125 0.029282576866764276
0 0.9806300813008132 0.09346046256948655 0.01953125 0.029282576866764276
0 0.8977032520325204 0.10971268951342508 0.01953125 0.029282576866764276
0 0.9096273712737128 0.10971268951342508 0.01953125 0.029282576866764276
0 0.902039295392954 0.09671090795827422 0.01953125 0.029282576866764276
0 0.8922831978319784 0.10971268951342508 0.01953125 0.029282576866764276
0 0.8695189701897019 0.10971268951342508 0.01953125 0.029282576866764276
0 0.8516327913279134 0.10727485547183434 0.01953125 0.029282576866764276
0 0.8603048780487806 0.10239918738865275 0.01953125 0.029282576866764276
0 0.8467547425474256 0.09752351930547117 0.01953125 0.029282576866764276
0 0.8868631436314364 0.10077396469425887 0.01953125 0.029282576866764276
0 0.8819850948509486 0.1040244100830466 0.01953125 0.029282576866764276
0 0.8321205962059621 0.11540096894380361 0.01953125 0.029282576866764276
0 0.8283265582655827 0.133278418582136 0.01953125 0.029282576866764276
0 0.6226554001554001 0.1192395631048633 0.01953125 0.029282576866764276
0 0.6281499056499057 0.12373287360110209 0.01953125 0.029282576866764276
0 0.6396384171384171 0.12298398851839562 0.01953125 0.029282576866764276
0 0.646631424131424 0.11849067802215688 0.01953125 0.029282576866764276
0 0.6526254301254301 0.11549513769133103 0.01953125 0.029282576866764276
0 0.6511269286269287 0.125230643766515 0.01953125 0.029282576866764276
0 0.669608447108447 0.11175071227779876 0.01953125 0.029282576866764276
0 0.673604451104451 0.11399736752591814 0.01953125 0.029282576866764276
0 0.6721059496059495 0.1177417929394504 0.01953125 0.029282576866764276
0 0.6631149406149406 0.11474625260862456 0.01953125 0.029282576866764276
0 0.6795984570984569 0.11324848244321167 0.01953125 0.029282576866764276
0 0.6830949605949606 0.11549513769133103 0.01953125 0.029282576866764276
0 0.6880899655899656 0.11100182719509225 0.01953125 0.029282576866764276
0 0.6900879675879676 0.12298398851839562 0.01953125 0.029282576866764276
0 0.6935844710844711 0.11624402277403752 0.01953125 0.029282576866764276
0 0.4128651903651903 0.14694831116500232 0.01953125 0.029282576866764276
0 0.41985819735819735 0.14545054099958943 0.01953125 0.029282576866764276
0 0.42585220335220336 0.14545054099958943 0.01953125 0.029282576866764276
0 0.43084720834720835 0.14619942608229583 0.01953125 0.029282576866764276
0 0.43584221334221335 0.14395277083417646 0.01953125 0.029282576866764276
0 0.4408372183372183 0.14545054099958943 0.01953125 0.029282576866764276
0 0.4463317238317238 0.1417061155860571 0.01953125 0.029282576866764276
0 0.7647632922632922 0.10725740178155997 0.01953125 0.029282576866764276
0 0.7497782772782772 0.1095040570296794 0.01953125 0.029282576866764276
0 0.7457822732822732 0.1095040570296794 0.01953125 0.029282576866764276
0 0.7437842712842712 0.1095040570296794 0.01953125 0.029282576866764276
0 0.7362917637917636 0.10650851669885351 0.01953125 0.029282576866764276
0 0.7292987567987568 0.10650851669885351 0.01953125 0.029282576866764276
0 0.7342937617937617 0.11399736752591814 0.01953125 0.029282576866764276
0 0.7153127428127427 0.11100182719509225 0.01953125 0.029282576866764276
0 0.7073207348207348 0.1095040570296794 0.01953125 0.029282576866764276
0 0.7008272283272283 0.11175071227779876 0.01953125 0.029282576866764276
0 0.834693362193362 0.09377747029284371 0.01953125 0.029282576866764276
0 0.8301978576978576 0.10276409128532125 0.01953125 0.029282576866764276
0 0.8286993561993561 0.0960241255409631 0.01953125 0.029282576866764276
0 0.8376903651903651 0.10201520620261477 0.01953125 0.029282576866764276
0 0.855672383172383 0.09377747029284371 0.01953125 0.029282576866764276
0 0.8641638916638915 0.09452635537555018 0.01953125 0.029282576866764276
0 0.8691588966588966 0.09677301062366955 0.01953125 0.029282576866764276
0 0.8741539016539016 0.09901966587178898 0.01953125 0.029282576866764276
0 0.8766514041514041 0.0930285852101373 0.01953125 0.029282576866764276
0 0.884643412143412 0.09003304487931145 0.01953125 0.029282576866764276
0 0.8906374181374179 0.09003304487931145 0.01953125 0.029282576866764276
0 0.8931349206349205 0.0960241255409631 0.01953125 0.029282576866764276
0 0.8986294261294261 0.09003304487931145 0.01953125 0.029282576866764276
0 0.9061219336219335 0.09377747029284371 0.01953125 0.029282576866764276
0 0.9111169386169385 0.09227970012743082 0.01953125 0.029282576866764276
0 0.9086194361194361 0.08329307913495328 0.01953125 0.029282576866764276
0 0.918609446109446 0.09078192996201792 0.01953125 0.029282576866764276
0 0.9280999555999555 0.08853527471389855 0.01953125 0.029282576866764276
0 0.919608447108447 0.09677301062366955 0.01953125 0.029282576866764276
0 0.9315964590964592 0.08404196421765976 0.01953125 0.029282576866764276
0 0.938589466089466 0.08479084930036623 0.01953125 0.029282576866764276
0 0.9525754800754799 0.09153081504472435 0.01953125 0.029282576866764276
0 0.96256549006549 0.08479084930036623 0.01953125 0.029282576866764276
0 0.9840440115440113 0.08628861946577918 0.01953125 0.029282576866764276
0 0.9875405150405151 0.08479084930036623 0.01953125 0.029282576866764276
0 0.9960320235320236 0.08329307913495328 0.01953125 0.029282576866764276
