0 0.070207538167939 0.9574777353689568 0.01953125 0.026041666666666668
0 0.010093034351145107 0.5757983460559797 0.01953125 0.026041666666666668
0 0.02011211832061072 0.5299968193384225 0.01953125 0.026041666666666668
0 0.007230438931297769 0.46511132315521636 0.01953125 0.026041666666666668
0 0.03871898854961835 0.4422105597964377 0.01953125 0.026041666666666668
0 0.011524332061068777 0.33152353689567443 0.01953125 0.026041666666666668
0 0.04444417938931302 0.38305025445292634 0.01953125 0.026041666666666668
0 0.06591364503816799 0.46511132315521636 0.01953125 0.026041666666666668
0 0.06305104961832064 0.42312659033078887 0.01953125 0.026041666666666668
0 0.09167700381679396 0.3219815521628499 0.01953125 0.026041666666666668
0 0.11600906488549625 0.42312659033078887 0.01953125 0.026041666666666668
0 0.09453959923664129 0.46511132315521636 0.01953125 0.026041666666666668
0 0.10885257633587792 0.48610368956743016 0.01953125 0.026041666666666668
0 0.1288907442748092 0.488012086513995 0.01953125 0.026041666666666668
0 0.14606631679389315 0.5357220101781172 0.01953125 0.026041666666666668
0 0.13747853053435122 0.6483174300254454 0.01953125 0.026041666666666668
0 0.1646731870229008 0.6597678117048347 0.01953125 0.026041666666666668
0 0.17612356870229015 0.7494624681933844 0.01953125 0.026041666666666668
0 0.13604723282442754 0.8582410941475828 0.01953125 0.026041666666666668
0 0.24196326335877863 0.8658746819338424 0.01953125 0.026041666666666668
0 0.17182967557251913 0.9746533078880407 0.01953125 0.026041666666666668
0 0.1890052480916031 0.5223632315521629 0.01953125 0.026041666666666668
0 0.15036020992366417 0.4593861323155217 0.01953125 0.026041666666666668
0 0.1389098282442749 0.4154930025445293 0.01953125 0.026041666666666668
0 0.16753578244274814 0.3486991094147584 0.01953125 0.026041666666666668
0 0.12173425572519087 0.3525159033078882 0.01953125 0.026041666666666668
0 0.1389098282442749 0.38495865139949115 0.01953125 0.026041666666666668
0 0.1932991412213741 0.5662563613231554 0.01953125 0.026041666666666668
0 0.24053196564885504 0.552897582697201 0.01953125 0.026041666666666668
0 0.27774570610687027 0.552897582697201 0.01953125 0.026041666666666668
0 0.29205868320610695 0.6120578880407125 0.01953125 0.026041666666666668
0 0.33499761450381677 0.6101494910941476 0.01953125 0.026041666666666668
0 0.3693487595419848 0.6941189567430026 0.01953125 0.026041666666666668
0 0.3636235687022901 0.886867048346056 0.01953125 0.026041666666666668
0 0.32354723282442754 0.869691475826972 0.01953125 0.026041666666666668
0 0.3893869274809161 0.9803784987277355 0.01953125 0.026041666666666668
0 0.4308945610687024 0.6597678117048347 0.01953125 0.026041666666666668
0 0.2634327290076336 0.488012086513995 0.01953125 0.026041666666666668
0 0.23623807251908402 0.4689281170483461 0.01953125 0.026041666666666668
0 0.25627624045801534 0.4517525445292621 0.01953125 0.026041666666666668
0 0.2834708969465649 0.4479357506361324 0.01953125 0.026041666666666668
0 0.2605701335877863 0.40595101781170495 0.01953125 0.026041666666666668
0 0.2176312022900764 0.36205788804071254 0.01953125 0.026041666666666668
0 0.1511951335877862 0.35013040712468196 0.01953125 0.026041666666666668
0 0.11755963740458007 0.2318097964376591 0.01953125 0.026041666666666668
0 0.15334208015267167 0.22322201017811708 0.01953125 0.026041666666666668
0 0.18411498091603043 0.2413517811704835 0.01953125 0.026041666666666668
0 0.19341841603053425 0.21654262086514 0.01953125 0.026041666666666668
0 0.20701574427480907 0.22608460559796442 0.01953125 0.026041666666666668
0 0.2306321564885495 0.2346723918575064 0.01953125 0.026041666666666668
0 0.24637643129770986 0.21845101781170492 0.01953125 0.026041666666666668
0 0.25138597328244267 0.15833651399491097 0.01953125 0.026041666666666668
0 0.26355200381679383 0.15738231552162854 0.01953125 0.026041666666666668
0 0.26498330152671745 0.27284033078880415 0.01953125 0.026041666666666668
0 0.25639551526717547 0.29001590330788807 0.01953125 0.026041666666666668
0 0.23206345419847318 0.2986036895674301 0.01953125 0.026041666666666668
0 0.21560353053435108 0.29001590330788807 0.01953125 0.026041666666666668
0 0.23778864503816785 0.3367716284987278 0.01953125 0.026041666666666668
0 0.2814432251908396 0.332954834605598 0.01953125 0.026041666666666668
0 0.326529103053435 0.3367716284987278 0.01953125 0.026041666666666668
0 0.25138597328244267 0.3682601781170483 0.01953125 0.026041666666666668
0 0.2993344465648854 0.27474872773536896 0.01953125 0.026041666666666668
0 0.292177958015267 0.2108174300254453 0.01953125 0.026041666666666668
0 0.26713024809160296 0.21654262086514 0.01953125 0.026041666666666668
0 0.2585424618320609 0.225130407124682 0.01953125 0.026041666666666668
0 0.3200882633587785 0.2299013994910942 0.01953125 0.026041666666666668
0 0.30076574427480907 0.2318097964376591 0.01953125 0.026041666666666668
0 0.34084208015267164 0.283336513994911 0.01953125 0.026041666666666668
0 0.3644584923664121 0.31673346055979645 0.01953125 0.026041666666666668
0 0.36588979007633576 0.2766571246819339 0.01953125 0.026041666666666668
0 0.3637428435114503 0.2432601781170484 0.01953125 0.026041666666666668
0 0.3537237595419846 0.22799300254452928 0.01953125 0.026041666666666668
0 0.32867604961832053 0.23085559796437663 0.01953125 0.026041666666666668
0 0.335116889312977 0.2299013994910942 0.01953125 0.026041666666666668
0 0.3415577290076335 0.2299013994910942 0.01953125 0.026041666666666668
0 0.32939169847328237 0.2861991094147583 0.01953125 0.026041666666666668
0 0.3587333015267175 0.4522296437659033 0.01953125 0.026041666666666668
0 0.3630271946564884 0.39879452926208653 0.01953125 0.026041666666666668
0 0.38306536259541973 0.3587181933842239 0.01953125 0.026041666666666668
0 0.40525047709923656 0.27856552162849874 0.01953125 0.026041666666666668
0 0.39952528625954187 0.33200063613231556 0.01953125 0.026041666666666668
0 0.41598520992366406 0.35013040712468196 0.01953125 0.026041666666666668
0 0.40095658396946554 0.3749395674300255 0.01953125 0.026041666666666668
0 0.4267199427480915 0.43887086513994916 0.01953125 0.026041666666666668
0 0.4524833015267174 0.4875349872773537 0.01953125 0.026041666666666668
0 0.39380009541984723 0.47131361323155213 0.01953125 0.026041666666666668
0 0.3973783396946564 0.4903975826972011 0.01953125 0.026041666666666668
0 0.4474737595419846 0.35394720101781174 0.01953125 0.026041666666666668
0 0.19771230916030524 0.32055025445292623 0.01953125 0.026041666666666668
0 0.38682251908396936 0.25160941475826976 0.01953125 0.026041666666666668
0 0.4175954198473281 0.25828880407124694 0.01953125 0.026041666666666668
0 0.4190267175572518 0.2325254452926209 0.01953125 0.026041666666666668
0 0.39469465648854957 0.20246819338422398 0.01953125 0.026041666666666668
0 0.3921898854961831 0.19388040712468202 0.01953125 0.026041666666666668
0 0.37751908396946554 0.18195292620865147 0.01953125 0.026041666666666668
0 0.3703625954198473 0.20580788804071257 0.01953125 0.026041666666666668
0 0.354618320610687 0.19769720101781177 0.01953125 0.026041666666666668
0 0.341736641221374 0.21057888040712477 0.01953125 0.026041666666666668
0 0.33064408396946554 0.21534987277353698 0.01953125 0.026041666666666668
0 0.3102480916030534 0.21868956743002552 0.01953125 0.026041666666666668
0 0.3302862595419847 0.20533078880407132 0.01953125 0.026041666666666668
0 0.3259923664122137 0.15523536895674309 0.01953125 0.026041666666666668
0 0.3360114503816793 0.14760178117048356 0.01953125 0.026041666666666668
0 0.34316793893129766 0.13996819338422398 0.01953125 0.026041666666666668
0 0.354618320610687 0.15857506361323165 0.01953125 0.026041666666666668
0 0.3596278625954198 0.14235368956743014 0.01953125 0.026041666666666668
0 0.3753721374045801 0.16763994910941482 0.01953125 0.026041666666666668
0 0.37179389312977096 0.14378498727735375 0.01953125 0.026041666666666668
0 0.4390648854961831 0.3050445292620866 0.01953125 0.026041666666666668
0 0.44335877862595413 0.2706933842239187 0.01953125 0.026041666666666668
0 0.45409351145038157 0.25160941475826976 0.01953125 0.026041666666666668
0 0.44335877862595413 0.23586513994910951 0.01953125 0.026041666666666668
0 0.4322662213740457 0.20389949109414765 0.01953125 0.026041666666666668
0 0.41831106870229 0.18720101781170492 0.01953125 0.026041666666666668
0 0.40614503816793884 0.16143765903307894 0.01953125 0.026041666666666668
0 0.3993463740458014 0.16143765903307894 0.01953125 0.026041666666666668
0 0.3896851145038167 0.1580979643765904 0.01953125 0.026041666666666668
0 0.3403053435114503 0.19865139949109423 0.01953125 0.026041666666666668
0 0.17749522900763354 0.3837659033078881 0.01953125 0.026041666666666668
0 0.018501908396946584 0.09082697201017813 0.01953125 0.026041666666666668
0 0.027447519083969477 0.08319338422391861 0.01953125 0.026041666666666668
0 0.043191793893129785 0.08080788804071248 0.01953125 0.026041666666666668
0 0.04712786259541986 0.08223918575063617 0.01953125 0.026041666666666668
0 0.10545324427480916 0.08653307888040714 0.01953125 0.026041666666666668
0 0.1083158396946565 0.09941475826972013 0.01953125 0.026041666666666668
0 0.1126097328244275 0.10323155216284989 0.01953125 0.026041666666666668
0 0.11940839694656488 0.10513994910941477 0.01953125 0.026041666666666668
0 0.13479484732824426 0.09082697201017813 0.01953125 0.026041666666666668
0 0.15089694656488548 0.09941475826972013 0.01953125 0.026041666666666668
0 0.36022423664122133 0.1213613231552163 0.01953125 0.026041666666666668
0 0.36630725190839686 0.11706743002544533 0.01953125 0.026041666666666668
0 0.3756106870229007 0.11993002544529263 0.01953125 0.026041666666666668
0 0.3720324427480915 0.11993002544529263 0.01953125 0.026041666666666668
0 0.399584923664122 0.10895674300254456 0.01953125 0.026041666666666668
0 0.3884923664122137 0.12088422391857508 0.01953125 0.026041666666666668
0 0.41676049618320604 0.10991094147582701 0.01953125 0.026041666666666668
0 0.4092461832061068 0.14378498727735373 0.01953125 0.026041666666666668
0 0.4185496183206106 0.1609605597964377 0.01953125 0.026041666666666668
0 0.4246326335877862 0.15141857506361325 0.01953125 0.026041666666666668
0 0.42999999999999994 0.15046437659033082 0.01953125 0.026041666666666668
0 0.4221278625954198 0.13567430025445296 0.01953125 0.026041666666666668
0 0.4199809160305343 0.1304262086513995 0.01953125 0.026041666666666668
0 0.429642175572519 0.1165903307888041 0.01953125 0.026041666666666668
0 0.43429389312977096 0.12708651399491097 0.01953125 0.026041666666666668
0 0.4396612595419847 0.11229643765903309 0.01953125 0.026041666666666668
0 0.4403769083969465 0.12660941475826973 0.01953125 0.026041666666666668
0 0.43608301526717547 0.114204834605598 0.01953125 0.026041666666666668
0 0.4657824427480915 0.10657124681933844 0.01953125 0.026041666666666668
0 0.43500954198473274 0.046456743002544536 0.01953125 0.026041666666666668
0 0.4403769083969465 0.048365139949109404 0.01953125 0.026041666666666668
0 0.4446708015267175 0.15094147582697204 0.01953125 0.026041666666666668
0 0.4378721374045801 0.15571246819338427 0.01953125 0.026041666666666668
0 0.44001908396946554 0.17336513994910943 0.01953125 0.026041666666666668
0 0.44395515267175567 0.19769720101781174 0.01953125 0.026041666666666668
0 0.442523854961832 0.18529262086514 0.01953125 0.026041666666666668
0 0.4446708015267175 0.16668575063613233 0.01953125 0.026041666666666668
0 0.4543320610687022 0.1676399491094148 0.01953125 0.026041666666666668
0 0.4579103053435114 0.1585750636132316 0.01953125 0.026041666666666668
0 0.459341603053435 0.19626590330788807 0.01953125 0.026041666666666668
0 0.4700763358778625 0.1986513994910942 0.01953125 0.026041666666666668
0 0.47186545801526714 0.1652544529262087 0.01953125 0.026041666666666668
0 0.4700763358778625 0.14664758269720105 0.01953125 0.026041666666666668
0 0.4700763358778625 0.1366284987277354 0.01953125 0.026041666666666668
0 0.463993320610687 0.12422391857506365 0.01953125 0.026041666666666668
0 0.459341603053435 0.1165903307888041 0.01953125 0.026041666666666668
0 0.4486068702290076 0.14569338422391861 0.01953125 0.026041666666666668
0 0.48868320610687016 0.15475826972010184 0.01953125 0.026041666666666668
0 0.48045324427480907 0.14760178117048348 0.01953125 0.026041666666666668
0 0.48260019083969463 0.15571246819338427 0.01953125 0.026041666666666668
0 0.48081106870229 0.18243002544529266 0.01953125 0.026041666666666668
0 0.4843893129770992 0.1743193384223919 0.01953125 0.026041666666666668
0 0.4961975190839694 0.1747964376590331 0.01953125 0.026041666666666668
0 0.4904723282442748 0.2058078880407125 0.01953125 0.026041666666666668
0 0.48188454198473274 0.2005597964376591 0.01953125 0.026041666666666668
0 0.48367366412213736 0.22584605597964383 0.01953125 0.026041666666666668
0 0.46721374045801517 0.25351781170483473 0.01953125 0.026041666666666668
0 0.5029961832061068 0.23157124681933852 0.01953125 0.026041666666666668
0 0.5062166030534351 0.21534987277353693 0.01953125 0.026041666666666668
0 0.49977576335877855 0.19578880407124688 0.01953125 0.026041666666666668
0 0.4614885496183206 0.14998727735368958 0.01953125 0.026041666666666668
0 0.45146946564885493 0.12326972010178121 0.01953125 0.026041666666666668
0 0.4625620229007633 0.1366284987277354 0.01953125 0.026041666666666668
0 0.47544370229007626 0.1280407124681934 0.01953125 0.026041666666666668
0 0.4822423664122137 0.12088422391857508 0.01953125 0.026041666666666668
0 0.4833158396946564 0.11134223918575065 0.01953125 0.026041666666666668
0 0.49941793893129766 0.11754452926208654 0.01953125 0.026041666666666668
0 0.5194561068702289 0.10991094147582701 0.01953125 0.026041666666666668
0 0.4965553435114503 0.11229643765903309 0.01953125 0.026041666666666668
0 0.39385973282442743 0.14664758269720105 0.01953125 0.026041666666666668
0 0.5014754293893129 0.14295006361323156 0.01953125 0.026041666666666668
0 0.47946922709923656 0.13388517811704836 0.01953125 0.026041666666666668
0 0.5007597805343511 0.1286370865139949 0.01953125 0.026041666666666668
0 0.49539241412213736 0.1412802162849873 0.01953125 0.026041666666666668
0 0.5127468988549617 0.15296914758269722 0.01953125 0.026041666666666668
0 0.518293177480916 0.13841762086513995 0.01953125 0.026041666666666668
0 0.5147149332061067 0.12267334605597967 0.01953125 0.026041666666666668
0 0.5231238072519083 0.13293097964376593 0.01953125 0.026041666666666668
0 0.5267020515267175 0.1434271628498728 0.01953125 0.026041666666666668
0 0.5175775286259541 0.16966762086513995 0.01953125 0.026041666666666668
0 0.5059482347328244 0.16704357506361323 0.01953125 0.026041666666666668
0 0.5032645515267175 0.1792096055979644 0.01953125 0.026041666666666668
0 0.5134625477099236 0.19137563613231554 0.01953125 0.026041666666666668
0 0.520261211832061 0.20545006361323156 0.01953125 0.026041666666666668
0 0.5306381202290076 0.1684748727735369 0.01953125 0.026041666666666668
0 0.5318905057251908 0.13555502544529263 0.01953125 0.026041666666666668
0 0.46068344465648847 0.1730073155216285 0.01953125 0.026041666666666668
0 0.5455772900763359 0.1065712468193384 0.01953125 0.026041666666666668
0 0.5509446564885498 0.11659033078880406 0.01953125 0.026041666666666668
0 0.5674045801526719 0.11134223918575063 0.01953125 0.026041666666666668
0 0.5573854961832063 0.133765903307888 0.01953125 0.026041666666666668
0 0.5509446564885498 0.1447391857506361 0.01953125 0.026041666666666668
0 0.5455772900763359 0.15714376590330784 0.01953125 0.026041666666666668
0 0.5831488549618322 0.1132506361323155 0.01953125 0.026041666666666668
0 0.575634541984733 0.1647773536895674 0.01953125 0.026041666666666668
0 0.5638263358778628 0.13233460559796434 0.01953125 0.026041666666666668
0 0.558458969465649 0.11468193384223917 0.01953125 0.026041666666666668
0 0.5620372137404581 0.11468193384223917 0.01953125 0.026041666666666668
0 0.579928435114504 0.12279262086513992 0.01953125 0.026041666666666668
0 0.5293857347328246 0.12315044529262081 0.01953125 0.026041666666666668
0 0.5279544370229009 0.1544004452926208 0.01953125 0.026041666666666668
0 0.5191877385496184 0.153684796437659 0.01953125 0.026041666666666668
0 0.5606953721374047 0.14867525445292618 0.01953125 0.026041666666666668
0 0.5798389790076337 0.1357935750636132 0.01953125 0.026041666666666668
0 0.5696409828244277 0.12291189567430022 0.01953125 0.026041666666666668
0 0.5555069179389315 0.1739615139949109 0.01953125 0.026041666666666668
0 0.585385257633588 0.15082220101781166 0.01953125 0.026041666666666668
0 0.5875322041984734 0.13937181933842235 0.01953125 0.026041666666666668
0 0.5707144561068703 0.1558317430025445 0.01953125 0.026041666666666668
0 0.5708933683206108 0.18922868956743 0.01953125 0.026041666666666668
0 0.5626634064885497 0.19996342239185746 0.01953125 0.026041666666666668
0 0.5326061545801528 0.1942382315521628 0.01953125 0.026041666666666668
0 0.5445932729007634 0.19376113231552158 0.01953125 0.026041666666666668
0 0.5950465171755727 0.17992525445292615 0.01953125 0.026041666666666668
0 0.5900369751908398 0.15487754452926206 0.01953125 0.026041666666666668
0 0.6113275286259543 0.14986800254452923 0.01953125 0.026041666666666668
0 0.6056023377862596 0.1627496819338422 0.01953125 0.026041666666666668
0 0.5835961354961833 0.2059271628498727 0.01953125 0.026041666666666668
0 0.5742927003816795 0.2097439567430025 0.01953125 0.026041666666666668
0 0.5861009064885497 0.184934796437659 0.01953125 0.026041666666666668
0 0.5742927003816795 0.1739615139949109 0.01953125 0.026041666666666668
0 0.6032764790076337 0.09953403307888037 0.01953125 0.026041666666666668
0 0.5685675095419849 0.13913326972010173 0.01953125 0.026041666666666668
0 0.6068547232824429 0.203303117048346 0.01953125 0.026041666666666668
0 0.6005927958015268 0.15201494910941474 0.01953125 0.026041666666666668
0 0.47955868320610684 0.638775445292621 0.01953125 0.026041666666666668
0 0.5010281488549618 0.5853403307888042 0.01953125 0.026041666666666668
0 0.48098998091603057 0.5280884223918575 0.01953125 0.026041666666666668
0 0.48671517175572526 0.4994624681933843 0.01953125 0.026041666666666668
0 0.49100906488549617 0.47274491094147586 0.01953125 0.026041666666666668
0 0.5325166984732825 0.48610368956743016 0.01953125 0.026041666666666668
0 0.5167724236641221 0.35633269720101796 0.01953125 0.026041666666666668
0 0.5038907442748092 0.3391571246819339 0.01953125 0.026041666666666668
0 0.4666770038167939 0.3162563613231553 0.01953125 0.026041666666666668
0 0.4938716603053435 0.3162563613231553 0.01953125 0.026041666666666668
0 0.48671517175572526 0.2952639949109416 0.01953125 0.026041666666666668
0 0.462383110687023 0.28953880407124694 0.01953125 0.026041666666666668
0 0.5096159351145039 0.28381361323155224 0.01953125 0.026041666666666668
0 0.4953029580152673 0.2761800254452927 0.01953125 0.026041666666666668
0 0.48098998091603057 0.26091284987277363 0.01953125 0.026041666666666668
0 0.5267915076335877 0.26282124681933844 0.01953125 0.026041666666666668
0 0.5339479961832062 0.24755407124681938 0.01953125 0.026041666666666668
0 0.5640052480916031 0.2418288804071248 0.01953125 0.026041666666666668
0 0.5611426526717558 0.30098918575063616 0.01953125 0.026041666666666668
0 0.5611426526717558 0.35633269720101796 0.01953125 0.026041666666666668
0 0.5783182251908395 0.3410655216284988 0.01953125 0.026041666666666668
0 0.5954937977099237 0.4193097964376591 0.01953125 0.026041666666666668
0 0.589768606870229 0.4632029262086515 0.01953125 0.026041666666666668
0 0.5840434160305343 0.5357220101781172 0.01953125 0.026041666666666668
0 0.5611426526717558 0.6196914758269721 0.01953125 0.026041666666666668
0 0.5668678435114505 0.9021342239185751 0.01953125 0.026041666666666668
0 0.5282228053435114 0.905951017811705 0.01953125 0.026041666666666668
0 0.6441579198473284 0.3391571246819339 0.01953125 0.026041666666666668
0 0.611238072519084 0.3124395674300255 0.01953125 0.026041666666666668
0 0.5969250954198475 0.2933555979643767 0.01953125 0.026041666666666668
0 0.5940625000000002 0.26091284987277363 0.01953125 0.026041666666666668
0 0.5768869274809161 0.2761800254452927 0.01953125 0.026041666666666668
0 0.5869060114503817 0.24755407124681938 0.01953125 0.026041666666666668
0 0.6183945610687023 0.23037849872773544 0.01953125 0.026041666666666668
0 0.624119751908397 0.25709605597964386 0.01953125 0.026041666666666668
0 0.6255510496183206 0.30098918575063616 0.01953125 0.026041666666666668
0 0.6384327290076336 0.2819052162849873 0.01953125 0.026041666666666668
0 0.6341388358778627 0.22083651399491108 0.01953125 0.026041666666666668
0 0.6870968511450383 0.2742716284987279 0.01953125 0.026041666666666668
0 0.6899594465648855 0.2361036895674301 0.01953125 0.026041666666666668
0 0.7028411259541986 0.23037849872773544 0.01953125 0.026041666666666668
0 0.7214479961832061 0.26282124681933844 0.01953125 0.026041666666666668
0 0.7057037213740458 0.27999681933842246 0.01953125 0.026041666666666668
0 0.6656273854961833 0.6330502544529263 0.01953125 0.026041666666666668
0 0.6885281488549617 0.5796151399491095 0.01953125 0.026041666666666668
0 0.6556083015267177 0.5280884223918575 0.01953125 0.026041666666666668
0 0.6212571564885496 0.44602735368956753 0.01953125 0.026041666666666668
0 0.6441579198473284 0.48228689567430033 0.01953125 0.026041666666666668
0 0.6727838740458014 0.4593861323155217 0.01953125 0.026041666666666668
0 0.649883110687023 0.4193097964376591 0.01953125 0.026041666666666668
0 0.6641960877862596 0.40976781170483473 0.01953125 0.026041666666666668
0 0.6770777671755727 0.42312659033078887 0.01953125 0.026041666666666668
0 0.7357609732824429 0.4498441475826973 0.01953125 0.026041666666666668
0 0.7457800572519085 0.4918288804071247 0.01953125 0.026041666666666668
0 0.7371922709923664 0.5223632315521629 0.01953125 0.026041666666666668
0 0.7872876908396947 0.6406838422391858 0.01953125 0.026041666666666668
0 0.863146469465649 0.6120578880407125 0.01953125 0.026041666666666668
0 0.8874785305343511 0.5796151399491095 0.01953125 0.026041666666666668
0 0.8474021946564887 0.5261800254452927 0.01953125 0.026041666666666668
0 0.8345205152671755 0.47274491094147586 0.01953125 0.026041666666666668
0 0.8101884541984734 0.49564567430025447 0.01953125 0.026041666666666668
0 0.8717342557251908 0.8372487277353691 0.01953125 0.026041666666666668
0 0.913241889312977 0.5452639949109416 0.01953125 0.026041666666666668
0 0.6942533396946564 0.44602735368956753 0.01953125 0.026041666666666668
0 0.7157228053435114 0.42885178117048356 0.01953125 0.026041666666666668
0 0.7271731870229007 0.3811418575063614 0.01953125 0.026041666666666668
0 0.7157228053435114 0.3696914758269721 0.01953125 0.026041666666666668
0 0.6913907442748092 0.3582410941475827 0.01953125 0.026041666666666668
0 0.6641960877862596 0.3124395674300255 0.01953125 0.026041666666666668
0 0.6570395992366411 0.3257983460559797 0.01953125 0.026041666666666668
0 0.5926312022900764 0.3257983460559797 0.01953125 0.026041666666666668
0 0.6699212786259543 0.3658746819338423 0.01953125 0.026041666666666668
0 0.692822041984733 0.32770674300254465 0.01953125 0.026041666666666668
0 0.7443487595419848 0.2361036895674301 0.01953125 0.026041666666666668
0 0.7128602099236642 0.2418288804071248 0.01953125 0.026041666666666668
0 0.820207538167939 0.28381361323155224 0.01953125 0.026041666666666668
0 0.8016006679389313 0.28953880407124694 0.01953125 0.026041666666666668
0 0.785856393129771 0.3124395674300255 0.01953125 0.026041666666666668
0 0.7515052480916031 0.3162563613231553 0.01953125 0.026041666666666668
0 0.7300357824427482 0.30480597964376593 0.01953125 0.026041666666666668
0 0.7099976145038167 0.30862277353689577 0.01953125 0.026041666666666668
0 0.6870968511450383 0.30098918575063616 0.01953125 0.026041666666666668
0 0.7887189885496184 0.24755407124681938 0.01953125 0.026041666666666668
0 0.7829937977099237 0.268546437659033 0.01953125 0.026041666666666668
0 0.8016006679389313 0.25327926208651413 0.01953125 0.026041666666666668
0 0.8187762404580152 0.36205788804071254 0.01953125 0.026041666666666668
0 0.7829937977099237 0.36205788804071254 0.01953125 0.026041666666666668
0 0.777268606870229 0.38495865139949115 0.01953125 0.026041666666666668
0 0.7844250954198472 0.40976781170483473 0.01953125 0.026041666666666668
0 0.7386235687022901 0.4193097964376591 0.01953125 0.026041666666666668
0 0.8846159351145039 0.49564567430025447 0.01953125 0.026041666666666668
0 0.8846159351145039 0.4383937659033079 0.01953125 0.026041666666666668
0 0.858852576335878 0.4326685750636134 0.01953125 0.026041666666666668
0 0.8245014312977099 0.4154930025445293 0.01953125 0.026041666666666668
0 0.870302958015267 0.39259223918575076 0.01953125 0.026041666666666668
0 0.8745968511450383 0.3429739185750637 0.01953125 0.026041666666666668
0 0.8602838740458014 0.3124395674300255 0.01953125 0.026041666666666668
0 0.8745968511450383 0.2704548346055981 0.01953125 0.026041666666666668
0 0.891772423664122 0.2819052162849873 0.01953125 0.026041666666666668
0 0.9161044847328245 0.2819052162849873 0.01953125 0.026041666666666668
0 0.9189670801526717 0.3219815521628499 0.01953125 0.026041666666666668
0 0.9046541030534351 0.3677830788804071 0.01953125 0.026041666666666668
0 0.9332800572519085 0.3410655216284988 0.01953125 0.026041666666666668
0 0.9762189885496184 0.42885178117048356 0.01953125 0.026041666666666668
0 0.9933945610687025 0.3964090330788805 0.01953125 0.026041666666666668
0 0.9576121183206107 0.5013708651399492 0.01953125 0.026041666666666668
0 0.9289861641221373 0.48992048346055994 0.01953125 0.026041666666666668
0 0.9919632633587787 0.4918288804071247 0.01953125 0.026041666666666668
0 0.9676312022900763 0.6063326972010178 0.01953125 0.026041666666666668
0 0.6631226145038167 0.225130407124682 0.01953125 0.026041666666666668
0 0.6552504770992366 0.24803117048346057 0.01953125 0.026041666666666668
0 0.6409374999999998 0.24803117048346057 0.01953125 0.026041666666666668
0 0.5944203244274808 0.2213136132315522 0.01953125 0.026041666666666668
0 0.5972829198473282 0.2060464376590331 0.01953125 0.026041666666666668
0 0.5471874999999998 0.24993956743002546 0.01953125 0.026041666666666668
0 0.5471874999999998 0.2795197201017812 0.01953125 0.026041666666666668
0 0.5343058206106869 0.2814281170483461 0.01953125 0.026041666666666668
0 0.657397423664122 0.27474872773536896 0.01953125 0.026041666666666668
0 0.6516722328244273 0.283336513994911 0.01953125 0.026041666666666668
0 0.7647447519083969 0.23658078880407127 0.01953125 0.026041666666666668
0 0.7303936068702288 0.2413517811704835 0.01953125 0.026041666666666668
0 0.7647447519083969 0.324367048346056 0.01953125 0.026041666666666668
0 0.729677958015267 0.3434510178117049 0.01953125 0.026041666666666668
0 0.7976645992366411 0.35680979643765903 0.01953125 0.026041666666666668
0 0.8391722328244273 0.3215044529262087 0.01953125 0.026041666666666668
0 0.7819203244274808 0.47513040712468196 0.01953125 0.026041666666666668
0 0.8005271946564884 0.2699777353689568 0.01953125 0.026041666666666668
0 0.7697542938931297 0.25280216284987284 0.01953125 0.026041666666666668
0 0.6273401717557253 0.3405884223918576 0.01953125 0.026041666666666668
0 0.7769107824427482 0.3367716284987278 0.01953125 0.026041666666666668
0 0.6359279580152672 0.21081743002544537 0.01953125 0.026041666666666668
0 0.6080176526717558 0.23371819338422403 0.01953125 0.026041666666666668
0 0.4598783396946566 0.5858174300254454 0.01953125 0.026041666666666668
0 0.5416412213740458 0.13138040712468202 0.01953125 0.026041666666666668
0 0.5430725190839694 0.14569338422391867 0.01953125 0.026041666666666668
0 0.634317748091603 0.1447391857506362 0.01953125 0.026041666666666668
0 0.6525667938931297 0.14283078880407138 0.01953125 0.026041666666666668
0 0.6461259541984733 0.14569338422391867 0.01953125 0.026041666666666668
0 0.6897805343511451 0.2544720101781171 0.01953125 0.026041666666666668
0 0.6794036259541985 0.23491094147582706 0.01953125 0.026041666666666668
0 0.7205534351145038 0.2468384223918576 0.01953125 0.026041666666666668
0 0.7434541984732823 0.06267811704834614 0.01953125 0.026041666666666668
0 0.26604676573426567 0.25666042291042307 0.01953125 0.026041666666666668
0 0.13168113136863133 0.3166004828504831 0.01953125 0.026041666666666668
