0 0.1340099268899487 0.905608669824632 0.01953125 0.029282576866764276
0 0.15879010274926128 0.765389366497162 0.01953125 0.029282576866764276
0 0.13960545047108386 0.6755051976975021 0.01953125 0.029282576866764276
0 0.20355429139834202 0.6659175530255382 0.01953125 0.029282576866764276
0 0.1763760340042573 0.603597862657774 0.01953125 0.029282576866764276
0 0.14759905558699107 0.5916133068178193 0.01953125 0.029282576866764276
0 0.22513702521129164 0.6203762408337105 0.01953125 0.029282576866764276
0 0.2291338277692453 0.5412781722900094 0.01953125 0.029282576866764276
0 0.18676772065493677 0.5065229603541409 0.01953125 0.029282576866764276
0 0.17877411553902947 0.5616519172179325 0.01953125 0.029282576866764276
0 0.13720736893631164 0.5280951608660593 0.01953125 0.029282576866764276
0 0.10603230898427327 0.45498937024233577 0.01953125 0.029282576866764276
0 0.00611224503543232 0.6251700631696923 0.01953125 0.029282576866764276
0 0.02369817629042833 0.5976055847377966 0.01953125 0.029282576866764276
0 0.07245916749746269 0.6958789426254249 0.01953125 0.029282576866764276
0 0.03488922345269851 0.7330310657292844 0.01953125 0.029282576866764276
0 0.011707768616567409 0.7929538449290581 0.01953125 0.029282576866764276
0 0.10363422744950106 0.5496673613779778 0.01953125 0.029282576866764276
0 0.07405788852064418 0.38907431312258506 0.01953125 0.029282576866764276
0 0.14759905558699107 0.40345578013053074 0.01953125 0.029282576866764276
0 0.07965341210177926 0.47056929283427684 0.01953125 0.029282576866764276
0 0.012507129128158127 0.47895848192224516 0.01953125 0.029282576866764276
0 0.018902013220883963 0.38787585753858955 0.01953125 0.029282576866764276
0 0.03968538652224288 0.3435330009307573 0.01953125 0.029282576866764276
0 0.07485724903223488 0.3255561671708252 0.01953125 0.029282576866764276
0 0.10043678540313818 0.3591129235226983 0.01953125 0.029282576866764276
0 0.13640800842472092 0.3015870554909158 0.01953125 0.029282576866764276
0 0.12361824023926926 0.3591129235226983 0.01953125 0.029282576866764276
0 0.16918178939994072 0.31716697808285693 0.01953125 0.029282576866764276
0 0.20115620986356986 0.31716697808285693 0.01953125 0.029282576866764276
0 0.18596836014334603 0.36390674585868027 0.01953125 0.029282576866764276
0 0.21954150163015657 0.42023415830646726 0.01953125 0.029282576866764276
0 0.24432167748946915 0.3675021126106665 0.01953125 0.029282576866764276
0 0.2227389436765195 0.3039839666589068 0.01953125 0.029282576866764276
0 0.23313063032719894 0.2596411100510743 0.01953125 0.029282576866764276
0 0.8997972969938656 0.6994743093774114 0.01953125 0.029282576866764276
0 0.9765359061065756 0.6287654299216787 0.01953125 0.029282576866764276
0 0.8654247949954643 0.6000024959057875 0.01953125 0.029282576866764276
0 0.7966797909986617 0.6659175530255382 0.01953125 0.029282576866764276
0 0.7663040915582143 0.770183188833144 0.01953125 0.029282576866764276
0 0.702355250630956 0.7917553893450625 0.01953125 0.029282576866764276
0 0.670380830167327 0.7522063550732121 0.01953125 0.029282576866764276
0 0.6567917014702847 0.826510601280931 0.01953125 0.029282576866764276
0 0.7007565296077746 0.6731082865295112 0.01953125 0.029282576866764276
0 0.6743776327252806 0.6767036532814975 0.01953125 0.029282576866764276
0 0.6296134440761999 0.6227731520017014 0.01953125 0.029282576866764276
0 0.5368876247316754 0.7354279768972755 0.01953125 0.029282576866764276
0 0.5696614057068954 0.7510078994892165 0.01953125 0.029282576866764276
0 0.4465598869219232 0.7090619540493752 0.01953125 0.029282576866764276
0 0.35063662553103586 0.7270387878093072 0.01953125 0.029282576866764276
0 0.3250570891601326 0.6071932294097602 0.01953125 0.029282576866764276
0 0.3714199988323948 0.6203762408337105 0.01953125 0.029282576866764276
0 0.44256308436396957 0.6239716075856968 0.01953125 0.029282576866764276
0 0.4129867454351126 0.540079716706014 0.01953125 0.029282576866764276
0 0.49931768068691124 0.637154619009647 0.01953125 0.029282576866764276
0 0.5216997750114516 0.58082720656186 0.01953125 0.029282576866764276
0 0.5288940196157681 0.6407499857616334 0.01953125 0.029282576866764276
0 0.479333667897143 0.5185075161940955 0.01953125 0.029282576866764276
0 0.2834903425574148 0.5568580948819506 0.01953125 0.029282576866764276
0 0.2667037718140095 0.6755051976975021 0.01953125 0.029282576866764276
0 0.3610283121817153 0.5077214159381364 0.01953125 0.029282576866764276
0 0.30027691330082007 0.49094303776219983 0.01953125 0.029282576866764276
0 0.31306668148627176 0.4310202585624264 0.01953125 0.029282576866764276
0 0.4185822690162478 0.47056929283427684 0.01953125 0.029282576866764276
0 0.44895796845669533 0.45139400349034947 0.01953125 0.029282576866764276
0 0.49132407557100394 0.43581408089840834 0.01953125 0.029282576866764276
0 0.48013302840873373 0.40105886896253967 0.01953125 0.029282576866764276
0 0.5344895431969032 0.40105886896253967 0.01953125 0.029282576866764276
0 0.5824511738923469 0.3926696798745714 0.01953125 0.029282576866764276
0 0.5680626846837138 0.44060790323439014 0.01953125 0.029282576866764276
0 0.5576709980330344 0.4873476710102134 0.01953125 0.029282576866764276
0 0.5984383841241615 0.49813377126617264 0.01953125 0.029282576866764276
0 0.567263324172123 0.5316905276180458 0.01953125 0.029282576866764276
0 0.5976390236125707 0.5748349286418827 0.01953125 0.029282576866764276
0 0.6352089676573348 0.5484689057939822 0.01953125 0.029282576866764276
0 0.6511961778891494 0.48255384867423157 0.01953125 0.029282576866764276
0 0.6999571690961838 0.46577547049829504 0.01953125 0.029282576866764276
0 0.6799731563064157 0.5832241177298509 0.01953125 0.029282576866764276
0 0.7455207182568553 0.5952086735698054 0.01953125 0.029282576866764276
0 0.7559124049075346 0.4933399489301908 0.01953125 0.029282576866764276
0 0.790284906905936 0.5352858943700323 0.01953125 0.029282576866764276
0 0.8294535719738817 0.5664457395539143 0.01953125 0.029282576866764276
0 0.9381666015502206 0.540079716706014 0.01953125 0.029282576866764276
0 0.9421634041081742 0.5029275936021546 0.01953125 0.029282576866764276
0 0.8854088077852326 0.5197059717780911 0.01953125 0.029282576866764276
0 0.8294535719738817 0.5161106050261046 0.01953125 0.029282576866764276
0 0.8358484560666074 0.48135539309023617 0.01953125 0.029282576866764276
0 0.8246574089043373 0.4322187141464219 0.01953125 0.029282576866764276
0 0.8630267134606922 0.39866195779454877 0.01953125 0.029282576866764276
0 0.802275314579797 0.3926696798745714 0.01953125 0.029282576866764276
0 0.7663040915582143 0.36390674585868027 0.01953125 0.029282576866764276
0 0.7934823489522989 0.32915153392281166 0.01953125 0.029282576866764276
0 0.9037940995518192 0.4633785593303041 0.01953125 0.029282576866764276
0 0.9389659620618113 0.3423345453467617 0.01953125 0.029282576866764276
0 0.8997972969938656 0.31716697808285693 0.01953125 0.029282576866764276
0 0.338646217857175 0.4046542357145261 0.01953125 0.029282576866764276
0 0.32425772864854185 0.33154844509080256 0.01953125 0.029282576866764276
0 0.33544877581081206 0.3123731557468751 0.01953125 0.029282576866764276
0 0.3306526127412677 0.2812133105629929 0.01953125 0.029282576866764276
0 0.3106685999514995 0.251251920963106 0.01953125 0.029282576866764276
0 0.3426430204151287 0.2620380212190652 0.01953125 0.029282576866764276
0 0.3890059300873908 0.3818835796186122 0.01953125 0.029282576866764276
0 0.4473592474335139 0.34473145651475273 0.01953125 0.029282576866764276
0 0.4233784320857921 0.314770066914866 0.01953125 0.029282576866764276
0 0.4361682002712437 0.26683184355504724 0.01953125 0.029282576866764276
0 0.4545534920378305 0.2620380212190652 0.01953125 0.029282576866764276
0 0.4841298309666874 0.3255561671708252 0.01953125 0.029282576866764276
0 0.5272952985925867 0.32915153392281166 0.01953125 0.029282576866764276
0 0.5113080883607721 0.2452596430431287 0.01953125 0.029282576866764276
0 0.5336901826853125 0.23687045395516043 0.01953125 0.029282576866764276
0 0.5097093673375906 0.22009207577922388 0.01953125 0.029282576866764276
0 0.4777349468739615 0.2584426544670789 0.01953125 0.029282576866764276
0 0.5968396631009799 0.3051824222429022 0.01953125 0.029282576866764276
0 0.5968396631009799 0.2644349323870563 0.01953125 0.029282576866764276
0 0.6511961778891494 0.30038859990692035 0.01953125 0.029282576866764276
0 0.6831705983527786 0.3063808778268977 0.01953125 0.029282576866764276
0 0.6943616455150489 0.3555175567707119 0.01953125 0.029282576866764276
0 0.652794898912331 0.3675021126106665 0.01953125 0.029282576866764276
0 0.620021117937111 0.38907431312258506 0.01953125 0.029282576866764276
0 0.6168236758907482 0.3519221900187255 0.01953125 0.029282576866764276
0 0.7335303105829943 0.26683184355504724 0.01953125 0.029282576866764276
0 0.7671034520698048 0.27522103264301545 0.01953125 0.029282576866764276
0 0.7399251946757203 0.37109747936265297 0.01953125 0.029282576866764276
0 0.7279347870018593 0.45498937024233577 0.01953125 0.029282576866764276
0 0.8174631643000208 0.2416642762911424 0.01953125 0.029282576866764276
0 0.8686222370418274 0.27522103264301545 0.01953125 0.029282576866764276
0 0.8334503745318353 0.32915153392281166 0.01953125 0.029282576866764276
0 0.8326510140202446 0.36870056819466207 0.01953125 0.029282576866764276
0 0.7974791515102525 0.23327508720317414 0.01953125 0.029282576866764276
0 0.8158644432768392 0.19492450851531903 0.01953125 0.029282576866764276
0 0.7679028125813956 0.2308781760351832 0.01953125 0.029282576866764276
0 0.7423232762104924 0.22248898694721478 0.01953125 0.029282576866764276
0 0.7159443793279984 0.251251920963106 0.01953125 0.029282576866764276
0 0.6831705983527786 0.20331369760328732 0.01953125 0.029282576866764276
0 0.6224191994718833 0.2416642762911424 0.01953125 0.029282576866764276
0 0.6559923409586939 0.21649670902723742 0.01953125 0.029282576866764276
0 0.602435186682115 0.22608435369920124 0.01953125 0.029282576866764276
0 0.6336102466341536 0.18653531942735077 0.01953125 0.029282576866764276
0 0.38090353909850333 0.5116580695021117 0.01953125 0.029282576866764276
0 0.28210488018390834 0.48573607875907304 0.01953125 0.029282576866764276
0 0.22117904051990805 0.45117342443502145 0.01953125 0.029282576866764276
0 0.2862214909720165 0.3857512573216382 0.01953125 0.029282576866764276
0 0.3743169618375303 0.24626625951385867 0.01953125 0.029282576866764276
0 0.5694443131938554 0.23392245439812592 0.01953125 0.029282576866764276
0 0.5332181382585038 0.2005941805856475 0.01953125 0.029282576866764276
0 0.6369567301188286 0.16109400421530284 0.01953125 0.029282576866764276
0 0.6707129385813152 0.17960971188890196 0.01953125 0.029282576866764276
0 0.6847094152608828 0.166031526261596 0.01953125 0.029282576866764276
0 0.8528729659550995 0.23431511385655146 0.01953125 0.029282576866764276
0 0.8549312713491537 0.19234617646306024 0.01953125 0.029282576866764276
0 0.7639541729319642 0.14297095600012946 0.01953125 0.029282576866764276
0 0.7787739717691533 0.18000237134732758 0.01953125 0.029282576866764276
0 0.7656008172472073 0.19543212774199342 0.01953125 0.029282576866764276
0 0.7919471262910993 0.2003696497882865 0.01953125 0.029282576866764276
0 0.8392881503543429 0.2620886753669501 0.01953125 0.029282576866764276
0 0.7194947764203965 0.17321327853367458 0.01953125 0.029282576866764276
0 0.6906785009036395 0.2522136312743639 0.01953125 0.029282576866764276
0 0.7207297596568288 0.21950254771767225 0.01953125 0.029282576866764276
0 0.8088252305223427 0.1497600488137824 0.01953125 0.029282576866764276
0 0.8392881503543429 0.1546975708600755 0.01953125 0.029282576866764276
0 0.8615178486101267 0.17753361032418097 0.01953125 0.029282576866764276
0 0.8182934353349914 0.16951013699895476 0.01953125 0.029282576866764276
0 0.7903004819758561 0.15346319034850225 0.01953125 0.029282576866764276
0 0.7371962028092613 0.1546975708600755 0.01953125 0.029282576866764276
0 0.7474877297795316 0.17753361032418097 0.01953125 0.029282576866764276
0 0.8656344593982348 0.1491428585579958 0.01953125 0.029282576866764276
0 0.7900946514364509 0.3647667886248926 0.01953125 0.029282576866764276
0 0.8609003569919106 0.3425479394165737 0.01953125 0.029282576866764276
0 0.9843986806351541 0.37340745220590543 0.01953125 0.029282576866764276
0 0.9835753584775324 0.42401705318040955 0.01953125 0.029282576866764276
0 0.9201795523406674 0.42401705318040955 0.01953125 0.029282576866764276
0 0.649306562483153 0.2647819671874576 0.01953125 0.029282576866764276
0 0.5603877694600176 0.31786032918510826 0.01953125 0.029282576866764276
0 0.4088964924576386 0.24009435695599216 0.01953125 0.029282576866764276
0 0.16354648948639436 0.4610484685276076 0.01953125 0.029282576866764276
0 0.3965466600933142 0.29440709946521615 0.01953125 0.029282576866764276
0 0.471468976436882 0.2289849323518328 0.01953125 0.029282576866764276
0 0.48464213095882797 0.37834497425219854 0.01953125 0.029282576866764276
0 0.5505079035685579 0.2746570112800438 0.01953125 0.029282576866764276
0 0.06145454194131289 0.3265009927661212 0.01953125 0.029282576866764276
0 0.7176423015657477 0.4153763895993967 0.01953125 0.029282576866764276
0 0.9965199188963438 0.5844225733138462 0.01953125 0.029282576866764276
0 0.8238580483927465 0.14219246281951836 0.01953125 0.029282576866764276
0 0.6679827486325548 0.2093059755232647 0.01953125 0.029282576866764276
0 0.7119475767700447 0.19971833085130086 0.01953125 0.029282576866764276
0 0.4945215176173668 0.25364883213109696 0.01953125 0.029282576866764276
0 0.4457605264103324 0.22848126486719214 0.01953125 0.029282576866764276
0 0.2842897030690055 0.2848086773149792 0.01953125 0.029282576866764276
0 0.573658208264849 0.35072373443473004 0.01953125 0.029282576866764276
0 0.5984383841241615 0.3591129235226983 0.01953125 0.029282576866764276
0 0.502515122733274 0.5352858943700322 0.01953125 0.029282576866764276
0 0.365025114739669 0.3758913016986348 0.01953125 0.029282576866764276
0 0.28109226102264256 0.31836543366685227 0.01953125 0.029282576866764276
0 0.2635063297676466 0.30398396665890676 0.01953125 0.029282576866764276
0 0.09084445926404944 0.38787585753858955 0.01953125 0.029282576866764276
0 0.096824860128543 0.3203894919864892 0.01953125 0.029282576866764276
0 0.09929399593101212 0.3043479420584906 0.01953125 0.029282576866764276
0 0.07954090951125908 0.30311397667941375 0.01953125 0.029282576866764276
0 0.007935971239654132 0.34383483418894867 0.01953125 0.029282576866764276
