0 0.2856976356976356 0.9563611589214 0.05128205128205128 0.040160642570281124
0 0.20899933399933407 0.8995429771032181 0.05128205128205128 0.040160642570281124
0 0.22558275058275062 0.8589585615188025 0.05128205128205128 0.040160642570281124
0 0.12608225108225105 0.8086338861941271 0.05128205128205128 0.040160642570281124
0 0.030727605727605724 0.8459715485317895 0.05128205128205128 0.040160642570281124
0 0.14681152181152174 0.9060364835967246 0.05128205128205128 0.040160642570281124
0 0.05560273060273059 0.9320105095707505 0.05128205128205128 0.040160642570281124
0 0.43080253080253084 0.9141533667136077 0.05128205128205128 0.040160642570281124
0 0.5323759573759574 0.9336338861941272 0.05128205128205128 0.040160642570281124
0 0.5572510822510823 0.9807118082720492 0.05128205128205128 0.040160642570281124
0 0.6256576756576757 0.9807118082720492 0.05128205128205128 0.040160642570281124
0 0.6567515817515818 0.8946728472330882 0.05128205128205128 0.040160642570281124
0 0.5821262071262071 0.8751923277525687 0.05128205128205128 0.040160642570281124
0 0.517865467865468 0.8492183017785427 0.05128205128205128 0.040160642570281124
0 0.5572510822510823 0.839478042038283 0.05128205128205128 0.040160642570281124
0 0.6090742590742592 0.8362312887915297 0.05128205128205128 0.040160642570281124
0 0.6899184149184149 0.8411014186616596 0.05128205128205128 0.040160642570281124
0 0.7603979353979355 0.8768157043759454 0.05128205128205128 0.040160642570281124
0 0.7873459873459875 0.852465055025296 0.05128205128205128 0.040160642570281124
0 0.803929403929404 0.8053871329473739 0.05128205128205128 0.040160642570281124
0 0.9656177156177158 0.852465055025296 0.05128205128205128 0.040160642570281124
0 0.8868464868464869 0.8475949251551662 0.05128205128205128 0.040160642570281124
0 0.9117216117216118 0.8183741459343868 0.05128205128205128 0.040160642570281124
0 0.8868464868464869 0.9725949251551662 0.05128205128205128 0.040160642570281124
0 0.8992840492840496 0.9027897303499713 0.05128205128205128 0.040160642570281124
0 0.2670412920412919 0.8086338861941271 0.05128205128205128 0.040160642570281124
0 0.32301032301032306 0.8297377822980233 0.05128205128205128 0.040160642570281124
0 0.4080003330003331 0.8281144056746466 0.05128205128205128 0.040160642570281124
0 0.37690642690642684 0.8232442758045168 0.05128205128205128 0.040160642570281124
0 0.3499583749583751 0.8199975225577635 0.05128205128205128 0.040160642570281124
0 0.35617715617715623 0.7566858342460752 0.05128205128205128 0.040160642570281124
0 0.3105727605727605 0.7339585615188025 0.05128205128205128 0.040160642570281124
0 0.2877705627705628 0.7177247952850362 0.05128205128205128 0.040160642570281124
0 0.2566766566766566 0.7031144056746466 0.05128205128205128 0.040160642570281124
0 0.2546037296037296 0.6836338861941271 0.05128205128205128 0.040160642570281124
0 0.19034299034299035 0.7112312887915297 0.05128205128205128 0.040160642570281124
0 0.16132201132201132 0.7096079121681531 0.05128205128205128 0.040160642570281124
0 0.05560273060273059 0.8053871329473739 0.05128205128205128 0.040160642570281124
0 0.026581751581751578 0.7323351848954258 0.05128205128205128 0.040160642570281124
0 0.0473110223110223 0.7112312887915297 0.05128205128205128 0.040160642570281124
0 0.06389443889443888 0.7712962238564647 0.05128205128205128 0.040160642570281124
0 0.11571761571761575 0.7550624576226985 0.05128205128205128 0.040160642570281124
0 0.18827006327006335 0.7664260939863349 0.05128205128205128 0.040160642570281124
0 0.13230103230103232 0.6836338861941271 0.05128205128205128 0.040160642570281124
0 0.10535298035298031 0.7177247952850362 0.05128205128205128 0.040160642570281124
0 0.09291541791541788 0.7453221978824388 0.05128205128205128 0.040160642570281124
0 0.08047785547785545 0.7534390809993219 0.05128205128205128 0.040160642570281124
0 0.13437395937395932 0.7826598602201011 0.05128205128205128 0.040160642570281124
0 0.09913419913419917 0.6917507693110102 0.05128205128205128 0.040160642570281124
0 0.07218614718614716 0.6803871329473739 0.05128205128205128 0.040160642570281124
0 0.0763320013320013 0.662529990090231 0.05128205128205128 0.040160642570281124
0 0.0763320013320013 0.6430494706097115 0.05128205128205128 0.040160642570281124
0 0.057675657675657584 0.6381793407395817 0.05128205128205128 0.040160642570281124
0 0.03694638694638687 0.6462962238564647 0.05128205128205128 0.040160642570281124
0 0.01829004329004329 0.6544131069733479 0.05128205128205128 0.040160642570281124
0 0.014144189144189148 0.6771403797006206 0.05128205128205128 0.040160642570281124
0 0.022435897435897436 0.6998676524278933 0.05128205128205128 0.040160642570281124
0 0.007925407925407859 0.623568951129192 0.05128205128205128 0.040160642570281124
0 0.03487345987345987 0.6170754446356855 0.05128205128205128 0.040160642570281124
0 0.05974858474858473 0.6089585615188023 0.05128205128205128 0.040160642570281124
0 0.0493839493839493 0.5911014186616596 0.05128205128205128 0.040160642570281124
0 0.0763320013320013 0.5862312887915296 0.05128205128205128 0.040160642570281124
0 0.08669663669663674 0.5797377822980231 0.05128205128205128 0.040160642570281124
0 0.12193639693639689 0.5862312887915296 0.05128205128205128 0.040160642570281124
0 0.08669663669663674 0.6381793407395817 0.05128205128205128 0.040160642570281124
0 0.13022810522810518 0.6349325874928283 0.05128205128205128 0.040160642570281124
0 0.13437395937395932 0.662529990090231 0.05128205128205128 0.040160642570281124
0 0.23594738594738593 0.6398027173629582 0.05128205128205128 0.040160642570281124
0 0.2504578754578755 0.623568951129192 0.05128205128205128 0.040160642570281124
0 0.1944888444888445 0.5911014186616596 0.05128205128205128 0.040160642570281124
0 0.1779054279054279 0.5797377822980231 0.05128205128205128 0.040160642570281124
0 0.1405927405927406 0.5894780420382829 0.05128205128205128 0.040160642570281124
0 0.1488844488844489 0.5635040160642569 0.05128205128205128 0.040160642570281124
0 0.18205128205128204 0.6170754446356855 0.05128205128205128 0.040160642570281124
0 0.18827006327006335 0.649542977103218 0.05128205128205128 0.040160642570281124
0 0.22350982350982349 0.5975949251551661 0.05128205128205128 0.040160642570281124
0 0.20899933399933407 0.6203221978824388 0.05128205128205128 0.040160642570281124
0 0.2877705627705628 0.6722702498304907 0.05128205128205128 0.040160642570281124
0 0.2794788544788545 0.6479196004798414 0.05128205128205128 0.040160642570281124
0 0.1758325008325009 0.6755170030772439 0.05128205128205128 0.040160642570281124
0 0.016217116217116148 0.5943481719084128 0.05128205128205128 0.040160642570281124
0 0.026581751581751578 0.558633886194127 0.05128205128205128 0.040160642570281124
0 0.051456876456876445 0.545646873207114 0.05128205128205128 0.040160642570281124
0 0.016217116217116148 0.532659860220101 0.05128205128205128 0.040160642570281124
0 0.030727605727605724 0.506685834246075 0.05128205128205128 0.040160642570281124
0 0.01829004329004329 0.48395856151880234 0.05128205128205128 0.040160642570281124
0 0.014144189144189148 0.45798453554477625 0.05128205128205128 0.040160642570281124
0 0.012071262071262003 0.40603648359672434 0.05128205128205128 0.040160642570281124
0 0.039019314019314015 0.433633886194127 0.05128205128205128 0.040160642570281124
0 0.016217116217116148 0.38330921086945163 0.05128205128205128 0.040160642570281124
0 0.026581751581751578 0.36382869138893215 0.05128205128205128 0.040160642570281124
0 0.01829004329004329 0.34272479528503613 0.05128205128205128 0.040160642570281124
0 0.03694638694638687 0.34759492515516593 0.05128205128205128 0.040160642570281124
0 0.03487345987345987 0.23720531476555548 0.05128205128205128 0.040160642570281124
0 0.04109224109224101 0.21610141866165944 0.05128205128205128 0.040160642570281124
0 0.09498834498834503 0.23395856151880223 0.05128205128205128 0.040160642570281124
0 0.07011322011322016 0.2485689511291919 0.05128205128205128 0.040160642570281124
0 0.0473110223110223 0.31512739268763346 0.05128205128205128 0.040160642570281124
0 0.016217116217116148 0.295646873207114 0.05128205128205128 0.040160642570281124
0 0.03487345987345987 0.27941310697334765 0.05128205128205128 0.040160642570281124
0 0.053529803529803445 0.28265986022010103 0.05128205128205128 0.040160642570281124
0 0.09084249084249088 0.3118806394408801 0.05128205128205128 0.040160642570281124
0 0.08876956376956374 0.29077674333698406 0.05128205128205128 0.040160642570281124
0 0.16132201132201132 0.24694557450581522 0.05128205128205128 0.040160642570281124
0 0.14681152181152174 0.17551700307724383 0.05128205128205128 0.040160642570281124
0 0.2877705627705628 0.23395856151880223 0.05128205128205128 0.040160642570281124
0 0.4380577755577755 0.6255981719084129 0.05128205128205128 0.040160642570281124
0 0.39141691641691634 0.6191046654149064 0.05128205128205128 0.040160642570281124
0 0.3499583749583749 0.6418319381421791 0.05128205128205128 0.040160642570281124
0 0.32508325008324995 0.6653708991811402 0.05128205128205128 0.040160642570281124
0 0.35203130203130195 0.6807929771032181 0.05128205128205128 0.040160642570281124
0 0.33026556776556765 0.6921566134668545 0.05128205128205128 0.040160642570281124
0 0.36032301032301023 0.7238124576226986 0.05128205128205128 0.040160642570281124
0 0.4276931401931402 0.7254358342460753 0.05128205128205128 0.040160642570281124
0 0.3862345987345986 0.6824163537265948 0.05128205128205128 0.040160642570281124
0 0.3976356976356976 0.657254016064257 0.05128205128205128 0.040160642570281124
0 0.44220362970362964 0.6653708991811402 0.05128205128205128 0.040160642570281124
0 0.42251082251082245 0.6759228472330883 0.05128205128205128 0.040160642570281124
0 0.46293290043290036 0.696215055025296 0.05128205128205128 0.040160642570281124
0 0.47640692640692633 0.6507605095707505 0.05128205128205128 0.040160642570281124
0 0.4618964368964368 0.6166696004798414 0.05128205128205128 0.040160642570281124
0 0.44116716616716606 0.60774102905127 0.05128205128205128 0.040160642570281124
0 0.5023185148185147 0.6101760939863349 0.05128205128205128 0.040160642570281124
0 0.508537296037296 0.6678059641162051 0.05128205128205128 0.040160642570281124
0 0.49713619713619706 0.6970267433369844 0.05128205128205128 0.040160642570281124
0 0.4795163170163169 0.7392345355447766 0.05128205128205128 0.040160642570281124
0 0.5147560772560772 0.7384228472330883 0.05128205128205128 0.040160642570281124
0 0.5251207126207127 0.7148838861941272 0.05128205128205128 0.040160642570281124
0 0.5458499833499834 0.6994618082720493 0.05128205128205128 0.040160642570281124
0 0.5810897435897436 0.7108254446356856 0.05128205128205128 0.040160642570281124
0 0.5562146187146186 0.6150462238564648 0.05128205128205128 0.040160642570281124
0 0.6121836496836497 0.649137132947374 0.05128205128205128 0.040160642570281124
0 0.6412046287046287 0.649137132947374 0.05128205128205128 0.040160642570281124
0 0.6173659673659674 0.6645592108694519 0.05128205128205128 0.040160642570281124
0 0.6173659673659674 0.6880981719084129 0.05128205128205128 0.040160642570281124
0 0.6121836496836497 0.7173189511291921 0.05128205128205128 0.040160642570281124
0 0.5727980352980353 0.6742994706097116 0.05128205128205128 0.040160642570281124
0 0.6577880452880454 0.7002734965837376 0.05128205128205128 0.040160642570281124
0 0.6422410922410923 0.7327410290512701 0.05128205128205128 0.040160642570281124
0 0.6868090243090245 0.6393968732071142 0.05128205128205128 0.040160642570281124
0 0.5157925407925408 0.6531955745058154 0.05128205128205128 0.040160642570281124
0 0.4111097236097235 0.594754016064257 0.05128205128205128 0.040160642570281124
0 0.5116466866466866 0.28550076931101015 0.05128205128205128 0.040160642570281124
0 0.5303030303030302 0.2992994706097114 0.05128205128205128 0.040160642570281124
0 0.5852355977355979 0.3025462238564647 0.05128205128205128 0.040160642570281124
0 0.5707251082251084 0.29848778229802314 0.05128205128205128 0.040160642570281124
0 0.5406676656676658 0.2952410290512699 0.05128205128205128 0.040160642570281124
0 0.522011322011322 0.30741635372659454 0.05128205128205128 0.040160642570281124
0 0.5023185148185147 0.3041696004798413 0.05128205128205128 0.040160642570281124
0 0.49506327006327006 0.2960527173629582 0.05128205128205128 0.040160642570281124
0 0.47537046287046275 0.30173453554477636 0.05128205128205128 0.040160642570281124
0 0.46293290043290036 0.2960527173629582 0.05128205128205128 0.040160642570281124
0 0.44945887445887434 0.2952410290512699 0.05128205128205128 0.040160642570281124
0 0.4380577755577755 0.2968644056746465 0.05128205128205128 0.040160642570281124
0 0.4090367965367965 0.2952410290512699 0.05128205128205128 0.040160642570281124
0 0.39038045288045276 0.29848778229802314 0.05128205128205128 0.040160642570281124
0 0.37483349983349973 0.2911825874928283 0.05128205128205128 0.040160642570281124
0 0.35099483849483837 0.28793583424607505 0.05128205128205128 0.040160642570281124
0 0.327156177156177 0.2911825874928283 0.05128205128205128 0.040160642570281124
0 0.3074633699633698 0.2936176524278933 0.05128205128205128 0.040160642570281124
0 0.29606227106227095 0.27819557450581534 0.05128205128205128 0.040160642570281124
0 0.27326007326007307 0.2968644056746465 0.05128205128205128 0.040160642570281124
0 0.5987096237096237 0.2757605095707504 0.05128205128205128 0.040160642570281124
0 0.589381451881452 0.2911825874928283 0.05128205128205128 0.040160642570281124
0 0.6557151182151183 0.28712414593438673 0.05128205128205128 0.040160642570281124
0 0.6795537795537796 0.29037089918114 0.05128205128205128 0.040160642570281124
0 0.7002830502830505 0.2911825874928283 0.05128205128205128 0.040160642570281124
0 0.7417415917415919 0.28712414593438673 0.05128205128205128 0.040160642570281124
0 0.707538295038295 0.30092284723308804 0.05128205128205128 0.040160642570281124
0 0.7407051282051282 0.3041696004798413 0.05128205128205128 0.040160642570281124
0 0.7220487845487845 0.2992994706097114 0.05128205128205128 0.040160642570281124
0 0.5634698634698635 0.7238124576226986 0.05128205128205128 0.040160642570281124
0 0.5396312021312021 0.722189080999322 0.05128205128205128 0.040160642570281124
0 0.701319513819514 0.7311176524278935 0.05128205128205128 0.040160642570281124
0 0.6816267066267068 0.6799812887915299 0.05128205128205128 0.040160642570281124
0 0.662970362970363 0.6531955745058154 0.05128205128205128 0.040160642570281124
0 0.6194388944388945 0.6142345355447765 0.05128205128205128 0.040160642570281124
0 0.6412046287046287 0.5509228472330882 0.05128205128205128 0.040160642570281124
0 0.4297660672660672 0.45920206801230895 0.05128205128205128 0.040160642570281124
0 0.6225482850482851 0.28387739268763346 0.05128205128205128 0.040160642570281124
0 0.6360223110223111 0.2992994706097114 0.05128205128205128 0.040160642570281124
0 0.5199383949383949 0.36504622385646474 0.05128205128205128 0.040160642570281124
0 0.5116466866466866 0.3577410290512699 0.05128205128205128 0.040160642570281124
0 0.4940268065268065 0.35530596411620496 0.05128205128205128 0.040160642570281124
0 0.4878080253080252 0.32852024983049066 0.05128205128205128 0.040160642570281124
0 0.34477605727605715 0.3195916784019192 0.05128205128205128 0.040160642570281124
0 0.6308399933399934 0.5208903797006206 0.05128205128205128 0.040160642570281124
0 0.5987096237096237 0.5306306394408804 0.05128205128205128 0.040160642570281124
0 0.607001332001332 0.5168319381421791 0.05128205128205128 0.040160642570281124
0 0.5686521811521811 0.5355007693110103 0.05128205128205128 0.040160642570281124
0 0.6971736596736596 0.5233254446356856 0.05128205128205128 0.040160642570281124
0 0.716866466866467 0.5793319381421791 0.05128205128205128 0.040160642570281124
0 0.6982101232101233 0.6134228472330883 0.05128205128205128 0.040160642570281124
0 0.6909548784548785 0.5736501199603609 0.05128205128205128 0.040160642570281124
0 0.6805902430902431 0.5509228472330882 0.05128205128205128 0.040160642570281124
0 0.6536421911421912 0.5419942758045168 0.05128205128205128 0.040160642570281124
0 0.6588245088245087 0.49410466541490633 0.05128205128205128 0.040160642570281124
0 0.6702256077256079 0.47218908099932194 0.05128205128205128 0.040160642570281124
0 0.6951007326007328 0.46407219788243875 0.05128205128205128 0.040160642570281124
0 0.7344863469863471 0.4299812887915297 0.05128205128205128 0.040160642570281124
0 0.6826631701631702 0.5054683017785427 0.05128205128205128 0.040160642570281124
0 0.5551781551781553 0.5022215485317895 0.05128205128205128 0.040160642570281124
0 0.5717615717615717 0.5079033667136076 0.05128205128205128 0.040160642570281124
0 0.5613969363969364 0.48111765242789334 0.05128205128205128 0.040160642570281124
0 0.5385947385947385 0.49248128879152975 0.05128205128205128 0.040160642570281124
0 0.5199383949383949 0.4867994706097115 0.05128205128205128 0.040160642570281124
0 0.577980352980353 0.47868258749282844 0.05128205128205128 0.040160642570281124
0 0.5924908424908425 0.48274102905127003 0.05128205128205128 0.040160642570281124
0 0.609074259074259 0.4867994706097115 0.05128205128205128 0.040160642570281124
0 0.6287670662670662 0.45514362645386736 0.05128205128205128 0.040160642570281124
0 0.607001332001332 0.44377999009023095 0.05128205128205128 0.040160642570281124
0 0.6111471861471861 0.41942934073958166 0.05128205128205128 0.040160642570281124
0 0.6463869463869464 0.42429947060971146 0.05128205128205128 0.040160642570281124
0 0.6754079254079254 0.39507869138893226 0.05128205128205128 0.040160642570281124
0 0.6847360972360973 0.43079297710321796 0.05128205128205128 0.040160642570281124
0 0.6992465867465868 0.42105271736295824 0.05128205128205128 0.040160642570281124
0 0.4805527805527805 0.5411825874928284 0.05128205128205128 0.040160642570281124
0 0.45775058275058284 0.7859066134668544 0.05128205128205128 0.040160642570281124
0 0.4204378954378954 0.7794131069733479 0.05128205128205128 0.040160642570281124
0 0.39763569763569767 0.7420754446356855 0.05128205128205128 0.040160642570281124
0 0.5054279054279054 0.7891533667136076 0.05128205128205128 0.040160642570281124
0 0.5551781551781552 0.7566858342460752 0.05128205128205128 0.040160642570281124
0 0.5572510822510823 0.7907767433369843 0.05128205128205128 0.040160642570281124
0 0.58005328005328 0.7826598602201011 0.05128205128205128 0.040160642570281124
0 0.5966366966366968 0.7826598602201011 0.05128205128205128 0.040160642570281124
0 0.6215118215118217 0.800517003077244 0.05128205128205128 0.040160642570281124
0 0.6526057276057278 0.774542977103218 0.05128205128205128 0.040160642570281124
0 0.6090742590742592 0.7436988212590622 0.05128205128205128 0.040160642570281124
0 0.43080253080253084 0.7047377822980231 0.05128205128205128 0.040160642570281124
0 0.44945887445887456 0.7209715485317895 0.05128205128205128 0.040160642570281124
0 0.7127206127206129 0.7826598602201011 0.05128205128205128 0.040160642570281124
0 0.7666167166167166 0.7388286913889323 0.05128205128205128 0.040160642570281124
0 0.8205128205128207 0.7177247952850362 0.05128205128205128 0.040160642570281124
0 0.8267316017316018 0.740452068012309 0.05128205128205128 0.040160642570281124
0 0.803929403929404 0.7777897303499713 0.05128205128205128 0.040160642570281124
0 0.7334498834498835 0.8346079121681531 0.05128205128205128 0.040160642570281124
0 0.9241591741591744 0.7891533667136076 0.05128205128205128 0.040160642570281124
0 0.8972111222111224 0.7826598602201011 0.05128205128205128 0.040160642570281124
0 0.9490342990342993 0.740452068012309 0.05128205128205128 0.040160642570281124
0 0.9801282051282053 0.6933741459343868 0.05128205128205128 0.040160642570281124
0 0.9842740592740595 0.7225949251551661 0.05128205128205128 0.040160642570281124
0 0.9863469863469864 0.6722702498304907 0.05128205128205128 0.040160642570281124
0 0.967690642690643 0.6641533667136076 0.05128205128205128 0.040160642570281124
0 0.9365967365967367 0.6641533667136076 0.05128205128205128 0.040160642570281124
0 0.9096486846486846 0.6738936264538674 0.05128205128205128 0.040160642570281124
0 0.8827006327006329 0.6511663537265947 0.05128205128205128 0.040160642570281124
0 0.8764818514818515 0.6771403797006206 0.05128205128205128 0.040160642570281124
0 0.8619713619713621 0.6966208991811401 0.05128205128205128 0.040160642570281124
0 0.803929403929404 0.6722702498304907 0.05128205128205128 0.040160642570281124
0 0.7251581751581752 0.6657767433369842 0.05128205128205128 0.040160642570281124
0 0.7914918414918415 0.18363388619412688 0.05128205128205128 0.040160642570281124
0 0.8142940392940395 0.18038713294737363 0.05128205128205128 0.040160642570281124
0 0.8412420912420915 0.17551700307724383 0.05128205128205128 0.040160642570281124
0 0.8702630702630704 0.17876375632399708 0.05128205128205128 0.040160642570281124
0 0.9096486846486846 0.20473778229802303 0.05128205128205128 0.040160642570281124
0 0.9573260073260076 0.21285466541490608 0.05128205128205128 0.040160642570281124
0 0.9656177156177158 0.22097154853178924 0.05128205128205128 0.040160642570281124
0 0.9801282051282053 0.2242183017785425 0.05128205128205128 0.040160642570281124
0 0.9967116217116219 0.2599325874928282 0.05128205128205128 0.040160642570281124
0 0.9842740592740595 0.30538713294737363 0.05128205128205128 0.040160642570281124
0 0.9946386946386947 0.28590661346685414 0.05128205128205128 0.040160642570281124
0 0.9635447885447886 0.29727024983049055 0.05128205128205128 0.040160642570281124
0 0.9345238095238099 0.3005170030772438 0.05128205128205128 0.040160642570281124
0 0.9241591741591744 0.3070105095707503 0.05128205128205128 0.040160642570281124
0 0.913794538794539 0.29402349658373733 0.05128205128205128 0.040160642570281124
0 0.8992840492840496 0.28590661346685414 0.05128205128205128 0.040160642570281124
0 0.8764818514818515 0.23720531476555548 0.05128205128205128 0.040160642570281124
0 0.8516067266067266 0.21610141866165944 0.05128205128205128 0.040160642570281124
0 0.8267316017316018 0.21123128879152953 0.05128205128205128 0.040160642570281124
0 0.8122211122211124 0.19337414593438662 0.05128205128205128 0.040160642570281124
0 0.7583250083250084 0.21610141866165944 0.05128205128205128 0.040160642570281124
0 0.7811272061272063 0.20960791216815294 0.05128205128205128 0.040160642570281124
0 0.7811272061272063 0.18363388619412688 0.05128205128205128 0.040160642570281124
0 0.7334498834498835 0.17876375632399708 0.05128205128205128 0.040160642570281124
0 0.745887445887446 0.1998676524278931 0.05128205128205128 0.040160642570281124
0 0.7210123210123212 0.217724795285036 0.05128205128205128 0.040160642570281124
0 0.6982101232101232 0.18038713294737363 0.05128205128205128 0.040160642570281124
0 0.66504329004329 0.17551700307724383 0.05128205128205128 0.040160642570281124
0 0.633949383949384 0.17551700307724383 0.05128205128205128 0.040160642570281124
0 0.6173659673659675 0.17714037970062038 0.05128205128205128 0.040160642570281124
0 0.6546786546786549 0.23233518489542557 0.05128205128205128 0.040160642570281124
0 0.62980352980353 0.23395856151880223 0.05128205128205128 0.040160642570281124
0 0.6090742590742592 0.2242183017785425 0.05128205128205128 0.040160642570281124
0 0.6401681651681652 0.21610141866165944 0.05128205128205128 0.040160642570281124
0 0.602855477855478 0.18201050957075032 0.05128205128205128 0.040160642570281124
0 0.5717615717615717 0.17714037970062038 0.05128205128205128 0.040160642570281124
0 0.5406676656676657 0.18688063944088013 0.05128205128205128 0.040160642570281124
0 0.5738344988344989 0.20960791216815294 0.05128205128205128 0.040160642570281124
0 0.5551781551781552 0.21447804203828277 0.05128205128205128 0.040160642570281124
0 0.5365218115218117 0.21447804203828277 0.05128205128205128 0.040160642570281124
0 0.5075008325008326 0.17714037970062038 0.05128205128205128 0.040160642570281124
0 0.4950632700632703 0.17876375632399708 0.05128205128205128 0.040160642570281124
0 0.4701881451881451 0.17876375632399708 0.05128205128205128 0.040160642570281124
0 0.45982350982351 0.1885040160642568 0.05128205128205128 0.040160642570281124
0 0.48055278055278056 0.19012739268763337 0.05128205128205128 0.040160642570281124
0 0.46189643689643683 0.23720531476555548 0.05128205128205128 0.040160642570281124
0 0.46189643689643683 0.20960791216815294 0.05128205128205128 0.040160642570281124
0 0.4453130203130203 0.20960791216815294 0.05128205128205128 0.040160642570281124
0 0.42665667665667684 0.22097154853178924 0.05128205128205128 0.040160642570281124
0 0.4204378954378954 0.18363388619412688 0.05128205128205128 0.040160642570281124
0 0.39141691641691656 0.18363388619412688 0.05128205128205128 0.040160642570281124
0 0.37690642690642684 0.17551700307724383 0.05128205128205128 0.040160642570281124
0 0.3810522810522811 0.20960791216815294 0.05128205128205128 0.040160642570281124
0 0.40178155178155195 0.17876375632399708 0.05128205128205128 0.040160642570281124
0 0.3686147186147185 0.22584167840191907 0.05128205128205128 0.040160642570281124
0 0.3458125208125208 0.2242183017785425 0.05128205128205128 0.040160642570281124
0 0.3541042291042291 0.17876375632399708 0.05128205128205128 0.040160642570281124
0 0.3333749583749585 0.1949975225577633 0.05128205128205128 0.040160642570281124
0 0.31679154179154195 0.19824427580451653 0.05128205128205128 0.040160642570281124
0 0.29606227106227107 0.17227024983049058 0.05128205128205128 0.040160642570281124
0 0.2856976356976356 0.18688063944088013 0.05128205128205128 0.040160642570281124
0 0.32301032301032306 0.18038713294737363 0.05128205128205128 0.040160642570281124
0 0.26496836496836507 0.19337414593438662 0.05128205128205128 0.040160642570281124
0 0.2566766566766566 0.20473778229802303 0.05128205128205128 0.040160642570281124
0 0.21936396936396935 0.19012739268763337 0.05128205128205128 0.040160642570281124
0 0.2069264069264069 0.1949975225577633 0.05128205128205128 0.040160642570281124
0 0.2318015318015318 0.21610141866165944 0.05128205128205128 0.040160642570281124
0 0.18827006327006335 0.23558193814217893 0.05128205128205128 0.040160642570281124
0 0.21729104229104235 0.2777897303499711 0.05128205128205128 0.040160642570281124
0 0.19656177156177163 0.26317934073958155 0.05128205128205128 0.040160642570281124
0 0.15924908424908418 0.2777897303499711 0.05128205128205128 0.040160642570281124
0 0.13022810522810518 0.29077674333698406 0.05128205128205128 0.040160642570281124
0 0.2442390942390942 0.27454297710321784 0.05128205128205128 0.040160642570281124
0 0.24838494838494835 0.29240011996036064 0.05128205128205128 0.040160642570281124
0 0.23802031302031307 0.3005170030772438 0.05128205128205128 0.040160642570281124
0 0.18619713619713618 0.3005170030772438 0.05128205128205128 0.040160642570281124
0 0.14681152181152174 0.33623128879152964 0.05128205128205128 0.040160642570281124
0 0.06804029304029303 0.35408843164867243 0.05128205128205128 0.040160642570281124
0 0.7707625707625709 0.2712962238564646 0.05128205128205128 0.040160642570281124
0 0.7914918414918415 0.2842832368434776 0.05128205128205128 0.040160642570281124
0 0.8246586746586749 0.29240011996036064 0.05128205128205128 0.040160642570281124
0 0.8329503829503833 0.3021403797006205 0.05128205128205128 0.040160642570281124
0 0.9780552780552781 0.38817934073958155 0.05128205128205128 0.040160642570281124
0 0.9863469863469864 0.3605819381421789 0.05128205128205128 0.040160642570281124
0 0.49299034299034317 0.4157767433369842 0.05128205128205128 0.040160642570281124
0 0.45360472860472856 0.41415336671360753 0.05128205128205128 0.040160642570281124
0 0.42872960372960367 0.39954297710321784 0.05128205128205128 0.040160642570281124
0 0.46189643689643683 0.3979196004798413 0.05128205128205128 0.040160642570281124
0 0.4556776556776557 0.38006245762269836 0.05128205128205128 0.040160642570281124
0 0.4390942390942391 0.38655596411620485 0.05128205128205128 0.040160642570281124
0 0.463969363969364 0.36869882125906206 0.05128205128205128 0.040160642570281124
0 0.42872960372960367 0.36382869138893215 0.05128205128205128 0.040160642570281124
0 0.4121461871461871 0.36869882125906206 0.05128205128205128 0.040160642570281124
0 0.4515318015318017 0.35246505502529574 0.05128205128205128 0.040160642570281124
0 0.3064269064269065 0.5553871329473737 0.05128205128205128 0.040160642570281124
0 0.3623959373959374 0.532659860220101 0.05128205128205128 0.040160642570281124
0 0.39141691641691656 0.5294131069733478 0.05128205128205128 0.040160642570281124
0 0.35617715617715623 0.506685834246075 0.05128205128205128 0.040160642570281124
0 0.39556277056277056 0.47584167840191927 0.05128205128205128 0.040160642570281124
0 0.29813519813519823 0.5229196004798413 0.05128205128205128 0.040160642570281124
0 0.26911421911421907 0.5294131069733478 0.05128205128205128 0.040160642570281124
0 0.2856976356976356 0.5018157043759452 0.05128205128205128 0.040160642570281124
0 0.29606227106227107 0.4872053147655556 0.05128205128205128 0.040160642570281124
0 0.2131451881451882 0.5440234965837374 0.05128205128205128 0.040160642570281124
0 0.18827006327006335 0.532659860220101 0.05128205128205128 0.040160642570281124
0 0.21936396936396935 0.5667507693110102 0.05128205128205128 0.040160642570281124
0 0.27326007326007334 0.6122053147655556 0.05128205128205128 0.040160642570281124
0 0.32922910422910423 0.631685834246075 0.05128205128205128 0.040160642570281124
0 0.1488844488844489 0.5342832368434777 0.05128205128205128 0.040160642570281124
0 0.12400932400932403 0.5472702498304907 0.05128205128205128 0.040160642570281124
0 0.09084249084249088 0.5001923277525686 0.05128205128205128 0.040160642570281124
0 0.0763320013320013 0.524542977103218 0.05128205128205128 0.040160642570281124
0 0.045238095238095154 0.49532219788243864 0.05128205128205128 0.040160642570281124
0 0.0742590742590743 0.4888286913889322 0.05128205128205128 0.040160642570281124
0 0.05974858474858473 0.46123128879152964 0.05128205128205128 0.040160642570281124
0 0.051456876456876445 0.4449975225577633 0.05128205128205128 0.040160642570281124
0 0.051456876456876445 0.433633886194127 0.05128205128205128 0.040160642570281124
0 0.08876956376956374 0.4320105095707503 0.05128205128205128 0.040160642570281124
0 0.0742590742590743 0.4320105095707503 0.05128205128205128 0.040160642570281124
0 0.19863469863469863 0.49532219788243864 0.05128205128205128 0.040160642570281124
0 0.20070762570762576 0.47746505502529585 0.05128205128205128 0.040160642570281124
0 0.19863469863469863 0.5148027173629582 0.05128205128205128 0.040160642570281124
0 0.17997835497835504 0.5018157043759452 0.05128205128205128 0.040160642570281124
0 0.15510323010323004 0.48395856151880234 0.05128205128205128 0.040160642570281124
0 0.13851981351981346 0.5018157043759452 0.05128205128205128 0.040160642570281124
0 0.15717615717615718 0.5018157043759452 0.05128205128205128 0.040160642570281124
0 0.32715617715617706 0.48395856151880234 0.05128205128205128 0.040160642570281124
0 0.3623959373959374 0.48395856151880234 0.05128205128205128 0.040160642570281124
0 0.3644688644688645 0.4498676524278932 0.05128205128205128 0.040160642570281124
0 0.3313020313020314 0.44012739268763346 0.05128205128205128 0.040160642570281124
0 0.29606227106227107 0.4563611589213997 0.05128205128205128 0.040160642570281124
0 0.2546037296037296 0.4872053147655556 0.05128205128205128 0.040160642570281124
0 0.24009324009324007 0.4807118082720491 0.05128205128205128 0.040160642570281124
0 0.23594738594738593 0.49856895112919203 0.05128205128205128 0.040160642570281124
0 0.24838494838494835 0.5294131069733478 0.05128205128205128 0.040160642570281124
0 0.24838494838494835 0.506685834246075 0.05128205128205128 0.040160642570281124
0 0.20899933399933407 0.4449975225577633 0.05128205128205128 0.040160642570281124
0 0.22350982350982349 0.4693481719084128 0.05128205128205128 0.040160642570281124
0 0.18827006327006335 0.46610141866165944 0.05128205128205128 0.040160642570281124
0 0.1198634698634699 0.36382869138893215 0.05128205128205128 0.040160642570281124
0 0.13230103230103232 0.37032219788243864 0.05128205128205128 0.040160642570281124
0 0.09498834498834503 0.34110141866165944 0.05128205128205128 0.040160642570281124
0 0.043165168165168154 0.33623128879152964 0.05128205128205128 0.040160642570281124
0 0.057675657675657584 0.3313611589213997 0.05128205128205128 0.040160642570281124
0 0.10328005328005331 0.38168583424607505 0.05128205128205128 0.040160642570281124
0 0.07011322011322016 0.37032219788243864 0.05128205128205128 0.040160642570281124
0 0.15717615717615718 0.3021403797006205 0.05128205128205128 0.040160642570281124
0 0.1136446886446886 0.308633886194127 0.05128205128205128 0.040160642570281124
0 0.3437395937395937 0.5180494706097115 0.05128205128205128 0.040160642570281124
0 0.32093739593739595 0.506685834246075 0.05128205128205128 0.040160642570281124
0 0.3644688644688645 0.4157767433369842 0.05128205128205128 0.040160642570281124
0 0.3686147186147185 0.40441310697334776 0.05128205128205128 0.040160642570281124
0 0.3416666666666668 0.40441310697334776 0.05128205128205128 0.040160642570281124
0 0.35203130203130195 0.38655596411620485 0.05128205128205128 0.040160642570281124
0 0.3333749583749585 0.38168583424607505 0.05128205128205128 0.040160642570281124
0 0.36032301032301023 0.34759492515516593 0.05128205128205128 0.040160642570281124
0 0.3375208125208125 0.34272479528503613 0.05128205128205128 0.040160642570281124
0 0.3375208125208125 0.3605819381421789 0.05128205128205128 0.040160642570281124
0 0.36032301032301023 0.37519232775256856 0.05128205128205128 0.040160642570281124
0 0.3872710622710622 0.3118806394408801 0.05128205128205128 0.040160642570281124
0 0.6961371961371964 0.37032219788243864 0.05128205128205128 0.040160642570281124
0 0.6961371961371964 0.39304947060971135 0.05128205128205128 0.040160642570281124
0 0.7065018315018318 0.39954297710321784 0.05128205128205128 0.040160642570281124
0 0.7396686646686649 0.40603648359672434 0.05128205128205128 0.040160642570281124
0 0.7500333000333 0.5359066134668543 0.05128205128205128 0.040160642570281124
0 0.7583250083250084 0.5131793407395816 0.05128205128205128 0.040160642570281124
0 0.7168664668664669 0.5018157043759452 0.05128205128205128 0.040160642570281124
0 0.5365218115218117 0.5261663537265945 0.05128205128205128 0.040160642570281124
0 0.5157925407925409 0.506685834246075 0.05128205128205128 0.040160642570281124
0 0.5945637695637698 0.5018157043759452 0.05128205128205128 0.040160642570281124
0 0.6007825507825508 0.5472702498304907 0.05128205128205128 0.040160642570281124
0 0.6194388944388945 0.49532219788243864 0.05128205128205128 0.040160642570281124
0 0.6194388944388945 0.506685834246075 0.05128205128205128 0.040160642570281124
0 0.6443140193140194 0.5131793407395816 0.05128205128205128 0.040160642570281124
0 0.660897435897436 0.5229196004798413 0.05128205128205128 0.040160642570281124
0 0.9055028305028306 0.6349325874928283 0.05128205128205128 0.040160642570281124
0 0.9697635697635698 0.6284390809993218 0.05128205128205128 0.040160642570281124
0 0.9863469863469864 0.6154520680123088 0.05128205128205128 0.040160642570281124
0 0.9822011322011324 0.5667507693110102 0.05128205128205128 0.040160642570281124
0 0.9573260073260076 0.5975949251551661 0.05128205128205128 0.040160642570281124
0 0.8889194139194141 0.5781144056746466 0.05128205128205128 0.040160642570281124
0 0.8951381951381953 0.6154520680123088 0.05128205128205128 0.040160642570281124
0 0.8702630702630704 0.6008416784019193 0.05128205128205128 0.040160642570281124
0 0.8308774558774561 0.6122053147655556 0.05128205128205128 0.040160642570281124
0 0.803929403929404 0.636555964116205 0.05128205128205128 0.040160642570281124
0 0.7707625707625709 0.6203221978824388 0.05128205128205128 0.040160642570281124
0 0.7562520812520815 0.6008416784019193 0.05128205128205128 0.040160642570281124
0 0.7707625707625709 0.5927247952850361 0.05128205128205128 0.040160642570281124
0 0.7417415917415918 0.631685834246075 0.05128205128205128 0.040160642570281124
0 0.7603979353979355 0.5716208991811401 0.05128205128205128 0.040160642570281124
0 0.7500333000333 0.5553871329473737 0.05128205128205128 0.040160642570281124
0 0.8122211122211124 0.5570105095707504 0.05128205128205128 0.040160642570281124
0 0.7935647685647687 0.5440234965837374 0.05128205128205128 0.040160642570281124
0 0.8308774558774561 0.5553871329473737 0.05128205128205128 0.040160642570281124
0 0.8702630702630704 0.5294131069733478 0.05128205128205128 0.040160642570281124
0 0.8847735597735599 0.5131793407395816 0.05128205128205128 0.040160642570281124
0 0.9303779553779555 0.5131793407395816 0.05128205128205128 0.040160642570281124
0 0.9117216117216118 0.49856895112919203 0.05128205128205128 0.040160642570281124
0 0.9573260073260076 0.511555964116205 0.05128205128205128 0.040160642570281124
0 0.2856976356976356 0.39954297710321784 0.05128205128205128 0.040160642570281124
0 0.26496836496836507 0.4320105095707503 0.05128205128205128 0.040160642570281124
0 0.2504578754578755 0.44662089918113995 0.05128205128205128 0.040160642570281124
0 0.13437395937395932 0.4498676524278932 0.05128205128205128 0.040160642570281124
0 0.23387445887445893 0.34759492515516593 0.05128205128205128 0.040160642570281124
0 0.21107226107226107 0.3199975225577633 0.05128205128205128 0.040160642570281124
0 0.23594738594738593 0.3199975225577633 0.05128205128205128 0.040160642570281124
0 0.2525308025308025 0.3199975225577633 0.05128205128205128 0.040160642570281124
0 0.2608225108225108 0.30538713294737363 0.05128205128205128 0.040160642570281124
0 0.2525308025308025 0.36382869138893215 0.05128205128205128 0.040160642570281124
0 0.22765567765567762 0.36869882125906206 0.05128205128205128 0.040160642570281124
0 0.20278055278055276 0.37681570437594514 0.05128205128205128 0.040160642570281124
0 0.1944888444888445 0.3378546654149062 0.05128205128205128 0.040160642570281124
0 0.1944888444888445 0.3248676524278932 0.05128205128205128 0.040160642570281124
0 0.16961371961371963 0.35246505502529574 0.05128205128205128 0.040160642570281124
0 0.1758325008325009 0.3378546654149062 0.05128205128205128 0.040160642570281124
0 0.15303030303030304 0.35895856151880223 0.05128205128205128 0.040160642570281124
0 0.12193639693639689 0.34759492515516593 0.05128205128205128 0.040160642570281124
0 0.12193639693639689 0.33460791216815294 0.05128205128205128 0.040160642570281124
0 0.12400932400932403 0.3183741459343866 0.05128205128205128 0.040160642570281124
0 0.06596736596736603 0.38817934073958155 0.05128205128205128 0.040160642570281124
0 0.1675407925407925 0.4157767433369842 0.05128205128205128 0.040160642570281124
0 0.17168664668664677 0.39304947060971135 0.05128205128205128 0.040160642570281124
0 0.1675407925407925 0.37032219788243864 0.05128205128205128 0.040160642570281124
0 0.20899933399933407 0.35246505502529574 0.05128205128205128 0.040160642570281124
0 0.2297286047286048 0.38168583424607505 0.05128205128205128 0.040160642570281124
0 0.2566766566766566 0.39467284723308804 0.05128205128205128 0.040160642570281124
0 0.2815517815517816 0.35246505502529574 0.05128205128205128 0.040160642570281124
0 0.3354478854478854 0.3005170030772438 0.05128205128205128 0.040160642570281124
0 0.35203130203130195 0.30538713294737363 0.05128205128205128 0.040160642570281124
0 0.30228105228105223 0.3118806394408801 0.05128205128205128 0.040160642570281124
0 0.6505328005328006 0.3118806394408801 0.05128205128205128 0.040160642570281124
0 0.6215118215118217 0.308633886194127 0.05128205128205128 0.040160642570281124
0 0.5593240093240094 0.3118806394408801 0.05128205128205128 0.040160642570281124
0 0.5406676656676657 0.31512739268763346 0.05128205128205128 0.040160642570281124
0 0.39970862470862484 0.35408843164867243 0.05128205128205128 0.040160642570281124
0 0.40592740592740595 0.34597154853178924 0.05128205128205128 0.040160642570281124
0 0.3872710622710622 0.3605819381421789 0.05128205128205128 0.040160642570281124
0 0.37690642690642684 0.3719455745058152 0.05128205128205128 0.040160642570281124
0 0.37897935397935395 0.38655596411620485 0.05128205128205128 0.040160642570281124
0 0.40178155178155195 0.3979196004798413 0.05128205128205128 0.040160642570281124
0 0.39348984348984367 0.42876375632399716 0.05128205128205128 0.040160642570281124
0 0.32508325008325023 0.42227024983049066 0.05128205128205128 0.040160642570281124
0 0.24009324009324007 0.4271403797006205 0.05128205128205128 0.040160642570281124
0 0.1944888444888445 0.433633886194127 0.05128205128205128 0.040160642570281124
0 0.19034299034299035 0.38817934073958155 0.05128205128205128 0.040160642570281124
0 0.08462370962370959 0.47259492515516593 0.05128205128205128 0.040160642570281124
0 0.051456876456876445 0.47584167840191927 0.05128205128205128 0.040160642570281124
0 0.12400932400932403 0.46123128879152964 0.05128205128205128 0.040160642570281124
0 0.4473859473859474 0.3313611589213997 0.05128205128205128 0.040160642570281124
0 0.41836496836496856 0.32324427580451653 0.05128205128205128 0.040160642570281124
0 0.5676157176157177 0.420646873207114 0.05128205128205128 0.040160642570281124
0 0.5385947385947386 0.39954297710321784 0.05128205128205128 0.040160642570281124
0 0.5323759573759574 0.4092832368434777 0.05128205128205128 0.040160642570281124
0 0.5655427905427906 0.44337414593438673 0.05128205128205128 0.040160642570281124
0 0.5240842490842491 0.46447804203828286 0.05128205128205128 0.040160642570281124
0 0.4971361971361971 0.46123128879152964 0.05128205128205128 0.040160642570281124
0 0.48055278055278056 0.44337414593438673 0.05128205128205128 0.040160642570281124
0 0.4349483849483851 0.4385040160642568 0.05128205128205128 0.040160642570281124
0 0.5282301032301034 0.4320105095707503 0.05128205128205128 0.040160642570281124
0 0.5075008325008326 0.4498676524278932 0.05128205128205128 0.040160642570281124
0 0.48884448884448883 0.5001923277525686 0.05128205128205128 0.040160642570281124
0 0.4681152181152183 0.5001923277525686 0.05128205128205128 0.040160642570281124
0 0.463969363969364 0.46447804203828286 0.05128205128205128 0.040160642570281124
0 0.5696886446886449 0.34110141866165944 0.05128205128205128 0.040160642570281124
0 0.6132201132201135 0.34759492515516593 0.05128205128205128 0.040160642570281124
0 0.607001332001332 0.32973778229802314 0.05128205128205128 0.040160642570281124
0 0.5365218115218117 0.33460791216815294 0.05128205128205128 0.040160642570281124
0 0.7541791541791544 0.34110141866165944 0.05128205128205128 0.040160642570281124
0 0.9075757575757578 0.33460791216815294 0.05128205128205128 0.040160642570281124
0 0.6422410922410923 0.37519232775256856 0.05128205128205128 0.040160642570281124
0 0.6256576756576757 0.37032219788243864 0.05128205128205128 0.040160642570281124
0 0.6754079254079255 0.37519232775256856 0.05128205128205128 0.040160642570281124
0 0.6111471861471863 0.40441310697334776 0.05128205128205128 0.040160642570281124
0 0.5945637695637698 0.38168583424607505 0.05128205128205128 0.040160642570281124
0 0.5738344988344989 0.38655596411620485 0.05128205128205128 0.040160642570281124
0 0.548959373959374 0.35408843164867243 0.05128205128205128 0.040160642570281124
0 0.6443140193140194 0.39304947060971135 0.05128205128205128 0.040160642570281124
0 0.7521062271062272 0.38168583424607505 0.05128205128205128 0.040160642570281124
0 0.7417415917415918 0.37032219788243864 0.05128205128205128 0.040160642570281124
0 0.7914918414918415 0.38006245762269836 0.05128205128205128 0.040160642570281124
0 0.8308774558774561 0.43688063944088024 0.05128205128205128 0.040160642570281124
0 0.801856476856477 0.4255170030772438 0.05128205128205128 0.040160642570281124
0 0.803929403929404 0.4092832368434777 0.05128205128205128 0.040160642570281124
0 0.7852730602730603 0.40441310697334776 0.05128205128205128 0.040160642570281124
0 0.7666167166167166 0.39467284723308804 0.05128205128205128 0.040160642570281124
0 0.8350233100233101 0.39467284723308804 0.05128205128205128 0.040160642570281124
0 0.7769813519813521 0.34759492515516593 0.05128205128205128 0.040160642570281124
0 0.7666167166167166 0.3070105095707503 0.05128205128205128 0.040160642570281124
0 0.7002830502830504 0.34921830177854263 0.05128205128205128 0.040160642570281124
0 0.6526057276057278 0.35246505502529574 0.05128205128205128 0.040160642570281124
0 0.6940642690642692 0.31675076931101004 0.05128205128205128 0.040160642570281124
0 0.8702630702630704 0.32324427580451653 0.05128205128205128 0.040160642570281124
0 0.9013569763569764 0.38655596411620485 0.05128205128205128 0.040160642570281124
0 0.8723359973359975 0.35408843164867243 0.05128205128205128 0.040160642570281124
0 0.9013569763569764 0.36869882125906206 0.05128205128205128 0.040160642570281124
0 0.967690642690643 0.4092832368434777 0.05128205128205128 0.040160642570281124
0 0.9365967365967367 0.40441310697334776 0.05128205128205128 0.040160642570281124
0 0.8495337995337998 0.42876375632399716 0.05128205128205128 0.040160642570281124
0 0.8868464868464869 0.4385040160642568 0.05128205128205128 0.040160642570281124
0 0.859898434898435 0.46610141866165944 0.05128205128205128 0.040160642570281124
0 0.8246586746586749 0.46772479528503613 0.05128205128205128 0.040160642570281124
0 0.7686896436896438 0.4872053147655556 0.05128205128205128 0.040160642570281124
0 0.7832001332001333 0.49532219788243864 0.05128205128205128 0.040160642570281124
0 0.7251581751581752 0.47259492515516593 0.05128205128205128 0.040160642570281124
0 0.8702630702630704 0.47746505502529585 0.05128205128205128 0.040160642570281124
0 0.8350233100233101 0.48395856151880234 0.05128205128205128 0.040160642570281124
0 0.8101481851481852 0.4872053147655556 0.05128205128205128 0.040160642570281124
0 0.801856476856477 0.5099325874928283 0.05128205128205128 0.040160642570281124
0 0.6982101232101232 0.47908843164867243 0.05128205128205128 0.040160642570281124
0 0.6360223110223112 0.47259492515516593 0.05128205128205128 0.040160642570281124
0 0.6152930402930403 0.47584167840191927 0.05128205128205128 0.040160642570281124
0 0.9511072261072264 0.33460791216815294 0.05128205128205128 0.040160642570281124
0 0.9324508824508827 0.34272479528503613 0.05128205128205128 0.040160642570281124
0 0.967690642690643 0.45311440567464645 0.05128205128205128 0.040160642570281124
0 0.9324508824508827 0.44337414593438673 0.05128205128205128 0.040160642570281124
0 0.859898434898435 0.4157767433369842 0.05128205128205128 0.040160642570281124
0 0.8225857475857478 0.34921830177854263 0.05128205128205128 0.040160642570281124
0 0.8101481851481852 0.37032219788243864 0.05128205128205128 0.040160642570281124
0 0.8474608724608726 0.35895856151880223 0.05128205128205128 0.040160642570281124
0 0.9946386946386947 0.4872053147655556 0.05128205128205128 0.040160642570281124
0 0.940742590742591 0.46447804203828286 0.05128205128205128 0.040160642570281124
0 0.9386696636696639 0.4872053147655556 0.05128205128205128 0.040160642570281124
0 0.9220862470862473 0.47259492515516593 0.05128205128205128 0.040160642570281124
0 0.7728354978354981 0.4385040160642568 0.05128205128205128 0.040160642570281124
0 0.7894189144189147 0.45798453554477625 0.05128205128205128 0.040160642570281124
0 0.8474608724608726 0.5212962238564647 0.05128205128205128 0.040160642570281124
0 0.8267316017316018 0.5294131069733478 0.05128205128205128 0.040160642570281124
0 0.8391691641691644 0.5797377822980231 0.05128205128205128 0.040160642570281124
0 0.8495337995337998 0.6008416784019193 0.05128205128205128 0.040160642570281124
0 0.9925657675657679 0.5212962238564647 0.05128205128205128 0.040160642570281124
0 0.49299034299034317 0.5148027173629582 0.05128205128205128 0.040160642570281124
0 0.517865467865468 0.38655596411620485 0.05128205128205128 0.040160642570281124
0 0.4992091242091243 0.39304947060971135 0.05128205128205128 0.040160642570281124
0 0.5531052281052283 0.38168583424607505 0.05128205128205128 0.040160642570281124
0 0.5862720612720614 0.3605819381421789 0.05128205128205128 0.040160642570281124
0 0.5655427905427906 0.36382869138893215 0.05128205128205128 0.040160642570281124
0 0.29398934398934395 0.37519232775256856 0.05128205128205128 0.040160642570281124
0 0.2318015318015318 0.3979196004798413 0.05128205128205128 0.040160642570281124
0 0.21936396936396935 0.420646873207114 0.05128205128205128 0.040160642570281124
0 0.13851981351981346 0.39304947060971135 0.05128205128205128 0.040160642570281124
0 0.03487345987345987 0.40441310697334776 0.05128205128205128 0.040160642570281124
0 0.9552530802530804 0.36382869138893215 0.05128205128205128 0.040160642570281124
0 0.9345238095238099 0.38817934073958155 0.05128205128205128 0.040160642570281124
0 0.9096486846486846 0.3979196004798413 0.05128205128205128 0.040160642570281124
0 0.7438145188145189 0.7518157043759452 0.05128205128205128 0.040160642570281124
0 0.5116466866466869 0.6251923277525686 0.05128205128205128 0.040160642570281124
0 0.39348984348984367 0.5018157043759452 0.05128205128205128 0.040160642570281124
0 0.8495337995337998 0.32973778229802314 0.05128205128205128 0.040160642570281124
0 0.8909923409923413 0.35408843164867243 0.05128205128205128 0.040160642570281124
0 0.8806277056277059 0.3118806394408801 0.05128205128205128 0.040160642570281124
0 0.8080752580752584 0.3248676524278932 0.05128205128205128 0.040160642570281124
0 0.9511072261072264 0.4092832368434777 0.05128205128205128 0.040160642570281124
0 0.4660422910422911 0.33460791216815294 0.05128205128205128 0.040160642570281124
