0 0.08419476571604477 0.02557909575347014 0.03913894324853229 0.07352941176470588
0 0.072958810659865 0.113971879130866 0.03913894324853229 0.07352941176470588
0 0.06312734998570768 0.10605610748512906 0.03913894324853229 0.07352941176470588
0 0.050486900547505445 0.12848412714805035 0.03913894324853229 0.07352941176470588
0 0.03995319268233689 0.041410639044943964 0.03913894324853229 0.07352941176470588
0 0.028014990435145895 0.05856147761070735 0.03913894324853229 0.07352941176470588
0 0.02309926009806724 0.09154385946794463 0.03913894324853229 0.07352941176470588
0 0.04416667582840433 0.0770316114507602 0.03913894324853229 0.07352941176470588
0 0.050486900547505445 0.10077892638797108 0.03913894324853229 0.07352941176470588
0 0.035739709536269475 0.10077892638797108 0.03913894324853229 0.07352941176470588
0 0.03503746234525826 0.11924906022802392 0.03913894324853229 0.07352941176470588
0 0.022397012907055994 0.1377191940680768 0.03913894324853229 0.07352941176470588
0 0.04838015897447174 0.1707015759253141 0.03913894324853229 0.07352941176470588
0 0.058211619648629025 0.14959285153668223 0.03913894324853229 0.07352941176470588
0 0.038548698300314425 0.15882791845670868 0.03913894324853229 0.07352941176470588
0 0.01958802414301107 0.16278580427957715 0.03913894324853229 0.07352941176470588
0 0.00413858594076388 0.1720208711996036 0.03913894324853229 0.07352941176470588
0 0.008352069086831294 0.1377191940680768 0.03913894324853229 0.07352941176470588
0 0.0708520690868313 0.0189826193820226 0.03913894324853229 0.07352941176470588
0 0.08911049605312343 0.10077892638797108 0.03913894324853229 0.07352941176470588
0 0.108773417401438 0.14167707989094527 0.03913894324853229 0.07352941176470588
0 0.09543072077222453 0.14035778461665577 0.03913894324853229 0.07352941176470588
0 0.07436330504188746 0.04536852486781244 0.03913894324853229 0.07352941176470588
0 0.07225656346885376 0.05988077288499681 0.03913894324853229 0.07352941176470588
0 0.06663858594076386 0.08098949727362872 0.03913894324853229 0.07352941176470588
0 0.058211619648629025 0.08362808782220768 0.03913894324853229 0.07352941176470588
0 0.011161057850876217 0.22611197744547273 0.03913894324853229 0.07352941176470588
0 0.0301217320081796 0.17729805229676152 0.03913894324853229 0.07352941176470588
0 0.03152622639020206 0.22083479634831474 0.03913894324853229 0.07352941176470588
0 0.07366105785087622 0.19049100503965644 0.03913894324853229 0.07352941176470588
0 0.03784645110930318 0.1984067766853934 0.03913894324853229 0.07352941176470588
0 0.10385768706435936 0.11001399330799752 0.03913894324853229 0.07352941176470588
0 0.12843633874975263 0.09945963111368157 0.03913894324853229 0.07352941176470588
0 0.11720038369357283 0.18917170976536699 0.03913894324853229 0.07352941176470588
0 0.12211611403065149 0.16278580427957715 0.03913894324853229 0.07352941176470588
0 0.12984083313177508 0.14695426098810327 0.03913894324853229 0.07352941176470588
0 0.10175094549132567 0.20896113887970932 0.03913894324853229 0.07352941176470588
0 0.08630150728907846 0.15223144208526118 0.03913894324853229 0.07352941176470588
0 0.11930712526660657 0.21555761525115677 0.03913894324853229 0.07352941176470588
0 0.11298690054750542 0.23930493018836763 0.03913894324853229 0.07352941176470588
0 0.08770600167110094 0.24853999710839403 0.03913894324853229 0.07352941176470588
0 0.06453184436773014 0.264371540399868 0.03913894324853229 0.07352941176470588
0 0.07927903537896612 0.2300698632683412 0.03913894324853229 0.07352941176470588
0 0.0715543162778425 0.24590140655981507 0.03913894324853229 0.07352941176470588
0 0.04276218144638184 0.23666633963978861 0.03913894324853229 0.07352941176470588
0 0.022397012907055994 0.2577750640284205 0.03913894324853229 0.07352941176470588
0 0.04627341740143803 0.2577750640284205 0.03913894324853229 0.07352941176470588
0 0.011161057850876217 0.3184626466457371 0.03913894324853229 0.07352941176470588
0 0.021694765716044777 0.2894381506113683 0.03913894324853229 0.07352941176470588
0 0.03503746234525826 0.31978194192002657 0.03913894324853229 0.07352941176470588
0 0.06382959717671893 0.3131854655485791 0.03913894324853229 0.07352941176470588
0 0.08138577695199982 0.30790828445142115 0.03913894324853229 0.07352941176470588
0 0.03152622639020206 0.3501257332286848 0.03913894324853229 0.07352941176470588
0 0.050486900547505445 0.3488064379543954 0.03913894324853229 0.07352941176470588
0 0.10385768706435936 0.3659572765201588 0.03913894324853229 0.07352941176470588
0 0.04416667582840433 0.39498177255452754 0.03913894324853229 0.07352941176470588
0 0.030823979199190846 0.43324133550892285 0.03913894324853229 0.07352941176470588
0 0.0715543162778425 0.4411571071546598 0.03913894324853229 0.07352941176470588
0 0.1157958893115504 0.4081747252974225 0.03913894324853229 0.07352941176470588
0 0.09472847358121328 0.42004838276602785 0.03913894324853229 0.07352941176470588
0 0.06628746234525823 0.3896981369795113 0.03913894324853229 0.07352941176470588
0 0.07752341740143803 0.37650518423661644 0.03913894324853229 0.07352941176470588
0 0.028366114030651517 0.37386659368803743 0.03913894324853229 0.07352941176470588
0 0.09437734998570768 0.30262464887640483 0.03913894324853229 0.07352941176470588
0 0.10842229380593241 0.29998605832782593 0.03913894324853229 0.07352941176470588
0 0.11965824886211221 0.3158176016192998 0.03913894324853229 0.07352941176470588
0 0.1098267881879549 0.3158176016192998 0.03913894324853229 0.07352941176470588
0 0.08595038369357286 0.3342877354593527 0.03913894324853229 0.07352941176470588
0 0.06909645110930321 0.2181897513218774 0.03913894324853229 0.07352941176470588
0 0.12527622639020206 0.2366598851619303 0.03913894324853229 0.07352941176470588
0 0.06347847358121331 0.4873259872769336 0.03913894324853229 0.07352941176470588
0 0.03257959717671893 0.4952417589226705 0.03913894324853229 0.07352941176470588
0 0.005894203918291965 0.4767716250826177 0.03913894324853229 0.07352941176470588
0 0.05083802414301107 0.48204880617977564 0.03913894324853229 0.07352941176470588
0 0.010107687064359378 0.3949753180766692 0.03913894324853229 0.07352941176470588
0 0.05329588931155037 0.27888378841705236 0.03913894324853229 0.07352941176470588
0 0.084897012907056 0.2709680167713154 0.03913894324853229 0.07352941176470588
0 0.07506555223289871 0.28548026478849975 0.03913894324853229 0.07352941176470588
0 0.07576779942390992 0.32110123719431605 0.03913894324853229 0.07352941176470588
0 0.13686330504188746 0.45303076462326514 0.03913894324853229 0.07352941176470588
0 0.17197566459244926 0.401578248925975 0.03913894324853229 0.07352941176470588
0 0.17197566459244926 0.3804695245373432 0.03913894324853229 0.07352941176470588
0 0.1551217320081796 0.33957137103436896 0.03913894324853229 0.07352941176470588
0 0.1656554398733481 0.3474871426801059 0.03913894324853229 0.07352941176470588
0 0.1438857769519998 0.3554029143258428 0.03913894324853229 0.07352941176470588
0 0.20147004661492113 0.3488064379543954 0.03913894324853229 0.07352941176470588
0 0.13651218144638186 0.37650518423661644 0.03913894324853229 0.07352941176470588
0 0.0129166758284043 0.5691222942828821 0.03913894324853229 0.07352941176470588
0 0.04943352976098858 0.5242662549570394 0.03913894324853229 0.07352941176470588
0 0.0648829679632358 0.5374592076999343 0.03913894324853229 0.07352941176470588
0 0.04943352976098858 0.5981467903172508 0.03913894324853229 0.07352941176470588
0 0.03257959717671893 0.6720273256774625 0.03913894324853229 0.07352941176470588
0 0.0129166758284043 0.6773045067746204 0.03913894324853229 0.07352941176470588
0 0.021343642120539127 0.6166169241573037 0.03913894324853229 0.07352941176470588
0 0.07050094549132564 0.6298098769001987 0.03913894324853229 0.07352941176470588
0 0.08595038369357286 0.5691222942828821 0.03913894324853229 0.07352941176470588
0 0.07752341740143803 0.6667501445803045 0.03913894324853229 0.07352941176470588
0 0.08735487807559535 0.6509186012888305 0.03913894324853229 0.07352941176470588
0 0.04381555223289868 0.7459078610376738 0.03913894324853229 0.07352941176470588
0 0.09999532751379758 0.735353498843358 0.03913894324853229 0.07352941176470588
0 0.10701779942390992 0.7221605461004631 0.03913894324853229 0.07352941176470588
0 0.03257959717671893 0.8488128924322541 0.03913894324853229 0.07352941176470588
0 0.021343642120539127 0.8197883963978854 0.03913894324853229 0.07352941176470588
0 0.059264990435145895 0.8197883963978854 0.03913894324853229 0.07352941176470588
0 0.07752341740143803 0.8065954436549906 0.03913894324853229 0.07352941176470588
0 0.12000937245761781 0.5717544303536023 0.03913894324853229 0.07352941176470588
0 0.14248128256997736 0.5453685248678124 0.03913894324853229 0.07352941176470588
0 0.16635768706435936 0.541410639044944 0.03913894324853229 0.07352941176470588
0 0.11368914773851667 0.536133457947786 0.03913894324853229 0.07352941176470588
0 0.15231274324413463 0.6601472137309983 0.03913894324853229 0.07352941176470588
0 0.15793072077222453 0.5902245641936552 0.03913894324853229 0.07352941176470588
0 0.1417790353789661 0.7115997294282883 0.03913894324853229 0.07352941176470588
0 0.051891394929527906 0.6772980522967615 0.03913894324853229 0.07352941176470588
0 0.06593633874975263 0.7524978829312625 0.03913894324853229 0.07352941176470588
0 0.020992518525033532 0.8923431820059485 0.03913894324853229 0.07352941176470588
0 0.05259364212053915 0.8804695245373432 0.03913894324853229 0.07352941176470588
0 0.09823970953626951 0.7881188553370788 0.03913894324853229 0.07352941176470588
0 0.1361610578508762 0.8738730481658957 0.03913894324853229 0.07352941176470588
0 0.16916667582840433 0.9160904969431595 0.03913894324853229 0.07352941176470588
0 0.147397012907056 0.9517114693489757 0.03913894324853229 0.07352941176470588
0 0.04346442863739308 0.9332413355089229 0.03913894324853229 0.07352941176470588
0 0.0912172376261571 0.9147712016688699 0.03913894324853229 0.07352941176470588
0 0.09683521515424702 0.9794166701090549 0.03913894324853229 0.07352941176470588
0 0.12141386683964024 0.9701816031890286 0.03913894324853229 0.07352941176470588
0 0.1986610578508762 0.8131854655485791 0.03913894324853229 0.07352941176470588
0 0.19585206908683128 0.748539997108394 0.03913894324853229 0.07352941176470588
0 0.21972847358121328 0.7894381506113683 0.03913894324853229 0.07352941176470588
0 0.23588015897447173 0.8461678474058164 0.03913894324853229 0.07352941176470588
0 0.19514982189582006 0.942476402428949 0.03913894324853229 0.07352941176470588
0 0.21340824886211218 0.8897045914573696 0.03913894324853229 0.07352941176470588
0 0.23166667582840433 0.9741394890118971 0.03913894324853229 0.07352941176470588
0 0.18180712526660656 0.2881188553370788 0.03913894324853229 0.07352941176470588
0 0.1417790353789661 0.04932641069068091 0.03913894324853229 0.07352941176470588
0 0.11088015897447175 0.03613345794778599 0.03913894324853229 0.07352941176470588
0 0.20498128256997736 0.02557909575347014 0.03913894324853229 0.07352941176470588
0 0.16776218144638183 0.03613345794778599 0.03913894324853229 0.07352941176470588
0 0.18531836122166273 0.04404922959352293 0.03913894324853229 0.07352941176470588
0 0.19585206908683128 0.054603591787838884 0.03913894324853229 0.07352941176470588
0 0.20498128256997736 0.04536852486781244 0.03913894324853229 0.07352941176470588
0 0.19936330504188746 0.08626667837078665 0.03913894324853229 0.07352941176470588
0 0.16003746234525826 0.09154385946794463 0.03913894324853229 0.07352941176470588
0 0.1495037544800897 0.1680629853767351 0.03913894324853229 0.07352941176470588
0 0.11930712526660657 0.08230879254791817 0.03913894324853229 0.07352941176470588
0 0.11228465335649418 0.06251936343357582 0.03913894324853229 0.07352941176470588
0 0.17408240616548298 0.23930493018836763 0.03913894324853229 0.07352941176470588
0 0.245711619648629 0.24853999710839403 0.03913894324853229 0.07352941176470588
0 0.221835215154247 0.22611197744547273 0.03913894324853229 0.07352941176470588
0 0.2527340915587414 0.21687691052544628 0.03913894324853229 0.07352941176470588
0 0.26537454099694363 0.22611197744547273 0.03913894324853229 0.07352941176470588
0 0.2639700466149212 0.27888378841705236 0.03913894324853229 0.07352941176470588
0 0.2611610578508762 0.3501257332286848 0.03913894324853229 0.07352941176470588
0 0.24220038369357283 0.41477120166886994 0.03913894324853229 0.07352941176470588
0 0.17970038369357283 0.14167707989094527 0.03913894324853229 0.07352941176470588
0 0.19514982189582006 0.13244201297091884 0.03913894324853229 0.07352941176470588
0 0.1537172376261571 0.06779654453073375 0.03913894324853229 0.07352941176470588
0 0.245711619648629 0.08230879254791817 0.03913894324853229 0.07352941176470588
0 0.233773417401438 0.09154385946794463 0.03913894324853229 0.07352941176470588
0 0.22113296796323578 0.113971879130866 0.03913894324853229 0.07352941176470588
0 0.14827482189582003 0.20797166742399226 0.03913894324853229 0.07352941176470588
0 0.14371021515424698 0.3029609271728356 0.03913894324853229 0.07352941176470588
0 0.1384433612216627 0.2515084114755455 0.03913894324853229 0.07352941176470588
0 0.1465192039182919 0.23765581109550582 0.03913894324853229 0.07352941176470588
0 0.22165965335649418 0.32934683265862547 0.03913894324853229 0.07352941176470588
0 0.2996090915587414 0.36628710033873124 0.03913894324853229 0.07352941176470588
0 0.20024111403065148 0.2679996024041641 0.03913894324853229 0.07352941176470588
0 0.1907607769519998 0.31747317519002005 0.03913894324853229 0.07352941176470588
0 0.053647012907055994 0.9754652387640455 0.03913894324853229 0.07352941176470588
0 0.17443352976098864 0.6166169241573037 0.03913894324853229 0.07352941176470588
0 0.1898829679632358 0.6667501445803045 0.03913894324853229 0.07352941176470588
0 0.17443352976098864 0.6667501445803045 0.03913894324853229 0.07352941176470588
0 0.15757959717671893 0.7247991366490422 0.03913894324853229 0.07352941176470588
0 0.11965824886211221 0.6773045067746204 0.03913894324853229 0.07352941176470588
0 0.1589840915587414 0.5612065226371452 0.03913894324853229 0.07352941176470588
0 0.14072566459244928 0.582315247025777 0.03913894324853229 0.07352941176470588
0 0.2685346533564942 0.09681458608724428 0.03913894324853229 0.07352941176470588
0 0.2910065634688538 0.0809830427957704 0.03913894324853229 0.07352941176470588
0 0.2460627432441347 0.04931995621282263 0.03913894324853229 0.07352941176470588
0 0.2572986983003144 0.03612700346992755 0.03913894324853229 0.07352941176470588
0 0.26713015897447173 0.03348841292134854 0.03913894324853229 0.07352941176470588
0 0.26291667582840433 0.0809830427957704 0.03913894324853229 0.07352941176470588
0 0.2572986983003144 0.18388807419035072 0.03913894324853229 0.07352941176470588
0 0.2446582488621122 0.1786108930931927 0.03913894324853229 0.07352941176470588
0 0.1870739791991908 0.1812494836417717 0.03913894324853229 0.07352941176470588
0 0.24184926009806723 0.123200491573034 0.03913894324853229 0.07352941176470588
0 0.2727481365025617 0.13375485376735008 0.03913894324853229 0.07352941176470588
0 0.2601076870643594 0.15222498760740286 0.03913894324853229 0.07352941176470588
0 0.24887173200817958 0.1443092159616659 0.03913894324853229 0.07352941176470588
0 0.22499532751379758 0.17069512144745574 0.03913894324853229 0.07352941176470588
0 0.22639982189582009 0.05459713730998045 0.03913894324853229 0.07352941176470588
0 0.1926919567272808 0.24193706625908823 0.03913894324853229 0.07352941176470588
0 0.3176919567272808 0.1997196174818246 0.03913894324853229 0.07352941176470588
0 0.24184926009806723 0.37650518423661644 0.03913894324853229 0.07352941176470588
0 0.25589420391829204 0.3158176016192998 0.03913894324853229 0.07352941176470588
0 0.2713436421205392 0.3158176016192998 0.03913894324853229 0.07352941176470588
0 0.21797285560368526 0.3896981369795113 0.03913894324853229 0.07352941176470588
0 0.2011189230194156 0.3923367275280903 0.03913894324853229 0.07352941176470588
0 0.19550094549132566 0.4635786723397228 0.03913894324853229 0.07352941176470588
0 0.17162454099694366 0.5005189400198286 0.03913894324853229 0.07352941176470588
0 0.13229869830031446 0.5137118927627234 0.03913894324853229 0.07352941176470588
0 0.11404027133402231 0.4714944439854597 0.03913894324853229 0.07352941176470588
0 0.25589420391829204 0.5189890738598815 0.03913894324853229 0.07352941176470588
0 0.2727481365025617 0.4767716250826177 0.03913894324853229 0.07352941176470588
0 0.2474672376261572 0.45830149124256486 0.03913894324853229 0.07352941176470588
0 0.2460627432441347 0.6113397430601458 0.03913894324853229 0.07352941176470588
0 0.21797285560368526 0.6192555147058828 0.03913894324853229 0.07352941176470588
0 0.20673690054750546 0.6430028296430936 0.03913894324853229 0.07352941176470588
0 0.24887173200817958 0.6773045067746204 0.03913894324853229 0.07352941176470588
0 0.2685346533564942 0.5928696092200929 0.03913894324853229 0.07352941176470588
0 0.28819757470480883 0.582315247025777 0.03913894324853229 0.07352941176470588
0 0.31207397919919083 0.5928696092200929 0.03913894324853229 0.07352941176470588
0 0.21516386683964028 0.6984132311632522 0.03913894324853229 0.07352941176470588
0 0.27696161964862903 0.6957746406146732 0.03913894324853229 0.07352941176470588
0 0.25308521515424703 0.740630679940516 0.03913894324853229 0.07352941176470588
0 0.24887173200817958 0.7775709476206218 0.03913894324853229 0.07352941176470588
0 0.27696161964862903 0.867283026272307 0.03913894324853229 0.07352941176470588
0 0.26572566459244934 0.8197883963978854 0.03913894324853229 0.07352941176470588
0 0.1435346533564942 0.7775709476206218 0.03913894324853229 0.07352941176470588
0 0.2938155522328987 0.7459078610376738 0.03913894324853229 0.07352941176470588
0 0.2685346533564942 0.7327149082947789 0.03913894324853229 0.07352941176470588
0 0.2924110578508763 0.8065954436549906 0.03913894324853229 0.07352941176470588
0 0.3022425185250335 0.872560207369465 0.03913894324853229 0.07352941176470588
0 0.2685346533564942 0.9042232939524129 0.03913894324853229 0.07352941176470588
0 0.29802903537896613 0.9358863805353606 0.03913894324853229 0.07352941176470588
0 0.24184926009806723 0.8857531601123599 0.03913894324853229 0.07352941176470588
0 0.1884784735812133 0.9833810104097822 0.03913894324853229 0.07352941176470588
0 0.23061330504188743 0.5506521604428292 0.03913894324853229 0.07352941176470588
0 0.2727481365025617 0.42663840465961705 0.03913894324853229 0.07352941176470588
0 0.2910065634688538 0.32373337326503676 0.03913894324853229 0.07352941176470588
0 0.2025234174014381 0.15222498760740286 0.03913894324853229 0.07352941176470588
0 0.2938155522328987 0.123200491573034 0.03913894324853229 0.07352941176470588
0 0.282579597176719 0.11792331047587608 0.03913894324853229 0.07352941176470588
0 0.28538858594076383 0.10473035773298112 0.03913894324853229 0.07352941176470588
0 0.33595038369357294 0.08889881444150723 0.03913894324853229 0.07352941176470588
0 0.2615121814463819 0.015018279081295853 0.03913894324853229 0.07352941176470588
0 0.23061330504188743 0.02293405072703269 0.03913894324853229 0.07352941176470588
0 0.27836611403065153 0.041404184567085583 0.03913894324853229 0.07352941176470588
0 0.32050094549132563 0.0440427751156646 0.03913894324853229 0.07352941176470588
0 0.29662454099694363 0.0440427751156646 0.03913894324853229 0.07352941176470588
0 0.2699391477385167 0.3896981369795113 0.03913894324853229 0.07352941176470588
0 0.3401638668396403 0.19708102693324558 0.03913894324853229 0.07352941176470588
0 0.3373548780755954 0.24985283790482526 0.03913894324853229 0.07352941176470588
0 0.31066948481716844 0.281515924487773 0.03913894324853229 0.07352941176470588
0 0.32330993425537063 0.292070286682089 0.03913894324853229 0.07352941176470588
0 0.32190543987334813 0.2366598851619303 0.03913894324853229 0.07352941176470588
0 0.28960206908683134 0.20763538912756144 0.03913894324853229 0.07352941176470588
0 0.28679308032278633 0.2551300190019832 0.03913894324853229 0.07352941176470588
0 0.32471442863739314 0.1601407592531398 0.03913894324853229 0.07352941176470588
0 0.31066948481716844 0.12847767267019203 0.03913894324853229 0.07352941176470588
0 0.29943352976098864 0.10473035773298112 0.03913894324853229 0.07352941176470588
0 0.31347847358121333 0.1601407592531398 0.03913894324853229 0.07352941176470588
0 0.2938155522328987 0.18916525528750855 0.03913894324853229 0.07352941176470588
0 0.3050515072890785 0.18388807419035072 0.03913894324853229 0.07352941176470588
0 0.27836611403065153 0.15222498760740286 0.03913894324853229 0.07352941176470588
0 0.2938155522328987 0.16541794035029783 0.03913894324853229 0.07352941176470588
0 0.3499953275137976 0.11792331047587608 0.03913894324853229 0.07352941176470588
0 0.3289279117834605 0.123200491573034 0.03913894324853229 0.07352941176470588
0 0.32050094549132563 0.09681458608724428 0.03913894324853229 0.07352941176470588
0 0.35561330504188754 0.07042868060145444 0.03913894324853229 0.07352941176470588
0 0.31066948481716844 0.07834445224719137 0.03913894324853229 0.07352941176470588
0 0.16741105785087623 0.12583908212161302 0.03913894324853229 0.07352941176470588
0 0.15196161964862903 0.10736894828156013 0.03913894324853229 0.07352941176470588
0 0.14634364212053919 0.12583908212161302 0.03913894324853229 0.07352941176470588
0 0.13932117021042678 0.09681458608724428 0.03913894324853229 0.07352941176470588
0 0.08173690054750544 0.07834445224719137 0.03913894324853229 0.07352941176470588
0 0.059264990435145895 0.17333371199603467 0.03913894324853229 0.07352941176470588
0 0.05224251852503356 0.1997196174818246 0.03913894324853229 0.07352941176470588
0 0.08735487807559535 0.1812494836417717 0.03913894324853229 0.07352941176470588
0 0.12668072077222456 0.18916525528750855 0.03913894324853229 0.07352941176470588
0 0.13370319268233688 0.20763538912756144 0.03913894324853229 0.07352941176470588
0 0.11544476571604474 0.10473035773298112 0.03913894324853229 0.07352941176470588
0 0.12527622639020206 0.11792331047587608 0.03913894324853229 0.07352941176470588
0 0.10561330504188748 0.08889881444150723 0.03913894324853229 0.07352941176470588
0 0.16881555223289874 0.07306727115003335 0.03913894324853229 0.07352941176470588
0 0.18145600167110096 0.09945317663582329 0.03913894324853229 0.07352941176470588
0 0.19128746234525829 0.10473035773298112 0.03913894324853229 0.07352941176470588
0 0.18286049605312346 0.20763538912756144 0.03913894324853229 0.07352941176470588
0 0.16881555223289874 0.20763538912756144 0.03913894324853229 0.07352941176470588
0 0.16319757470480883 0.22610552296761433 0.03913894324853229 0.07352941176470588
0 0.13370319268233688 0.26832297174487807 0.03913894324853229 0.07352941176470588
0 0.15617510279469643 0.24721424735624625 0.03913894324853229 0.07352941176470588
0 0.17302903537896613 0.26304579064772016 0.03913894324853229 0.07352941176470588
0 0.14634364212053919 0.26568438119629917 0.03913894324853229 0.07352941176470588
0 0.12527622639020206 0.292070286682089 0.03913894324853229 0.07352941176470588
0 0.11965824886211221 0.2551300190019832 0.03913894324853229 0.07352941176470588
0 0.2109503836935729 0.2551300190019832 0.03913894324853229 0.07352941176470588
0 0.20392791178346048 0.22874411351619336 0.03913894324853229 0.07352941176470588
0 0.19830993425537063 0.16277934980171882 0.03913894324853229 0.07352941176470588
0 0.1870739791991908 0.15486357815598187 0.03913894324853229 0.07352941176470588
0 0.24325375448008973 0.3158176016192998 0.03913894324853229 0.07352941176470588
0 0.23201779942390993 0.3422035071050896 0.03913894324853229 0.07352941176470588
0 0.14634364212053919 0.42136122356245903 0.03913894324853229 0.07352941176470588
0 0.23201779942390993 0.4767716250826177 0.03913894324853229 0.07352941176470588
0 0.35420881065986504 0.1443092159616659 0.03913894324853229 0.07352941176470588
0 0.34437734998570774 0.05459713730998045 0.03913894324853229 0.07352941176470588
0 0.3598267881879549 0.04931995621282263 0.03913894324853229 0.07352941176470588
0 0.33454588931155044 0.03348841292134854 0.03913894324853229 0.07352941176470588
0 0.31066948481716844 0.02293405072703269 0.03913894324853229 0.07352941176470588
0 0.282579597176719 0.02293405072703269 0.03913894324853229 0.07352941176470588
0 0.33173690054750543 0.3580350503965635 0.03913894324853229 0.07352941176470588
0 0.3724672376261572 0.429276995208196 0.03913894324853229 0.07352941176470588
0 0.31066948481716844 0.44510853849966986 0.03913894324853229 0.07352941176470588
0 0.30786049605312343 0.4952417589226705 0.03913894324853229 0.07352941176470588
0 0.28819757470480883 0.5084347116655655 0.03913894324853229 0.07352941176470588
0 0.34437734998570774 0.5031575305684076 0.03913894324853229 0.07352941176470588
0 0.3275234174014381 0.5137118927627234 0.03913894324853229 0.07352941176470588
0 0.3261189230194156 0.57439947538004 0.03913894324853229 0.07352941176470588
0 0.3022425185250335 0.5189890738598815 0.03913894324853229 0.07352941176470588
0 0.3612312825699774 0.4108068613681431 0.03913894324853229 0.07352941176470588
0 0.3528043162778426 0.37914377478519534 0.03913894324853229 0.07352941176470588
0 0.32190543987334813 0.3896981369795113 0.03913894324853229 0.07352941176470588
0 0.30926499043514594 0.4134454519167221 0.03913894324853229 0.07352941176470588
0 0.28960206908683134 0.4081682708195642 0.03913894324853229 0.07352941176470588
0 0.2910065634688538 0.3474806882022476 0.03913894324853229 0.07352941176470588
0 0.3190964511093033 0.6377256485459357 0.03913894324853229 0.07352941176470588
0 0.3176919567272808 0.7089675933575682 0.03913894324853229 0.07352941176470588
0 0.3162874623452583 0.7459078610376738 0.03913894324853229 0.07352941176470588
0 0.29802903537896613 0.6588343729345675 0.03913894324853229 0.07352941176470588
0 0.34297285560368523 0.711606183906147 0.03913894324853229 0.07352941176470588
0 0.34297285560368523 0.6403642390945146 0.03913894324853229 0.07352941176470588
0 0.33454588931155044 0.7960410814606744 0.03913894324853229 0.07352941176470588
0 0.3724672376261572 0.7247991366490422 0.03913894324853229 0.07352941176470588
0 0.34578184436773024 0.8514514829808332 0.03913894324853229 0.07352941176470588
0 0.38932117021042684 0.9226934277924658 0.03913894324853229 0.07352941176470588
0 0.37668072077222453 0.8514514829808332 0.03913894324853229 0.07352941176470588
0 0.3626357769519999 0.9174162466953077 0.03913894324853229 0.07352941176470588
0 0.40196161964862903 0.9754652387640455 0.03913894324853229 0.07352941176470588
0 0.4300515072890785 0.888391750660939 0.03913894324853229 0.07352941176470588
0 0.455332406165483 0.7960410814606744 0.03913894324853229 0.07352941176470588
0 0.37948970953626954 0.8013182625578326 0.03913894324853229 0.07352941176470588
0 0.3865121814463819 0.7696551759748848 0.03913894324853229 0.07352941176470588
0 0.43566948481716844 0.8514514829808332 0.03913894324853229 0.07352941176470588
0 0.34297285560368523 0.9754652387640455 0.03913894324853229 0.07352941176470588
0 0.35561330504188754 0.2551300190019832 0.03913894324853229 0.07352941176470588
0 0.36544476571604473 0.2155511607732985 0.03913894324853229 0.07352941176470588
0 0.33314139492952793 0.31845619216787874 0.03913894324853229 0.07352941176470588
0 0.33595038369357294 0.2973474677792469 0.03913894324853229 0.07352941176470588
0 0.36544476571604473 0.3474806882022476 0.03913894324853229 0.07352941176470588
0 0.3528043162778426 0.3290105543621947 0.03913894324853229 0.07352941176470588
0 0.35842229380593243 0.278877333939194 0.03913894324853229 0.07352941176470588
0 0.35842229380593243 0.31054042052214176 0.03913894324853229 0.07352941176470588
0 0.3724672376261572 0.292070286682089 0.03913894324853229 0.07352941176470588
0 0.39072566459244934 0.13375485376735008 0.03913894324853229 0.07352941176470588
0 0.3724672376261572 0.12583908212161302 0.03913894324853229 0.07352941176470588
0 0.3612312825699774 0.11528471992729716 0.03913894324853229 0.07352941176470588
0 0.3710627432441347 0.09153740499008624 0.03913894324853229 0.07352941176470588
0 0.3640402713340224 0.08626022389292831 0.03913894324853229 0.07352941176470588
0 0.35561330504188754 0.09681458608724428 0.03913894324853229 0.07352941176470588
0 0.38932117021042684 0.09153740499008624 0.03913894324853229 0.07352941176470588
0 0.37668072077222453 0.10736894828156013 0.03913894324853229 0.07352941176470588
0 0.40055712526660664 0.08889881444150723 0.03913894324853229 0.07352941176470588
0 0.3724672376261572 0.07834445224719137 0.03913894324853229 0.07352941176470588
0 0.3724672376261572 0.02293405072703269 0.03913894324853229 0.07352941176470588
0 0.36544476571604473 0.030849822372769734 0.03913894324853229 0.07352941176470588
0 0.3528043162778426 0.012379688532716837 0.03913894324853229 0.07352941176470588
0 0.3401638668396403 0.017656869629874866 0.03913894324853229 0.07352941176470588
0 0.34718633874975263 0.03348841292134854 0.03913894324853229 0.07352941176470588
0 0.43707397919919083 0.09945317663582329 0.03913894324853229 0.07352941176470588
0 0.36544476571604473 0.16277934980171882 0.03913894324853229 0.07352941176470588
0 0.42443352976098864 0.123200491573034 0.03913894324853229 0.07352941176470588
0 0.41319757470480883 0.11792331047587608 0.03913894324853229 0.07352941176470588
0 0.407579597176719 0.07306727115003335 0.03913894324853229 0.07352941176470588
0 0.4174110578508763 0.07834445224719137 0.03913894324853229 0.07352941176470588
0 0.41460206908683134 0.1443092159616659 0.03913894324853229 0.07352941176470588
0 0.38791667582840433 0.1601407592531398 0.03913894324853229 0.07352941176470588
0 0.40336611403065153 0.015018279081295853 0.03913894324853229 0.07352941176470588
0 0.41179308032278633 0.015018279081295853 0.03913894324853229 0.07352941176470588
0 0.4202200466149212 0.017656869629874866 0.03913894324853229 0.07352941176470588
0 0.3963436421205392 0.041404184567085583 0.03913894324853229 0.07352941176470588
0 0.36965824886211224 0.4662172628883018 0.03913894324853229 0.07352941176470588
0 0.34437734998570774 0.431915585756775 0.03913894324853229 0.07352941176470588
0 0.40055712526660664 0.4873259872769336 0.03913894324853229 0.07352941176470588
0 0.3977481365025617 0.57439947538004 0.03913894324853229 0.07352941176470588
0 0.39072566459244934 0.6878588689689363 0.03913894324853229 0.07352941176470588
0 0.36965824886211224 0.6430028296430936 0.03913894324853229 0.07352941176470588
0 0.3837031926823369 0.6218941052544616 0.03913894324853229 0.07352941176470588
0 0.40055712526660664 0.6298098769001987 0.03913894324853229 0.07352941176470588
0 0.37808521515424703 0.595508199768672 0.03913894324853229 0.07352941176470588
0 0.41460206908683134 0.7221605461004631 0.03913894324853229 0.07352941176470588
0 0.42443352976098864 0.7643779948777267 0.03913894324853229 0.07352941176470588
0 0.42583802414301114 0.6957746406146732 0.03913894324853229 0.07352941176470588
0 0.43847847358121333 0.740630679940516 0.03913894324853229 0.07352941176470588
0 0.4665683612216628 0.9015847034038338 0.03913894324853229 0.07352941176470588
0 0.40336611403065153 0.8092340342035695 0.03913894324853229 0.07352941176470588
0 0.43847847358121333 0.13375485376735008 0.03913894324853229 0.07352941176470588
0 0.428647012907056 0.22610552296761433 0.03913894324853229 0.07352941176470588
0 0.4300515072890785 0.19708102693324558 0.03913894324853229 0.07352941176470588
0 0.44971442863739314 0.18388807419035072 0.03913894324853229 0.07352941176470588
0 0.4272425185250336 0.1786108930931927 0.03913894324853229 0.07352941176470588
0 0.3837031926823369 0.18916525528750855 0.03913894324853229 0.07352941176470588
0 0.40196161964862903 0.38442095588235337 0.03913894324853229 0.07352941176470588
0 0.3851076870643594 0.3395649165565106 0.03913894324853229 0.07352941176470588
0 0.36825375448008973 0.36595082204230045 0.03913894324853229 0.07352941176470588
0 0.3977481365025617 0.20763538912756144 0.03913894324853229 0.07352941176470588
0 0.43707397919919083 0.31845619216787874 0.03913894324853229 0.07352941176470588
0 0.4300515072890785 0.31054042052214176 0.03913894324853229 0.07352941176470588
0 0.4202200466149212 0.31054042052214176 0.03913894324853229 0.07352941176470588
0 0.4174110578508763 0.28679310558493093 0.03913894324853229 0.07352941176470588
0 0.407579597176719 0.26568438119629917 0.03913894324853229 0.07352941176470588
0 0.3837031926823369 0.2736001528420361 0.03913894324853229 0.07352941176470588
0 0.40055712526660664 0.2736001528420361 0.03913894324853229 0.07352941176470588
0 0.42162454099694363 0.20235820803040352 0.03913894324853229 0.07352941176470588
0 0.41460206908683134 0.20763538912756144 0.03913894324853229 0.07352941176470588
0 0.41460206908683134 0.1812494836417717 0.03913894324853229 0.07352941176470588
0 0.34437734998570774 0.1416706254130869 0.03913894324853229 0.07352941176470588
0 0.3724672376261572 0.1812494836417717 0.03913894324853229 0.07352941176470588
0 0.3822986983003145 0.24193706625908823 0.03913894324853229 0.07352941176470588
0 0.38089420391829204 0.2155511607732985 0.03913894324853229 0.07352941176470588
0 0.4061751027946965 0.2155511607732985 0.03913894324853229 0.07352941176470588
0 0.4174110578508763 0.4767716250826177 0.03913894324853229 0.07352941176470588
0 0.4174110578508763 0.5216276644084603 0.03913894324853229 0.07352941176470588
0 0.3949391477385167 0.45830149124256486 0.03913894324853229 0.07352941176470588
0 0.43707397919919083 0.42663840465961705 0.03913894324853229 0.07352941176470588
0 0.42302903537896613 0.4081682708195642 0.03913894324853229 0.07352941176470588
0 0.4089840915587415 0.4503857195968279 0.03913894324853229 0.07352941176470588
0 0.3724672376261572 0.3923367275280903 0.03913894324853229 0.07352941176470588
0 0.428647012907056 0.3553964598479845 0.03913894324853229 0.07352941176470588
0 0.43286049605312343 0.5242662549570394 0.03913894324853229 0.07352941176470588
0 0.38089420391829204 0.4767716250826177 0.03913894324853229 0.07352941176470588
0 0.37808521515424703 0.5400977982485132 0.03913894324853229 0.07352941176470588
0 0.3528043162778426 0.44774712904824887 0.03913894324853229 0.07352941176470588
0 0.330332406165483 0.42136122356245903 0.03913894324853229 0.07352941176470588
0 0.31207397919919083 0.31054042052214176 0.03913894324853229 0.07352941176470588
0 0.18005150728907848 0.7300763177462 0.03913894324853229 0.07352941176470588
0 0.20533240616548296 0.5137118927627234 0.03913894324853229 0.07352941176470588
0 0.1884784735812133 0.8567286640779912 0.03913894324853229 0.07352941176470588
0 0.1646020690868313 0.872560207369465 0.03913894324853229 0.07352941176470588
0 0.43286049605312343 0.9464407427296767 0.03913894324853229 0.07352941176470588
0 0.44830993425537063 0.5928696092200929 0.03913894324853229 0.07352941176470588
0 0.4511189230194156 0.6614729634831464 0.03913894324853229 0.07352941176470588
0 0.46937734998570774 0.6377256485459357 0.03913894324853229 0.07352941176470588
0 0.4637593724576178 0.7221605461004631 0.03913894324853229 0.07352941176470588
0 0.4623548780755954 0.7696551759748848 0.03913894324853229 0.07352941176470588
0 0.4665683612216628 0.9464407427296767 0.03913894324853229 0.07352941176470588
0 0.4525234174014381 0.5189890738598815 0.03913894324853229 0.07352941176470588
0 0.4426919567272808 0.38442095588235337 0.03913894324853229 0.07352941176470588
0 0.431456001671101 0.030849822372769734 0.03913894324853229 0.07352941176470588
0 0.431456001671101 0.07042868060145444 0.03913894324853229 0.07352941176470588
0 0.4735908331317751 0.10736894828156013 0.03913894324853229 0.07352941176470588
0 0.43707397919919083 0.292070286682089 0.03913894324853229 0.07352941176470588
0 0.40196161964862903 0.31054042052214176 0.03913894324853229 0.07352941176470588
0 0.43847847358121333 0.26304579064772016 0.03913894324853229 0.07352941176470588
0 0.4061751027946965 0.24457565680766724 0.03913894324853229 0.07352941176470588
0 0.45673690054750543 0.10473035773298112 0.03913894324853229 0.07352941176470588
0 0.4511189230194156 0.04931995621282263 0.03913894324853229 0.07352941176470588
0 0.44550094549132574 0.030849822372769734 0.03913894324853229 0.07352941176470588
0 0.43847847358121333 0.012379688532716837 0.03913894324853229 0.07352941176470588
0 0.46797285560368523 0.1416706254130869 0.03913894324853229 0.07352941176470588
0 0.455332406165483 0.12583908212161302 0.03913894324853229 0.07352941176470588
0 0.48201779942390993 0.14694780651024494 0.03913894324853229 0.07352941176470588
0 0.4637593724576178 0.19180384583608756 0.03913894324853229 0.07352941176470588
0 0.4665683612216628 0.2155511607732985 0.03913894324853229 0.07352941176470588
0 0.46937734998570774 0.23138270406477238 0.03913894324853229 0.07352941176470588
0 0.45954588931155044 0.2366598851619303 0.03913894324853229 0.07352941176470588
0 0.44830993425537063 0.2181897513218774 0.03913894324853229 0.07352941176470588
0 0.4539279117834606 0.20763538912756144 0.03913894324853229 0.07352941176470588
0 0.48447566459244934 0.2115997294282883 0.03913894324853229 0.07352941176470588
0 0.46691948481716844 0.16278580427957715 0.03913894324853229 0.07352941176470588
0 0.40441948481716844 0.1680629853767351 0.03913894324853229 0.07352941176470588
0 0.5202902713340224 0.13244201297091884 0.03913894324853229 0.07352941176470588
0 0.5048408331317752 0.0968210405651026 0.03913894324853229 0.07352941176470588
0 0.5216947657160449 0.0955017452908131 0.03913894324853229 0.07352941176470588
0 0.4872846533564943 0.10209822166226053 0.03913894324853229 0.07352941176470588
0 0.5392509454913258 0.12320694605089239 0.03913894324853229 0.07352941176470588
0 0.5322284735812133 0.10869469803370801 0.03913894324853229 0.07352941176470588
0 0.4999251027946965 0.25513647347984153 0.03913894324853229 0.07352941176470588
0 0.46832397919919094 0.29075744588565783 0.03913894324853229 0.07352941176470588
0 0.5069475747048088 0.20764184360541982 0.03913894324853229 0.07352941176470588
0 0.5153745409969437 0.27624519786847335 0.03913894324853229 0.07352941176470588
0 0.4598970129070561 0.3659572765201588 0.03913894324853229 0.07352941176470588
0 0.47675094549132574 0.334294189937211 0.03913894324853229 0.07352941176470588
0 0.44585206908683134 0.326378418291474 0.03913894324853229 0.07352941176470588
0 0.5202902713340224 0.24590140655981507 0.03913894324853229 0.07352941176470588
0 0.5055430803227864 0.22743127271976218 0.03913894324853229 0.07352941176470588
0 0.4886891477385167 0.36199939069729026 0.03913894324853229 0.07352941176470588
0 0.4584925185250336 0.4081747252974225 0.03913894324853229 0.07352941176470588
0 0.4725374623452583 0.4635851268175811 0.03913894324853229 0.07352941176470588
0 0.47464420391829204 0.4411571071546598 0.03913894324853229 0.07352941176470588
0 0.48939139492952793 0.39498177255452754 0.03913894324853229 0.07352941176470588
0 0.48798690054750543 0.4240062685888964 0.03913894324853229 0.07352941176470588
0 0.5062453275137976 0.39234318200594853 0.03913894324853229 0.07352941176470588
0 0.5146722938059324 0.41477120166886994 0.03913894324853229 0.07352941176470588
0 0.5034363387497527 0.32110123719431605 0.03913894324853229 0.07352941176470588
0 0.5216947657160449 0.334294189937211 0.03913894324853229 0.07352941176470588
0 0.5315262263902022 0.3026311033542632 0.03913894324853229 0.07352941176470588
0 0.45568352976098864 0.33957137103436896 0.03913894324853229 0.07352941176470588
0 0.48798690054750543 0.2933960364342368 0.03913894324853229 0.07352941176470588
0 0.49430712526660664 0.11001399330799752 0.03913894324853229 0.07352941176470588
0 0.4886891477385167 0.1311227176966294 0.03913894324853229 0.07352941176470588
0 0.5504869005475056 0.10077892638797108 0.03913894324853229 0.07352941176470588
0 0.5238015072890785 0.183894528668209 0.03913894324853229 0.07352941176470588
0 0.5385486983003145 0.1535507373595507 0.03913894324853229 0.07352941176470588
0 0.5582116196486291 0.15882791845670868 0.03913894324853229 0.07352941176470588
0 0.49079588931155044 0.1707015759253141 0.03913894324853229 0.07352941176470588
0 0.539953192682337 0.20236466250826185 0.03913894324853229 0.07352941176470588
0 0.4662172376261572 0.32505912301718454 0.03913894324853229 0.07352941176470588
0 0.5076498218958201 0.4424764024289492 0.03913894324853229 0.07352941176470588
0 0.5062453275137976 0.4899710323033709 0.03913894324853229 0.07352941176470588
0 0.5504869005475056 0.2894381506113683 0.03913894324853229 0.07352941176470588
0 0.5385486983003145 0.26305224512557845 0.03913894324853229 0.07352941176470588
0 0.5483801589744718 0.24853999710839403 0.03913894324853229 0.07352941176470588
0 0.5174812825699774 0.3738730481658957 0.03913894324853229 0.07352941176470588
0 0.5062453275137976 0.35672220960013235 0.03913894324853229 0.07352941176470588
0 0.49290263088458414 0.334294189937211 0.03913894324853229 0.07352941176470588
0 0.4613015072890785 0.2577750640284205 0.03913894324853229 0.07352941176470588
0 0.49711611403065153 0.20764184360541982 0.03913894324853229 0.07352941176470588
0 0.47955993425537063 0.06383865870786533 0.03913894324853229 0.07352941176470588
0 0.5055430803227864 0.12320694605089239 0.03913894324853229 0.07352941176470588
0 0.5090543162778426 0.1680629853767351 0.03913894324853229 0.07352941176470588
0 0.51326779942391 0.15882791845670868 0.03913894324853229 0.07352941176470588
0 0.51326779942391 0.18917170976536699 0.03913894324853229 0.07352941176470588
0 0.47955993425537063 0.18125593811962998 0.03913894324853229 0.07352941176470588
0 0.39318352976098864 0.3989396583773961 0.03913894324853229 0.07352941176470588
0 0.39458802414301114 0.3804695245373432 0.03913894324853229 0.07352941176470588
0 0.4086329679632358 0.33825207576007943 0.03913894324853229 0.07352941176470588
0 0.48798690054750543 0.24326281601123612 0.03913894324853229 0.07352941176470588
0 0.5427621814463819 0.3356134852115004 0.03913894324853229 0.07352941176470588
0 0.5216947657160449 0.47413948901189706 0.03913894324853229 0.07352941176470588
0 0.5329307207722246 0.401578248925975 0.03913894324853229 0.07352941176470588
0 0.5469756645924493 0.3857467056345011 0.03913894324853229 0.07352941176470588
0 0.5462734174014381 0.3554029143258428 0.03913894324853229 0.07352941176470588
0 0.5483801589744718 0.43587992605750175 0.03913894324853229 0.07352941176470588
0 0.5469756645924493 0.41740979221744884 0.03913894324853229 0.07352941176470588
0 0.5673408331317752 0.4635851268175811 0.03913894324853229 0.07352941176470588
0 0.5525936421205392 0.4846938512062129 0.03913894324853229 0.07352941176470588
0 0.5624251027946965 0.37651163871447463 0.03913894324853229 0.07352941176470588
0 0.57576779942391 0.4055361347488435 0.03913894324853229 0.07352941176470588
0 0.5701498218958201 0.3026311033542632 0.03913894324853229 0.07352941176470588
0 0.5687453275137977 0.334294189937211 0.03913894324853229 0.07352941176470588
0 0.5603183612216629 0.2115997294282883 0.03913894324853229 0.07352941176470588
0 0.5743633050418876 0.1654243948281561 0.03913894324853229 0.07352941176470588
0 0.578576788187955 0.23270845381692015 0.03913894324853229 0.07352941176470588
0 0.5982397095362695 0.24853999710839403 0.03913894324853229 0.07352941176470588
0 0.5820880241430111 0.3131854655485791 0.03913894324853229 0.07352941176470588
0 0.5989419567272808 0.31978194192002657 0.03913894324853229 0.07352941176470588
0 0.5940262263902022 0.3026311033542632 0.03913894324853229 0.07352941176470588
0 0.6087734174014381 0.2524978829312625 0.03913894324853229 0.07352941176470588
0 0.5884082488621122 0.1970874814111039 0.03913894324853229 0.07352941176470588
0 0.5771722938059325 0.36727657179444817 0.03913894324853229 0.07352941176470588
0 0.6045599342553707 0.404216839474554 0.03913894324853229 0.07352941176470588
0 0.6115824061654831 0.46094653626900206 0.03913894324853229 0.07352941176470588
0 0.5884082488621122 0.36199939069729026 0.03913894324853229 0.07352941176470588
0 0.5870037544800898 0.4319220402346333 0.03913894324853229 0.07352941176470588
0 0.590514990435146 0.3831081150859222 0.03913894324853229 0.07352941176470588
0 0.5504869005475056 0.17861734757105102 0.03913894324853229 0.07352941176470588
0 0.5764700466149213 0.13376130824520835 0.03913894324853229 0.07352941176470588
0 0.566638585940764 0.06779654453073375 0.03913894324853229 0.07352941176470588
0 0.6140402713340224 0.2973474677792469 0.03913894324853229 0.07352941176470588
0 0.5985908331317751 0.2736001528420361 0.03913894324853229 0.07352941176470588
0 0.5775234174014381 0.21027397967614045 0.03913894324853229 0.07352941176470588
0 0.5999953275137976 0.2181897513218774 0.03913894324853229 0.07352941176470588
0 0.5817369005475055 0.26832297174487807 0.03913894324853229 0.07352941176470588
0 0.5761189230194156 0.025572641275611704 0.03913894324853229 0.07352941176470588
0 0.559264990435146 0.03348841292134854 0.03913894324853229 0.07352941176470588
0 0.5367930803227864 0.041404184567085583 0.03913894324853229 0.07352941176470588
0 0.5522425185250336 0.0440427751156646 0.03913894324853229 0.07352941176470588
0 0.5466245409969437 0.04931995621282263 0.03913894324853229 0.07352941176470588
0 0.4988717320081797 0.03612700346992755 0.03913894324853229 0.07352941176470588
0 0.4960627432441347 0.012379688532716837 0.03913894324853229 0.07352941176470588
0 0.5761189230194156 0.10473035773298112 0.03913894324853229 0.07352941176470588
0 0.45954588931155044 0.4952417589226705 0.03913894324853229 0.07352941176470588
0 0.46937734998570774 0.5031575305684076 0.03913894324853229 0.07352941176470588
0 0.48061330504188754 0.5374592076999343 0.03913894324853229 0.07352941176470588
0 0.4988717320081797 0.5427363887970923 0.03913894324853229 0.07352941176470588
0 0.529770608412674 0.5559293415399873 0.03913894324853229 0.07352941176470588
0 0.5438155522328988 0.5189890738598815 0.03913894324853229 0.07352941176470588
0 0.5424110578508763 0.017656869629874866 0.03913894324853229 0.07352941176470588
0 0.48061330504188754 0.03876559401850657 0.03913894324853229 0.07352941176470588
0 0.5101076870643594 0.6667501445803045 0.03913894324853229 0.07352941176470588
0 0.5002762263902021 0.584953837574356 0.03913894324853229 0.07352941176470588
0 0.4848267881879549 0.7221605461004631 0.03913894324853229 0.07352941176470588
0 0.4778043162778426 0.7722937665234637 0.03913894324853229 0.07352941176470588
0 0.5030852151542471 0.7775709476206218 0.03913894324853229 0.07352941176470588
0 0.5002762263902021 0.888391750660939 0.03913894324853229 0.07352941176470588
0 0.5087031926823369 0.9121390655981498 0.03913894324853229 0.07352941176470588
0 0.4763998218958201 0.9754652387640455 0.03913894324853229 0.07352941176470588
0 0.532579597176719 0.8197883963978854 0.03913894324853229 0.07352941176470588
0 0.5185346533564942 0.8356199396893593 0.03913894324853229 0.07352941176470588
0 0.5367930803227864 0.9200548372438867 0.03913894324853229 0.07352941176470588
0 0.5676919567272808 0.9121390655981498 0.03913894324853229 0.07352941176470588
0 0.526961619648629 0.888391750660939 0.03913894324853229 0.07352941176470588
0 0.5339840915587415 0.8567286640779912 0.03913894324853229 0.07352941176470588
0 0.5466245409969437 0.8751987979180441 0.03913894324853229 0.07352941176470588
0 0.5761189230194156 0.8488128924322541 0.03913894324853229 0.07352941176470588
0 0.5943773499857078 0.8646444357237281 0.03913894324853229 0.07352941176470588
0 0.5171301589744718 0.740630679940516 0.03913894324853229 0.07352941176470588
0 0.5550515072890785 0.6931360500660944 0.03913894324853229 0.07352941176470588
0 0.532579597176719 0.6667501445803045 0.03913894324853229 0.07352941176470588
0 0.5648829679632358 0.6667501445803045 0.03913894324853229 0.07352941176470588
0 0.5030852151542471 0.6218941052544616 0.03913894324853229 0.07352941176470588
0 0.532579597176719 0.6298098769001987 0.03913894324853229 0.07352941176470588
0 0.5887593724576179 0.5084347116655655 0.03913894324853229 0.07352941176470588
0 0.5676919567272808 0.6245326958030407 0.03913894324853229 0.07352941176470588
0 0.5775234174014381 0.5453749793456713 0.03913894324853229 0.07352941176470588
0 0.5943773499857078 0.6403642390945146 0.03913894324853229 0.07352941176470588
0 0.5929728556036853 0.5770380659286191 0.03913894324853229 0.07352941176470588
0 0.47920881065986504 0.26832297174487807 0.03913894324853229 0.07352941176470588
0 0.505894203918292 0.2973474677792469 0.03913894324853229 0.07352941176470588
0 0.1477481365025616 0.4530243101454068 0.03913894324853229 0.07352941176470588
0 0.21797285560368526 0.5189890738598815 0.03913894324853229 0.07352941176470588
0 0.6098267881879549 0.4873259872769336 0.03913894324853229 0.07352941176470588
0 0.6112312825699774 0.5400977982485132 0.03913894324853229 0.07352941176470588
0 0.5999953275137976 0.5242662549570394 0.03913894324853229 0.07352941176470588
0 0.6294897095362695 0.3369263260079316 0.03913894324853229 0.07352941176470588
0 0.6224672376261572 0.36595082204230045 0.03913894324853229 0.07352941176470588
0 0.6098267881879549 0.37386659368803743 0.03913894324853229 0.07352941176470588
0 0.5606694848171684 0.7459078610376738 0.03913894324853229 0.07352941176470588
0 0.5775234174014381 0.7221605461004631 0.03913894324853229 0.07352941176470588
0 0.6126357769519999 0.6984132311632522 0.03913894324853229 0.07352941176470588
0 0.5873548780755954 0.8065954436549906 0.03913894324853229 0.07352941176470588
0 0.6210627432441347 0.7511850421348318 0.03913894324853229 0.07352941176470588
0 0.5957818443677302 0.6799430973231994 0.03913894324853229 0.07352941176470588
0 0.630894203918292 0.5137118927627234 0.03913894324853229 0.07352941176470588
0 0.6013998218958201 0.11792331047587608 0.03913894324853229 0.07352941176470588
0 0.6013998218958201 0.03348841292134854 0.03913894324853229 0.07352941176470588
0 0.6154447657160449 0.17069512144745574 0.03913894324853229 0.07352941176470588
0 0.5971863387497527 0.1443092159616659 0.03913894324853229 0.07352941176470588
0 0.6365121814463819 0.20763538912756144 0.03913894324853229 0.07352941176470588
0 0.6294897095362695 0.1601407592531398 0.03913894324853229 0.07352941176470588
0 0.6491526308845842 0.15222498760740286 0.03913894324853229 0.07352941176470588
0 0.6280852151542471 0.1416706254130869 0.03913894324853229 0.07352941176470588
0 0.6435346533564942 0.17069512144745574 0.03913894324853229 0.07352941176470588
0 0.6702200466149213 0.16277934980171882 0.03913894324853229 0.07352941176470588
0 0.6533661140306515 0.17069512144745574 0.03913894324853229 0.07352941176470588
0 0.6702200466149213 0.18916525528750855 0.03913894324853229 0.07352941176470588
0 0.6617930803227864 0.22610552296761433 0.03913894324853229 0.07352941176470588
0 0.6280852151542471 0.8567286640779912 0.03913894324853229 0.07352941176470588
0 0.6280852151542471 0.8567286640779912 0.03913894324853229 0.07352941176470588
0 0.8162874623452584 0.9438021521810976 0.03913894324853229 0.07352941176470588
0 0.7994335297609887 0.9095004750495709 0.03913894324853229 0.07352941176470588
0 0.7404447657160449 0.9226934277924658 0.03913894324853229 0.07352941176470588
0 0.7530852151542471 0.883114569563781 0.03913894324853229 0.07352941176470588
0 0.6393211702104269 0.9728266482154664 0.03913894324853229 0.07352941176470588
0 0.6449391477385167 0.8804759790152019 0.03913894324853229 0.07352941176470588
0 0.6898829679632359 0.9490793332782554 0.03913894324853229 0.07352941176470588
0 0.9005571252666067 0.9174162466953077 0.03913894324853229 0.07352941176470588
0 0.9356694848171684 0.9438021521810976 0.03913894324853229 0.07352941176470588
0 0.6224672376261571 0.028217686302049048 0.03913894324853229 0.07352941176470588
0 0.6463436421205391 0.03217557212491752 0.03913894324853229 0.07352941176470588
0 0.7004166758284043 0.10605610748512906 0.03913894324853229 0.07352941176470588
0 0.6526638668396402 0.23402774909120966 0.03913894324853229 0.07352941176470588
0 0.6259784735812132 0.25117858765697304 0.03913894324853229 0.07352941176470588
0 0.6491526308845841 0.264371540399868 0.03913894324853229 0.07352941176470588
0 0.6365121814463818 0.27888378841705236 0.03913894324853229 0.07352941176470588
0 0.6610908331317751 0.3105468750000001 0.03913894324853229 0.07352941176470588
0 0.7453604960531234 0.2709680167713154 0.03913894324853229 0.07352941176470588
0 0.7102481365025616 0.4437956977032387 0.03913894324853229 0.07352941176470588
0 0.7299110578508762 0.4411571071546598 0.03913894324853229 0.07352941176470588
0 0.6498548780755953 0.3804695245373432 0.03913894324853229 0.07352941176470588
0 0.6301919567272807 0.3685958670687377 0.03913894324853229 0.07352941176470588
0 0.6287874623452582 0.4240062685888964 0.03913894324853229 0.07352941176470588
0 0.690585215154247 0.3989396583773961 0.03913894324853229 0.07352941176470588
0 0.6828604960531234 0.3738730481658957 0.03913894324853229 0.07352941176470588
0 0.6716245409969436 0.4055361347488435 0.03913894324853229 0.07352941176470588
0 0.7102481365025616 0.37651163871447463 0.03913894324853229 0.07352941176470588
0 0.7720458893115503 0.29207674115994725 0.03913894324853229 0.07352941176470588
0 0.8057537544800896 0.2999925128056842 0.03913894324853229 0.07352941176470588
0 0.8141807207722246 0.334294189937211 0.03913894324853229 0.07352941176470588
0 0.803647012907056 0.3989396583773961 0.03913894324853229 0.07352941176470588
0 0.8001357769519998 0.3685958670687377 0.03913894324853229 0.07352941176470588
0 0.7657256645924492 0.4081747252974225 0.03913894324853229 0.07352941176470588
0 0.7488717320081796 0.4345606307832122 0.03913894324853229 0.07352941176470588
0 0.28889982189582003 0.5704480440350298 0.03913894324853229 0.07352941176470588
0 0.8598267881879549 0.8303427585922013 0.03913894324853229 0.07352941176470588
0 0.9483099342553706 0.6931360500660944 0.03913894324853229 0.07352941176470588
0 0.9834222938059324 0.8751987979180441 0.03913894324853229 0.07352941176470588
0 0.9918492600980674 0.7221605461004631 0.03913894324853229 0.07352941176470588
0 0.9848267881879549 0.5559293415399873 0.03913894324853229 0.07352941176470588
0 0.7994335297609887 0.8277041680436225 0.03913894324853229 0.07352941176470588
0 0.8134784735812134 0.7459078610376738 0.03913894324853229 0.07352941176470588
0 0.758703192682337 0.740630679940516 0.03913894324853229 0.07352941176470588
0 0.7221863387497527 0.7960410814606744 0.03913894324853229 0.07352941176470588
0 0.7263998218958202 0.8567286640779912 0.03913894324853229 0.07352941176470588
0 0.8598267881879549 0.9543565143754135 0.03913894324853229 0.07352941176470588
0 0.6983099342553706 0.5559293415399873 0.03913894324853229 0.07352941176470588
0 0.6674110578508763 0.5559293415399873 0.03913894324853229 0.07352941176470588
0 0.6365121814463819 0.6245326958030407 0.03913894324853229 0.07352941176470588
0 0.6280852151542471 0.584953837574356 0.03913894324853229 0.07352941176470588
0 0.6407256645924493 0.5638451131857241 0.03913894324853229 0.07352941176470588
0 0.6491526308845842 0.4688558534368808 0.03913894324853229 0.07352941176470588
0 0.6477481365025617 0.5057961211169865 0.03913894324853229 0.07352941176470588
0 0.6730290353789663 0.5005189400198286 0.03913894324853229 0.07352941176470588
0 0.660388585940764 0.5928696092200929 0.03913894324853229 0.07352941176470588
0 0.6926919567272809 0.6034239714144088 0.03913894324853229 0.07352941176470588
0 0.6617930803227864 0.6218941052544616 0.03913894324853229 0.07352941176470588
0 0.684264990435146 0.6614729634831464 0.03913894324853229 0.07352941176470588
0 0.6519616196486291 0.6614729634831464 0.03913894324853229 0.07352941176470588
0 0.6702200466149213 0.711606183906147 0.03913894324853229 0.07352941176470588
0 0.6646020690868313 0.740630679940516 0.03913894324853229 0.07352941176470588
0 0.6533661140306515 0.6984132311632522 0.03913894324853229 0.07352941176470588
0 0.6393211702104269 0.7643779948777267 0.03913894324853229 0.07352941176470588
0 0.6477481365025617 0.8145112153007273 0.03913894324853229 0.07352941176470588
0 0.678647012907056 0.7960410814606744 0.03913894324853229 0.07352941176470588
0 0.6730290353789663 0.8804759790152019 0.03913894324853229 0.07352941176470588
0 0.6912874623452584 0.9068618845009918 0.03913894324853229 0.07352941176470588
0 0.7362312825699774 0.9807424198612033 0.03913894324853229 0.07352941176470588
0 0.7404447657160449 0.6773045067746204 0.03913894324853229 0.07352941176470588
0 0.7544897095362695 0.6113397430601458 0.03913894324853229 0.07352941176470588
0 0.7235908331317752 0.5928696092200929 0.03913894324853229 0.07352941176470588
0 0.6200093724576179 0.1957681861368144 0.03913894324853229 0.07352941176470588
0 0.5947284735812134 0.19312959558823545 0.03913894324853229 0.07352941176470588
0 0.6347565634688538 0.03613345794778599 0.03913894324853229 0.07352941176470588
0 0.6853183612216628 0.050645705964970415 0.03913894324853229 0.07352941176470588
0 0.6811048780755954 0.09022456419365517 0.03913894324853229 0.07352941176470588
0 0.6944475747048088 0.054603591787838884 0.03913894324853229 0.07352941176470588
0 0.7056835297609886 0.05856147761070735 0.03913894324853229 0.07352941176470588
0 0.6719756645924493 0.02030191465631211 0.03913894324853229 0.07352941176470588
0 0.6593352151542471 0.026898391027759542 0.03913894324853229 0.07352941176470588
0 0.6298408331317752 0.12188765077660293 0.03913894324853229 0.07352941176470588
0 0.6186048780755954 0.11924906022802392 0.03913894324853229 0.07352941176470588
0 0.7000655522328988 0.1720208711996036 0.03913894324853229 0.07352941176470588
0 0.6733801589744718 0.14959285153668223 0.03913894324853229 0.07352941176470588
0 0.6747846533564943 0.23930493018836763 0.03913894324853229 0.07352941176470588
0 0.6600374623452583 0.1957681861368144 0.03913894324853229 0.07352941176470588
0 0.6719756645924493 0.2894381506113683 0.03913894324853229 0.07352941176470588
0 0.6459925185250336 0.30922757972571063 0.03913894324853229 0.07352941176470588
0 0.6270318443677302 0.3065889891771316 0.03913894324853229 0.07352941176470588
0 0.6164981365025617 0.2696487214970259 0.03913894324853229 0.07352941176470588
0 0.6270318443677302 0.39498177255452754 0.03913894324853229 0.07352941176470588
0 0.6726779117834606 0.33957137103436896 0.03913894324853229 0.07352941176470588
0 0.6979588106598651 0.30790828445142115 0.03913894324853229 0.07352941176470588
0 0.6804026308845842 0.2696487214970259 0.03913894324853229 0.07352941176470588
0 0.6818071252666067 0.2234733868968937 0.03913894324853229 0.07352941176470588
0 0.6761891477385167 0.3224205324686056 0.03913894324853229 0.07352941176470588
0 0.686020608412674 0.28548026478849975 0.03913894324853229 0.07352941176470588
0 0.7042790353789662 0.3554029143258428 0.03913894324853229 0.07352941176470588
0 0.715514990435146 0.329017008840053 0.03913894324853229 0.07352941176470588
0 0.7225374623452583 0.29207674115994725 0.03913894324853229 0.07352941176470588
0 0.7148127432441347 0.2696487214970259 0.03913894324853229 0.07352941176470588
0 0.7267509454913258 0.2419435207369466 0.03913894324853229 0.07352941176470588
0 0.7169194848171684 0.24458211128552557 0.03913894324853229 0.07352941176470588
0 0.6986610578508763 0.2524978829312625 0.03913894324853229 0.07352941176470588
0 0.6944475747048088 0.2247926821711832 0.03913894324853229 0.07352941176470588
0 0.7337734174014381 0.30790828445142115 0.03913894324853229 0.07352941176470588
0 0.7260486983003145 0.17729805229676152 0.03913894324853229 0.07352941176470588
0 0.6958520690868313 0.0770316114507602 0.03913894324853229 0.07352941176470588
0 0.6930430803227865 0.037452753222075495 0.03913894324853229 0.07352941176470588
0 0.70076779942391 0.037452753222075495 0.03913894324853229 0.07352941176470588
0 0.6614419567272808 0.04932641069068091 0.03913894324853229 0.07352941176470588
0 0.6705711702104269 0.041410639044943964 0.03913894324853229 0.07352941176470588
0 0.6832116196486291 0.4240062685888964 0.03913894324853229 0.07352941176470588
0 0.6944475747048088 0.4464342882518177 0.03913894324853229 0.07352941176470588
0 0.6965543162778426 0.479416670109055 0.03913894324853229 0.07352941176470588
0 0.6846161140306515 0.45435005989755467 0.03913894324853229 0.07352941176470588
0 0.6635486983003145 0.26701013094844694 0.03913894324853229 0.07352941176470588
0 0.7288576870643594 0.3659572765201588 0.03913894324853229 0.07352941176470588
0 0.7520318443677302 0.329017008840053 0.03913894324853229 0.07352941176470588
0 0.7562453275137977 0.30395039862855266 0.03913894324853229 0.07352941176470588
0 0.7372846533564943 0.3474871426801059 0.03913894324853229 0.07352941176470588
0 0.739391394929528 0.3831081150859222 0.03913894324853229 0.07352941176470588
0 0.6979588106598651 0.1535507373595507 0.03913894324853229 0.07352941176470588
0 0.7141104960531235 0.07175443035360228 0.03913894324853229 0.07352941176470588
0 0.676891394929528 0.05592288706212839 0.03913894324853229 0.07352941176470588
0 0.7309644286373931 0.2115997294282883 0.03913894324853229 0.07352941176470588
0 0.7021722938059324 0.20500325305684086 0.03913894324853229 0.07352941176470588
0 0.7414981365025617 0.19312959558823545 0.03913894324853229 0.07352941176470588
0 0.7400936421205392 0.16278580427957715 0.03913894324853229 0.07352941176470588
0 0.7302621814463819 0.1311227176966294 0.03913894324853229 0.07352941176470588
0 0.7253464511093033 0.0968210405651026 0.03913894324853229 0.07352941176470588
0 0.7506273499857078 0.12188765077660293 0.03913894324853229 0.07352941176470588
0 0.7822284735812134 0.37783093398876416 0.03913894324853229 0.07352941176470588
0 0.7815262263902022 0.3474871426801059 0.03913894324853229 0.07352941176470588
0 0.7773127432441347 0.3303363041143425 0.03913894324853229 0.07352941176470588
0 0.7681835297609886 0.326378418291474 0.03913894324853229 0.07352941176470588
0 0.7702902713340224 0.3527643237772638 0.03913894324853229 0.07352941176470588
0 0.7604588106598651 0.35672220960013235 0.03913894324853229 0.07352941176470588
0 0.7225374623452583 0.16278580427957715 0.03913894324853229 0.07352941176470588
0 0.7105992600980674 0.02030191465631211 0.03913894324853229 0.07352941176470588
0 0.6818071252666067 0.02557909575347014 0.03913894324853229 0.07352941176470588
0 0.727453192682337 0.04404922959352293 0.03913894324853229 0.07352941176470588
0 0.7323689230194156 0.054603591787838884 0.03913894324853229 0.07352941176470588
0 0.7443071252666067 0.10473681221083954 0.03913894324853229 0.07352941176470588
0 0.7407958893115504 0.0770316114507602 0.03913894324853229 0.07352941176470588
0 0.7653745409969438 0.14959285153668223 0.03913894324853229 0.07352941176470588
0 0.7534363387497527 0.15223144208526118 0.03913894324853229 0.07352941176470588
0 0.7443071252666067 0.06515795398215485 0.03913894324853229 0.07352941176470588
0 0.7576498218958201 0.06779654453073375 0.03913894324853229 0.07352941176470588
0 0.7379869005475055 0.23930493018836763 0.03913894324853229 0.07352941176470588
0 0.7499251027946965 0.25513647347984153 0.03913894324853229 0.07352941176470588
0 0.7204307207722246 0.401578248925975 0.03913894324853229 0.07352941176470588
0 0.7253464511093033 0.37783093398876416 0.03913894324853229 0.07352941176470588
0 0.7183239791991909 0.3527643237772638 0.03913894324853229 0.07352941176470588
0 0.6572284735812134 0.3488064379543954 0.03913894324853229 0.07352941176470588
0 0.7801217320081797 0.4503921740746861 0.03913894324853229 0.07352941176470588
0 0.7344756645924493 0.4873324417547919 0.03913894324853229 0.07352941176470588
0 0.7962734174014381 0.43719922133179123 0.03913894324853229 0.07352941176470588
0 0.7969756645924493 0.41872908749173837 0.03913894324853229 0.07352941176470588
0 0.7730992600980674 0.11529117440515545 0.03913894324853229 0.07352941176470588
0 0.7836329679632359 0.10077892638797108 0.03913894324853229 0.07352941176470588
0 0.7913576870643595 0.0955017452908131 0.03913894324853229 0.07352941176470588
0 0.7716947657160449 0.08098949727362872 0.03913894324853229 0.07352941176470588
0 0.7815262263902022 0.07439302090218124 0.03913894324853229 0.07352941176470588
0 0.7450093724576179 0.04536852486781244 0.03913894324853229 0.07352941176470588
0 0.7316666758284044 0.08098949727362872 0.03913894324853229 0.07352941176470588
0 0.727453192682337 0.06911583980502325 0.03913894324853229 0.07352941176470588
0 0.7688857769519999 0.26701013094844694 0.03913894324853229 0.07352941176470588
0 0.787144203918292 0.2736066073198944 0.03913894324853229 0.07352941176470588
0 0.789953192682337 0.14431567043952426 0.03913894324853229 0.07352941176470588
0 0.7983801589744718 0.23270845381692015 0.03913894324853229 0.07352941176470588
0 0.7702902713340224 0.24326281601123612 0.03913894324853229 0.07352941176470588
0 0.7576498218958201 0.1997260719596829 0.03913894324853229 0.07352941176470588
0 0.76326779942391 0.21819620579973578 0.03913894324853229 0.07352941176470588
0 0.7983801589744718 0.25117858765697304 0.03913894324853229 0.07352941176470588
0 0.789953192682337 0.21423831997686732 0.03913894324853229 0.07352941176470588
0 0.7787172376261572 0.21423831997686732 0.03913894324853229 0.07352941176470588
0 0.816638585940764 0.39498177255452754 0.03913894324853229 0.07352941176470588
0 0.8068071252666067 0.12452624132518189 0.03913894324853229 0.07352941176470588
0 0.8032958893115504 0.14695426098810327 0.03913894324853229 0.07352941176470588
0 0.8222565634688538 0.2524978829312625 0.03913894324853229 0.07352941176470588
0 0.8194475747048089 0.29207674115994725 0.03913894324853229 0.07352941176470588
0 0.8306835297609886 0.27888378841705236 0.03913894324853229 0.07352941176470588
0 0.8278745409969438 0.32110123719431605 0.03913894324853229 0.07352941176470588
0 0.8419194848171684 0.3276977135657635 0.03913894324853229 0.07352941176470588
0 0.8334925185250336 0.3659572765201588 0.03913894324853229 0.07352941176470588
0 0.8313857769519999 0.4081747252974225 0.03913894324853229 0.07352941176470588
0 0.813829597176719 0.22083479634831474 0.03913894324853229 0.07352941176470588
0 0.8145318443677302 0.16278580427957715 0.03913894324853229 0.07352941176470588
0 0.8096161140306516 0.0955017452908131 0.03913894324853229 0.07352941176470588
0 0.7730992600980674 0.05856147761070735 0.03913894324853229 0.07352941176470588
0 0.8334925185250336 0.25117858765697304 0.03913894324853229 0.07352941176470588
0 0.852453192682337 0.2604136545769995 0.03913894324853229 0.07352941176470588
0 0.38756555223289857 0.04932641069068091 0.03913894324853229 0.07352941176470588
0 0.6509082488621121 0.05856147761070735 0.03913894324853229 0.07352941176470588
0 0.63264982189582 0.10605610748512906 0.03913894324853229 0.07352941176470588
0 0.7471161140306515 0.02557909575347014 0.03913894324853229 0.07352941176470588
0 0.7766104960531234 0.13508060351949785 0.03913894324853229 0.07352941176470588
0 0.8208520690868312 0.04536852486781244 0.03913894324853229 0.07352941176470588
0 0.8187453275137976 0.03613345794778599 0.03913894324853229 0.07352941176470588
0 0.8363015072890785 0.04536852486781244 0.03913894324853229 0.07352941176470588
0 0.8433239791991908 0.04404922959352293 0.03913894324853229 0.07352941176470588
0 0.8257677994239099 0.07307372562789179 0.03913894324853229 0.07352941176470588
0 0.8173408331317751 0.05856147761070735 0.03913894324853229 0.07352941176470588
0 0.7857397095362694 0.054603591787838884 0.03913894324853229 0.07352941176470588
0 0.8531554398733482 0.07835090672504971 0.03913894324853229 0.07352941176470588
0 0.8833520690868313 0.05856147761070735 0.03913894324853229 0.07352941176470588
0 0.870711619648629 0.05988077288499681 0.03913894324853229 0.07352941176470588
0 0.858773417401438 0.05592288706212839 0.03913894324853229 0.07352941176470588
0 0.8468352151542471 0.06383865870786533 0.03913894324853229 0.07352941176470588
0 0.8398127432441347 0.05988077288499681 0.03913894324853229 0.07352941176470588
0 0.8285767881879549 0.10209822166226053 0.03913894324853229 0.07352941176470588
0 0.8103183612216628 0.04536852486781244 0.03913894324853229 0.07352941176470588
0 0.7639700466149212 0.016344028833443585 0.03913894324853229 0.07352941176470588
0 0.7766104960531234 0.017663324107733094 0.03913894324853229 0.07352941176470588
0 0.7843352151542471 0.009747552461996153 0.03913894324853229 0.07352941176470588
0 0.7899531926823369 0.040091343770654514 0.03913894324853229 0.07352941176470588
0 0.7808239791991908 0.040091343770654514 0.03913894324853229 0.07352941176470588
0 0.7997846533564942 0.040091343770654514 0.03913894324853229 0.07352941176470588
0 0.9093352151542471 0.05856147761070735 0.03913894324853229 0.07352941176470588
0 0.9226779117834605 0.05856147761070735 0.03913894324853229 0.07352941176470588
0 0.8910767881879549 0.07175443035360228 0.03913894324853229 0.07352941176470588
0 0.8791385859407639 0.08626667837078665 0.03913894324853229 0.07352941176470588
0 0.873520608412674 0.08758597364507616 0.03913894324853229 0.07352941176470588
0 0.861582406165483 0.11133328858228697 0.03913894324853229 0.07352941176470588
0 0.8664981365025617 0.08098949727362872 0.03913894324853229 0.07352941176470588
0 0.8222565634688537 0.14695426098810327 0.03913894324853229 0.07352941176470588
0 0.8236610578508762 0.12188765077660293 0.03913894324853229 0.07352941176470588
0 0.8341947657160448 0.18125593811962998 0.03913894324853229 0.07352941176470588
0 0.8419194848171683 0.11661046967944495 0.03913894324853229 0.07352941176470588
0 0.8833520690868313 0.11529117440515545 0.03913894324853229 0.07352941176470588
0 0.9107397095362695 0.11529117440515545 0.03913894324853229 0.07352941176470588
0 0.8938857769519998 0.0968210405651026 0.03913894324853229 0.07352941176470588
0 0.9830711702104268 0.05856147761070735 0.03913894324853229 0.07352941176470588
0 0.9613015072890785 0.0770316114507602 0.03913894324853229 0.07352941176470588
0 0.9549812825699774 0.09022456419365517 0.03913894324853229 0.07352941176470588
0 0.9486610578508762 0.06383865870786533 0.03913894324853229 0.07352941176470588
0 0.9437453275137976 0.0770316114507602 0.03913894324853229 0.07352941176470588
0 0.936020608412674 0.0955017452908131 0.03913894324853229 0.07352941176470588
0 0.9304026308845841 0.12188765077660293 0.03913894324853229 0.07352941176470588
0 0.9704307207722246 0.09154385946794463 0.03913894324853229 0.07352941176470588
0 0.9900936421205392 0.07835090672504971 0.03913894324853229 0.07352941176470588
0 0.9535767881879549 0.12320694605089239 0.03913894324853229 0.07352941176470588
0 0.7976779117834605 0.07307372562789179 0.03913894324853229 0.07352941176470588
0 0.8721161140306515 0.183894528668209 0.03913894324853229 0.07352941176470588
0 0.9781554398733482 0.1311227176966294 0.03913894324853229 0.07352941176470588
0 0.9458520690868313 0.15882791845670868 0.03913894324853229 0.07352941176470588
0 0.9275936421205392 0.14959285153668223 0.03913894324853229 0.07352941176470588
0 0.897397012907056 0.13244201297091884 0.03913894324853229 0.07352941176470588
0 0.8896722938059324 0.1957681861368144 0.03913894324853229 0.07352941176470588
0 0.9542790353789662 0.14959285153668223 0.03913894324853229 0.07352941176470588
0 0.9641104960531235 0.14431567043952426 0.03913894324853229 0.07352941176470588
0 0.9802621814463819 0.14695426098810327 0.03913894324853229 0.07352941176470588
0 0.9353183612216628 0.1720208711996036 0.03913894324853229 0.07352941176470588
0 0.9261891477385167 0.18917170976536699 0.03913894324853229 0.07352941176470588
0 0.9142509454913257 0.1997260719596829 0.03913894324853229 0.07352941176470588
0 0.9121442039182919 0.18125593811962998 0.03913894324853229 0.07352941176470588
0 0.9247846533564942 0.08230879254791817 0.03913894324853229 0.07352941176470588
0 0.8433239791991908 0.14167707989094527 0.03913894324853229 0.07352941176470588
0 0.8426217320081796 0.19312959558823545 0.03913894324853229 0.07352941176470588
0 0.8636891477385167 0.1707015759253141 0.03913894324853229 0.07352941176470588
0 0.8531554398733482 0.18653311921678797 0.03913894324853229 0.07352941176470588
0 0.9184644286373931 0.22083479634831474 0.03913894324853229 0.07352941176470588
0 0.8608801589744717 0.2115997294282883 0.03913894324853229 0.07352941176470588
0 0.9774531926823369 0.1601472137309982 0.03913894324853229 0.07352941176470588
0 0.9655149904351459 0.1601472137309982 0.03913894324853229 0.07352941176470588
0 0.9563857769519998 0.19312959558823545 0.03913894324853229 0.07352941176470588
0 0.9451498218958201 0.1957681861368144 0.03913894324853229 0.07352941176470588
0 0.8903745409969437 0.22611197744547273 0.03913894324853229 0.07352941176470588
0 0.8980992600980673 0.25117858765697304 0.03913894324853229 0.07352941176470588
0 0.9121442039182919 0.2419435207369466 0.03913894324853229 0.07352941176470588
0 0.8882677994239099 0.2709680167713154 0.03913894324853229 0.07352941176470588
0 0.8728183612216628 0.29075744588565783 0.03913894324853229 0.07352941176470588
0 0.858773417401438 0.3131854655485791 0.03913894324853229 0.07352941176470588
0 0.9451498218958201 0.2300698632683412 0.03913894324853229 0.07352941176470588
0 0.9620037544800897 0.2973539222571052 0.03913894324853229 0.07352941176470588
0 0.9620037544800897 0.2604136545769995 0.03913894324853229 0.07352941176470588
0 0.9493633050418875 0.26701013094844694 0.03913894324853229 0.07352941176470588
0 0.9289981365025617 0.2577750640284205 0.03913894324853229 0.07352941176470588
0 0.9711329679632358 0.18653311921678797 0.03913894324853229 0.07352941176470588
0 0.9788576870643594 0.18125593811962998 0.03913894324853229 0.07352941176470588
0 0.9964138668396403 0.1377191940680768 0.03913894324853229 0.07352941176470588
0 0.998520608412674 0.08230879254791817 0.03913894324853229 0.07352941176470588
0 0.9971161140306515 0.11133328858228697 0.03913894324853229 0.07352941176470588
0 0.8770318443677301 0.14959285153668223 0.03913894324853229 0.07352941176470588
0 0.8784363387497526 0.3184626466457371 0.03913894324853229 0.07352941176470588
0 0.8566666758284044 0.3712344576173167 0.03913894324853229 0.07352941176470588
0 0.8756273499857078 0.3712344576173167 0.03913894324853229 0.07352941176470588
0 0.9023127432441347 0.3501257332286848 0.03913894324853229 0.07352941176470588
0 0.9037172376261571 0.30395039862855266 0.03913894324853229 0.07352941176470588
0 0.9093352151542471 0.28020308369134184 0.03913894324853229 0.07352941176470588
0 0.9142509454913257 0.1601472137309982 0.03913894324853229 0.07352941176470588
0 0.9929026308845841 0.23270845381692015 0.03913894324853229 0.07352941176470588
0 0.9844756645924492 0.20764184360541982 0.03913894324853229 0.07352941176470588
0 0.9844756645924492 0.25513647347984153 0.03913894324853229 0.07352941176470588
0 0.9739419567272807 0.29207674115994725 0.03913894324853229 0.07352941176470588
0 0.9816666758284044 0.27888378841705236 0.03913894324853229 0.07352941176470588
0 0.9879869005475055 0.29207674115994725 0.03913894324853229 0.07352941176470588
0 0.9655149904351459 0.1984067766853934 0.03913894324853229 0.07352941176470588
0 0.9423408331317751 0.2973539222571052 0.03913894324853229 0.07352941176470588
0 0.9367228556036853 0.33165559938863204 0.03913894324853229 0.07352941176470588
0 0.9563857769519998 0.33957137103436896 0.03913894324853229 0.07352941176470588
0 0.9282958893115504 0.30922757972571063 0.03913894324853229 0.07352941176470588
0 0.9009082488621122 0.32505912301718454 0.03913894324853229 0.07352941176470588
0 0.9430430803227864 0.3580415048744219 0.03913894324853229 0.07352941176470588
0 0.8952902713340223 0.38970459145736963 0.03913894324853229 0.07352941176470588
0 0.9037172376261571 0.3804695245373432 0.03913894324853229 0.07352941176470588
0 0.9156554398733482 0.3685958670687377 0.03913894324853229 0.07352941176470588
0 0.9605992600980673 0.3685958670687377 0.03913894324853229 0.07352941176470588
0 0.9149531926823369 0.4253255638631858 0.03913894324853229 0.07352941176470588
0 0.9023127432441347 0.4081747252974225 0.03913894324853229 0.07352941176470588
0 0.8580711702104269 0.39498177255452754 0.03913894324853229 0.07352941176470588
0 0.8552621814463819 0.43324133550892285 0.03913894324853229 0.07352941176470588
0 0.8433239791991908 0.43324133550892285 0.03913894324853229 0.07352941176470588
0 0.9964138668396403 0.3857467056345011 0.03913894324853229 0.07352941176470588
0 0.9732397095362695 0.3633186859715798 0.03913894324853229 0.07352941176470588
0 0.9676217320081796 0.326378418291474 0.03913894324853229 0.07352941176470588
0 0.9437453275137976 0.21423831997686732 0.03913894324853229 0.07352941176470588
0 0.9732397095362695 0.2234733868968937 0.03913894324853229 0.07352941176470588
0 0.9774531926823369 0.1984067766853934 0.03913894324853229 0.07352941176470588
0 0.9549812825699774 0.21687691052544628 0.03913894324853229 0.07352941176470588
0 0.9676217320081796 0.42796415441176483 0.03913894324853229 0.07352941176470588
0 0.9142509454913257 0.4662237173661601 0.03913894324853229 0.07352941176470588
0 0.8650936421205392 0.47545878428618643 0.03913894324853229 0.07352941176470588
0 0.8447284735812133 0.4662237173661601 0.03913894324853229 0.07352941176470588
0 0.9367228556036853 0.45435005989755467 0.03913894324853229 0.07352941176470588
0 0.9297003836935728 0.3554029143258428 0.03913894324853229 0.07352941176470588
0 0.8306835297609885 0.2115997294282883 0.03913894324853229 0.07352941176470588
0 0.7850374623452583 0.1654243948281561 0.03913894324853229 0.07352941176470588
0 0.8812453275137976 0.39498177255452754 0.03913894324853229 0.07352941176470588
0 0.9184644286373931 0.33957137103436896 0.03913894324853229 0.07352941176470588
0 0.8917790353789662 0.4424764024289492 0.03913894324853229 0.07352941176470588
0 0.8819475747048088 0.45303076462326514 0.03913894324853229 0.07352941176470588
0 0.9409363387497526 0.3804695245373432 0.03913894324853229 0.07352941176470588
0 0.9697284735812133 0.47545878428618643 0.03913894324853229 0.07352941176470588
0 0.7267509454913257 0.5090943593027104 0.03913894324853229 0.07352941176470588
0 0.7197284735812133 0.5328416742399211 0.03913894324853229 0.07352941176470588
0 0.7611610578508762 0.4998592923826839 0.03913894324853229 0.07352941176470588
0 0.7513295971767189 0.5249259025941843 0.03913894324853229 0.07352941176470588
0 0.7618633050418875 0.5236066073198947 0.03913894324853229 0.07352941176470588
0 0.7780149904351459 0.5262451978684738 0.03913894324853229 0.07352941176470588
0 0.7688857769519998 0.556588989177132 0.03913894324853229 0.07352941176470588
0 0.7492228556036853 0.5658240560971585 0.03913894324853229 0.07352941176470588
0 0.7211329679632358 0.56186617027429 0.03913894324853229 0.07352941176470588
0 0.8032958893115503 0.6951149929775287 0.03913894324853229 0.07352941176470588
0 0.8047003836935728 0.5988064379543957 0.03913894324853229 0.07352941176470588
0 0.7794194848171683 0.5974871426801062 0.03913894324853229 0.07352941176470588
0 0.8039981365025616 0.5064557687541313 0.03913894324853229 0.07352941176470588
0 0.8496442039182919 0.502497882931263 0.03913894324853229 0.07352941176470588
0 0.832088024143011 0.5645047608228689 0.03913894324853229 0.07352941176470588
0 0.8257677994239099 0.6133186859715801 0.03913894324853229 0.07352941176470588
0 0.8791385859407639 0.5236066073198947 0.03913894324853229 0.07352941176470588
0 0.8559644286373931 0.5882520757600799 0.03913894324853229 0.07352941176470588
0 0.8482397095362695 0.5539503986285531 0.03913894324853229 0.07352941176470588
0 0.8791385859407639 0.5658240560971585 0.03913894324853229 0.07352941176470588
0 0.8440262263902021 0.6779641544117653 0.03913894324853229 0.07352941176470588
0 0.8784363387497526 0.6304695245373435 0.03913894324853229 0.07352941176470588
0 0.8875655522328987 0.6858799260575021 0.03913894324853229 0.07352941176470588
0 0.8763295971767189 0.7109465362690025 0.03913894324853229 0.07352941176470588
0 0.9016104960531235 0.7056693551718445 0.03913894324853229 0.07352941176470588
0 0.9086329679632358 0.6806027449603441 0.03913894324853229 0.07352941176470588
0 0.9072284735812133 0.569781941920027 0.03913894324853229 0.07352941176470588
0 0.9128464511093032 0.5090943593027104 0.03913894324853229 0.07352941176470588
0 0.9367228556036853 0.5790170088400534 0.03913894324853229 0.07352941176470588
0 0.9500655522328987 0.5645047608228689 0.03913894324853229 0.07352941176470588
0 0.9535767881879549 0.5064557687541313 0.03913894324853229 0.07352941176470588
0 0.8222565634688537 0.4404910050396568 0.03913894324853229 0.07352941176470588
0 0.9767509454913257 0.5856134852115008 0.03913894324853229 0.07352941176470588
0 0.9584925185250335 0.6080415048744222 0.03913894324853229 0.07352941176470588
0 0.8693071252666066 0.4246594617481829 0.03913894324853229 0.07352941176470588
0 0.8531554398733482 0.33098949727362903 0.03913894324853229 0.07352941176470588
0 0.9472565634688537 0.4404910050396568 0.03913894324853229 0.07352941176470588
0 0.6684644286373931 0.5328416742399211 0.03913894324853229 0.07352941176470588
0 0.6726779117834605 0.6001257332286852 0.03913894324853229 0.07352941176470588
0 0.6621442039182919 0.6674097922174492 0.03913894324853229 0.07352941176470588
0 0.686020608412674 0.696434288251818 0.03913894324853229 0.07352941176470588
0 0.7113015072890785 0.6304695245373435 0.03913894324853229 0.07352941176470588
0 0.799082406165483 0.5394381506113686 0.03913894324853229 0.07352941176470588
0 0.9437453275137976 0.6370660009087911 0.03913894324853229 0.07352941176470588
0 0.9676217320081796 0.6885185166060811 0.03913894324853229 0.07352941176470588
0 0.9914981365025617 0.4563225483311307 0.03913894324853229 0.07352941176470588
0 0.9746442039182919 0.40355073735955105 0.03913894324853229 0.07352941176470588
0 0.9844756645924492 0.3402245641936555 0.03913894324853229 0.07352941176470588
0 0.897397012907056 0.27557909575347045 0.03913894324853229 0.07352941176470588
0 0.9381273499857078 0.49062422546265744 0.03913894324853229 0.07352941176470588
0 0.7239419567272807 0.7063225483311304 0.03913894324853229 0.07352941176470588
0 0.683211619648629 0.8435292568572373 0.03913894324853229 0.07352941176470588
0 0.6270318443677301 0.8316555993886319 0.03913894324853229 0.07352941176470588
0 0.5982397095362695 0.748539997108394 0.03913894324853229 0.07352941176470588
0 0.5589138668396403 0.8303363041143426 0.03913894324853229 0.07352941176470588
0 0.7422003836935728 0.8435292568572373 0.03913894324853229 0.07352941176470588
0 0.775206001671101 0.8026311033542631 0.03913894324853229 0.07352941176470588
0 0.8292790353789662 0.8659572765201587 0.03913894324853229 0.07352941176470588
0 0.8215543162778425 0.8342941899372109 0.03913894324853229 0.07352941176470588
0 0.8749251027946965 0.7419435207369467 0.03913894324853229 0.07352941176470588
0 0.926891394929528 0.7947153317085263 0.03913894324853229 0.07352941176470588
0 0.9016104960531235 0.8184626466457371 0.03913894324853229 0.07352941176470588
0 0.885458810659865 0.8474871426801059 0.03913894324853229 0.07352941176470588
0 0.9430430803227864 0.8738730481658957 0.03913894324853229 0.07352941176470588
0 0.9605992600980673 0.9187290874917383 0.03913894324853229 0.07352941176470588
0 0.8875655522328987 0.9358799260575017 0.03913894324853229 0.07352941176470588
0 0.8566666758284044 0.8897045914573696 0.03913894324853229 0.07352941176470588
0 0.6965543162778425 0.8659572765201587 0.03913894324853229 0.07352941176470588
0 0.8805430803227864 0.8013118080799737 0.03913894324853229 0.07352941176470588
0 0.822958810659865 0.7947153317085263 0.03913894324853229 0.07352941176470588
0 0.7773127432441346 0.689171709765367 0.03913894324853229 0.07352941176470588
0 0.775206001671101 0.9437956977032388 0.03913894324853229 0.07352941176470588
0 0.7667790353789662 0.9081747252974225 0.03913894324853229 0.07352941176470588
0 0.9760486983003144 0.9609465362690022 0.03913894324853229 0.07352941176470588
0 0.9023127432441347 0.8619993906972903 0.03913894324853229 0.07352941176470588
0 0.9890402713340224 0.4134454519167221 0.03913894324853229 0.07352941176470588
0 0.9623548780755955 0.7643779948777267 0.03913894324853229 0.07352941176470588
0 0.11404027133402231 0.7722937665234637 0.03913894324853229 0.07352941176470588
0 0.11825375448008972 0.3580350503965635 0.03913894324853229 0.07352941176470588
0 0.018534653356494204 0.4635786723397228 0.03913894324853229 0.07352941176470588
0 0.05083802414301107 0.42663840465961705 0.03913894324853229 0.07352941176470588
0 0.004489709536269475 0.7459078610376738 0.03913894324853229 0.07352941176470588
0 0.22920881065986506 0.6667501445803045 0.03913894324853229 0.07352941176470588
