0 0.30925237341772155 0.8081698312236288 0.01953125 0.026041666666666668
0 0.45284414556962027 0.9031065400843882 0.01953125 0.026041666666666668
0 0.43860363924050627 0.7496255274261605 0.01953125 0.026041666666666668
0 0.6118631329113924 0.7970938818565401 0.01953125 0.026041666666666668
0 0.5727017405063292 0.8619672995780592 0.01953125 0.026041666666666668
0 0.5774485759493669 0.7401318565400845 0.01953125 0.026041666666666668
0 0.6510245253164556 0.7417141350210971 0.01953125 0.026041666666666668
0 0.7127333860759493 0.7844356540084388 0.01953125 0.026041666666666668
0 0.7435878164556963 0.8097521097046414 0.01953125 0.026041666666666668
0 0.7673219936708862 0.8065875527426162 0.01953125 0.026041666666666668
0 0.7590150316455695 0.7512078059071731 0.01953125 0.026041666666666668
0 0.8147903481012656 0.7701951476793251 0.01953125 0.026041666666666668
0 0.8753125 0.7401318565400845 0.01953125 0.026041666666666668
0 0.9370213607594937 0.7385495780590717 0.01953125 0.026041666666666668
0 0.8990466772151899 0.8002584388185654 0.01953125 0.026041666666666668
0 0.21075553797468352 0.9189293248945148 0.01953125 0.026041666666666668
0 0.13717958860759497 0.8224103375527427 0.01953125 0.026041666666666668
0 0.21787579113924055 0.7860179324894517 0.01953125 0.026041666666666668
0 0.19058148734177216 0.7970938818565401 0.01953125 0.026041666666666668
0 0.05767009493670891 0.8967774261603375 0.01953125 0.026041666666666668
0 0.02325553797468359 0.8002584388185654 0.01953125 0.026041666666666668
0 0.09208465189873423 0.7005748945147681 0.01953125 0.026041666666666668
0 0.11107199367088612 0.6594356540084391 0.01953125 0.026041666666666668
0 0.13717958860759497 0.6831698312236288 0.01953125 0.026041666666666668
0 0.18820806962025316 0.6784229957805908 0.01953125 0.026041666666666668
0 0.22618275316455694 0.6847521097046415 0.01953125 0.026041666666666668
0 0.2522903481012658 0.6910812236286921 0.01953125 0.026041666666666668
0 0.392321993670886 0.6819831223628694 0.01953125 0.026041666666666668
0 0.40122231012658205 0.7286603375527427 0.01953125 0.026041666666666668
0 0.34188686708860744 0.7112552742616036 0.01953125 0.026041666666666668
0 0.3080656645569619 0.6875210970464137 0.01953125 0.026041666666666668
0 0.28373813291139227 0.6843565400843884 0.01953125 0.026041666666666668
0 0.30153876582278466 0.7262869198312237 0.01953125 0.026041666666666668
0 0.42970332278480994 0.6724894514767934 0.01953125 0.026041666666666668
0 0.4973457278481011 0.6598312236286922 0.01953125 0.026041666666666668
0 0.5014992088607594 0.702552742616034 0.01953125 0.026041666666666668
0 0.5365071202531645 0.6732805907172997 0.01953125 0.026041666666666668
0 0.5394738924050632 0.6985970464135024 0.01953125 0.026041666666666668
0 0.5905023734177214 0.6804008438818568 0.01953125 0.026041666666666668
0 0.6177966772151897 0.6614135021097048 0.01953125 0.026041666666666668
0 0.6344106012658227 0.6598312236286922 0.01953125 0.026041666666666668
0 0.2564438291139239 0.6653691983122365 0.01953125 0.026041666666666668
0 0.2671242088607593 0.6819831223628694 0.01953125 0.026041666666666668
0 0.28017800632911377 0.6669514767932493 0.01953125 0.026041666666666668
0 0.2908583860759492 0.6527109704641353 0.01953125 0.026041666666666668
0 0.2908583860759492 0.6376793248945151 0.01953125 0.026041666666666668
0 0.2831447784810125 0.644799578059072 0.01953125 0.026041666666666668
0 0.4359335443037973 0.6568644514767935 0.01953125 0.026041666666666668
0 0.4311867088607594 0.6430195147679327 0.01953125 0.026041666666666668
0 0.4311867088607594 0.6271967299578061 0.01953125 0.026041666666666668
0 0.47657832278481005 0.6548866033755276 0.01953125 0.026041666666666668
0 0.45877768987341766 0.6548866033755276 0.01953125 0.026041666666666668
0 0.4617444620253163 0.6770385021097048 0.01953125 0.026041666666666668
0 0.4890387658227847 0.6465796413502112 0.01953125 0.026041666666666668
0 0.3475237341772151 0.6659625527426162 0.01953125 0.026041666666666668
0 0.3409968354430379 0.6529087552742618 0.01953125 0.026041666666666668
0 0.35701740506329105 0.6426239451476795 0.01953125 0.026041666666666668
0 0.36028085443037966 0.6311524261603377 0.01953125 0.026041666666666668
0 0.34900712025316444 0.6279878691983124 0.01953125 0.026041666666666668
0 0.34040348101265816 0.6307568565400845 0.01953125 0.026041666666666668
0 0.3249762658227847 0.624427742616034 0.01953125 0.026041666666666668
0 0.3309098101265822 0.624427742616034 0.01953125 0.026041666666666668
0 0.33298655063291127 0.6105828059071732 0.01953125 0.026041666666666668
0 0.3822349683544303 0.6394593881856542 0.01953125 0.026041666666666668
0 0.39647547468354416 0.631547995780591 0.01953125 0.026041666666666668
0 0.5359137658227847 0.650930907172996 0.01953125 0.026041666666666668
0 0.37897151898734166 0.66517141350211 0.01953125 0.026041666666666668
0 0.47272151898734166 0.6960258438818568 0.01953125 0.026041666666666668
0 0.3685878164556961 0.6078138185654011 0.01953125 0.026041666666666668
0 0.37748813291139227 0.6105828059071732 0.01953125 0.026041666666666668
0 0.3825316455696202 0.6090005274261606 0.01953125 0.026041666666666668
0 0.3567207278481011 0.5832885021097048 0.01953125 0.026041666666666668
0 0.3679944620253163 0.5852663502109706 0.01953125 0.026041666666666668
0 0.3878718354430379 0.5852663502109706 0.01953125 0.026041666666666668
0 0.32972310126582266 0.5773549578059073 0.01953125 0.026041666666666668
0 0.33803006329113916 0.5880353375527428 0.01953125 0.026041666666666668
0 0.3442602848101265 0.586057489451477 0.01953125 0.026041666666666668
0 0.34930379746835427 0.5824973628691985 0.01953125 0.026041666666666668
0 0.3415901898734176 0.6082093881856542 0.01953125 0.026041666666666668
0 0.3460403481012657 0.6034625527426162 0.01953125 0.026041666666666668
0 0.3516772151898734 0.6074182489451478 0.01953125 0.026041666666666668
0 0.4077492088607594 0.6078138185654011 0.01953125 0.026041666666666668
0 0.5101028481012657 0.6521176160337554 0.01953125 0.026041666666666668
0 0.5255300632911392 0.6505353375527428 0.01953125 0.026041666666666668
0 0.5293868670886075 0.6402505274261606 0.01953125 0.026041666666666668
0 0.5362104430379746 0.6279878691983124 0.01953125 0.026041666666666668
0 0.4299999999999999 0.6908834388185655 0.01953125 0.026041666666666668
0 0.4139794303797467 0.6865321729957808 0.01953125 0.026041666666666668
0 0.3926186708860759 0.6584467299578061 0.01953125 0.026041666666666668
0 0.39766218354430366 0.6418328059071732 0.01953125 0.026041666666666668
0 0.40240901898734166 0.6204720464135023 0.01953125 0.026041666666666668
0 0.3884651898734176 0.6204720464135023 0.01953125 0.026041666666666668
0 0.39588212025316444 0.6149340717299581 0.01953125 0.026041666666666668
0 0.4006289556962024 0.6133517932489453 0.01953125 0.026041666666666668
0 0.40329905063291127 0.6093960970464137 0.01953125 0.026041666666666668
0 0.37066455696202527 0.6200764767932492 0.01953125 0.026041666666666668
0 0.3294264240506328 0.6805986286919833 0.01953125 0.026041666666666668
0 0.3528639240506328 0.679807489451477 0.01953125 0.026041666666666668
0 0.5112895569620253 0.6362948312236288 0.01953125 0.026041666666666668
0 0.5569778481012658 0.6319435654008441 0.01953125 0.026041666666666668
0 0.48340189873417716 0.6228454641350213 0.01953125 0.026041666666666668
0 0.47657832278481005 0.6177030590717302 0.01953125 0.026041666666666668
0 0.41279272151898727 0.6501397679324896 0.01953125 0.026041666666666668
0 0.41279272151898727 0.6145385021097048 0.01953125 0.026041666666666668
0 0.42169303797468344 0.612165084388186 0.01953125 0.026041666666666668
0 0.7782990506329115 0.6560733122362868 0.01953125 0.026041666666666668
0 0.8139003164556964 0.653699894514768 0.01953125 0.026041666666666668
0 0.8275474683544306 0.6544910337552743 0.01953125 0.026041666666666668
0 0.8411946202531647 0.6564688818565401 0.01953125 0.026041666666666668
0 0.8257674050632913 0.6358992616033755 0.01953125 0.026041666666666668
0 0.8417879746835445 0.634712552742616 0.01953125 0.026041666666666668
0 0.798473101265823 0.6766429324894515 0.01953125 0.026041666666666668
0 0.7913528481012659 0.6616112869198313 0.01953125 0.026041666666666668
0 0.7622784810126584 0.6877188818565401 0.01953125 0.026041666666666668
0 0.7340941455696205 0.6754562236286921 0.01953125 0.026041666666666668
0 0.728160601265823 0.6505353375527426 0.01953125 0.026041666666666668
0 0.7311273734177217 0.6386682489451476 0.01953125 0.026041666666666668
0 0.7174802215189875 0.6386682489451476 0.01953125 0.026041666666666668
0 0.6898892405063294 0.6588422995780591 0.01953125 0.026041666666666668
0 0.6943393987341773 0.6477663502109704 0.01953125 0.026041666666666668
0 0.6978995253164558 0.6386682489451476 0.01953125 0.026041666666666668
0 0.6450909810126584 0.6315479957805907 0.01953125 0.026041666666666668
0 0.6255102848101267 0.6449973628691984 0.01953125 0.026041666666666668
0 0.6068196202531647 0.6307568565400844 0.01953125 0.026041666666666668
0 0.6180933544303799 0.6315479957805907 0.01953125 0.026041666666666668
0 0.6338172468354432 0.6303612869198313 0.01953125 0.026041666666666668
0 0.6290704113924052 0.6220543248945148 0.01953125 0.026041666666666668
0 0.7222270569620255 0.7185733122362868 0.01953125 0.026041666666666668
0 0.7343908227848103 0.70393723628692 0.01953125 0.026041666666666668
0 0.7987697784810128 0.7067062236286921 0.01953125 0.026041666666666668
0 0.8213172468354433 0.7067062236286921 0.01953125 0.026041666666666668
0 0.8020332278481014 0.6912790084388186 0.01953125 0.026041666666666668
0 0.8236906645569622 0.68020305907173 0.01953125 0.026041666666666668
0 0.8423813291139243 0.6881144514767933 0.01953125 0.026041666666666668
0 0.7619818037974685 0.6616112869198313 0.01953125 0.026041666666666668
0 0.7513014240506332 0.6560733122362868 0.01953125 0.026041666666666668
0 0.7578283227848103 0.6196809071729957 0.01953125 0.026041666666666668
0 0.7400276898734179 0.6315479957805907 0.01953125 0.026041666666666668
0 0.7225237341772153 0.6232410337552743 0.01953125 0.026041666666666668
0 0.7260838607594938 0.6275922995780591 0.01953125 0.026041666666666668
0 0.730237341772152 0.6339214135021097 0.01953125 0.026041666666666668
0 0.7136234177215193 0.68020305907173 0.01953125 0.026041666666666668
0 0.6789121835443039 0.6865321729957805 0.01953125 0.026041666666666668
0 0.676538765822785 0.67268723628692 0.01953125 0.026041666666666668
0 0.6643750000000002 0.6600290084388185 0.01953125 0.026041666666666668
0 0.7103599683544306 0.6940479957805907 0.01953125 0.026041666666666668
0 0.7091732594936709 0.6683359704641351 0.01953125 0.026041666666666668
0 0.8002531645569622 0.64143723628692 0.01953125 0.026041666666666668
0 0.671495253164557 0.6244277426160337 0.01953125 0.026041666666666668
0 0.6593314873417723 0.627196729957806 0.01953125 0.026041666666666668
0 0.6400474683544306 0.6180986286919832 0.01953125 0.026041666666666668
0 0.697306170886076 0.6208676160337553 0.01953125 0.026041666666666668
0 0.7127333860759495 0.6244277426160337 0.01953125 0.026041666666666668
0 0.7070965189873419 0.6331302742616034 0.01953125 0.026041666666666668
0 0.7124367088607596 0.6307568565400844 0.01953125 0.026041666666666668
0 0.8050000000000002 0.6264055907172996 0.01953125 0.026041666666666668
0 0.7791890822784813 0.6232410337552743 0.01953125 0.026041666666666668
0 0.842678006329114 0.6196809071729957 0.01953125 0.026041666666666668
0 0.7643552215189875 0.6453929324894515 0.01953125 0.026041666666666668
0 0.6510245253164558 0.6477663502109704 0.01953125 0.026041666666666668
0 0.6815822784810128 0.6386682489451476 0.01953125 0.026041666666666668
0 0.6231368670886077 0.6137473628691984 0.01953125 0.026041666666666668
0 0.613049841772152 0.6093960970464135 0.01953125 0.026041666666666668
0 0.6071162974683546 0.6188897679324895 0.01953125 0.026041666666666668
0 0.6151265822784812 0.6192853375527426 0.01953125 0.026041666666666668
0 0.812416930379747 0.6097916666666666 0.01953125 0.026041666666666668
0 0.8174604430379748 0.6113739451476793 0.01953125 0.026041666666666668
0 0.8177571202531647 0.6279878691983123 0.01953125 0.026041666666666668
0 0.13638844936708863 0.7136286919831224 0.01953125 0.026041666666666668
0 0.36898338607594944 0.7373628691983124 0.01953125 0.026041666666666668
0 0.15359572784810133 0.6374815400843884 0.01953125 0.026041666666666668
0 0.1616060126582279 0.6347125527426162 0.01953125 0.026041666666666668
0 0.1761431962025317 0.66517141350211 0.01953125 0.026041666666666668
0 0.19809731012658238 0.6505353375527428 0.01953125 0.026041666666666668
0 0.22242484177215197 0.646184071729958 0.01953125 0.026041666666666668
0 0.24971914556962035 0.6157252109704644 0.01953125 0.026041666666666668
0 0.2313251582278482 0.6596334388185656 0.01953125 0.026041666666666668
0 0.1340150316455697 0.6394593881856542 0.01953125 0.026041666666666668
0 0.13579509493670894 0.6200764767932491 0.01953125 0.026041666666666668
0 0.11354430379746841 0.6117695147679326 0.01953125 0.026041666666666668
0 0.1206645569620254 0.6090005274261604 0.01953125 0.026041666666666668
0 0.0993037974683545 0.6113739451476795 0.01953125 0.026041666666666668
0 0.0847666139240507 0.6062315400843884 0.01953125 0.026041666666666668
0 0.07527294303797474 0.6078138185654011 0.01953125 0.026041666666666668
0 0.059845727848101334 0.6101872362869201 0.01953125 0.026041666666666668
0 0.05450553797468361 0.6323391350210973 0.01953125 0.026041666666666668
0 0.0823931962025317 0.6631935654008441 0.01953125 0.026041666666666668
0 0.0690427215189874 0.667940400843882 0.01953125 0.026041666666666668
0 0.0568789556962026 0.6600290084388187 0.01953125 0.026041666666666668
0 0.07645965189873424 0.6525131856540086 0.01953125 0.026041666666666668
0 0.09782041139240512 0.6358992616033757 0.01953125 0.026041666666666668
0 0.12689477848101274 0.629174578059072 0.01953125 0.026041666666666668
0 0.11710443037974692 0.6430195147679327 0.01953125 0.026041666666666668
0 0.17703322784810133 0.6165163502109706 0.01953125 0.026041666666666668
0 0.17673655063291147 0.6062315400843884 0.01953125 0.026041666666666668
0 0.1817800632911393 0.6010891350210973 0.01953125 0.026041666666666668
0 0.2055142405063292 0.6086049578059073 0.01953125 0.026041666666666668
0 0.21174446202531652 0.6050448312236288 0.01953125 0.026041666666666668
0 0.1889003164556963 0.6157252109704644 0.01953125 0.026041666666666668
0 0.2209414556962026 0.6311524261603377 0.01953125 0.026041666666666668
0 0.25802610759493677 0.6090005274261604 0.01953125 0.026041666666666668
0 0.2752333860759495 0.6086049578059073 0.01953125 0.026041666666666668
0 0.28472705696202544 0.6090005274261604 0.01953125 0.026041666666666668
0 0.28205696202531655 0.6212631856540086 0.01953125 0.026041666666666668
0 0.20937104430379755 0.6212631856540086 0.01953125 0.026041666666666668
0 0.1743631329113925 0.6374815400843884 0.01953125 0.026041666666666668
0 0.15003560126582285 0.6588422995780593 0.01953125 0.026041666666666668
0 0.13104825949367094 0.6624024261603377 0.01953125 0.026041666666666668
0 0.14469541139240513 0.6699182489451477 0.01953125 0.026041666666666668
0 0.12303797468354435 0.660424578059072 0.01953125 0.026041666666666668
0 0.08565664556962033 0.6457885021097048 0.01953125 0.026041666666666668
0 0.13965189873417727 0.6101872362869201 0.01953125 0.026041666666666668
0 0.194240506329114 0.6046492616033757 0.01953125 0.026041666666666668
0 0.23340189873417727 0.6105828059071732 0.01953125 0.026041666666666668
0 0.24734572784810133 0.6022758438818568 0.01953125 0.026041666666666668
0 0.22301819620253174 0.6208676160337554 0.01953125 0.026041666666666668
0 0.18237341772151902 0.6374815400843884 0.01953125 0.026041666666666668
0 0.14973892405063297 0.6192853375527428 0.01953125 0.026041666666666668
0 0.2331052215189874 0.6358992616033757 0.01953125 0.026041666666666668
0 0.05747231012658226 0.7405274261603377 0.01953125 0.026041666666666668
0 0.012377373417721493 0.7017616033755275 0.01953125 0.026041666666666668
0 0.04619857594936708 0.6748628691983124 0.01953125 0.026041666666666668
0 0.019497626582278473 0.6329324894514768 0.01953125 0.026041666666666668
0 0.010597310126582257 0.6004957805907173 0.01953125 0.026041666666666668
0 0.5636036392405065 0.5134704641350212 0.01953125 0.026041666666666668
0 0.21115110759493674 0.5617299578059073 0.01953125 0.026041666666666668
0 0.2485324367088608 0.5775527426160338 0.01953125 0.026041666666666668
0 0.2512025316455697 0.5793328059071731 0.01953125 0.026041666666666668
0 0.29837420886075955 0.5797283755274263 0.01953125 0.026041666666666668
0 0.304307753164557 0.5785416666666668 0.01953125 0.026041666666666668
0 0.3129113924050634 0.5813106540084388 0.01953125 0.026041666666666668
0 0.3140981012658229 0.5824973628691984 0.01953125 0.026041666666666668
0 0.2624762658227849 0.5793328059071731 0.01953125 0.026041666666666668
0 0.2749367088607596 0.5813106540084388 0.01953125 0.026041666666666668
0 0.27849683544303805 0.5769593881856541 0.01953125 0.026041666666666668
0 0.23280854430379755 0.574190400843882 0.01953125 0.026041666666666668
0 0.21530458860759502 0.5674657172995782 0.01953125 0.026041666666666668
0 0.17792325949367097 0.5650922995780592 0.01953125 0.026041666666666668
0 0.26662974683544316 0.6493486286919832 0.01953125 0.026041666666666668
0 0.879070411392405 0.6629957805907175 0.01953125 0.026041666666666668
0 0.8636431962025317 0.6289767932489453 0.01953125 0.026041666666666668
0 0.8523694620253164 0.6226476793248947 0.01953125 0.026041666666666668
0 0.9621400316455697 0.6218565400843884 0.01953125 0.026041666666666668
0 0.9829074367088609 0.6392616033755276 0.01953125 0.026041666666666668
0 0.9437460443037975 0.6281856540084391 0.01953125 0.026041666666666668
0 0.9378125 0.632932489451477 0.01953125 0.026041666666666668
0 0.9265387658227848 0.640052742616034 0.01953125 0.026041666666666668
0 0.9099248417721519 0.640052742616034 0.01953125 0.026041666666666668
0 0.8939042721518987 0.6337236286919834 0.01953125 0.026041666666666668
0 0.8766969936708862 0.6273945147679326 0.01953125 0.026041666666666668
0 0.9206052215189874 0.6740717299578062 0.01953125 0.026041666666666668
0 0.9223852848101267 0.7017616033755276 0.01953125 0.026041666666666668
0 0.9864675632911393 0.6709071729957808 0.01953125 0.026041666666666668
0 0.9478995253164557 0.6645780590717302 0.01953125 0.026041666666666668
0 0.9567998417721519 0.6479641350210973 0.01953125 0.026041666666666668
0 0.6079074367088608 0.7128375527426162 0.01953125 0.026041666666666668
0 0.5717128164556963 0.7057172995780593 0.01953125 0.026041666666666668
0 0.9722270569620254 0.5886286919831226 0.01953125 0.026041666666666668
0 0.9799406645569622 0.577552742616034 0.01953125 0.026041666666666668
0 0.9953678797468355 0.7088818565400845 0.01953125 0.026041666666666668
0 0.5681526898734177 0.6194831223628694 0.01953125 0.026041666666666668
0 0.567559335443038 0.6068248945147682 0.01953125 0.026041666666666668
0 0.5616257911392405 0.6084071729957808 0.01953125 0.026041666666666668
0 0.555692246835443 0.6123628691983125 0.01953125 0.026041666666666668
0 0.5432318037974685 0.6139451476793251 0.01953125 0.026041666666666668
0 0.5491653481012658 0.6107805907172997 0.01953125 0.026041666666666668
0 0.5165308544303798 0.6107805907172997 0.01953125 0.026041666666666668
0 0.5094106012658228 0.6052426160337555 0.01953125 0.026041666666666668
0 0.5740862341772153 0.659040084388186 0.01953125 0.026041666666666668
0 0.5663726265822786 0.6629957805907175 0.01953125 0.026041666666666668
0 0.5592523734177216 0.6503375527426162 0.01953125 0.026041666666666668
0 0.5817998417721519 0.6503375527426162 0.01953125 0.026041666666666668
0 0.5159375 0.6978059071729961 0.01953125 0.026041666666666668
0 0.5960403481012658 0.6360970464135023 0.01953125 0.026041666666666668
0 0.5812064873417723 0.6337236286919834 0.01953125 0.026041666666666668
0 0.2273694620253165 0.7227267932489451 0.01953125 0.026041666666666668
0 0.17396756329113927 0.7527900843881855 0.01953125 0.026041666666666668
0 0.4197129954018985 0.5873941971316269 0.01953125 0.026041666666666668
0 0.43318626622507433 0.588472058797481 0.01953125 0.026041666666666668
0 0.43588092038970944 0.5838013249121135 0.01953125 0.026041666666666668
0 0.445042744549469 0.5848791865779676 0.01953125 0.026041666666666668
0 0.45555189579154615 0.5881127715755298 0.01953125 0.026041666666666668
0 0.45528243037508265 0.5942206543487027 0.01953125 0.026041666666666668
0 0.45959387703849885 0.5866756226877243 0.01953125 0.026041666666666668
0 0.39600003875310913 0.5873941971316269 0.01953125 0.026041666666666668
0 0.4089343787433579 0.5848791865779676 0.01953125 0.026041666666666668
0 0.40273667416469705 0.5866756226877243 0.01953125 0.026041666666666668
0 0.3097711054847841 0.6438022909779896 0.01953125 0.026041666666666668
0 0.3027650046567327 0.6247600682145679 0.01953125 0.026041666666666668
0 0.4886961420165586 0.6639223754072655 0.01953125 0.026041666666666668
0 0.521301457408644 0.679731013173125 0.01953125 0.026041666666666668
0 0.4393839708037352 0.7321869475780228 0.01953125 0.026041666666666668
0 0.9215941455696202 0.7812710970464135 0.01953125 0.026041666666666668
0 0.44431420620693796 0.6308053638906693 0.01953125 0.026041666666666668
0 0.44913051669403936 0.6195673060874327 0.01953125 0.026041666666666668
0 0.44993323510855626 0.6120752675519416 0.01953125 0.026041666666666668
0 0.45876313766824217 0.6152861412100092 0.01953125 0.026041666666666668
0 0.45675634163194995 0.6217078885261444 0.01953125 0.026041666666666668
0 0.45996721529001755 0.6227781797455003 0.01953125 0.026041666666666668
0 0.46237537053356825 0.609399539503552 0.01953125 0.026041666666666668
0 0.46638896260615276 0.6072589570648402 0.01953125 0.026041666666666668
0 0.46919847705696194 0.6120752675519416 0.01953125 0.026041666666666668
0 0.4744161467513218 0.6056535202358064 0.01953125 0.026041666666666668
0 0.48605556376181697 0.6099346851132299 0.01953125 0.026041666666666668
0 0.4856542045545585 0.6019075009680609 0.01953125 0.026041666666666668
0 0.494082747906986 0.5992317729196711 0.01953125 0.026041666666666668
0 0.49287867028521065 0.6083292482841961 0.01953125 0.026041666666666668
0 0.49849769918682896 0.6083292482841961 0.01953125 0.026041666666666668
0 0.5041167280884473 0.6099346851132299 0.01953125 0.026041666666666668
0 0.5013072136376381 0.6029777921874168 0.01953125 0.026041666666666668
0 0.49809633997957053 0.600837209748705 0.01953125 0.026041666666666668
0 0.5033140096739304 0.600302064139027 0.01953125 0.026041666666666668
0 0.3704641120713827 0.6436488585229398 0.01953125 0.026041666666666668
0 0.5169602227207177 0.617426723648721 0.01953125 0.026041666666666668
0 0.5045180872957057 0.624918762184212 0.01953125 0.026041666666666668
0 0.5005044952231212 0.6211727429164665 0.01953125 0.026041666666666668
0 0.4932800294924691 0.6291999270616356 0.01953125 0.026041666666666668
0 0.48886507821262615 0.6324108007197032 0.01953125 0.026041666666666668
0 0.48043653486019866 0.6265241990132459 0.01953125 0.026041666666666668
0 0.4511373127303316 0.6447191497422957 0.01953125 0.026041666666666668
0 0.4511373127303316 0.6340162375487369 0.01953125 0.026041666666666668
0 0.4110013920044864 0.6340162375487369 0.01953125 0.026041666666666668
0 0.5261352848101266 0.6125685654008439 0.01953125 0.026041666666666668
0 0.5261352848101266 0.6044672995780591 0.01953125 0.026041666666666668
0 0.5398061708860761 0.613581223628692 0.01953125 0.026041666666666668
0 0.5360087025316458 0.6115559071729958 0.01953125 0.026041666666666668
0 0.5352492088607597 0.6024419831223629 0.01953125 0.026041666666666668
0 0.5398061708860761 0.6004166666666667 0.01953125 0.026041666666666668
0 0.5474011075949369 0.6024419831223629 0.01953125 0.026041666666666668
0 0.5565150316455697 0.6024419831223629 0.01953125 0.026041666666666668
0 0.5436036392405065 0.6297837552742617 0.01953125 0.026041666666666668
0 0.548920094936709 0.6297837552742617 0.01953125 0.026041666666666668
0 0.5776123296422487 0.6162599375354911 0.01953125 0.026041666666666668
0 0.5769734880749574 0.6085938387279954 0.01953125 0.026041666666666668
0 0.5737792802385008 0.6017795286768882 0.01953125 0.026041666666666668
0 0.5820842206132879 0.6051866837024419 0.01953125 0.026041666666666668
0 0.5833619037478706 0.6120009937535491 0.01953125 0.026041666666666668
0 0.5891114778534923 0.6085938387279954 0.01953125 0.026041666666666668
0 0.5910280025553662 0.617963515048268 0.01953125 0.026041666666666668
0 0.5954998935264054 0.6128527825099376 0.01953125 0.026041666666666668
0 0.6031659923339011 0.6051866837024419 0.01953125 0.026041666666666668
0 0.6018883091993185 0.6137045712663259 0.01953125 0.026041666666666668
0 0.5999717844974446 0.6102974162407723 0.01953125 0.026041666666666668
0 0.6178593483816013 0.6085938387279954 0.01953125 0.026041666666666668
0 0.6351080706984668 0.6102974162407723 0.01953125 0.026041666666666668
0 0.6344692291311754 0.6145563600227143 0.01953125 0.026041666666666668
0 0.6421353279386712 0.6077420499716071 0.01953125 0.026041666666666668
0 0.6498014267461669 0.6111492049971606 0.01953125 0.026041666666666668
0 0.65618984241908 0.6068902612152186 0.01953125 0.026041666666666668
0 0.6542733177172061 0.6205188813174333 0.01953125 0.026041666666666668
0 0.6625782580919932 0.6111492049971606 0.01953125 0.026041666666666668
0 0.6702443568994889 0.6094456274843839 0.01953125 0.026041666666666668
0 0.6753550894378194 0.6068902612152186 0.01953125 0.026041666666666668
0 0.6804658219761498 0.6077420499716071 0.01953125 0.026041666666666668
0 0.6868542376490631 0.6068902612152186 0.01953125 0.026041666666666668
0 0.6868542376490631 0.6128527825099376 0.01953125 0.026041666666666668
0 0.6945203364565588 0.6111492049971606 0.01953125 0.026041666666666668
0 0.6989922274275979 0.6060384724588302 0.01953125 0.026041666666666668
0 0.7047418015332196 0.6102974162407723 0.01953125 0.026041666666666668
0 0.7072971678023849 0.6171117262918796 0.01953125 0.026041666666666668
0 0.7111302172061328 0.6145563600227143 0.01953125 0.026041666666666668
0 0.7104913756388415 0.6094456274843839 0.01953125 0.026041666666666668
0 0.7181574744463373 0.6128527825099376 0.01953125 0.026041666666666668
0 0.7219905238500851 0.6120009937535491 0.01953125 0.026041666666666668
0 0.7315731473594548 0.6162599375354911 0.01953125 0.026041666666666668
0 0.7386004045996591 0.6188153038046563 0.01953125 0.026041666666666668
0 0.744349978705281 0.617963515048268 0.01953125 0.026041666666666668
0 0.7494607112436116 0.6162599375354911 0.01953125 0.026041666666666668
0 0.7656446976149914 0.619667092561045 0.01953125 0.026041666666666668
0 0.7886429940374786 0.6145563600227144 0.01953125 0.026041666666666668
0 0.7963090928449745 0.6128527825099376 0.01953125 0.026041666666666668
0 0.7899206771720613 0.6324439239068712 0.01953125 0.026041666666666668
0 0.7841711030664396 0.6486279102782511 0.01953125 0.026041666666666668
0 0.7937537265758091 0.6494796990346395 0.01953125 0.026041666666666668
0 0.7816157367972743 0.6375546564452016 0.01953125 0.026041666666666668
0 0.7790603705281091 0.6051866837024419 0.01953125 0.026041666666666668
0 0.7848099446337308 0.6017795286768882 0.01953125 0.026041666666666668
0 0.8039751916524702 0.6034831061896649 0.01953125 0.026041666666666668
0 0.7867264693356048 0.5941134298693925 0.01953125 0.026041666666666668
0 0.7790603705281091 0.5924098523566156 0.01953125 0.026041666666666668
