0 0.03152777777777775 0.8926133999167706 0.05 0.0749063670411985
0 0.09086111111111095 0.9086627826328201 0.05 0.0749063670411985
0 0.2490833333333332 0.9284158690525731 0.05 0.0749063670411985
0 0.3009999999999998 0.9444652517686225 0.05 0.0749063670411985
0 0.3265462962962961 0.9185393258426966 0.05 0.0749063670411985
0 0.3611574074074073 0.9024899431266472 0.05 0.0749063670411985
0 0.42049074074074055 0.9049590789291164 0.05 0.0749063670411985
0 0.4913611111111109 0.9098973505340546 0.05 0.0749063670411985
0 0.5622314814814813 0.9136010542377583 0.05 0.0749063670411985
0 0.5993148148148147 0.9012553752254127 0.05 0.0749063670411985
0 0.670185185185185 0.9049590789291164 0.05 0.0749063670411985
0 0.7122129629629629 0.906193646830351 0.05 0.0749063670411985
0 0.7600092592592591 0.9086627826328201 0.05 0.0749063670411985
0 0.8333518518518517 0.8913788320155361 0.05 0.0749063670411985
0 0.9413055555555555 0.9148356221389929 0.05 0.0749063670411985
0 0.8968055555555554 0.9284158690525731 0.05 0.0749063670411985
0 0.9973425925925925 0.8296504369538077 0.05 0.0749063670411985
0 0.8547777777777776 0.8111319184352892 0.05 0.0749063670411985
0 0.7937962962962962 0.791378832015536 0.05 0.0749063670411985
0 0.7221018518518517 0.8012553752254126 0.05 0.0749063670411985
0 0.6833703703703702 0.7901442641143016 0.05 0.0749063670411985
0 0.6207407407407406 0.7950825357192398 0.05 0.0749063670411985
0 0.5218518518518518 0.8074282147315854 0.05 0.0749063670411985
0 0.469111111111111 0.8012553752254126 0.05 0.0749063670411985
0 0.4007129629629628 0.788909696213067 0.05 0.0749063670411985
0 0.2919351851851851 0.7876751283118324 0.05 0.0749063670411985
0 0.202111111111111 0.8111319184352892 0.05 0.0749063670411985
0 0.14277777777777761 0.8136010542377583 0.05 0.0749063670411985
0 0.04471296296296281 0.8321195727562769 0.05 0.0749063670411985
0 0.010925925925925775 0.7024899431266473 0.05 0.0749063670411985
0 0.10239814814814796 0.6975516715217089 0.05 0.0749063670411985
0 0.1724444444444443 0.7160701900402274 0.05 0.0749063670411985
0 0.20705555555555538 0.7210084616451656 0.05 0.0749063670411985
0 0.26309259259259243 0.680267720904425 0.05 0.0749063670411985
0 0.3265462962962961 0.6926133999167707 0.05 0.0749063670411985
0 0.3784629629629629 0.6839714246081287 0.05 0.0749063670411985
0 0.4518055555555554 0.6938479678180052 0.05 0.0749063670411985
0 0.5086666666666664 0.7234775974476348 0.05 0.0749063670411985
0 0.5597592592592591 0.6864405604105979 0.05 0.0749063670411985
0 0.6306296296296295 0.6975516715217089 0.05 0.0749063670411985
0 0.8333518518518517 0.688909696213067 0.05 0.0749063670411985
0 0.9149351851851851 0.7049590789291164 0.05 0.0749063670411985
0 0.958611111111111 0.6987862394229436 0.05 0.0749063670411985
0 0.9511944444444445 0.6210084616451658 0.05 0.0749063670411985
0 0.892685185185185 0.6247121653488694 0.05 0.0749063670411985
0 0.8160462962962961 0.6000208073241781 0.05 0.0749063670411985
0 0.7583611111111109 0.6037245110278817 0.05 0.0749063670411985
0 0.6965555555555554 0.6123664863365238 0.05 0.0749063670411985
0 0.6347499999999999 0.5938479678180052 0.05 0.0749063670411985
0 0.5745925925925924 0.6098973505340546 0.05 0.0749063670411985
0 0.48724074074074053 0.6024899431266473 0.05 0.0749063670411985
0 0.43614814814814795 0.6160701900402275 0.05 0.0749063670411985
0 0.40565740740740724 0.6173047579414621 0.05 0.0749063670411985
0 0.346324074074074 0.6012553752254127 0.05 0.0749063670411985
0 0.28204629629629624 0.6049590789291164 0.05 0.0749063670411985
0 0.21694444444444433 0.5753294492994868 0.05 0.0749063670411985
0 0.18233333333333315 0.5950825357192399 0.05 0.0749063670411985
0 0.12547222222222207 0.5753294492994868 0.05 0.0749063670411985
0 0.06449074074074058 0.5839714246081287 0.05 0.0749063670411985
0 0.06284259259259244 0.5024899431266472 0.05 0.0749063670411985
0 0.12217592592592577 0.4950825357192399 0.05 0.0749063670411985
0 0.17409259259259247 0.49878623942294353 0.05 0.0749063670411985
0 0.22848148148148137 0.5123664863365237 0.05 0.0749063670411985
0 0.2894629629629628 0.5136010542377584 0.05 0.0749063670411985
0 0.3372592592592591 0.5185393258426966 0.05 0.0749063670411985
0 0.3702222222222221 0.5210084616451658 0.05 0.0749063670411985
0 0.45922222222222203 0.5642183381883756 0.05 0.0749063670411985
0 0.41719444444444437 0.5617492023859064 0.05 0.0749063670411985
0 0.5333888888888887 0.5123664863365237 0.05 0.0749063670411985
0 0.5539907407407406 0.5210084616451658 0.05 0.0749063670411985
0 0.6108518518518516 0.42471216534886946 0.05 0.0749063670411985
0 0.5614074074074072 0.44199611596615346 0.05 0.0749063670411985
0 0.7575370370370369 0.4296504369538078 0.05 0.0749063670411985
0 0.8078055555555553 0.42471216534886946 0.05 0.0749063670411985
0 0.8490092592592592 0.4296504369538078 0.05 0.0749063670411985
0 0.902574074074074 0.4481689554723262 0.05 0.0749063670411985
0 0.9083425925925925 0.5185393258426966 0.05 0.0749063670411985
0 0.9495462962962962 0.5185393258426966 0.05 0.0749063670411985
0 0.9932222222222221 0.45681093078096824 0.05 0.0749063670411985
0 0.9338888888888888 0.3827368567068942 0.05 0.0749063670411985
0 0.9635555555555554 0.3876751283118324 0.05 0.0749063670411985
0 0.8663148148148148 0.37409488139825214 0.05 0.0749063670411985
0 0.8209907407407406 0.36545290608961023 0.05 0.0749063670411985
0 0.7929722222222221 0.3642183381883756 0.05 0.0749063670411985
0 0.7501203703703702 0.30866278263282015 0.05 0.0749063670411985
0 0.6899629629629628 0.3950825357192399 0.05 0.0749063670411985
0 0.6446388888888888 0.3629837702871411 0.05 0.0749063670411985
0 0.5020740740740739 0.4222430295464003 0.05 0.0749063670411985
0 0.4353240740740739 0.4222430295464003 0.05 0.0749063670411985
0 0.37104629629629615 0.4086627826328201 0.05 0.0749063670411985
0 0.3141851851851851 0.4074282147315855 0.05 0.0749063670411985
0 0.2894629629629628 0.41483562213899294 0.05 0.0749063670411985
0 0.23837037037037023 0.4395269801636843 0.05 0.0749063670411985
0 0.18562962962962945 0.3382924122624497 0.05 0.0749063670411985
0 0.09662962962962947 0.4284158690525732 0.05 0.0749063670411985
0 0.05377777777777762 0.397551671521709 0.05 0.0749063670411985
0 0.019990740740740594 0.25187265917602997 0.05 0.0749063670411985
0 0.0636666666666665 0.29014426411430155 0.05 0.0749063670411985
0 0.09250925925925908 0.29137883201553605 0.05 0.0749063670411985
0 0.13948148148148132 0.28273685670689414 0.05 0.0749063670411985
0 0.18810185185185171 0.2703911776945485 0.05 0.0749063670411985
0 0.23177777777777767 0.30866278263282015 0.05 0.0749063670411985
0 0.2515555555555554 0.34199611596615337 0.05 0.0749063670411985
0 0.2993518518518517 0.2777985851019559 0.05 0.0749063670411985
0 0.31006481481481474 0.3568109307809683 0.05 0.0749063670411985
0 0.346324074074074 0.35063809127479545 0.05 0.0749063670411985
0 0.39082407407407405 0.36051463448467197 0.05 0.0749063670411985
0 0.4262592592592591 0.3148356221389929 0.05 0.0749063670411985
0 0.4608703703703702 0.3469343875710918 0.05 0.0749063670411985
0 0.46828703703703695 0.2963171036204744 0.05 0.0749063670411985
0 0.5070185185185184 0.3185393258426967 0.05 0.0749063670411985
0 0.5103148148148147 0.37656401720072136 0.05 0.0749063670411985
0 0.5366851851851852 0.371625745595783 0.05 0.0749063670411985
0 0.6009629629629628 0.3790331530031905 0.05 0.0749063670411985
0 0.5877777777777776 0.31607019004022746 0.05 0.0749063670411985
0 0.6157962962962962 0.31113191843528926 0.05 0.0749063670411985
0 0.6495833333333332 0.3148356221389929 0.05 0.0749063670411985
0 0.6874907407407406 0.2975516715217089 0.05 0.0749063670411985
0 0.802037037037037 0.23952698016368426 0.05 0.0749063670411985
0 0.746 0.18890969621306702 0.05 0.0749063670411985
0 0.35950925925925914 0.3037245110278818 0.05 0.0749063670411985
0 0.33149074074074064 0.2777985851019559 0.05 0.0749063670411985
0 0.03729629629629613 0.22347759744763487 0.05 0.0749063670411985
0 0.08344444444444427 0.22224302954640038 0.05 0.0749063670411985
0 0.13618518518518502 0.19755167152170897 0.05 0.0749063670411985
0 0.07932407407407392 0.17656401720072132 0.05 0.0749063670411985
0 0.10239814814814796 0.14199611596615347 0.05 0.0749063670411985
0 0.0867407407407406 0.030885004855042298 0.05 0.0749063670411985
0 0.03729629629629613 0.025946733250104142 0.05 0.0749063670411985
0 0.04141666666666652 0.12965043695380776 0.05 0.0749063670411985
0 0.17409259259259247 0.018539325842696585 0.05 0.0749063670411985
0 0.21364814814814803 0.097551671521709 0.05 0.0749063670411985
0 0.1979907407407406 0.14446525176862257 0.05 0.0749063670411985
0 0.21776851851851842 0.20002080732417815 0.05 0.0749063670411985
0 0.2293055555555554 0.24816895547232629 0.05 0.0749063670411985
0 0.2235370370370369 0.018539325842696585 0.05 0.0749063670411985
0 0.2762777777777777 0.0716257455957831 0.05 0.0749063670411985
0 0.26886111111111094 0.10495907892911635 0.05 0.0749063670411985
0 0.2853425925925924 0.1506380912747954 0.05 0.0749063670411985
0 0.32901851851851843 0.10742821473158554 0.05 0.0749063670411985
0 0.3281944444444443 0.20989735053405467 0.05 0.0749063670411985
0 0.28204629629629624 0.21236648633652386 0.05 0.0749063670411985
0 0.2597962962962962 0.23582327645998058 0.05 0.0749063670411985
0 0.4114259259259258 0.24323068386738791 0.05 0.0749063670411985
0 0.35538888888888875 0.04816895547232627 0.05 0.0749063670411985
0 0.35950925925925914 0.008662782632820061 0.05 0.0749063670411985
0 0.38752777777777764 0.027181301151338627 0.05 0.0749063670411985
0 0.3998888888888888 0.06545290608961024 0.05 0.0749063670411985
0 0.38999999999999985 0.12347759744763491 0.05 0.0749063670411985
0 0.38670370370370366 0.1666874739908448 0.05 0.0749063670411985
0 0.3438518518518518 0.16174920238590654 0.05 0.0749063670411985
0 0.38587962962962946 0.23582327645998058 0.05 0.0749063670411985
0 0.4633425925925924 0.5136010542377584 0.05 0.0749063670411985
0 0.4320277777777777 0.061749202385906574 0.05 0.0749063670411985
0 0.43120370370370353 0.014835622138992916 0.05 0.0749063670411985
0 0.43367592592592574 0.11977389374393124 0.05 0.0749063670411985
0 0.45757407407407397 0.2074282147315855 0.05 0.0749063670411985
0 0.43614814814814795 0.2333541406575114 0.05 0.0749063670411985
0 0.48971296296296285 0.22594673325010406 0.05 0.0749063670411985
0 0.4905370370370369 0.17039117769454845 0.05 0.0749063670411985
0 0.4674629629629628 0.12347759744763491 0.05 0.0749063670411985
0 0.47240740740740716 0.011131918435289245 0.05 0.0749063670411985
0 0.48971296296296285 0.06298377028714106 0.05 0.0749063670411985
0 0.525148148148148 0.0703911776945485 0.05 0.0749063670411985
0 0.5061944444444443 0.10372451102788185 0.05 0.0749063670411985
0 0.5309166666666666 0.17162574559578306 0.05 0.0749063670411985
0 0.570472222222222 0.1679220418920794 0.05 0.0749063670411985
0 0.5844814814814814 0.1247121653488695 0.05 0.0749063670411985
0 0.7624814814814813 0.6691566097933138 0.05 0.0749063670411985
0 0.9371851851851851 0.25187265917602997 0.05 0.0749063670411985
0 0.9149351851851851 0.26421833818837565 0.05 0.0749063670411985
0 0.9503703703703702 0.33211957275627685 0.05 0.0749063670411985
0 0.9923981481481481 0.3284158690525732 0.05 0.0749063670411985
0 0.970148148148148 0.24076154806491884 0.05 0.0749063670411985
0 0.8654907407407406 0.30002080732417813 0.05 0.0749063670411985
0 0.8382962962962962 0.22224302954640038 0.05 0.0749063670411985
0 0.8638425925925926 0.12718130115133858 0.05 0.0749063670411985
0 0.8968055555555554 0.0703911776945485 0.05 0.0749063670411985
0 0.9174074074074073 0.06051463448467198 0.05 0.0749063670411985
0 0.9446018518518516 0.029650436953807813 0.05 0.0749063670411985
0 0.9413055555555555 0.06792204189207932 0.05 0.0749063670411985
0 0.9717962962962962 0.13211957275627687 0.05 0.0749063670411985
0 0.9956944444444443 0.10989735053405472 0.05 0.0749063670411985
0 0.9923981481481481 0.08026772090442504 0.05 0.0749063670411985
0 0.8440648148148147 0.0852059925093633 0.05 0.0749063670411985
0 0.7929722222222221 0.032119572756277 0.05 0.0749063670411985
0 0.7674259259259258 0.037057844361215155 0.05 0.0749063670411985
0 0.7344629629629629 0.08150228880565963 0.05 0.0749063670411985
0 0.7039722222222221 0.08026772090442504 0.05 0.0749063670411985
0 0.7352870370370368 0.13088500485504226 0.05 0.0749063670411985
0 0.680898148148148 0.17039117769454845 0.05 0.0749063670411985
0 0.6495833333333332 0.2210084616451658 0.05 0.0749063670411985
0 0.5737685185185184 0.0703911776945485 0.05 0.0749063670411985
0 0.6454629629629628 0.11853932584269665 0.05 0.0749063670411985
0 0.6487592592592591 0.18520599250936326 0.05 0.0749063670411985
0 0.6050833333333333 0.1790331530031904 0.05 0.0749063670411985
0 0.5712962962962962 0.24323068386738791 0.05 0.0749063670411985
0 0.5366851851851852 0.2555763628797336 0.05 0.0749063670411985
0 0.5185555555555553 0.22594673325010406 0.05 0.0749063670411985
0 0.6611203703703703 0.08150228880565963 0.05 0.0749063670411985
0 0.6232129629629628 0.028415869052573112 0.05 0.0749063670411985
0 0.6520555555555555 0.038292412262449636 0.05 0.0749063670411985
0 0.6940833333333332 0.029650436953807813 0.05 0.0749063670411985
0 0.7245740740740739 0.035823276459980666 0.05 0.0749063670411985
0 0.6050833333333333 0.0839714246081287 0.05 0.0749063670411985
0 0.8086296296296296 0.1382924122624497 0.05 0.0749063670411985
0 0.8086296296296296 0.07779858510195596 0.05 0.0749063670411985
0 0.45015740740740723 0.1642183381883756 0.05 0.0749063670411985
0 0.5391574074074073 0.3049590789291164 0.05 0.0749063670411985
0 0.6182685185185184 0.25928006658343733 0.05 0.0749063670411985
0 0.7056203703703703 0.2370578443612152 0.05 0.0749063670411985
0 0.9289444444444444 0.2049590789291164 0.05 0.0749063670411985
0 0.9619074074074073 0.20125537522541265 0.05 0.0749063670411985
0 0.9956944444444443 0.234588708558746 0.05 0.0749063670411985
0 0.9215277777777777 0.13088500485504226 0.05 0.0749063670411985
0 0.8292314814814813 0.15310722707726448 0.05 0.0749063670411985
0 0.769898148148148 0.14940352337356083 0.05 0.0749063670411985
0 0.1436018518518517 0.14940352337356083 0.05 0.0749063670411985
0 0.3224259259259257 0.04940352337356086 0.05 0.0749063670411985
0 0.6298055555555554 0.0852059925093633 0.05 0.0749063670411985
0 0.8745555555555555 0.008662782632820061 0.05 0.0749063670411985
0 0.8333518518518517 0.038292412262449636 0.05 0.0749063670411985
0 0.5935462962962962 0.02100846164516577 0.05 0.0749063670411985
0 0.5490462962962961 0.018539325842696585 0.05 0.0749063670411985
0 0.8827962962962963 0.19384796781800528 0.05 0.0749063670411985
0 0.891861111111111 0.31607019004022746 0.05 0.0749063670411985
0 0.01834259259259245 0.6024899431266473 0.05 0.0749063670411985
0 0.20870370370370356 0.9160701900402275 0.05 0.0749063670411985
0 0.3523988511488511 0.7323537885335636 0.05 0.0749063670411985
0 0.2904607892107892 0.19805662502291715 0.05 0.0749063670411985
0 0.2395117382617383 0.19057347147234788 0.05 0.0749063670411985
0 0.9967544955044952 0.19356673289257562 0.05 0.0749063670411985
0 0.6760751748251747 0.24894206916678827 0.05 0.0749063670411985
0 0.5611900599400599 0.20853303999371417 0.05 0.0749063670411985
0 0.5432080419580418 0.2130229321240557 0.05 0.0749063670411985
0 0.5122390109890109 0.006487894128343662 0.05 0.0749063670411985
0 0.35939185814185814 0.447993953611931 0.05 0.0749063670411985
0 0.8299213286713285 0.17860042579143706 0.05 0.0749063670411985
