0 0.07700682511086472 0.6986107261640798 0.01953125 0.026041666666666668
0 0.05871414218403545 0.8026757668144863 0.01953125 0.026041666666666668
0 0.04895804462305983 0.6921066611234293 0.01953125 0.026041666666666668
0 0.034323898281596404 0.9327570676274944 0.01953125 0.026041666666666668
0 0.14529950803769404 0.8238139781966001 0.01953125 0.026041666666666668
0 0.1306653616962306 0.8839765798226163 0.01953125 0.026041666666666668
0 0.17090926413525506 0.9441391814486327 0.01953125 0.026041666666666668
0 0.11725072754988916 0.9669034090909093 0.01953125 0.026041666666666668
0 0.19895804462305994 0.6986107261640798 0.01953125 0.026041666666666668
0 0.2379824348669624 0.709992839985218 0.01953125 0.026041666666666668
0 0.2770068251108649 0.8368221082779009 0.01953125 0.026041666666666668
0 0.1367629226718404 0.6709684497413155 0.01953125 0.026041666666666668
0 0.1099336543791574 0.6351960920177381 0.01953125 0.026041666666666668
0 0.14407999584257208 0.631944059497413 0.01953125 0.026041666666666668
0 0.08920194706208427 0.6351960920177381 0.01953125 0.026041666666666668
0 0.01603121535476714 0.5880416204730227 0.01953125 0.026041666666666668
0 0.22090926413525505 0.6417001570583887 0.01953125 0.026041666666666668
0 0.27578731291574293 0.6433261733185512 0.01953125 0.026041666666666668
0 0.2782263373059869 0.7246269863266814 0.01953125 0.026041666666666668
0 0.3135921909645234 0.7311310513673318 0.01953125 0.026041666666666668
0 0.3538360934035479 0.7734074741315594 0.01953125 0.026041666666666668
0 0.4404214592572065 0.8433261733185513 0.01953125 0.026041666666666668
0 0.45749462998891377 0.9327570676274944 0.01953125 0.026041666666666668
0 0.41115316657427964 0.788041620473023 0.01953125 0.026041666666666668
0 0.4331043860864746 0.7148708887657057 0.01953125 0.026041666666666668
0 0.3648117031596453 0.7181229212860311 0.01953125 0.026041666666666668
0 0.33066536169623073 0.6969847099039171 0.01953125 0.026041666666666668
0 0.347738532427938 0.648204222099039 0.01953125 0.026041666666666668
0 0.3209092641352551 0.6270660107169252 0.01953125 0.026041666666666668
0 0.2928604836474502 0.6254399944567626 0.01953125 0.026041666666666668
0 0.39529950803769415 0.6758464985218032 0.01953125 0.026041666666666668
0 0.40749462998891367 0.6351960920177381 0.01953125 0.026041666666666668
0 0.46481170315964543 0.6612123521803399 0.01953125 0.026041666666666668
0 0.49042145925720637 0.7246269863266814 0.01953125 0.026041666666666668
0 0.5160312153547675 0.713244872505543 0.01953125 0.026041666666666668
0 0.5221287763303771 0.771781457871397 0.01953125 0.026041666666666668
0 0.5404214592572064 0.853082270879527 0.01953125 0.026041666666666668
0 0.630665361696231 0.8368221082779009 0.01953125 0.026041666666666668
0 0.730665361696231 0.9116188562453806 0.01953125 0.026041666666666668
0 0.7111531665742797 0.7766595066518848 0.01953125 0.026041666666666668
0 0.7648117031596456 0.7603993440502586 0.01953125 0.026041666666666668
0 0.8111531665742798 0.7669034090909089 0.01953125 0.026041666666666668
0 0.8257873129157431 0.9457651977087953 0.01953125 0.026041666666666668
0 0.8721287763303773 0.8823505635624538 0.01953125 0.026041666666666668
0 0.8623726787694017 0.8140578806356246 0.01953125 0.026041666666666668
0 0.9038360934035481 0.7945456855136733 0.01953125 0.026041666666666668
0 0.9404214592572067 0.7750334903917221 0.01953125 0.026041666666666668
0 0.983104386086475 0.8969847099039172 0.01953125 0.026041666666666668
0 0.9940799958425727 0.7977977180339985 0.01953125 0.026041666666666668
0 0.9928604836474505 0.7376351164079823 0.01953125 0.026041666666666668
0 0.9709092641352554 0.6595863359201773 0.01953125 0.026041666666666668
0 0.933104386086475 0.7067408074648928 0.01953125 0.026041666666666668
0 0.8855434104767188 0.7083668237250552 0.01953125 0.026041666666666668
0 0.858714142184036 0.6904806448632668 0.01953125 0.026041666666666668
0 0.7831043860864749 0.7181229212860311 0.01953125 0.026041666666666668
0 0.8026165812084262 0.6368221082779009 0.01953125 0.026041666666666668
0 0.8501775568181823 0.648204222099039 0.01953125 0.026041666666666668
0 0.8867629226718409 0.664464384700665 0.01953125 0.026041666666666668
0 0.9135921909645237 0.6449521895787138 0.01953125 0.026041666666666668
0 0.8879824348669628 0.6091798318551366 0.01953125 0.026041666666666668
0 0.933104386086475 0.6238139781966 0.01953125 0.026041666666666668
0 0.9721287763303774 0.6205619456762749 0.01953125 0.026041666666666668
0 0.9879824348669629 0.6010497505543235 0.01953125 0.026041666666666668
0 0.9696897519401335 0.5847895879526975 0.01953125 0.026041666666666668
0 0.9867629226718408 0.5685294253510714 0.01953125 0.026041666666666668
0 0.7367629226718406 0.7067408074648928 0.01953125 0.026041666666666668
0 0.7026165812084261 0.7018627586844048 0.01953125 0.026041666666666668
0 0.7209092641352554 0.6579603196600147 0.01953125 0.026041666666666668
0 0.6916409714523285 0.6303180432372505 0.01953125 0.026041666666666668
0 0.6660312153547674 0.6238139781966 0.01953125 0.026041666666666668
0 0.6331043860864748 0.6530822708795269 0.01953125 0.026041666666666668
0 0.6428604836474504 0.7164969050258684 0.01953125 0.026041666666666668
0 0.5977385324279381 0.7343830838876569 0.01953125 0.026041666666666668
0 0.5806653616962308 0.6823505635624536 0.01953125 0.026041666666666668
0 0.54895804462306 0.6156838968957871 0.01953125 0.026041666666666668
0 0.5806653616962308 0.6368221082779009 0.01953125 0.026041666666666668
0 0.5221287763303771 0.6351960920177381 0.01953125 0.026041666666666668
0 0.49651902023281624 0.6449521895787138 0.01953125 0.026041666666666668
0 0.4721287763303771 0.6221879619364374 0.01953125 0.026041666666666668
0 0.4392019470620845 0.6059277993348113 0.01953125 0.026041666666666668
0 0.05871414218403549 0.5937326773835918 0.01953125 0.026041666666666668
0 0.06054341047671841 0.5652773928307463 0.01953125 0.026041666666666668
0 0.037372678769401334 0.5628383684405025 0.01953125 0.026041666666666668
0 0.020299508037694043 0.5482042220990391 0.01953125 0.026041666666666668
0 0.003226337305986709 0.572594466001478 0.01953125 0.026041666666666668
0 0.07334828852549892 0.558773327790096 0.01953125 0.026041666666666668
0 0.09956780072062084 0.5636513765705837 0.01953125 0.026041666666666668
0 0.10810438608647449 0.5807245473022912 0.01953125 0.026041666666666668
0 0.1404214592572062 0.596984709903917 0.01953125 0.026041666666666668
0 0.12212877633037693 0.5847895879526975 0.01953125 0.026041666666666668
0 0.15261658120842575 0.566903409090909 0.01953125 0.026041666666666668
0 0.18554341047671838 0.5872286123429415 0.01953125 0.026041666666666668
0 0.19590926413525497 0.599423734294161 0.01953125 0.026041666666666668
0 0.14164097145232818 0.48316357169253504 0.01953125 0.026041666666666668
0 0.10566536169623059 0.5205619456762748 0.01953125 0.026041666666666668
0 0.07761658120842574 0.5099928399852179 0.01953125 0.026041666666666668
0 0.05017755681818185 0.5303180432372504 0.01953125 0.026041666666666668
0 0.04225072754988914 0.5043017830746488 0.01953125 0.026041666666666668
0 0.011762922671840354 0.49698470990391713 0.01953125 0.026041666666666668
0 0.03127511779379159 0.4896676367331854 0.01953125 0.026041666666666668
0 0.016031215354767217 0.47909853104212846 0.01953125 0.026041666666666668
0 0.04468975194013305 0.4864156042128602 0.01953125 0.026041666666666668
0 0.06298243486696231 0.491293652993348 0.01953125 0.026041666666666668
0 0.07273853242793793 0.48804162047302285 0.01953125 0.026041666666666668
0 0.09956780072062084 0.4734074741315593 0.01953125 0.026041666666666668
0 0.11542145925720625 0.47909853104212846 0.01953125 0.026041666666666668
0 0.13066536169623058 0.47909853104212846 0.01953125 0.026041666666666668
0 0.14103121535476718 0.46283836844050247 0.01953125 0.026041666666666668
0 0.15383609340354765 0.4612123521803399 0.01953125 0.026041666666666668
0 0.24042145925720618 0.531944059497413 0.01953125 0.026041666666666668
0 0.22395804462305985 0.5173099131559497 0.01953125 0.026041666666666668
0 0.24347023974501109 0.5571473115299334 0.01953125 0.026041666666666668
0 0.25688487389135256 0.5807245473022912 0.01953125 0.026041666666666668
0 0.26054341047671836 0.6156838968957871 0.01953125 0.026041666666666668
0 0.2727385324279379 0.5701554416112342 0.01953125 0.026041666666666668
0 0.30200682511086474 0.5807245473022912 0.01953125 0.026041666666666668
0 0.3398117031596452 0.5880416204730227 0.01953125 0.026041666666666668
0 0.37395804462305987 0.6099928399852179 0.01953125 0.026041666666666668
0 0.3672507275498891 0.5831635716925351 0.01953125 0.026041666666666668
0 0.4038360934035476 0.5717814578713968 0.01953125 0.026041666666666668
0 0.3562751177937915 0.5522692627494455 0.01953125 0.026041666666666668
0 0.3410312153547671 0.5644643847006651 0.01953125 0.026041666666666668
0 0.3684702397450111 0.5392611326681447 0.01953125 0.026041666666666668
0 0.3806653616962306 0.5392611326681447 0.01953125 0.026041666666666668
0 0.39164097145232807 0.5286920269770878 0.01953125 0.026041666666666668
0 0.3422507275498891 0.531944059497413 0.01953125 0.026041666666666668
0 0.36054341047671834 0.5051147912047301 0.01953125 0.026041666666666668
0 0.3160312153547672 0.5392611326681447 0.01953125 0.026041666666666668
0 0.30200682511086474 0.5246269863266814 0.01953125 0.026041666666666668
0 0.28371414218403546 0.5230009700665187 0.01953125 0.026041666666666668
0 0.2666409714523282 0.526253002586844 0.01953125 0.026041666666666668
0 0.270909264135255 0.5465782058388764 0.01953125 0.026041666666666668
0 0.26237267876940135 0.49373267738359194 0.01953125 0.026041666666666668
0 0.24773853242793792 0.5059277993348114 0.01953125 0.026041666666666668
0 0.23432389828159647 0.49535869364375457 0.01953125 0.026041666666666668
0 0.25017755681818177 0.4896676367331854 0.01953125 0.026041666666666668
0 0.26176292267184037 0.4644643847006651 0.01953125 0.026041666666666668
0 0.2831043860864745 0.4823505635624537 0.01953125 0.026041666666666668
0 0.29712877633037693 0.49373267738359194 0.01953125 0.026041666666666668
0 0.2818848738913525 0.5043017830746488 0.01953125 0.026041666666666668
0 0.3074946299889135 0.5059277993348114 0.01953125 0.026041666666666668
0 0.31725072754988914 0.4896676367331854 0.01953125 0.026041666666666668
0 0.2489580446230599 0.4701554416112342 0.01953125 0.026041666666666668
0 0.24468975194013298 0.44413918144863257 0.01953125 0.026041666666666668
0 0.23371414218403547 0.44576519770879525 0.01953125 0.026041666666666668
0 0.2562751177937916 0.45308227087952685 0.01953125 0.026041666666666668
0 0.3751775568181818 0.5124318643754618 0.01953125 0.026041666666666668
0 0.39164097145232807 0.5099928399852179 0.01953125 0.026041666666666668
0 0.41176292267184034 0.5230009700665187 0.01953125 0.026041666666666668
0 0.44225072754988903 0.5490172302291204 0.01953125 0.026041666666666668
0 0.4355434104767184 0.5717814578713968 0.01953125 0.026041666666666668
0 0.4770068251108647 0.5595863359201773 0.01953125 0.026041666666666668
0 0.47029950803769394 0.5986107261640797 0.01953125 0.026041666666666668
0 0.46786048364745014 0.531944059497413 0.01953125 0.026041666666666668
0 0.4568848738913525 0.5490172302291204 0.01953125 0.026041666666666668
0 0.4898117031596453 0.5555212952697708 0.01953125 0.026041666666666668
0 0.4538360934035477 0.5010497505543237 0.01953125 0.026041666666666668
0 0.43920194706208415 0.49048064486326665 0.01953125 0.026041666666666668
0 0.42883609340354767 0.5026757668144862 0.01953125 0.026041666666666668
0 0.4324946299889136 0.5246269863266814 0.01953125 0.026041666666666668
0 0.4568848738913525 0.531944059497413 0.01953125 0.026041666666666668
0 0.47944584950110863 0.5026757668144862 0.01953125 0.026041666666666668
0 0.38127511779379153 0.49373267738359194 0.01953125 0.026041666666666668
0 0.40078731291574277 0.4864156042128602 0.01953125 0.026041666666666668
0 0.4142019470620843 0.49698470990391713 0.01953125 0.026041666666666668
0 0.4087141421840355 0.4677164172209903 0.01953125 0.026041666666666668
0 0.41603121535476717 0.4774725147819659 0.01953125 0.026041666666666668
0 0.4282263373059866 0.4717814578713968 0.01953125 0.026041666666666668
0 0.4263970690133037 0.4644643847006651 0.01953125 0.026041666666666668
0 0.36176292267184035 0.48072454730229114 0.01953125 0.026041666666666668
0 0.3660312153547671 0.4685294253510716 0.01953125 0.026041666666666668
0 0.35566536169623053 0.4717814578713968 0.01953125 0.026041666666666668
0 0.3276165812084257 0.5067408074648928 0.01953125 0.026041666666666668
0 0.3422507275498891 0.48804162047302285 0.01953125 0.026041666666666668
0 0.32334828852549885 0.4571473115299334 0.01953125 0.026041666666666668
0 0.3148117031596452 0.4612123521803399 0.01953125 0.026041666666666668
0 0.294689751940133 0.4685294253510716 0.01953125 0.026041666666666668
0 0.3373726787694013 0.45308227087952685 0.01953125 0.026041666666666668
0 0.3532263373059867 0.4571473115299334 0.01953125 0.026041666666666668
0 0.35444584950110863 0.44983023835920166 0.01953125 0.026041666666666668
0 0.36786048364745016 0.44820422209903904 0.01953125 0.026041666666666668
0 0.3751775568181818 0.45877332779009605 0.01953125 0.026041666666666668
0 0.3879824348669623 0.48072454730229114 0.01953125 0.026041666666666668
0 0.3824946299889135 0.475033490391722 0.01953125 0.026041666666666668
0 0.38127511779379153 0.4660904009608277 0.01953125 0.026041666666666668
0 0.38493365437915744 0.4514562546193643 0.01953125 0.026041666666666668
0 0.39164097145232807 0.44413918144863257 0.01953125 0.026041666666666668
0 0.6885921909645233 0.5896676367331853 0.01953125 0.026041666666666668
0 0.6148117031596453 0.6083668237250554 0.01953125 0.026041666666666668
0 0.6495678007206208 0.5628383684405025 0.01953125 0.026041666666666668
0 0.5940799958425721 0.5945456855136733 0.01953125 0.026041666666666668
0 0.5733482885254989 0.6051147912047301 0.01953125 0.026041666666666668
0 0.5623726787694013 0.5864156042128602 0.01953125 0.026041666666666668
0 0.5306653616962307 0.599423734294161 0.01953125 0.026041666666666668
0 0.5160312153547673 0.5538952790096082 0.01953125 0.026041666666666668
0 0.5544458495011088 0.566903409090909 0.01953125 0.026041666666666668
0 0.5385921909645233 0.5482042220990391 0.01953125 0.026041666666666668
0 0.5294458495011087 0.526253002586844 0.01953125 0.026041666666666668
0 0.546519020232816 0.5221879619364375 0.01953125 0.026041666666666668
0 0.5635921909645233 0.526253002586844 0.01953125 0.026041666666666668
0 0.5434702397450111 0.4986107261640797 0.01953125 0.026041666666666668
0 0.570299508037694 0.4912936529933481 0.01953125 0.026041666666666668
0 0.5757873129157428 0.5067408074648928 0.01953125 0.026041666666666668
0 0.5538360934035477 0.4790985310421285 0.01953125 0.026041666666666668
0 0.5837141421840355 0.5360091001478196 0.01953125 0.026041666666666668
0 0.5788360934035477 0.5612123521803399 0.01953125 0.026041666666666668
0 0.6044458495011086 0.5571473115299334 0.01953125 0.026041666666666668
0 0.622128776330377 0.5392611326681447 0.01953125 0.026041666666666668
0 0.623348288525499 0.5660904009608276 0.01953125 0.026041666666666668
0 0.6245678007206209 0.5205619456762749 0.01953125 0.026041666666666668
0 0.6056653616962306 0.5132448725055432 0.01953125 0.026041666666666668
0 0.595299508037694 0.4896676367331854 0.01953125 0.026041666666666668
0 0.6123726787694014 0.4896676367331854 0.01953125 0.026041666666666668
0 0.6373726787694014 0.4847895879526976 0.01953125 0.026041666666666668
0 0.6361531665742794 0.5116188562453805 0.01953125 0.026041666666666668
0 0.6562751177937916 0.5148708887657057 0.01953125 0.026041666666666668
0 0.6483482885254989 0.49210666112342927 0.01953125 0.026041666666666668
0 0.6751775568181819 0.4766595066518846 0.01953125 0.026041666666666668
0 0.6940799958425721 0.5099928399852179 0.01953125 0.026041666666666668
0 0.6818848738913525 0.5026757668144862 0.01953125 0.026041666666666668
0 0.67395804462306 0.5067408074648928 0.01953125 0.026041666666666668
0 0.6660312153547672 0.5059277993348114 0.01953125 0.026041666666666668
0 0.6763970690133038 0.5221879619364375 0.01953125 0.026041666666666668
0 0.6916409714523282 0.5538952790096082 0.01953125 0.026041666666666668
0 0.7056653616962306 0.5335700757575755 0.01953125 0.026041666666666668
0 0.7172507275498891 0.5173099131559497 0.01953125 0.026041666666666668
0 0.7404214592572063 0.4823505635624537 0.01953125 0.026041666666666668
0 0.7160312153547672 0.48804162047302285 0.01953125 0.026041666666666668
0 0.7056653616962306 0.49291966925351055 0.01953125 0.026041666666666668
0 0.7056653616962306 0.46039934405025856 0.01953125 0.026041666666666668
0 0.7306653616962306 0.4644643847006651 0.01953125 0.026041666666666668
0 0.7294458495011086 0.5221879619364375 0.01953125 0.026041666666666668
0 0.7172507275498891 0.5660904009608276 0.01953125 0.026041666666666668
0 0.7770068251108647 0.6376351164079822 0.01953125 0.026041666666666668
0 0.768470239745011 0.6774725147819659 0.01953125 0.026041666666666668
0 0.8111531665742794 0.6043017830746488 0.01953125 0.026041666666666668
0 0.8135921909645233 0.566903409090909 0.01953125 0.026041666666666668
0 0.8154214592572061 0.5790985310421285 0.01953125 0.026041666666666668
0 0.8300556055986696 0.5937326773835918 0.01953125 0.026041666666666668
0 0.7831043860864745 0.5799115391722098 0.01953125 0.026041666666666668
0 0.7678604836474501 0.5807245473022912 0.01953125 0.026041666666666668
0 0.8501775568181819 0.6099928399852179 0.01953125 0.026041666666666668
0 0.8678604836474502 0.5758464985218034 0.01953125 0.026041666666666668
0 0.7788360934035476 0.5286920269770878 0.01953125 0.026041666666666668
0 0.8074946299889135 0.526253002586844 0.01953125 0.026041666666666668
0 0.7806653616962307 0.5148708887657057 0.01953125 0.026041666666666668
0 0.7629824348669623 0.5173099131559497 0.01953125 0.026041666666666668
0 0.7727385324279379 0.5059277993348114 0.01953125 0.026041666666666668
0 0.7709092641352551 0.4896676367331854 0.01953125 0.026041666666666668
0 0.7812751177937916 0.4644643847006651 0.01953125 0.026041666666666668
0 0.7922507275498891 0.5083668237250554 0.01953125 0.026041666666666668
0 0.8044458495011085 0.4896676367331854 0.01953125 0.026041666666666668
0 0.8105434104767184 0.49698470990391713 0.01953125 0.026041666666666668
0 0.8270068251108648 0.5010497505543237 0.01953125 0.026041666666666668
0 0.8251775568181817 0.5189359294161122 0.01953125 0.026041666666666668
0 0.8556653616962306 0.5319440594974131 0.01953125 0.026041666666666668
0 0.8806653616962307 0.5335700757575755 0.01953125 0.026041666666666668
0 0.891640971452328 0.5099928399852179 0.01953125 0.026041666666666668
0 0.8715190202328159 0.4912936529933481 0.01953125 0.026041666666666668
0 0.8465190202328159 0.4912936529933481 0.01953125 0.026041666666666668
0 0.8983482885254989 0.5595863359201773 0.01953125 0.026041666666666668
0 0.9245678007206208 0.5612123521803399 0.01953125 0.026041666666666668
0 0.9410312153547672 0.526253002586844 0.01953125 0.026041666666666668
0 0.9355434104767184 0.49535869364375457 0.01953125 0.026041666666666668
0 0.9111531665742794 0.49291966925351055 0.01953125 0.026041666666666668
0 0.9251775568181817 0.4839765798226163 0.01953125 0.026041666666666668
0 0.9599336543791575 0.499423734294161 0.01953125 0.026041666666666668
0 0.9562751177937915 0.4823505635624537 0.01953125 0.026041666666666668
0 0.9526165812084257 0.5189359294161122 0.01953125 0.026041666666666668
0 0.9831043860864745 0.5286920269770878 0.01953125 0.026041666666666668
0 0.9843238982815965 0.49698470990391713 0.01953125 0.026041666666666668
0 0.9977385324279379 0.4709684497413156 0.01953125 0.026041666666666668
0 0.943470239745011 0.45308227087952696 0.01953125 0.026041666666666668
0 0.11968975194013307 0.46161885624538046 0.01953125 0.026041666666666668
0 0.10475072754988919 0.46161885624538046 0.01953125 0.026041666666666668
0 0.09286048364745016 0.46243186437546174 0.01953125 0.026041666666666668
0 0.0962141421840355 0.45511479120473003 0.01953125 0.026041666666666668
0 0.09895804462305989 0.44088714892830727 0.01953125 0.026041666666666668
0 0.1041409714523282 0.44088714892830727 0.01953125 0.026041666666666668
0 0.08889706901330378 0.44088714892830727 0.01953125 0.026041666666666668
0 0.11481170315964526 0.4473912139689577 0.01953125 0.026041666666666668
0 0.12304341047671845 0.44861072616407965 0.01953125 0.026041666666666668
0 0.134019020232816 0.4457651977087951 0.01953125 0.026041666666666668
0 0.14712877633037696 0.43885462860310404 0.01953125 0.026041666666666668
0 0.11999462998891355 0.42869202697708775 0.01953125 0.026041666666666668
0 0.10779950803769403 0.43641560421286013 0.01953125 0.026041666666666668
0 0.08950682511086476 0.42625300258684384 0.01953125 0.026041666666666668
0 0.09895804462305989 0.42340747413155927 0.01953125 0.026041666666666668
0 0.1013970690133038 0.4124318643754617 0.01953125 0.026041666666666668
0 0.10810438608647453 0.42137495380635603 0.01953125 0.026041666666666668
0 0.1093238982815965 0.41324487250554304 0.01953125 0.026041666666666668
0 0.10718975194013305 0.39779771803399827 0.01953125 0.026041666666666668
0 0.09407999584257208 0.4075538155949739 0.01953125 0.026041666666666668
0 0.09895804462305989 0.4043017830746487 0.01953125 0.026041666666666668
0 0.09682389828159649 0.39779771803399827 0.01953125 0.026041666666666668
0 0.1017019470620843 0.39495218957871375 0.01953125 0.026041666666666668
0 0.09987267876940138 0.3884481245380633 0.01953125 0.026041666666666668
0 0.1041409714523282 0.38966763673318533 0.01953125 0.026041666666666668
0 0.10322633730598672 0.3860091001478195 0.01953125 0.026041666666666668
0 0.12090926413525505 0.40064324648928284 0.01953125 0.026041666666666668
0 0.11481170315964526 0.39048064486326667 0.01953125 0.026041666666666668
0 0.12029950803769406 0.41039934405025846 0.01953125 0.026041666666666668
0 0.12700682511086478 0.4043017830746487 0.01953125 0.026041666666666668
0 0.13036048364745018 0.41039934405025846 0.01953125 0.026041666666666668
0 0.0910312153547672 0.3921066611234292 0.01953125 0.026041666666666668
0 0.10353121535476721 0.3656838968957869 0.01953125 0.026041666666666668
0 0.1068848738913526 0.36405788063562433 0.01953125 0.026041666666666668
0 0.10871414218403551 0.36202536031042104 0.01953125 0.026041666666666668
0 0.11084828852549893 0.36487088876570567 0.01953125 0.026041666666666668
0 0.11237267876940135 0.3612123521803398 0.01953125 0.026041666666666668
0 0.11572633730598673 0.35755381559497396 0.01953125 0.026041666666666668
0 0.12090926413525505 0.35755381559497396 0.01953125 0.026041666666666668
0 0.11755560559866965 0.3603993440502585 0.01953125 0.026041666666666668
0 0.09712877633037698 0.3677164172209902 0.01953125 0.026041666666666668
0 0.09529950803769406 0.371374953806356 0.01953125 0.026041666666666668
0 0.09133609340354769 0.3677164172209902 0.01953125 0.026041666666666668
0 0.10322633730598672 0.37503349039172185 0.01953125 0.026041666666666668
0 0.1038360934035477 0.371374953806356 0.01953125 0.026041666666666668
0 0.1065799958425721 0.3685294253510714 0.01953125 0.026041666666666668
0 0.09438487389135258 0.3795050351071691 0.01953125 0.026041666666666668
0 0.07609219096452331 0.371374953806356 0.01953125 0.026041666666666668
0 0.08523853242793795 0.3685294253510714 0.01953125 0.026041666666666668
0 0.08188487389135256 0.3685294253510714 0.01953125 0.026041666666666668
0 0.08645804462305988 0.3803180432372504 0.01953125 0.026041666666666668
0 0.08493365437915745 0.3868221082779008 0.01953125 0.026041666666666668
0 0.14499462998891355 0.41893592941611213 0.01953125 0.026041666666666668
0 0.15566536169623063 0.42787901884700646 0.01953125 0.026041666666666668
0 0.16847023974501113 0.45348877494456746 0.01953125 0.026041666666666668
0 0.15962877633037698 0.4404806448632666 0.01953125 0.026041666666666668
0 0.1657263373059867 0.44129365299334794 0.01953125 0.026041666666666668
0 0.17029950803769403 0.4404806448632666 0.01953125 0.026041666666666668
0 0.1669458495011087 0.43316357169253483 0.01953125 0.026041666666666668
0 0.16968975194013308 0.4177164172209902 0.01953125 0.026041666666666668
0 0.16206780072062088 0.422594466001478 0.01953125 0.026041666666666668
0 0.1666409714523282 0.40308227087952675 0.01953125 0.026041666666666668
0 0.15840926413525505 0.4002367424242422 0.01953125 0.026041666666666668
0 0.14499462998891355 0.39495218957871375 0.01953125 0.026041666666666668
0 0.13279950803769403 0.3965782058388763 0.01953125 0.026041666666666668
0 0.13981170315964525 0.40145625461936413 0.01953125 0.026041666666666668
0 0.1440799958425721 0.4075538155949739 0.01953125 0.026041666666666668
0 0.14865316657427943 0.4095863359201772 0.01953125 0.026041666666666668
0 0.15414097145232822 0.4075538155949739 0.01953125 0.026041666666666668
0 0.1517019470620843 0.4034887749445674 0.01953125 0.026041666666666668
0 0.15688487389135258 0.4140578806356243 0.01953125 0.026041666666666668
0 0.19499462998891356 0.4197489375461934 0.01953125 0.026041666666666668
0 0.1992629226718404 0.40511479120473 0.01953125 0.026041666666666668
0 0.19590926413525503 0.41039934405025846 0.01953125 0.026041666666666668
0 0.18767755681818185 0.40796031966001456 0.01953125 0.026041666666666668
0 0.1892019470620843 0.40145625461936413 0.01953125 0.026041666666666668
0 0.17517755681818184 0.42137495380635603 0.01953125 0.026041666666666668
0 0.18127511779379163 0.4242204822616406 0.01953125 0.026041666666666668
0 0.17731170315964526 0.4095863359201772 0.01953125 0.026041666666666668
0 0.17487267876940135 0.40511479120473 0.01953125 0.026041666666666668
0 0.18127511779379163 0.39617170177383576 0.01953125 0.026041666666666668
0 0.17975072754988916 0.4002367424242422 0.01953125 0.026041666666666668
0 0.1718238982815965 0.3538952790096081 0.01953125 0.026041666666666668
0 0.17578731291574284 0.3538952790096081 0.01953125 0.026041666666666668
0 0.18218975194013307 0.3538952790096081 0.01953125 0.026041666666666668
0 0.17975072754988916 0.35836682372505524 0.01953125 0.026041666666666668
0 0.1770068251108648 0.3628383684405023 0.01953125 0.026041666666666668
0 0.17578731291574284 0.36649690502586824 0.01953125 0.026041666666666668
0 0.1791409714523282 0.3669034090909089 0.01953125 0.026041666666666668
0 0.15962877633037698 0.3612123521803398 0.01953125 0.026041666666666668
0 0.15840926413525505 0.36649690502586824 0.01953125 0.026041666666666668
0 0.16145804462305993 0.3669034090909089 0.01953125 0.026041666666666668
0 0.17060438608647452 0.35755381559497396 0.01953125 0.026041666666666668
0 0.16816536169623061 0.36202536031042104 0.01953125 0.026041666666666668
0 0.16603121535476723 0.35755381559497396 0.01953125 0.026041666666666668
0 0.16603121535476723 0.36649690502586824 0.01953125 0.026041666666666668
0 0.14895804462305992 0.37381397819659995 0.01953125 0.026041666666666668
0 0.14377511779379162 0.3742204822616406 0.01953125 0.026041666666666668
0 0.14468975194013306 0.371374953806356 0.01953125 0.026041666666666668
0 0.14011658120842574 0.37300097006651867 0.01953125 0.026041666666666668
0 0.14377511779379162 0.3803180432372504 0.01953125 0.026041666666666668
0 0.134019020232816 0.388854628603104 0.01953125 0.026041666666666668
0 0.1309702397450111 0.3868221082779008 0.01953125 0.026041666666666668
0 0.14072633730598674 0.3884481245380633 0.01953125 0.026041666666666668
0 0.15657999584257212 0.39048064486326667 0.01953125 0.026041666666666668
0 0.15810438608647454 0.371374953806356 0.01953125 0.026041666666666668
0 0.16054341047671844 0.3701554416112341 0.01953125 0.026041666666666668
0 0.15048243486696236 0.3868221082779008 0.01953125 0.026041666666666668
0 0.15231170315964526 0.3774725147819658 0.01953125 0.026041666666666668
0 0.15475072754988917 0.3795050351071691 0.01953125 0.026041666666666668
0 0.16389706901330384 0.3860091001478195 0.01953125 0.026041666666666668
0 0.1657263373059867 0.3795050351071691 0.01953125 0.026041666666666668
0 0.1675556055986697 0.3778790188470064 0.01953125 0.026041666666666668
0 0.17273853242793794 0.3778790188470064 0.01953125 0.026041666666666668
0 0.171519020232816 0.37300097006651867 0.01953125 0.026041666666666668
0 0.16877511779379165 0.371374953806356 0.01953125 0.026041666666666668
0 0.17609219096452336 0.3803180432372504 0.01953125 0.026041666666666668
0 0.17334828852549894 0.38478958795269746 0.01953125 0.026041666666666668
0 0.1642019470620843 0.3941391814486324 0.01953125 0.026041666666666668
0 0.17883609340354772 0.3766595066518845 0.01953125 0.026041666666666668
0 0.19011658120842576 0.3803180432372504 0.01953125 0.026041666666666668
0 0.19621414218403546 0.37381397819659995 0.01953125 0.026041666666666668
0 0.1989580446230599 0.3746269863266813 0.01953125 0.026041666666666668
0 0.20322633730598674 0.37381397819659995 0.01953125 0.026041666666666668
0 0.19225072754988917 0.37381397819659995 0.01953125 0.026041666666666668
0 0.18706780072062087 0.371374953806356 0.01953125 0.026041666666666668
0 0.18523853242793795 0.3701554416112341 0.01953125 0.026041666666666668
0 0.18645804462305984 0.3612123521803398 0.01953125 0.026041666666666668
0 0.18950682511086478 0.36649690502586824 0.01953125 0.026041666666666668
0 0.18950682511086478 0.36202536031042104 0.01953125 0.026041666666666668
0 0.18615316657427944 0.39495218957871375 0.01953125 0.026041666666666668
0 0.19286048364745018 0.3868221082779008 0.01953125 0.026041666666666668
0 0.18584828852549895 0.4197489375461934 0.01953125 0.026041666666666668
0 0.20871414218403553 0.4140578806356243 0.01953125 0.026041666666666668
0 0.21664097145232822 0.41121235218033975 0.01953125 0.026041666666666668
0 0.21633609340354773 0.3766595066518845 0.01953125 0.026041666666666668
0 0.20627511779379162 0.40145625461936413 0.01953125 0.026041666666666668
0 0.1992629226718404 0.396984709903917 0.01953125 0.026041666666666668
0 0.19834828852549893 0.3892611326681447 0.01953125 0.026041666666666668
0 0.20139706901330381 0.3868221082779008 0.01953125 0.026041666666666668
0 0.20353121535476723 0.38397657982261624 0.01953125 0.026041666666666668
0 0.20597023974501114 0.3921066611234292 0.01953125 0.026041666666666668
0 0.20383609340354772 0.42869202697708775 0.01953125 0.026041666666666668
0 0.2020068251108648 0.42218796193643743 0.01953125 0.026041666666666668
0 0.22334828852549896 0.41852942535107157 0.01953125 0.026041666666666668
0 0.21542145925720627 0.42869202697708775 0.01953125 0.026041666666666668
0 0.21298243486696236 0.42137495380635603 0.01953125 0.026041666666666668
0 0.23645804462305992 0.4217814578713967 0.01953125 0.026041666666666668
0 0.20048243486696232 0.3685294253510714 0.01953125 0.026041666666666668
0 0.20048243486696232 0.363244872505543 0.01953125 0.026041666666666668
0 0.21054341047671846 0.3742204822616406 0.01953125 0.026041666666666668
0 0.21725072754988917 0.3677164172209902 0.01953125 0.026041666666666668
0 0.21999462998891356 0.3603993440502585 0.01953125 0.026041666666666668
0 0.1943848738913526 0.3998302383592016 0.01953125 0.026041666666666668
0 0.007799508037694025 0.43072454730229115 0.01953125 0.026041666666666668
0 0.004140971452328188 0.44901723022912043 0.01953125 0.026041666666666668
0 0.013287312915742821 0.44901723022912043 0.01953125 0.026041666666666668
0 0.004140971452328188 0.4766595066518846 0.01953125 0.026041666666666668
0 0.0053604836474501405 0.416903409090909 0.01953125 0.026041666666666668
0 0.00932389828159647 0.40430178307464887 0.01953125 0.026041666666666668
0 0.005970239745011107 0.3904806448632667 0.01953125 0.026041666666666668
0 0.004750727549889154 0.3835700757575757 0.01953125 0.026041666666666668
0 0.011458044623059882 0.38519609201773825 0.01953125 0.026041666666666668
0 0.01115316657427941 0.37950503510716915 0.01953125 0.026041666666666668
0 0.015116581208425739 0.38438308388765696 0.01953125 0.026041666666666668
0 0.0038360934035476953 0.36974893754619353 0.01953125 0.026041666666666668
0 0.011458044623059882 0.4242204822616407 0.01953125 0.026041666666666668
0 0.0029214592572062363 0.39779771803399844 0.01953125 0.026041666666666668
0 0.2724336543791574 0.4510497505543236 0.01953125 0.026041666666666668
0 0.28889706901330375 0.4453586936437545 0.01953125 0.026041666666666668
0 0.2818848738913525 0.4587733277900959 0.01953125 0.026041666666666668
0 0.2922507275498892 0.45511479120473014 0.01953125 0.026041666666666668
0 0.3020068251108648 0.4380416204730228 0.01953125 0.026041666666666668
0 0.29133609340354766 0.43438308388765684 0.01953125 0.026041666666666668
0 0.29682389828159644 0.42706601071692524 0.01953125 0.026041666666666668
0 0.2666409714523281 0.43519609201773823 0.01953125 0.026041666666666668
0 0.25932389828159647 0.4388546286031041 0.01953125 0.026041666666666668
0 0.25170194706208426 0.4372286123429414 0.01953125 0.026041666666666668
0 0.2477385324279379 0.42991153917220976 0.01953125 0.026041666666666668
0 0.24407999584257203 0.4254399944567626 0.01953125 0.026041666666666668
0 0.2431653616962306 0.4189359294161122 0.01953125 0.026041666666666668
0 0.2477385324279379 0.4006432464892829 0.01953125 0.026041666666666668
0 0.24682389828159645 0.3917001570583886 0.01953125 0.026041666666666668
0 0.25993365437915744 0.3933261733185512 0.01953125 0.026041666666666668
0 0.26389706901330373 0.3941391814486325 0.01953125 0.026041666666666668
0 0.25840926413525495 0.4234074741315594 0.01953125 0.026041666666666668
0 0.25322633730598665 0.4262530025868439 0.01953125 0.026041666666666668
0 0.25322633730598665 0.41690340909090895 0.01953125 0.026041666666666668
0 0.2492629226718403 0.41446438470066505 0.01953125 0.026041666666666668
0 0.2471287763303769 0.41609040096082767 0.01953125 0.026041666666666668
0 0.27151902023281593 0.4234074741315594 0.01953125 0.026041666666666668
0 0.2699946299889135 0.41609040096082767 0.01953125 0.026041666666666668
0 0.2751775568181818 0.4128383684405024 0.01953125 0.026041666666666668
0 0.2672507275498891 0.40958633592017724 0.01953125 0.026041666666666668
0 0.2849336543791574 0.4262530025868439 0.01953125 0.026041666666666668
0 0.28798243486696234 0.4164969050258683 0.01953125 0.026041666666666668
0 0.2773117031596452 0.4360091001478195 0.01953125 0.026041666666666668
0 0.29499462998891357 0.4108058481152992 0.01953125 0.026041666666666668
0 0.28920194706208424 0.4079603196600146 0.01953125 0.026041666666666668
0 0.29133609340354766 0.398204222099039 0.01953125 0.026041666666666668
0 0.28676292267184034 0.398204222099039 0.01953125 0.026041666666666668
0 0.2809702397450111 0.3949521895787138 0.01953125 0.026041666666666668
0 0.2721287763303769 0.39454568551367314 0.01953125 0.026041666666666668
0 0.29773853242793796 0.3925131651884699 0.01953125 0.026041666666666668
0 0.28523853242793795 0.38722861234294154 0.01953125 0.026041666666666668
0 0.29956780072062084 0.4006432464892829 0.01953125 0.026041666666666668
0 0.30383609340354767 0.42015544161123414 0.01953125 0.026041666666666668
0 0.308409264135255 0.41161885624538047 0.01953125 0.026041666666666668
0 0.30993365437915743 0.41527739283074633 0.01953125 0.026041666666666668
0 0.3138970690133038 0.4079603196600146 0.01953125 0.026041666666666668
0 0.30048243486696224 0.41365137657058376 0.01953125 0.026041666666666668
0 0.31298243486696226 0.4254399944567626 0.01953125 0.026041666666666668
0 0.3172507275498891 0.4173099131559496 0.01953125 0.026041666666666668
0 0.320299508037694 0.41609040096082767 0.01953125 0.026041666666666668
0 0.3239580446230599 0.40958633592017724 0.01953125 0.026041666666666668
0 0.3434702397450111 0.4730009700665187 0.01953125 0.026041666666666668
0 0.3724336543791575 0.4990172302291203 0.01953125 0.026041666666666668
0 0.3956043860864745 0.4632448725055431 0.01953125 0.026041666666666668
0 0.4026165812084258 0.44657820583887636 0.01953125 0.026041666666666668
0 0.39773853242793794 0.43194405949741305 0.01953125 0.026041666666666668
0 0.4120678007206209 0.4335700757575756 0.01953125 0.026041666666666668
0 0.41786048364745004 0.44332617331855123 0.01953125 0.026041666666666668
0 0.3895068251108648 0.4315375554323724 0.01953125 0.026041666666666668
0 0.38036048364745007 0.43438308388765684 0.01953125 0.026041666666666668
0 0.37731170315964524 0.44170015705838866 0.01953125 0.026041666666666668
0 0.3684702397450111 0.42706601071692524 0.01953125 0.026041666666666668
0 0.37548243486696237 0.42991153917220976 0.01953125 0.026041666666666668
0 0.38554341047671836 0.42747251478196585 0.01953125 0.026041666666666668
0 0.3611531665742794 0.42991153917220976 0.01953125 0.026041666666666668
0 0.3541409714523282 0.4290985310421285 0.01953125 0.026041666666666668
0 0.34651902023281594 0.4372286123429414 0.01953125 0.026041666666666668
0 0.34103121535476716 0.42706601071692524 0.01953125 0.026041666666666668
0 0.33127511779379154 0.44170015705838866 0.01953125 0.026041666666666668
0 0.3309702397450111 0.43235056356245366 0.01953125 0.026041666666666668
0 0.32182389828159647 0.44088714892830727 0.01953125 0.026041666666666668
0 0.3227385324279379 0.42991153917220976 0.01953125 0.026041666666666668
0 0.32731170315964525 0.41609040096082767 0.01953125 0.026041666666666668
0 0.3385921909645233 0.41690340909090895 0.01953125 0.026041666666666668
0 0.3358482885254989 0.4108058481152992 0.01953125 0.026041666666666668
0 0.33493365437915745 0.39698470990391704 0.01953125 0.026041666666666668
0 0.3315799958425721 0.4055212952697707 0.01953125 0.026041666666666668
0 0.32639706901330373 0.4006432464892829 0.01953125 0.026041666666666668
0 0.33340926413525496 0.39129365299334795 0.01953125 0.026041666666666668
0 0.33036048364745013 0.3977977180339984 0.01953125 0.026041666666666668
0 0.3385921909645233 0.39129365299334795 0.01953125 0.026041666666666668
0 0.3407263373059867 0.4006432464892829 0.01953125 0.026041666666666668
0 0.3373726787694013 0.4051147912047301 0.01953125 0.026041666666666668
0 0.3471287763303769 0.40714731152993333 0.01953125 0.026041666666666668
0 0.35048243486696234 0.4164969050258683 0.01953125 0.026041666666666668
0 0.35840926413525503 0.41446438470066505 0.01953125 0.026041666666666668
0 0.36328731291574284 0.41690340909090895 0.01953125 0.026041666666666668
0 0.36968975194013304 0.41365137657058376 0.01953125 0.026041666666666668
0 0.3770068251108647 0.4209684497413155 0.01953125 0.026041666666666668
0 0.3776165812084258 0.40633430339985205 0.01953125 0.026041666666666668
0 0.36968975194013304 0.40714731152993333 0.01953125 0.026041666666666668
0 0.36786048364745016 0.40145625461936424 0.01953125 0.026041666666666668
0 0.3824946299889135 0.4124318643754618 0.01953125 0.026041666666666668
0 0.3913360934035477 0.4164969050258683 0.01953125 0.026041666666666668
0 0.4010921909645233 0.41365137657058376 0.01953125 0.026041666666666668
0 0.40231170315964526 0.42178145787139676 0.01953125 0.026041666666666668
0 0.40993365437915746 0.4124318643754618 0.01953125 0.026041666666666668
0 0.4172507275498892 0.4051147912047301 0.01953125 0.026041666666666668
0 0.4081043860864746 0.40145625461936424 0.01953125 0.026041666666666668
0 0.41389706901330375 0.39617170177383576 0.01953125 0.026041666666666668
0 0.40078731291574277 0.4022692627494455 0.01953125 0.026041666666666668
0 0.39651902023281593 0.40958633592017724 0.01953125 0.026041666666666668
0 0.3922507275498891 0.4034887749445675 0.01953125 0.026041666666666668
0 0.39651902023281593 0.39617170177383576 0.01953125 0.026041666666666668
0 0.38645804462305994 0.3998302383592016 0.01953125 0.026041666666666668
0 0.39468975194013306 0.38885462860310405 0.01953125 0.026041666666666668
0 0.4669458495011087 0.4746269863266815 0.01953125 0.026041666666666668
0 0.4498726787694014 0.4762530025868441 0.01953125 0.026041666666666668
0 0.4574946299889136 0.4664969050258685 0.01953125 0.026041666666666668
0 0.46542145925720624 0.45714731152993354 0.01953125 0.026041666666666668
0 0.45993365437915745 0.4490172302291205 0.01953125 0.026041666666666668
0 0.4395068251108648 0.4408871489283075 0.01953125 0.026041666666666668
0 0.43310438608647445 0.43519609201773846 0.01953125 0.026041666666666668
0 0.4279214592572062 0.44535869364375474 0.01953125 0.026041666666666668
0 0.4224336543791574 0.4278790188470067 0.01953125 0.026041666666666668
0 0.44743365437915744 0.4311310513673319 0.01953125 0.026041666666666668
0 0.5142019470620842 0.4896676367331856 0.01953125 0.026041666666666668
0 0.5032263373059866 0.4839765798226165 0.01953125 0.026041666666666668
0 0.4864580446230599 0.46527739283074654 0.01953125 0.026041666666666668
0 0.47548243486696234 0.4538952790096083 0.01953125 0.026041666666666668
0 0.4922507275498892 0.44617170177383597 0.01953125 0.026041666666666668
0 0.4806653616962306 0.4417001570583889 0.01953125 0.026041666666666668
0 0.48005560559866967 0.4282855229120473 0.01953125 0.026041666666666668
0 0.5824946299889137 0.45267576681448635 0.01953125 0.026041666666666668
0 0.5788360934035477 0.43153755543237254 0.01953125 0.026041666666666668
0 0.5837141421840356 0.4282855229120473 0.01953125 0.026041666666666668
0 0.5788360934035477 0.42259446600147826 0.01953125 0.026041666666666668
0 0.5696897519401332 0.42381397819660016 0.01953125 0.026041666666666668
0 0.5654214592572063 0.4384481245380636 0.01953125 0.026041666666666668
0 0.5895068251108647 0.47828552291204735 0.01953125 0.026041666666666668
0 0.6102385324279379 0.4299115391722099 0.01953125 0.026041666666666668
0 0.6074946299889137 0.42259446600147826 0.01953125 0.026041666666666668
0 0.5913360934035478 0.4234074741315595 0.01953125 0.026041666666666668
0 0.49895804462305987 0.4189359294161124 0.01953125 0.026041666666666668
0 0.5001775568181819 0.4099928399852181 0.01953125 0.026041666666666668
0 0.5105434104767185 0.4034887749445677 0.01953125 0.026041666666666668
0 0.5190799958425721 0.4051147912047302 0.01953125 0.026041666666666668
0 0.5236531665742794 0.4059277993348116 0.01953125 0.026041666666666668
0 0.5053604836474501 0.413651376570584 0.01953125 0.026041666666666668
0 0.5081043860864746 0.396171701773836 0.01953125 0.026041666666666668
0 0.5029214592572063 0.40145625461936446 0.01953125 0.026041666666666668
0 0.5047507275498891 0.4051147912047302 0.01953125 0.026041666666666668
0 0.496519020232816 0.4034887749445677 0.01953125 0.026041666666666668
0 0.4821897519401331 0.401862758684405 0.01953125 0.026041666666666668
0 0.4931653616962307 0.40958633592017746 0.01953125 0.026041666666666668
0 0.4751775568181818 0.4217814578713969 0.01953125 0.026041666666666668
0 0.46968975194013307 0.4282855229120473 0.01953125 0.026041666666666668
0 0.4587141421840355 0.4307245473022912 0.01953125 0.026041666666666668
0 0.4535312153547672 0.413651376570584 0.01953125 0.026041666666666668
0 0.4504824348669623 0.4034887749445677 0.01953125 0.026041666666666668
0 0.4483482885254989 0.3933261733185514 0.01953125 0.026041666666666668
0 0.4504824348669623 0.3888546286031042 0.01953125 0.026041666666666668
0 0.4535312153547672 0.39251316518847007 0.01953125 0.026041666666666668
0 0.45779950803769404 0.3953586936437546 0.01953125 0.026041666666666668
0 0.46206780072062087 0.396171701773836 0.01953125 0.026041666666666668
0 0.4684702397450111 0.40145625461936446 0.01953125 0.026041666666666668
0 0.4690799958425721 0.3904806448632669 0.01953125 0.026041666666666668
0 0.4751775568181818 0.3986107261640799 0.01953125 0.026041666666666668
0 0.48310438608647455 0.3904806448632669 0.01953125 0.026041666666666668
0 0.44133609340354774 0.4234074741315595 0.01953125 0.026041666666666668
0 0.4468238982815965 0.420561945676275 0.01953125 0.026041666666666668
0 0.435238532427938 0.4108058481152994 0.01953125 0.026041666666666668
0 0.4248726787694014 0.41243186437546203 0.01953125 0.026041666666666668
0 0.44194584950110866 0.40877332779009606 0.01953125 0.026041666666666668
0 0.4517019470620843 0.4217814578713969 0.01953125 0.026041666666666668
0 0.46542145925720624 0.413651376570584 0.01953125 0.026041666666666668
0 0.370299508037694 0.3904806448632669 0.01953125 0.026041666666666668
0 0.37670194706208426 0.38600910014781964 0.01953125 0.026041666666666668
0 0.3791409714523282 0.3823505635624538 0.01953125 0.026041666666666668
0 0.3867629226718404 0.37991153917220993 0.01953125 0.026041666666666668
0 0.3882873129157428 0.37584649852180346 0.01953125 0.026041666666666668
0 0.3904214592572062 0.3721879619364376 0.01953125 0.026041666666666668
0 0.3867629226718404 0.3904806448632669 0.01953125 0.026041666666666668
0 0.3910312153547672 0.3888546286031042 0.01953125 0.026041666666666668
0 0.3910312153547672 0.3835700757575758 0.01953125 0.026041666666666668
0 0.3943848738913525 0.3795050351071692 0.01953125 0.026041666666666668
0 0.38005560559866963 0.39820422209903916 0.01953125 0.026041666666666668
0 0.37456780072062085 0.39901723022912045 0.01953125 0.026041666666666668
0 0.40017755681818185 0.3823505635624538 0.01953125 0.026041666666666668
0 0.39804341047671843 0.37422048226164084 0.01953125 0.026041666666666668
0 0.40749462998891356 0.37137495380635627 0.01953125 0.026041666666666668
0 0.4096287763303769 0.3721879619364376 0.01953125 0.026041666666666668
0 0.4142019470620843 0.3697489375461937 0.01953125 0.026041666666666668
0 0.41084828852549893 0.38722861234294165 0.01953125 0.026041666666666668
0 0.40810438608647454 0.3904806448632669 0.01953125 0.026041666666666668
0 0.41389706901330375 0.38153755543237255 0.01953125 0.026041666666666668
0 0.41542145925720625 0.3778790188470067 0.01953125 0.026041666666666668
0 0.42426292267184035 0.378692026977088 0.01953125 0.026041666666666668
0 0.4382873129157428 0.3750334903917221 0.01953125 0.026041666666666668
0 0.4349336543791575 0.37422048226164084 0.01953125 0.026041666666666668
0 0.4407263373059867 0.3750334903917221 0.01953125 0.026041666666666668
0 0.42273853242793796 0.3888546286031042 0.01953125 0.026041666666666668
0 0.41664097145232815 0.38966763673318555 0.01953125 0.026041666666666668
0 0.420299508037694 0.39170015705838873 0.01953125 0.026041666666666668
0 0.420909264135255 0.38438308388765713 0.01953125 0.026041666666666668
0 0.42426292267184035 0.38438308388765713 0.01953125 0.026041666666666668
0 0.42761658120842577 0.38682210827790103 0.01953125 0.026041666666666668
0 0.4294458495011087 0.3835700757575758 0.01953125 0.026041666666666668
0 0.4355434104767184 0.3888546286031042 0.01953125 0.026041666666666668
0 0.4382873129157428 0.38438308388765713 0.01953125 0.026041666666666668
0 0.4401165812084258 0.3831635716925352 0.01953125 0.026041666666666668
0 0.44255560559866963 0.3831635716925352 0.01953125 0.026041666666666668
0 0.4257873129157428 0.39983023835920184 0.01953125 0.026041666666666668
0 0.45017755681818183 0.3823505635624538 0.01953125 0.026041666666666668
0 0.4535312153547672 0.3831635716925352 0.01953125 0.026041666666666668
0 0.45901902023281593 0.38438308388765713 0.01953125 0.026041666666666668
0 0.47243365437915746 0.3851960920177384 0.01953125 0.026041666666666668
0 0.47548243486696234 0.3851960920177384 0.01953125 0.026041666666666668
0 0.47365316657427947 0.3888546286031042 0.01953125 0.026041666666666668
0 0.47853121535476717 0.388041620473023 0.01953125 0.026041666666666668
0 0.48249462998891357 0.3835700757575758 0.01953125 0.026041666666666668
0 0.48310438608647455 0.37991153917220993 0.01953125 0.026041666666666668
0 0.4745678007206209 0.37991153917220993 0.01953125 0.026041666666666668
0 0.4767019470620843 0.37991153917220993 0.01953125 0.026041666666666668
0 0.4651165812084258 0.37422048226164084 0.01953125 0.026041666666666668
0 0.46176292267184044 0.370561945676275 0.01953125 0.026041666666666668
0 0.4669458495011087 0.378692026977088 0.01953125 0.026041666666666668
0 0.45718975194013306 0.3750334903917221 0.01953125 0.026041666666666668
0 0.44895804462305994 0.3721879619364376 0.01953125 0.026041666666666668
0 0.45109219096452335 0.3770660107169254 0.01953125 0.026041666666666668
0 0.4449946299889135 0.3778790188470067 0.01953125 0.026041666666666668
0 0.4486531665742794 0.38072454730229127 0.01953125 0.026041666666666668
0 0.47853121535476717 0.39454568551367336 0.01953125 0.026041666666666668
0 0.4257873129157428 0.3697489375461937 0.01953125 0.026041666666666668
0 0.4196897519401331 0.37340747413155956 0.01953125 0.026041666666666668
0 0.42060438608647455 0.3762530025868441 0.01953125 0.026041666666666668
0 0.3858482885254989 0.37137495380635627 0.01953125 0.026041666666666668
0 0.3779214592572062 0.3721879619364376 0.01953125 0.026041666666666668
0 0.384628776330377 0.37584649852180346 0.01953125 0.026041666666666668
0 0.3791409714523282 0.3795050351071692 0.01953125 0.026041666666666668
0 0.3812751177937916 0.3778790188470067 0.01953125 0.026041666666666668
0 0.3690799958425721 0.38600910014781964 0.01953125 0.026041666666666668
0 0.3681653616962306 0.3831635716925352 0.01953125 0.026041666666666668
0 0.36786048364745016 0.37991153917220993 0.01953125 0.026041666666666668
0 0.3690799958425721 0.3778790188470067 0.01953125 0.026041666666666668
0 0.3690799958425721 0.37422048226164084 0.01953125 0.026041666666666668
0 0.47151902023281606 0.41161885624538064 0.01953125 0.026041666666666668
0 0.938287312915743 0.4429196692535107 0.01953125 0.026041666666666668
0 0.9297507275498893 0.4356025960827789 0.01953125 0.026041666666666668
0 0.9361531665742795 0.4303180432372505 0.01953125 0.026041666666666668
0 0.9300556055986696 0.4246269863266814 0.01953125 0.026041666666666668
0 0.9312751177937916 0.4197489375461936 0.01953125 0.026041666666666668
0 0.9410312153547672 0.4242204822616407 0.01953125 0.026041666666666668
0 0.9517019470620843 0.43316357169253505 0.01953125 0.026041666666666668
0 0.947738532427938 0.4221879619364375 0.01953125 0.026041666666666668
0 0.9440799958425721 0.43478958795269756 0.01953125 0.026041666666666668
0 0.9428604836474502 0.41812292128603096 0.01953125 0.026041666666666668
0 0.9584092641352551 0.4246269863266814 0.01953125 0.026041666666666668
0 0.9638970690133039 0.42828552291204725 0.01953125 0.026041666666666668
0 0.9666409714523283 0.4384481245380634 0.01953125 0.026041666666666668
0 0.9486531665742794 0.4502367424242424 0.01953125 0.026041666666666668
0 0.9770068251108649 0.43885462860310415 0.01953125 0.026041666666666668
0 0.9733482885254989 0.4290985310421285 0.01953125 0.026041666666666668
0 0.9730434104767186 0.42300097006651877 0.01953125 0.026041666666666668
0 0.9824946299889137 0.43194405949741305 0.01953125 0.026041666666666668
0 0.984019020232816 0.426253002586844 0.01953125 0.026041666666666668
0 0.9849336543791575 0.4221879619364375 0.01953125 0.026041666666666668
0 0.9895068251108647 0.4217814578713968 0.01953125 0.026041666666666668
0 0.9913360934035478 0.4384481245380634 0.01953125 0.026041666666666668
0 0.9977385324279381 0.42747251478196596 0.01953125 0.026041666666666668
0 0.9986531665742795 0.43478958795269756 0.01953125 0.026041666666666668
0 0.9910312153547673 0.41812292128603096 0.01953125 0.026041666666666668
0 0.9919458495011088 0.4144643847006651 0.01953125 0.026041666666666668
0 0.9962141421840356 0.41324487250554315 0.01953125 0.026041666666666668
0 0.9773117031596454 0.416903409090909 0.01953125 0.026041666666666668
0 0.9824946299889137 0.41527739283074644 0.01953125 0.026041666666666668
0 0.9788360934035477 0.4116188562453806 0.01953125 0.026041666666666668
0 0.9837141421840356 0.40348877494456753 0.01953125 0.026041666666666668
0 0.9876775568181819 0.400643246489283 0.01953125 0.026041666666666668
0 0.9934702397450113 0.40145625461936435 0.01953125 0.026041666666666668
0 0.998348288525499 0.40186275868440496 0.01953125 0.026041666666666668
0 0.9712141421840356 0.40999283998521796 0.01953125 0.026041666666666668
0 0.9635921909645233 0.4116188562453806 0.01953125 0.026041666666666668
0 0.9532263373059868 0.4095863359201773 0.01953125 0.026041666666666668
0 0.9446897519401332 0.4079603196600148 0.01953125 0.026041666666666668
0 0.9492629226718405 0.40430178307464887 0.01953125 0.026041666666666668
0 0.959628776330377 0.4010497505543236 0.01953125 0.026041666666666668
0 0.9663360934035478 0.40430178307464887 0.01953125 0.026041666666666668
0 0.8849336543791575 0.4091798318551367 0.01953125 0.026041666666666668
0 0.8788360934035477 0.40186275868440496 0.01953125 0.026041666666666668
0 0.8910312153547674 0.4079603196600148 0.01953125 0.026041666666666668
0 0.8858482885254989 0.400643246489283 0.01953125 0.026041666666666668
0 0.885238532427938 0.39739121396895777 0.01953125 0.026041666666666668
0 0.8861531665742794 0.39454568551367325 0.01953125 0.026041666666666668
0 0.8916409714523282 0.3961717017738358 0.01953125 0.026041666666666668
0 0.8861531665742794 0.3904806448632667 0.01953125 0.026041666666666668
0 0.8916409714523282 0.3864156042128602 0.01953125 0.026041666666666668
0 0.8995678007206209 0.3990172302291204 0.01953125 0.026041666666666668
0 0.9062751177937918 0.4079603196600148 0.01953125 0.026041666666666668
0 0.9047507275498893 0.3990172302291204 0.01953125 0.026041666666666668
0 0.9099336543791575 0.400643246489283 0.01953125 0.026041666666666668
0 0.9157263373059866 0.4055212952697708 0.01953125 0.026041666666666668
0 0.9154214592572063 0.400643246489283 0.01953125 0.026041666666666668
0 0.9157263373059866 0.3961717017738358 0.01953125 0.026041666666666668
0 0.922128776330377 0.4144643847006651 0.01953125 0.026041666666666668
0 0.9263970690133039 0.4091798318551367 0.01953125 0.026041666666666668
0 0.8986531665742794 0.4071473115299334 0.01953125 0.026041666666666668
0 0.9288360934035477 0.40430178307464887 0.01953125 0.026041666666666668
0 0.9263970690133039 0.3982042220990391 0.01953125 0.026041666666666668
0 0.9355434104767184 0.39779771803399844 0.01953125 0.026041666666666668
0 0.9367629226718404 0.4071473115299334 0.01953125 0.026041666666666668
0 0.946519020232816 0.3917001570583887 0.01953125 0.026041666666666668
0 0.9428604836474502 0.3961717017738358 0.01953125 0.026041666666666668
0 0.945299508037694 0.4010497505543236 0.01953125 0.026041666666666668
0 0.9544458495011088 0.3990172302291204 0.01953125 0.026041666666666668
0 0.9602385324279379 0.3888546286031041 0.01953125 0.026041666666666668
0 0.9584092641352551 0.3917001570583887 0.01953125 0.026041666666666668
0 0.9562751177937916 0.3937326773835919 0.01953125 0.026041666666666668
0 0.9520068251108649 0.38966763673318544 0.01953125 0.026041666666666668
0 0.9632873129157428 0.3823505635624537 0.01953125 0.026041666666666668
0 0.9611531665742794 0.38438308388765696 0.01953125 0.026041666666666668
0 0.9648117031596453 0.3860091001478196 0.01953125 0.026041666666666668
0 0.9681653616962307 0.3880416204730228 0.01953125 0.026041666666666668
0 0.970299508037694 0.3888546286031041 0.01953125 0.026041666666666668
0 0.9730434104767186 0.383163571692535 0.01953125 0.026041666666666668
0 0.9632873129157428 0.39779771803399844 0.01953125 0.026041666666666668
0 0.9632873129157428 0.39535869364375453 0.01953125 0.026041666666666668
0 0.9666409714523283 0.39698470990391715 0.01953125 0.026041666666666668
0 0.9904214592572063 0.3904806448632667 0.01953125 0.026041666666666668
0 0.9943848738913527 0.3786920269770879 0.01953125 0.026041666666666668
0 0.9925556055986696 0.3823505635624537 0.01953125 0.026041666666666668
0 0.9931653616962307 0.37706601071692525 0.01953125 0.026041666666666668
0 0.9943848738913527 0.3742204822616407 0.01953125 0.026041666666666668
0 0.9895068251108647 0.3799115391722098 0.01953125 0.026041666666666668
0 0.984019020232816 0.38275706762749445 0.01953125 0.026041666666666668
0 0.8800556055986697 0.3933261733185513 0.01953125 0.026041666666666668
0 0.8760921909645233 0.38966763673318544 0.01953125 0.026041666666666668
0 0.8760921909645233 0.38438308388765696 0.01953125 0.026041666666666668
0 0.8727385324279379 0.3815375554323724 0.01953125 0.026041666666666668
0 0.8718238982815965 0.3860091001478196 0.01953125 0.026041666666666668
0 0.8629824348669625 0.3917001570583887 0.01953125 0.026041666666666668
0 0.8660312153547672 0.38966763673318544 0.01953125 0.026041666666666668
0 0.8687751177937916 0.3880416204730228 0.01953125 0.026041666666666668
0 0.8715190202328161 0.3933261733185513 0.01953125 0.026041666666666668
0 0.8553604836474501 0.3888546286031041 0.01953125 0.026041666666666668
0 0.857799508037694 0.3835700757575757 0.01953125 0.026041666666666668
0 0.86145804462306 0.38519609201773836 0.01953125 0.026041666666666668
0 0.8638970690133039 0.3864156042128602 0.01953125 0.026041666666666668
0 0.8574946299889135 0.3888546286031041 0.01953125 0.026041666666666668
0 0.8538360934035477 0.3823505635624537 0.01953125 0.026041666666666668
0 0.8474336543791575 0.3835700757575757 0.01953125 0.026041666666666668
0 0.8495678007206209 0.3807245473022911 0.01953125 0.026041666666666668
0 0.8513970690133038 0.3790985310421286 0.01953125 0.026041666666666668
0 0.8535312153547672 0.3742204822616407 0.01953125 0.026041666666666668
0 0.8498726787694014 0.37340747413155945 0.01953125 0.026041666666666668
0 0.846519020232816 0.3742204822616407 0.01953125 0.026041666666666668
0 0.8565799958425722 0.37340747413155945 0.01953125 0.026041666666666668
0 0.8419458495011087 0.37706601071692525 0.01953125 0.026041666666666668
0 0.845299508037694 0.3786920269770879 0.01953125 0.026041666666666668
0 0.8382873129157428 0.3742204822616407 0.01953125 0.026041666666666668
0 0.8410312153547672 0.37137495380635616 0.01953125 0.026041666666666668
0 0.9169458495011088 0.3823505635624537 0.01953125 0.026041666666666668
0 0.9099336543791575 0.3835700757575757 0.01953125 0.026041666666666668
0 0.8998726787694014 0.3917001570583887 0.01953125 0.026041666666666668
0 0.8959092641352551 0.3904806448632667 0.01953125 0.026041666666666668
0 0.8919458495011088 0.38966763673318544 0.01953125 0.026041666666666668
0 0.9108482885254989 0.3933261733185513 0.01953125 0.026041666666666668
0 0.9053604836474501 0.3937326773835919 0.01953125 0.026041666666666668
0 0.9181653616962306 0.3888546286031041 0.01953125 0.026041666666666668
0 0.922738532427938 0.3864156042128602 0.01953125 0.026041666666666668
0 0.920299508037694 0.3860091001478196 0.01953125 0.026041666666666668
0 0.92395804462306 0.3917001570583887 0.01953125 0.026041666666666668
0 0.9273117031596453 0.3908871489283074 0.01953125 0.026041666666666668
0 0.9340190202328161 0.3880416204730228 0.01953125 0.026041666666666668
0 0.9279214592572063 0.3823505635624537 0.01953125 0.026041666666666668
0 0.930970239745011 0.3807245473022911 0.01953125 0.026041666666666668
0 0.9349336543791575 0.37950503510716915 0.01953125 0.026041666666666668
0 0.9263970690133039 0.3860091001478196 0.01953125 0.026041666666666668
0 0.9428604836474502 0.3807245473022911 0.01953125 0.026041666666666668
0 0.9443848738913526 0.3799115391722098 0.01953125 0.026041666666666668
0 0.9495678007206209 0.3807245473022911 0.01953125 0.026041666666666668
0 0.9407263373059869 0.3888546286031041 0.01953125 0.026041666666666668
0 0.9574946299889137 0.375033490391722 0.01953125 0.026041666666666668
0 0.9553604836474502 0.37340747413155945 0.01953125 0.026041666666666668
0 0.9568848738913526 0.3807245473022911 0.01953125 0.026041666666666668
0 0.9663360934035478 0.3807245473022911 0.01953125 0.026041666666666668
0 0.9638970690133039 0.375033490391722 0.01953125 0.026041666666666668
0 0.8068848738913527 0.4327570676274944 0.01953125 0.026041666666666668
0 0.8099336543791575 0.42828552291204725 0.01953125 0.026041666666666668
0 0.7946897519401331 0.4242204822616407 0.01953125 0.026041666666666668
0 0.784019020232816 0.4221879619364375 0.01953125 0.026041666666666668
0 0.8102385324279379 0.4144643847006651 0.01953125 0.026041666666666668
0 0.845909264135255 0.4356025960827789 0.01953125 0.026041666666666668
0 0.6294458495011087 0.44048064486326677 0.01953125 0.026041666666666668
0 0.6343238982815964 0.4319440594974131 0.01953125 0.026041666666666668
0 0.6471287763303769 0.4242204822616407 0.01953125 0.026041666666666668
0 0.6593238982815964 0.4221879619364375 0.01953125 0.026041666666666668
0 0.644079995842572 0.4160904009608277 0.01953125 0.026041666666666668
0 0.21343769195331708 0.36144169737919757 0.01953125 0.026041666666666668
0 0.21048161087223594 0.3642570126945129 0.01953125 0.026041666666666668
0 0.21259309735872242 0.36538313882063905 0.01953125 0.026041666666666668
0 0.22695120546683054 0.3659462018837021 0.01953125 0.026041666666666668
0 0.22948498925061434 0.3676353910728913 0.01953125 0.026041666666666668
0 0.2320187730343981 0.36538313882063905 0.01953125 0.026041666666666668
0 0.2328633676289927 0.3710137694512696 0.01953125 0.026041666666666668
0 0.22483971898034408 0.37495521089271105 0.01953125 0.026041666666666668
0 0.23750863789926296 0.36876151719901745 0.01953125 0.026041666666666668
0 0.23581944871007376 0.36538313882063905 0.01953125 0.026041666666666668
0 0.23581944871007376 0.36144169737919757 0.01953125 0.026041666666666668
0 0.23962012438574945 0.36087863431613454 0.01953125 0.026041666666666668
0 0.24257620546683056 0.3659462018837021 0.01953125 0.026041666666666668
0 0.24468769195331708 0.3625678235053236 0.01953125 0.026041666666666668
0 0.24637688114250622 0.35806331900081917 0.01953125 0.026041666666666668
0 0.2476437730343981 0.3648200757575759 0.01953125 0.026041666666666668
0 0.24891066492629 0.36200476044226065 0.01953125 0.026041666666666668
0 0.25313363789926296 0.36031557125307145 0.01953125 0.026041666666666668
0 0.2518667460073711 0.3636939496314498 0.01953125 0.026041666666666668
0 0.25482282708845216 0.36144169737919757 0.01953125 0.026041666666666668
0 0.2569343135749386 0.356937192874693 0.01953125 0.026041666666666668
0 0.2620018811425062 0.35806331900081917 0.01953125 0.026041666666666668
0 0.25735661087223594 0.35355881449631466 0.01953125 0.026041666666666668
0 0.2522890433046684 0.35412187755937774 0.01953125 0.026041666666666668
0 0.2484883676289927 0.35581106674856694 0.01953125 0.026041666666666668
0 0.22568431357493865 0.3591894451269453 0.01953125 0.026041666666666668
0 0.22399512438574945 0.3648200757575759 0.01953125 0.026041666666666668
0 0.2155491784398035 0.3591894451269453 0.01953125 0.026041666666666668
0 0.21259309735872242 0.35806331900081917 0.01953125 0.026041666666666668
0 0.19654580006142514 0.35975250819000837 0.01953125 0.026041666666666668
0 0.19907958384520894 0.35862638206388225 0.01953125 0.026041666666666668
0 0.19274512438574945 0.35581106674856694 0.01953125 0.026041666666666668
0 0.1876775568181819 0.35581106674856694 0.01953125 0.026041666666666668
0 0.19105593519656025 0.3575002559377561 0.01953125 0.026041666666666668
0 0.19950188114250622 0.35581106674856694 0.01953125 0.026041666666666668
0 0.21428228654791162 0.35581106674856694 0.01953125 0.026041666666666668
0 0.21808296222358725 0.35581106674856694 0.01953125 0.026041666666666668
0 0.2210390433046684 0.35412187755937774 0.01953125 0.026041666666666668
0 0.22441742168304674 0.3552480036855039 0.01953125 0.026041666666666668
0 0.2286403946560197 0.3552480036855039 0.01953125 0.026041666666666668
0 0.22821809735872242 0.35862638206388225 0.01953125 0.026041666666666668
0 0.2598903946560196 0.3541218775593778 0.01953125 0.026041666666666668
0 0.2645356649262899 0.3546849406224408 0.01953125 0.026041666666666668
0 0.263268773034398 0.3535588144963147 0.01953125 0.026041666666666668
0 0.2679140433046683 0.35186962530712557 0.01953125 0.026041666666666668
0 0.26833634060196554 0.3541218775593778 0.01953125 0.026041666666666668
0 0.24257620546683042 0.3569371928746931 0.01953125 0.026041666666666668
0 0.23708634060196557 0.3575002559377562 0.01953125 0.026041666666666668
0 0.23201877303439802 0.3575002559377562 0.01953125 0.026041666666666668
0 0.2311741784398034 0.3541218775593778 0.01953125 0.026041666666666668
0 0.3147890433046683 0.35243268837018854 0.01953125 0.026041666666666668
0 0.31690052979115474 0.35243268837018854 0.01953125 0.026041666666666668
0 0.3198566108722358 0.35243268837018854 0.01953125 0.026041666666666668
0 0.3181674216830467 0.3546849406224408 0.01953125 0.026041666666666668
0 0.32112350276412766 0.3541218775593778 0.01953125 0.026041666666666668
0 0.3240795838452088 0.35186962530712557 0.01953125 0.026041666666666668
0 0.3270356649262899 0.35130656224406237 0.01953125 0.026041666666666668
0 0.3270356649262899 0.3552480036855039 0.01953125 0.026041666666666668
0 0.3240795838452088 0.3569371928746931 0.01953125 0.026041666666666668
0 0.32534647573710074 0.35918944512694534 0.01953125 0.026041666666666668
0 0.3295694487100737 0.35862638206388225 0.01953125 0.026041666666666668
0 0.3316809351965601 0.35637412981163 0.01953125 0.026041666666666668
0 0.33421471898034394 0.3569371928746931 0.01953125 0.026041666666666668
0 0.33125863789926285 0.36087863431613454 0.01953125 0.026041666666666668
0 0.33421471898034394 0.36087863431613454 0.01953125 0.026041666666666668
0 0.33759309735872234 0.3597525081900084 0.01953125 0.026041666666666668
0 0.33759309735872234 0.36256782350532374 0.01953125 0.026041666666666668
0 0.3418160703316953 0.36256782350532374 0.01953125 0.026041666666666668
0 0.34350525952088445 0.36087863431613454 0.01953125 0.026041666666666668
0 0.34561674600737097 0.36200476044226065 0.01953125 0.026041666666666668
0 0.34983971898034394 0.3569371928746931 0.01953125 0.026041666666666668
0 0.34815052979115474 0.35806331900081917 0.01953125 0.026041666666666668
0 0.3451944487100737 0.35637412981163 0.01953125 0.026041666666666668
0 0.3426606649262899 0.35637412981163 0.01953125 0.026041666666666668
0 0.3388599892506142 0.35806331900081917 0.01953125 0.026041666666666668
0 0.33801539465601965 0.3535588144963147 0.01953125 0.026041666666666668
0 0.3359039081695331 0.3535588144963147 0.01953125 0.026041666666666668
0 0.33463701627764125 0.35243268837018854 0.01953125 0.026041666666666668
0 0.3392822865479115 0.35299575143325174 0.01953125 0.026041666666666668
0 0.34223836762899257 0.35299575143325174 0.01953125 0.026041666666666668
0 0.3460390433046683 0.35299575143325174 0.01953125 0.026041666666666668
0 0.3494174216830467 0.35130656224406237 0.01953125 0.026041666666666668
0 0.34815052979115474 0.3631308865683868 0.01953125 0.026041666666666668
0 0.3519512054668304 0.3631308865683868 0.01953125 0.026041666666666668
0 0.35364039465601965 0.3597525081900084 0.01953125 0.026041666666666668
0 0.35364039465601965 0.3546849406224408 0.01953125 0.026041666666666668
0 0.35575188114250605 0.3541218775593778 0.01953125 0.026041666666666668
0 0.35575188114250605 0.36087863431613454 0.01953125 0.026041666666666668
0 0.3616640433046683 0.37495521089271117 0.01953125 0.026041666666666668
0 0.35955255681818177 0.3800227784602787 0.01953125 0.026041666666666668
0 0.36039715141277634 0.3991669226044228 0.01953125 0.026041666666666668
0 0.3587079622235872 0.400856111793612 0.01953125 0.026041666666666668
0 0.357018773034398 0.40479755323505345 0.01953125 0.026041666666666668
0 0.3473059351965601 0.39747773341523357 0.01953125 0.026041666666666668
0 0.3388599892506142 0.38565340909090934 0.01953125 0.026041666666666668
0 0.34477215141277634 0.39015791359541385 0.01953125 0.026041666666666668
0 0.3080322865479115 0.3952254811629814 0.01953125 0.026041666666666668
0 0.2919849892506142 0.3862164721539724 0.01953125 0.026041666666666668
0 0.29071809735872234 0.38959485053235077 0.01953125 0.026041666666666668
0 0.4076944487100737 0.3800227784602787 0.01953125 0.026041666666666668
0 0.38066742168304657 0.39184710278460294 0.01953125 0.026041666666666668
0 0.35913025952088445 0.38565340909090934 0.01953125 0.026041666666666668
0 0.3616640433046683 0.3805858415233418 0.01953125 0.026041666666666668
0 0.3616640433046683 0.38959485053235077 0.01953125 0.026041666666666668
0 0.35786336762899257 0.36819845413595437 0.01953125 0.026041666666666668
0 0.36250863789926285 0.3710137694512696 0.01953125 0.026041666666666668
0 0.3663093135749385 0.36876151719901745 0.01953125 0.026041666666666668
0 0.43514377303439794 0.3710137694512696 0.01953125 0.026041666666666668
0 0.4376775568181818 0.36932458026208054 0.01953125 0.026041666666666668
0 0.44401201627764114 0.3721398955773958 0.01953125 0.026041666666666668
0 0.48666404330466845 0.3907209766584767 0.01953125 0.026041666666666668
0 0.4879309351965603 0.39860385954135963 0.01953125 0.026041666666666668
0 0.49046471898034405 0.39522548116298123 0.01953125 0.026041666666666668
0 0.49299850276412793 0.39804079647829654 0.01953125 0.026041666666666668
0 0.4963768811425062 0.39691467035217043 0.01953125 0.026041666666666668
0 0.49891066492629005 0.39241016584766597 0.01953125 0.026041666666666668
0 0.491731610872236 0.3890317874692875 0.01953125 0.026041666666666668
0 0.4934208000614252 0.38058584152334163 0.01953125 0.026041666666666668
0 0.4963768811425062 0.38171196764946774 0.01953125 0.026041666666666668
0 0.48666404330466845 0.38002277846027854 0.01953125 0.026041666666666668
0 0.4807518811425062 0.374955210892711 0.01953125 0.026041666666666668
0 0.47652890816953325 0.374955210892711 0.01953125 0.026041666666666668
0 0.4731505297911549 0.37213989557739563 0.01953125 0.026041666666666668
0 0.4693498541154793 0.37213989557739563 0.01953125 0.026041666666666668
0 0.4634376919533171 0.36425701269451277 0.01953125 0.026041666666666668
0 0.460481610872236 0.36425701269451277 0.01953125 0.026041666666666668
0 0.4592147189803441 0.3687615171990173 0.01953125 0.026041666666666668
0 0.45499174600737113 0.36932458026208037 0.01953125 0.026041666666666668
0 0.45203566492629005 0.36932458026208037 0.01953125 0.026041666666666668
0 0.4469680973587225 0.3698876433251434 0.01953125 0.026041666666666668
0 0.46808296222358736 0.36482007575757586 0.01953125 0.026041666666666668
0 0.4693498541154793 0.35918944512694523 0.01953125 0.026041666666666668
0 0.4723059351965603 0.3580633190008191 0.01953125 0.026041666666666668
0 0.4714613406019657 0.36538313882063894 0.01953125 0.026041666666666668
0 0.4731505297911549 0.3670723280098281 0.01953125 0.026041666666666668
0 0.5018667460073711 0.38959485053235055 0.01953125 0.026041666666666668
0 0.5056674216830468 0.38846872440622443 0.01953125 0.026041666666666668
