0 0.03393711551606284 0.9758376623376623 0.02631578947368421 0.04
0 0.19093472317156526 0.8362272727272727 0.02631578947368421 0.04
0 0.26889952153110047 0.714474025974026 0.02631578947368421 0.04
0 0.25074333561175666 0.6397987012987012 0.02631578947368421 0.04
0 0.29346377306903626 0.4693441558441557 0.02631578947368421 0.04
0 0.12471804511278191 0.35895454545454525 0.02631578947368421 0.04
0 0.09588174982911828 0.33460389610389596 0.02631578947368421 0.04
0 0.015780929596719062 0.3053831168831167 0.02631578947368421 0.04
0 0.002964798359535187 0.3638246753246751 0.02631578947368421 0.04
0 0.04248120300751875 0.243694805194805 0.02631578947368421 0.04
0 0.030733082706766886 0.19337012987012964 0.02631578947368421 0.04
0 0.0285970608339029 0.04726623376623354 0.02631578947368421 0.04
0 0.006168831168831147 0.027785714285713994 0.02631578947368421 0.04
0 0.10442583732057414 0.13817532467532442 0.02631578947368421 0.04
0 0.10869788106630211 0.09596753246753224 0.02631578947368421 0.04
0 0.14287423103212574 0.032655844155843966 0.02631578947368421 0.04
0 0.20588687628161312 0.039149350649350365 0.02631578947368421 0.04
0 0.18345864661654135 0.08460389610389586 0.02631578947368421 0.04
0 0.1535543403964456 0.1008376623376621 0.02631578947368421 0.04
0 0.24647129186602873 0.09596753246753224 0.02631578947368421 0.04
0 0.23365516062884484 0.14142207792207773 0.02631578947368421 0.04
0 0.17705058099794943 0.17551298701298684 0.02631578947368421 0.04
0 0.1695745044429255 0.2469415584415583 0.02631578947368421 0.04
0 0.23365516062884484 0.30051298701298684 0.02631578947368421 0.04
0 0.2891917293233083 0.2972662337662337 0.02631578947368421 0.04
0 0.312687969924812 0.28590259740259716 0.02631578947368421 0.04
0 0.3319121667805879 0.3719415584415583 0.02631578947368421 0.04
0 0.40133287764866704 0.3199935064935064 0.02631578947368421 0.04
0 0.4654135338345864 0.34921428571428553 0.02631578947368421 0.04
0 0.39706083390293917 0.2712922077922076 0.02631578947368421 0.04
0 0.4483253588516747 0.2258376623376621 0.02631578947368421 0.04
0 0.4889097744360902 0.2712922077922076 0.02631578947368421 0.04
0 0.5476503759398496 0.2664220779220777 0.02631578947368421 0.04
0 0.5668745727956255 0.4693441558441557 0.02631578947368421 0.04
0 0.612799043062201 0.3573311688311687 0.02631578947368421 0.04
0 0.6928998632946001 0.3232402597402596 0.02631578947368421 0.04
0 0.7324162679425837 0.2891493506493505 0.02631578947368421 0.04
0 0.7815447710184552 0.295642857142857 0.02631578947368421 0.04
0 0.8082450444292549 0.2664220779220777 0.02631578947368421 0.04
0 0.8733937115516064 0.2972662337662337 0.02631578947368421 0.04
0 0.9332023239917977 0.290772727272727 0.02631578947368421 0.04
0 0.8851418318523583 0.3979155844155844 0.02631578947368421 0.04
0 0.9364063568010936 0.4141493506493505 0.02631578947368421 0.04
0 0.9951469583048531 0.3232402597402596 0.02631578947368421 0.04
0 0.9876708817498291 0.2469415584415583 0.02631578947368421 0.04
0 0.997282980177717 0.14629220779220758 0.02631578947368421 0.04
0 0.9759227614490772 0.09272077922077904 0.02631578947368421 0.04
0 0.9599025974025974 0.032655844155843966 0.02631578947368421 0.04
0 0.9460184552289816 0.13817532467532442 0.02631578947368421 0.04
0 0.9214542036910459 0.2258376623376621 0.02631578947368421 0.04
0 0.8819377990430624 0.243694805194805 0.02631578947368421 0.04
0 0.8755297334244703 0.19174675324675308 0.02631578947368421 0.04
0 0.8926179084073821 0.14142207792207773 0.02631578947368421 0.04
0 0.8573735475051264 0.04401948051948034 0.02631578947368421 0.04
0 0.9235902255639098 0.006681818181817903 0.02631578947368421 0.04
0 0.8264012303485988 0.09596753246753224 0.02631578947368421 0.04
0 0.7815447710184552 0.02129220779220759 0.02631578947368421 0.04
0 0.8189251537935749 0.013175324675324418 0.02631578947368421 0.04
0 0.7292122351332878 0.0001883116883115008 0.02631578947368421 0.04
0 0.7302802460697199 0.009928571428571217 0.02631578947368421 0.04
0 0.7142600820232399 0.035902597402597165 0.02631578947368421 0.04
0 0.6640635680109365 0.013175324675324418 0.02631578947368421 0.04
0 0.6320232399179767 0.016422077922077734 0.02631578947368421 0.04
0 0.6320232399179767 0.0553831168831166 0.02631578947368421 0.04
0 0.6565874914559124 0.14142207792207773 0.02631578947368421 0.04
0 0.6726076555023924 0.13817532467532442 0.02631578947368421 0.04
0 0.7580485304169515 0.09596753246753224 0.02631578947368421 0.04
0 0.7623205741626794 0.16901948051948035 0.02631578947368421 0.04
0 0.6939678742310322 0.2323311688311686 0.02631578947368421 0.04
0 0.6694036226930964 0.22908441558441542 0.02631578947368421 0.04
0 0.6427033492822967 0.1982402597402595 0.02631578947368421 0.04
0 0.6362952836637049 0.25830519480519454 0.02631578947368421 0.04
0 0.5935748462064252 0.22421428571428556 0.02631578947368421 0.04
0 0.5925068352699931 0.18687662337662322 0.02631578947368421 0.04
0 0.5818267259056733 0.10246103896103875 0.02631578947368421 0.04
0 0.5604665071770335 0.06837012987012964 0.02631578947368421 0.04
0 0.5775546821599452 0.035902597402597165 0.02631578947368421 0.04
0 0.5006578947368421 0.0521363636363634 0.02631578947368421 0.04
0 0.5134740259740259 0.09596753246753224 0.02631578947368421 0.04
0 0.4846377306903623 0.16739610389610368 0.02631578947368421 0.04
0 0.5209501025290499 0.2014870129870128 0.02631578947368421 0.04
0 0.4493933697881066 0.10246103896103875 0.02631578947368421 0.04
0 0.406672932330827 0.1560324675324673 0.02631578947368421 0.04
0 0.37890464798359536 0.13655194805194787 0.02631578947368421 0.04
0 0.36929254955570745 0.15927922077922063 0.02631578947368421 0.04
0 0.3276401230348599 0.14466883116883095 0.02631578947368421 0.04
0 0.27423957621326045 0.13005844155844135 0.02631578947368421 0.04
0 0.2902597402597402 0.08135714285714266 0.02631578947368421 0.04
0 0.33084415584415583 0.06674675324675297 0.02631578947368421 0.04
0 0.3714285714285715 0.05051298701298674 0.02631578947368421 0.04
0 0.3361842105263158 0.013175324675324418 0.02631578947368421 0.04
0 0.2859876965140123 0.016422077922077734 0.02631578947368421 0.04
0 0.3917207792207792 0.0050584415584413595 0.02631578947368421 0.04
0 0.4600734791524266 0.0553831168831166 0.02631578947368421 0.04
0 0.406672932330827 0.039149350649350365 0.02631578947368421 0.04
0 0.7527084757347916 0.6933701298701298 0.02631578947368421 0.04
0 0.7890208475734792 0.42713636363636354 0.02631578947368421 0.04
0 0.002964798359535187 0.4790844155844154 0.02631578947368421 0.04
0 0.10405449813344553 0.1828781218781221 0.02631578947368421 0.04
