0 0.02411111111111108 0.9901442641143015 0.05 0.0749063670411985
0 0.01257407407407392 0.9555763628797337 0.05 0.0749063670411985
0 0.005157407407407249 0.8531072270772645 0.05 0.0749063670411985
0 0.05295370370370353 0.8740948813982522 0.05 0.0749063670411985
0 0.08097222222222207 0.8839714246081287 0.05 0.0749063670411985
0 0.0867407407407406 0.9703911776945484 0.05 0.0749063670411985
0 0.08179629629629613 0.9160701900402275 0.05 0.0749063670411985
0 0.13041666666666654 0.8728603134970176 0.05 0.0749063670411985
0 0.18562962962962945 0.9654529060896101 0.05 0.0749063670411985
0 0.22024074074074063 0.9074282147315855 0.05 0.0749063670411985
0 0.25402777777777763 0.9568109307809682 0.05 0.0749063670411985
0 0.2771018518518517 0.8864405604105978 0.05 0.0749063670411985
0 0.3166574074074073 0.969156609793314 0.05 0.0749063670411985
0 0.35703703703703693 0.9012553752254127 0.05 0.0749063670411985
0 0.358685185185185 0.8419961159661534 0.05 0.0749063670411985
0 0.39082407407407405 0.797551671521709 0.05 0.0749063670411985
0 0.3158333333333332 0.7938479678180053 0.05 0.0749063670411985
0 0.41389814814814796 0.9703911776945484 0.05 0.0749063670411985
0 0.45015740740740723 0.934588708558746 0.05 0.0749063670411985
0 0.4979537037037035 0.9753294492994868 0.05 0.0749063670411985
0 0.5432777777777776 0.9555763628797337 0.05 0.0749063670411985
0 0.5342129629629627 0.8531072270772645 0.05 0.0749063670411985
0 0.4608703703703702 0.8679220418920793 0.05 0.0749063670411985
0 0.45015740740740723 0.8271813011513386 0.05 0.0749063670411985
0 0.4328518518518517 0.7802677209044251 0.05 0.0749063670411985
0 0.5020740740740739 0.7666874739908448 0.05 0.0749063670411985
0 0.5564629629629628 0.7691566097933139 0.05 0.0749063670411985
0 0.5778888888888888 0.8098973505340546 0.05 0.0749063670411985
0 0.6133240740740739 0.8592800665834374 0.05 0.0749063670411985
0 0.6611203703703703 0.8703911776945484 0.05 0.0749063670411985
0 0.7089166666666665 0.8642183381883757 0.05 0.0749063670411985
0 0.6265092592592592 0.797551671521709 0.05 0.0749063670411985
0 0.6092037037037035 0.762983770287141 0.05 0.0749063670411985
0 0.6611203703703703 0.7531072270772645 0.05 0.0749063670411985
0 0.7410555555555554 0.760514634484672 0.05 0.0749063670411985
0 0.7748425925925925 0.7580454986822028 0.05 0.0749063670411985
0 0.825935185185185 0.6827368567068942 0.05 0.0749063670411985
0 0.8762037037037035 0.6839714246081288 0.05 0.0749063670411985
0 0.7666018518518517 0.7098973505340547 0.05 0.0749063670411985
0 0.7130370370370369 0.6864405604105979 0.05 0.0749063670411985
0 0.7262222222222221 0.632119572756277 0.05 0.0749063670411985
0 0.7872037037037036 0.6086627826328201 0.05 0.0749063670411985
0 0.8119259259259257 0.5728603134970176 0.05 0.0749063670411985
0 0.848185185185185 0.5296504369538078 0.05 0.0749063670411985
0 0.8308796296296295 0.49261339991677067 0.05 0.0749063670411985
0 0.8778518518518517 0.4543417949784991 0.05 0.0749063670411985
0 0.791324074074074 0.47162574559578313 0.05 0.0749063670411985
0 0.8201666666666665 0.42965043695380783 0.05 0.0749063670411985
0 0.7567129629629629 0.47409488139825223 0.05 0.0749063670411985
0 0.7731944444444443 0.5296504369538078 0.05 0.0749063670411985
0 0.7534166666666665 0.571625745595783 0.05 0.0749063670411985
0 0.6998518518518517 0.534588708558746 0.05 0.0749063670411985
0 0.7196296296296295 0.50866278263282 0.05 0.0749063670411985
0 0.6767777777777776 0.6000208073241782 0.05 0.0749063670411985
0 0.635574074074074 0.6123664863365238 0.05 0.0749063670411985
0 0.691611111111111 0.6753294492994867 0.05 0.0749063670411985
0 0.6512314814814814 0.6753294492994867 0.05 0.0749063670411985
0 0.5960185185185183 0.6753294492994867 0.05 0.0749063670411985
0 0.5729444444444444 0.597551671521709 0.05 0.0749063670411985
0 0.614972222222222 0.5494035233735609 0.05 0.0749063670411985
0 0.6495833333333332 0.5222430295464003 0.05 0.0749063670411985
0 0.591074074074074 0.50866278263282 0.05 0.0749063670411985
0 0.569648148148148 0.5580454986822029 0.05 0.0749063670411985
0 0.5317407407407405 0.5407615480649188 0.05 0.0749063670411985
0 0.514435185185185 0.5284158690525732 0.05 0.0749063670411985
0 0.5012499999999999 0.5654529060896103 0.05 0.0749063670411985
0 0.5226759259259258 0.6271813011513386 0.05 0.0749063670411985
0 0.4888888888888887 0.6531072270772647 0.05 0.0749063670411985
0 0.4600462962962962 0.65187265917603 0.05 0.0749063670411985
0 0.4567499999999998 0.5876751283118324 0.05 0.0749063670411985
0 0.4649907407407406 0.5308850048550423 0.05 0.0749063670411985
0 0.48147222222222213 0.48397142460812875 0.05 0.0749063670411985
0 0.41884259259259254 0.4728603134970176 0.05 0.0749063670411985
0 0.38752777777777764 0.6185393258426967 0.05 0.0749063670411985
0 0.42213888888888873 0.6185393258426967 0.05 0.0749063670411985
0 0.3974166666666666 0.6642183381883757 0.05 0.0749063670411985
0 0.3850555555555555 0.5827368567068941 0.05 0.0749063670411985
0 0.3537407407407406 0.7185393258426966 0.05 0.0749063670411985
0 0.313361111111111 0.7000208073241782 0.05 0.0749063670411985
0 0.2902870370370369 0.7543417949784992 0.05 0.0749063670411985
0 0.3487962962962962 0.660514634484672 0.05 0.0749063670411985
0 0.32984259259259247 0.6210084616451658 0.05 0.0749063670411985
0 0.3216018518518517 0.5654529060896103 0.05 0.0749063670411985
0 0.3397314814814814 0.5284158690525732 0.05 0.0749063670411985
0 0.2836944444444443 0.6012553752254127 0.05 0.0749063670411985
0 0.2606203703703703 0.6876751283118324 0.05 0.0749063670411985
0 0.23260185185185167 0.7531072270772645 0.05 0.0749063670411985
0 0.202111111111111 0.6938479678180053 0.05 0.0749063670411985
0 0.20952777777777765 0.634588708558746 0.05 0.0749063670411985
0 0.24743518518518504 0.5864405604105979 0.05 0.0749063670411985
0 0.1707962962962962 0.7333541406575115 0.05 0.0749063670411985
0 0.12629629629629616 0.7679220418920794 0.05 0.0749063670411985
0 0.09415740740740727 0.8185393258426966 0.05 0.0749063670411985
0 0.021638888888888735 0.786440560410598 0.05 0.0749063670411985
0 0.061194444444444294 0.7308850048550423 0.05 0.0749063670411985
0 0.024111111111110937 0.7333541406575115 0.05 0.0749063670411985
0 0.006805555555555394 0.671625745595783 0.05 0.0749063670411985
0 0.05377777777777762 0.660514634484672 0.05 0.0749063670411985
0 0.08179629629629613 0.6777985851019559 0.05 0.0749063670411985
0 0.10981481481481463 0.6456998196698571 0.05 0.0749063670411985
0 0.1477222222222221 0.6580454986822029 0.05 0.0749063670411985
0 0.18398148148148136 0.6098973505340547 0.05 0.0749063670411985
0 0.20128703703703688 0.5703911776945485 0.05 0.0749063670411985
0 0.14524999999999988 0.5654529060896103 0.05 0.0749063670411985
0 0.26556481481481464 0.5666874739908447 0.05 0.0749063670411985
0 0.23837037037037023 0.5148356221389929 0.05 0.0749063670411985
0 0.19387037037037022 0.5123664863365238 0.05 0.0749063670411985
0 0.15431481481481465 0.5012553752254127 0.05 0.0749063670411985
0 0.08262037037037022 0.5506380912747953 0.05 0.0749063670411985
0 0.004333333333333158 0.5284158690525732 0.05 0.0749063670411985
0 0.06861111111111097 0.5222430295464003 0.05 0.0749063670411985
0 0.0480092592592591 0.49755167152170904 0.05 0.0749063670411985
0 0.043888888888888714 0.42594673325010407 0.05 0.0749063670411985
0 0.07190740740740725 0.44940352337356093 0.05 0.0749063670411985
0 0.09580555555555542 0.46668747399084476 0.05 0.0749063670411985
0 0.1444259259259258 0.43952698016368436 0.05 0.0749063670411985
0 0.1749166666666665 0.42594673325010407 0.05 0.0749063670411985
0 0.10981481481481463 0.397551671521709 0.05 0.0749063670411985
0 0.0323518518518517 0.3679220418920794 0.05 0.0749063670411985
0 0.02658333333333317 0.314835622138993 0.05 0.0749063670411985
0 0.0859166666666665 0.3259467332501041 0.05 0.0749063670411985
0 0.11640740740740728 0.3531072270772646 0.05 0.0749063670411985
0 0.1666759259259258 0.3531072270772646 0.05 0.0749063670411985
0 0.20293518518518508 0.37532944929948686 0.05 0.0749063670411985
0 0.2523796296296295 0.39137883201553625 0.05 0.0749063670411985
0 0.2746296296296295 0.41483562213899294 0.05 0.0749063670411985
0 0.335611111111111 0.3790331530031905 0.05 0.0749063670411985
0 0.3677499999999999 0.4271813011513387 0.05 0.0749063670411985
0 0.37516666666666654 0.5037245110278818 0.05 0.0749063670411985
0 0.3809351851851851 0.3827368567068942 0.05 0.0749063670411985
0 0.3998888888888888 0.369156609793314 0.05 0.0749063670411985
0 0.42708333333333315 0.39137883201553625 0.05 0.0749063670411985
0 0.45510185185185165 0.39261339991677074 0.05 0.0749063670411985
0 0.4476851851851851 0.4469343875710917 0.05 0.0749063670411985
0 0.48724074074074053 0.3308850048550424 0.05 0.0749063670411985
0 0.46663888888888877 0.3271813011513387 0.05 0.0749063670411985
0 0.01257407407407392 0.2592800665834374 0.05 0.0749063670411985
0 0.018342592592592445 0.21483562213899293 0.05 0.0749063670411985
0 0.029055555555555408 0.1790331530031905 0.05 0.0749063670411985
0 0.056249999999999856 0.18397142460812876 0.05 0.0749063670411985
0 0.06696296296296282 0.21483562213899293 0.05 0.0749063670411985
0 0.09086111111111095 0.17532944929948682 0.05 0.0749063670411985
0 0.10404629629629614 0.2074282147315856 0.05 0.0749063670411985
0 0.11887962962962949 0.2592800665834374 0.05 0.0749063670411985
0 0.1147592592592591 0.21607019004022754 0.05 0.0749063670411985
0 0.10322222222222205 0.30002080732417813 0.05 0.0749063670411985
0 0.043888888888888714 0.25681093078096834 0.05 0.0749063670411985
0 0.1411296296296295 0.3123664863365238 0.05 0.0749063670411985
0 0.1436018518518517 0.26792204189207935 0.05 0.0749063670411985
0 0.1460740740740739 0.21730475794146212 0.05 0.0749063670411985
0 0.13618518518518502 0.17532944929948682 0.05 0.0749063670411985
0 0.21117592592592577 0.17409488139825224 0.05 0.0749063670411985
0 0.18892592592592575 0.2333541406575115 0.05 0.0749063670411985
0 0.1955185185185184 0.1913788320155362 0.05 0.0749063670411985
0 0.24331481481481465 0.20866278263282018 0.05 0.0749063670411985
0 0.2869907407407406 0.21730475794146212 0.05 0.0749063670411985
0 0.2738055555555554 0.2469343875710917 0.05 0.0749063670411985
0 0.2532037037037036 0.2864405604105979 0.05 0.0749063670411985
0 0.191398148148148 0.2790331530031905 0.05 0.0749063670411985
0 0.28616666666666657 0.28397142460812874 0.05 0.0749063670411985
0 0.3281944444444443 0.18397142460812876 0.05 0.0749063670411985
0 0.35538888888888875 0.2617492023859066 0.05 0.0749063670411985
0 0.35703703703703693 0.31730475794146207 0.05 0.0749063670411985
0 0.38587962962962946 0.297551671521709 0.05 0.0749063670411985
0 0.4064814814814814 0.32347759744763493 0.05 0.0749063670411985
0 0.4320277777777777 0.34816895547232624 0.05 0.0749063670411985
0 0.43779629629629613 0.3136010542377584 0.05 0.0749063670411985
0 0.38340740740740725 0.2456998196698572 0.05 0.0749063670411985
0 0.40153703703703697 0.26545290608961025 0.05 0.0749063670411985
0 0.40318518518518504 0.20002080732417815 0.05 0.0749063670411985
0 0.4344999999999999 0.21730475794146212 0.05 0.0749063670411985
0 0.4410925925925925 0.1802677209044251 0.05 0.0749063670411985
0 0.4476851851851851 0.25187265917602997 0.05 0.0749063670411985
0 0.45015740740740723 0.2765640172007214 0.05 0.0749063670411985
0 0.4658148148148146 0.25681093078096834 0.05 0.0749063670411985
0 0.4864166666666665 0.24323068386738803 0.05 0.0749063670411985
0 0.49877777777777765 0.26792204189207935 0.05 0.0749063670411985
0 0.4905370370370369 0.21113191843528928 0.05 0.0749063670411985
0 0.5152592592592592 0.18767512831183245 0.05 0.0749063670411985
0 0.5284444444444444 0.22965043695380782 0.05 0.0749063670411985
0 0.5300925925925923 0.26545290608961025 0.05 0.0749063670411985
0 0.5597592592592591 0.3185393258426967 0.05 0.0749063670411985
0 0.525148148148148 0.3568109307809683 0.05 0.0749063670411985
0 0.5202037037037036 0.3111319184352893 0.05 0.0749063670411985
0 0.5441018518518517 0.29137883201553616 0.05 0.0749063670411985
0 0.5152592592592592 0.469156609793314 0.05 0.0749063670411985
0 0.5226759259259258 0.46792204189207937 0.05 0.0749063670411985
0 0.6298055555555554 0.4543417949784991 0.05 0.0749063670411985
0 0.6487592592592591 0.4111319184352893 0.05 0.0749063670411985
0 0.6751296296296294 0.423477597447635 0.05 0.0749063670411985
0 0.6973796296296295 0.4617492023859066 0.05 0.0749063670411985
0 0.7443518518518517 0.4456998196698572 0.05 0.0749063670411985
0 0.7690740740740739 0.4037245110278818 0.05 0.0749063670411985
0 0.8300555555555554 0.37656401720072136 0.05 0.0749063670411985
0 0.8621944444444444 0.3456998196698572 0.05 0.0749063670411985
0 0.8745555555555555 0.26668747399084486 0.05 0.0749063670411985
0 0.8523055555555554 0.22965043695380782 0.05 0.0749063670411985
0 0.8696111111111109 0.20372451102788183 0.05 0.0749063670411985
0 0.8490092592592592 0.18520599250936337 0.05 0.0749063670411985
0 0.8341759259259258 0.19878623942294354 0.05 0.0749063670411985
0 0.8143981481481481 0.22347759744763498 0.05 0.0749063670411985
0 0.8160462962962961 0.2617492023859066 0.05 0.0749063670411985
0 0.7764907407407406 0.260514634484672 0.05 0.0749063670411985
0 0.7740185185185184 0.20989735053405467 0.05 0.0749063670411985
0 0.7929722222222221 0.17656401720072143 0.05 0.0749063670411985
0 0.7723703703703703 0.17409488139825224 0.05 0.0749063670411985
0 0.7492962962962961 0.21236648633652386 0.05 0.0749063670411985
0 0.7229259259259259 0.23952698016368437 0.05 0.0749063670411985
0 0.691611111111111 0.22471216534886956 0.05 0.0749063670411985
0 0.7006759259259258 0.1802677209044251 0.05 0.0749063670411985
0 0.6940833333333332 0.25681093078096834 0.05 0.0749063670411985
0 0.6677129629629629 0.22965043695380782 0.05 0.0749063670411985
0 0.6545277777777777 0.1950825357192399 0.05 0.0749063670411985
0 0.6388703703703702 0.1802677209044251 0.05 0.0749063670411985
0 0.6190925925925924 0.20372451102788183 0.05 0.0749063670411985
0 0.614148148148148 0.18273685670689419 0.05 0.0749063670411985
0 0.5869537037037036 0.21730475794146212 0.05 0.0749063670411985
0 0.604259259259259 0.23458870855874608 0.05 0.0749063670411985
0 0.579537037037037 0.24446525176862263 0.05 0.0749063670411985
0 0.5836574074074073 0.28150228880565964 0.05 0.0749063670411985
0 0.6190925925925924 0.32224302954640033 0.05 0.0749063670411985
0 0.6265092592592592 0.2852059925093633 0.05 0.0749063670411985
0 0.657824074074074 0.25804549868220283 0.05 0.0749063670411985
0 0.7146851851851851 0.3419961159661535 0.05 0.0749063670411985
0 0.08838888888888874 0.6098973505340547 0.05 0.0749063670411985
0 0.20705555555555538 0.4605146344846719 0.05 0.0749063670411985
0 0.27215740740740724 0.5000208073241781 0.05 0.0749063670411985
0 0.9597914585414583 0.48241645994454985 0.05 0.0749063670411985
0 0.9158354145854143 0.47792656781420834 0.05 0.0749063670411985
0 0.9158354145854143 0.4225512315399956 0.05 0.0749063670411985
0 0.8888623876123875 0.3821422023669216 0.05 0.0749063670411985
0 0.9318194305694303 0.37016915668601064 0.05 0.0749063670411985
0 0.9468044455544454 0.41057818585908484 0.05 0.0749063670411985
0 0.9617894605394604 0.40908155514897093 0.05 0.0749063670411985
0 0.9787724775224773 0.36268600313544136 0.05 0.0749063670411985
0 0.9877634865134862 0.32227697396236726 0.05 0.0749063670411985
0 0.9627884615384613 0.314793820411798 0.05 0.0749063670411985
0 0.9757754745254742 0.2953376211803179 0.05 0.0749063670411985
0 0.9887624875124872 0.2654050069780408 0.05 0.0749063670411985
0 0.9757754745254742 0.24744543845667455 0.05 0.0749063670411985
0 0.9348164335664333 0.2953376211803179 0.05 0.0749063670411985
0 0.9028484015984014 0.28486120620952093 0.05 0.0749063670411985
0 0.9128384115884114 0.2519353305870161 0.05 0.0749063670411985
0 0.9158354145854143 0.22499597780496672 0.05 0.0749063670411985
0 0.9248264235764233 0.18009705650155097 0.05 0.0749063670411985
0 0.9468044455544454 0.17560716437120943 0.05 0.0749063670411985
0 0.9627884615384613 0.18009705650155097 0.05 0.0749063670411985
0 0.9667844655344653 0.19955325573303118 0.05 0.0749063670411985
0 0.9777734765234762 0.16812401082064016 0.05 0.0749063670411985
0 0.9857654845154842 0.20553977857348654 0.05 0.0749063670411985
0 0.9977534965034962 0.11125204383631371 0.05 0.0749063670411985
0 0.9857654845154842 0.0902992138947197 0.05 0.0749063670411985
0 0.9997514985014981 0.04839355401153168 0.05 0.0749063670411985
0 0.9577934565434564 0.04689692330141787 0.05 0.0749063670411985
0 0.9308204295704293 0.06934638395312569 0.05 0.0749063670411985
0 0.9328184315684314 0.03941376975084859 0.05 0.0749063670411985
0 0.9488024475524474 0.0902992138947197 0.05 0.0749063670411985
0 0.9328184315684314 0.09628573673517515 0.05 0.0749063670411985
0 0.9148364135864133 0.12771498164756606 0.05 0.0749063670411985
0 0.9098414085914084 0.09927899815540278 0.05 0.0749063670411985
0 0.8978533966033965 0.11274867454642752 0.05 0.0749063670411985
0 0.8888623876123875 0.08131942963403661 0.05 0.0749063670411985
0 0.9058454045954043 0.07383627608346723 0.05 0.0749063670411985
0 0.8758753746253745 0.13370150448802154 0.05 0.0749063670411985
0 0.8738773726273724 0.09628573673517515 0.05 0.0749063670411985
0 0.8479033466533464 0.09778236744528897 0.05 0.0749063670411985
0 0.8279233266733265 0.08431269105426424 0.05 0.0749063670411985
0 0.9008503996003994 0.16662738011052636 0.05 0.0749063670411985
0 0.8888623876123875 0.16812401082064016 0.05 0.0749063670411985
0 0.8479033466533464 0.15465433442961554 0.05 0.0749063670411985
0 0.8309203296703295 0.14717118087904626 0.05 0.0749063670411985
0 0.8189323176823174 0.11274867454642752 0.05 0.0749063670411985
0 0.7999512987012986 0.06485649182278415 0.05 0.0749063670411985
0 0.7410102397602395 0.1516610730093878 0.05 0.0749063670411985
0 0.7519992507492507 0.11723856667676906 0.05 0.0749063670411985
0 0.7709802697302696 0.09927899815540278 0.05 0.0749063670411985
0 0.7619892607392607 0.07682953750369496 0.05 0.0749063670411985
0 0.7539972527472526 0.05737333827221487 0.05 0.0749063670411985
0 0.7529982517482516 0.04240703117107622 0.05 0.0749063670411985
0 0.7190322177822176 0.04091040046096241 0.05 0.0749063670411985
0 0.6920591908091906 0.04390366188119014 0.05 0.0749063670411985
0 0.6860651848151846 0.07682953750369496 0.05 0.0749063670411985
0 0.7250262237762236 0.07832616821380887 0.05 0.0749063670411985
0 0.7340172327672326 0.09778236744528897 0.05 0.0749063670411985
0 0.7140372127872127 0.11274867454642752 0.05 0.0749063670411985
0 0.7310202297702295 0.11274867454642752 0.05 0.0749063670411985
0 0.7000511988011986 0.10676215170597206 0.05 0.0749063670411985
0 0.6700811688311687 0.1322048737779076 0.05 0.0749063670411985
0 0.6810701798201797 0.1322048737779076 0.05 0.0749063670411985
0 0.6960551948051946 0.15764759584984317 0.05 0.0749063670411985
0 0.6660851648351647 0.14567455016893235 0.05 0.0749063670411985
0 0.6491021478521478 0.15615096513972934 0.05 0.0749063670411985
0 0.5931580919080918 0.10227225957563052 0.05 0.0749063670411985
0 0.6021491008991008 0.06784975324301187 0.05 0.0749063670411985
0 0.6161351148851147 0.03941376975084859 0.05 0.0749063670411985
0 0.6540971528471528 0.03941376975084859 0.05 0.0749063670411985
0 0.5961550949050948 0.03043398549016551 0.05 0.0749063670411985
0 0.5621890609390608 0.04091040046096241 0.05 0.0749063670411985
0 0.5741770729270728 0.06784975324301187 0.05 0.0749063670411985
0 0.5512000499500499 0.11574193596665525 0.05 0.0749063670411985
0 0.5801710789210789 0.14717118087904626 0.05 0.0749063670411985
0 0.5222290209790209 0.06335986111267033 0.05 0.0749063670411985
0 0.5012499999999999 0.08580932176437815 0.05 0.0749063670411985
0 0.4862649850149849 0.11873519738688298 0.05 0.0749063670411985
0 0.464286963036963 0.07533290679358115 0.05 0.0749063670411985
0 0.48426698301698295 0.05138681543175941 0.05 0.0749063670411985
0 0.5212300199800199 0.028937354780051695 0.05 0.0749063670411985
0 0.427323926073926 0.04240703117107622 0.05 0.0749063670411985
0 0.3903608891108891 0.04839355401153168 0.05 0.0749063670411985
0 0.41633491508491505 0.07084301466323961 0.05 0.0749063670411985
0 0.41433691308691306 0.09778236744528897 0.05 0.0749063670411985
0 0.45529595404595397 0.1501644422992739 0.05 0.0749063670411985
0 0.4103409090909091 0.14268128874870462 0.05 0.0749063670411985
0 0.3553958541458541 0.1516610730093878 0.05 0.0749063670411985
0 0.3633878621378621 0.11723856667676906 0.05 0.0749063670411985
0 0.36438686313686314 0.07084301466323961 0.05 0.0749063670411985
0 0.3474038461538461 0.09329247531494743 0.05 0.0749063670411985
0 0.3334178321678321 0.11424530525654134 0.05 0.0749063670411985
0 0.3264248251748252 0.07233964537335343 0.05 0.0749063670411985
0 0.30444680319680323 0.04390366188119014 0.05 0.0749063670411985
0 0.2934577922077922 0.12621835093745226 0.05 0.0749063670411985
0 0.30644480519480516 0.09927899815540278 0.05 0.0749063670411985
0 0.24250874125874128 0.1411846580385908 0.05 0.0749063670411985
0 0.25249875124875126 0.11125204383631371 0.05 0.0749063670411985
0 0.25249875124875126 0.06934638395312569 0.05 0.0749063670411985
0 0.24250874125874128 0.04240703117107622 0.05 0.0749063670411985
0 0.2894617882117882 0.03492387762050694 0.05 0.0749063670411985
0 0.19355769230769235 0.03642050833062097 0.05 0.0749063670411985
0 0.19655469530469533 0.1322048737779076 0.05 0.0749063670411985
0 0.17857267732267737 0.10975541312619978 0.05 0.0749063670411985
0 0.1426086413586414 0.08730595247449197 0.05 0.0749063670411985
0 0.04570554445554457 0.04390366188119014 0.05 0.0749063670411985
0 0.05869255744255753 0.11274867454642752 0.05 0.0749063670411985
0 0.09165959040959053 0.08431269105426424 0.05 0.0749063670411985
0 0.09165959040959053 0.28635783691963484 0.05 0.0749063670411985
0 0.1466046453546454 0.1322048737779076 0.05 0.0749063670411985
0 0.11463661338661346 0.11424530525654134 0.05 0.0749063670411985
0 0.08666458541458553 0.13968802732847688 0.05 0.0749063670411985
0 0.430320929070929 0.729360527113336 0.05 0.0749063670411985
0 0.5881630869130867 0.739836942084133 0.05 0.0749063670411985
0 0.5711800699300699 0.958345025760756 0.05 0.0749063670411985
0 0.9897614885114883 0.6006502860435444 0.05 0.0749063670411985
0 0.9597914585414583 0.8011988011988012 0.05 0.0749063670411985
0 0.9448064435564433 0.6784750829694649 0.05 0.0749063670411985
0 0.9527984515484513 0.6186098545649107 0.05 0.0749063670411985
0 0.8878633866133864 0.5961603939132029 0.05 0.0749063670411985
0 0.9158354145854143 0.5722143025513812 0.05 0.0749063670411985
0 0.9817694805194803 0.5422816883491041 0.05 0.0749063670411985
0 0.738262987012987 0.025133106593780822 0.05 0.0749063670411985
0 0.7817195304695305 0.023636475883666956 0.05 0.0749063670411985
0 0.9705307192807191 0.13363883307703533 0.05 0.0749063670411985
0 0.7587425074925075 0.1598298705040278 0.05 0.0749063670411985
0 0.6313698801198802 0.2586074973715423 0.05 0.0749063670411985
0 0.3548963536463537 0.025133106593780822 0.05 0.0749063670411985
0 0.18007117882117885 0.21520520677824045 0.05 0.0749063670411985
0 0.20554570429570432 0.9837877478326915 0.05 0.0749063670411985
0 0.19205919080919082 0.8296347846909644 0.05 0.0749063670411985
0 0.1441071428571429 0.8139201622347689 0.05 0.0749063670411985
0 0.1016496003996005 0.030433985490165294 0.05 0.0749063670411985
0 0.4153359140859141 0.0109777862586851 0.05 0.0749063670411985
0 0.5002509990009989 0.025944093359823645 0.05 0.0749063670411985
0 0.47727397602397603 0.024447462649709834 0.05 0.0749063670411985
0 0.492258991008991 0.009481155548571287 0.05 0.0749063670411985
0 0.6431081418581417 0.08580932176437794 0.05 0.0749063670411985
0 0.6451061438561437 0.11723856667676895 0.05 0.0749063670411985
0 0.6301211288711287 0.14866781158915987 0.05 0.0749063670411985
0 0.6840671828171827 0.19955325573303095 0.05 0.0749063670411985
0 0.8788723776223775 0.04839355401153147 0.05 0.0749063670411985
0 0.8538973526473526 0.024447462649709834 0.05 0.0749063670411985
0 0.9607904595404593 0.025944093359823645 0.05 0.0749063670411985
0 0.9807704795204792 0.02744072406993746 0.05 0.0749063670411985
0 0.9208304195804193 0.02295083193959602 0.05 0.0749063670411985
0 0.9468044455544454 0.5452749497693316 0.05 0.0749063670411985
