0 0.04161588411588411 0.8997437803160694 0.03076923076923077 0.04819277108433735
0 0.11935064935064933 0.883510014082303 0.03076923076923077 0.04819277108433735
0 0.09032967032967035 0.8007178062900953 0.03076923076923077 0.04819277108433735
0 0.1867207792207792 0.8299385855108745 0.03076923076923077 0.04819277108433735
0 0.41370629370629364 0.8510424816147706 0.03076923076923077 0.04819277108433735
0 0.5266808191808191 0.8737697543420433 0.03076923076923077 0.04819277108433735
0 0.9412662337662339 0.8575359881082771 0.03076923076923077 0.04819277108433735
0 0.889443056943057 0.8477957283680173 0.03076923076923077 0.04819277108433735
0 0.8459115884115884 0.9062372868095757 0.03076923076923077 0.04819277108433735
0 0.7692132867132867 0.8721463777186668 0.03076923076923077 0.04819277108433735
0 0.6976973026973029 0.7747437803160694 0.03076923076923077 0.04819277108433735
0 0.7287912087912088 0.7893541699264589 0.03076923076923077 0.04819277108433735
0 0.5992332667332668 0.7552632608355498 0.03076923076923077 0.04819277108433735
0 0.4945504495504495 0.8137048192771082 0.03076923076923077 0.04819277108433735
0 0.23854395604395603 0.7828606634329524 0.03076923076923077 0.04819277108433735
0 0.36913836163836156 0.6968217023939913 0.03076923076923077 0.04819277108433735
0 0.34737262737262736 0.6805879361602252 0.03076923076923077 0.04819277108433735
0 0.3877947052947053 0.6740944296667187 0.03076923076923077 0.04819277108433735
0 0.40645104895104905 0.6611074166797056 0.03076923076923077 0.04819277108433735
0 0.39194055944055944 0.6367567673290563 0.03076923076923077 0.04819277108433735
0 0.3681018981018981 0.6270165075887966 0.03076923076923077 0.04819277108433735
0 0.3494455544455545 0.6010424816147707 0.03076923076923077 0.04819277108433735
0 0.33078921078921075 0.5913022218745108 0.03076923076923077 0.04819277108433735
0 0.307987012987013 0.6026658582381472 0.03076923076923077 0.04819277108433735
0 0.3173151848151848 0.5977957283680174 0.03076923076923077 0.04819277108433735
0 0.47796703296703297 0.6805879361602252 0.03076923076923077 0.04819277108433735
0 0.06545454545454549 0.7146788452511343 0.03076923076923077 0.04819277108433735
0 0.0810014985014985 0.6611074166797056 0.03076923076923077 0.04819277108433735
0 0.02814185814185814 0.6497437803160694 0.03076923076923077 0.04819277108433735
0 0.014667832167832164 0.6464970270693161 0.03076923076923077 0.04819277108433735
0 0.01674075924075925 0.5783152088874979 0.03076923076923077 0.04819277108433735
0 0.04990759240759242 0.5490944296667187 0.03076923076923077 0.04819277108433735
0 0.032287712287712315 0.5896788452511341 0.03076923076923077 0.04819277108433735
0 0.045761738261738245 0.6432502738225628 0.03076923076923077 0.04819277108433735
0 0.0810014985014985 0.6010424816147707 0.03076923076923077 0.04819277108433735
0 0.06338161838161839 0.5945489751212641 0.03076923076923077 0.04819277108433735
0 0.11416833166833167 0.5783152088874979 0.03076923076923077 0.04819277108433735
0 0.08203796203796204 0.5588346894069784 0.03076923076923077 0.04819277108433735
0 0.10276723276723278 0.5328606634329525 0.03076923076923077 0.04819277108433735
0 0.12453296703296705 0.5361074166797057 0.03076923076923077 0.04819277108433735
0 0.13800699300699304 0.552341182913472 0.03076923076923077 0.04819277108433735
0 0.0758191808191808 0.6270165075887966 0.03076923076923077 0.04819277108433735
0 0.17842907092907095 0.5247437803160692 0.03076923076923077 0.04819277108433735
0 0.196048951048951 0.5409775465498355 0.03076923076923077 0.04819277108433735
0 0.2053771228771229 0.5101333907056798 0.03076923076923077 0.04819277108433735
0 0.15873626373626373 0.487406117978407 0.03076923076923077 0.04819277108433735
0 0.12660589410589415 0.42734118291347195 0.03076923076923077 0.04819277108433735
0 0.11105894105894108 0.40299053356282255 0.03076923076923077 0.04819277108433735
0 0.13800699300699304 0.42247105304334204 0.03076923076923077 0.04819277108433735
0 0.09447552447552447 0.3835100140823032 0.03076923076923077 0.04819277108433735
0 0.05094405594405596 0.4760424816147706 0.03076923076923077 0.04819277108433735
0 0.014667832167832164 0.4176009231732122 0.03076923076923077 0.04819277108433735
0 0.021923076923076924 0.3981204036926927 0.03076923076923077 0.04819277108433735
0 0.03643356643356645 0.2731204036926927 0.03076923076923077 0.04819277108433735
0 0.043688811188811204 0.2893541699264589 0.03076923076923077 0.04819277108433735
0 0.13178821178821176 0.2682502738225628 0.03076923076923077 0.04819277108433735
0 0.151481018981019 0.2698736504459395 0.03076923076923077 0.04819277108433735
0 0.16910089910089907 0.2406528712251602 0.03076923076923077 0.04819277108433735
0 0.21677822177822179 0.25526326083554984 0.03076923076923077 0.04819277108433735
0 0.24061688311688312 0.49876975434204335 0.03076923076923077 0.04819277108433735
0 0.2333616383616384 0.547471053043342 0.03076923076923077 0.04819277108433735
0 0.25720029970029973 0.5068866374589265 0.03076923076923077 0.04819277108433735
0 0.25305444555444556 0.5263671569394458 0.03076923076923077 0.04819277108433735
0 0.24476273726273728 0.6059126114849004 0.03076923076923077 0.04819277108433735
0 0.2240334665334665 0.5815619621342512 0.03076923076923077 0.04819277108433735
0 0.19293956043956048 0.5669515725238615 0.03076923076923077 0.04819277108433735
0 0.39194055944055944 0.5896788452511341 0.03076923076923077 0.04819277108433735
0 0.39194055944055944 0.5555879361602252 0.03076923076923077 0.04819277108433735
0 0.40852397602397594 0.5685749491472382 0.03076923076923077 0.04819277108433735
0 0.42303446553446555 0.5442242997965887 0.03076923076923077 0.04819277108433735
0 0.5816133866133866 0.5685749491472382 0.03076923076923077 0.04819277108433735
0 0.5287537462537463 0.5913022218745108 0.03076923076923077 0.04819277108433735
0 0.5577747252747253 0.5977957283680174 0.03076923076923077 0.04819277108433735
0 0.4800399600399601 0.5864320920043808 0.03076923076923077 0.04819277108433735
0 0.48625874125874136 0.5490944296667187 0.03076923076923077 0.04819277108433735
0 0.5038786213786214 0.5864320920043808 0.03076923076923077 0.04819277108433735
0 0.4168156843156843 0.6010424816147707 0.03076923076923077 0.04819277108433735
0 0.40645104895104905 0.6026658582381472 0.03076923076923077 0.04819277108433735
0 0.3333803696303695 0.5486885855108745 0.03076923076923077 0.04819277108433735
0 0.30643231768231755 0.5543704036926927 0.03076923076923077 0.04819277108433735
0 0.2603096903096902 0.6055067673290564 0.03076923076923077 0.04819277108433735
0 0.2945129870129869 0.6152470270693161 0.03076923076923077 0.04819277108433735
0 0.32871628371628353 0.5056691049913941 0.03076923076923077 0.04819277108433735
0 0.3608466533466532 0.4902470270693161 0.03076923076923077 0.04819277108433735
0 0.3421903096903095 0.5202794946017837 0.03076923076923077 0.04819277108433735
0 0.38624000999000985 0.492682092004381 0.03076923076923077 0.04819277108433735
0 0.4131880619380618 0.4902470270693161 0.03076923076923077 0.04819277108433735
0 0.46604770229770215 0.5397600140823031 0.03076923076923077 0.04819277108433735
0 0.45101898101898086 0.5357015725238615 0.03076923076923077 0.04819277108433735
0 0.5686575924075923 0.5641106634329525 0.03076923076923077 0.04819277108433735
0 0.5650299700299698 0.5430067673290564 0.03076923076923077 0.04819277108433735
0 0.5484465534465534 0.5357015725238615 0.03076923076923077 0.04819277108433735
0 0.538081918081918 0.5527470270693161 0.03076923076923077 0.04819277108433735
0 0.5194255744255742 0.5543704036926927 0.03076923076923077 0.04819277108433735
0 0.5121703296703296 0.5048574166797057 0.03076923076923077 0.04819277108433735
0 0.526680819180819 0.5275846894069784 0.03076923076923077 0.04819277108433735
0 0.5494830169830168 0.5072924816147706 0.03076923076923077 0.04819277108433735
0 0.575912837162837 0.5202794946017837 0.03076923076923077 0.04819277108433735
0 0.48107642357642344 0.5145976764199655 0.03076923076923077 0.04819277108433735
0 0.4582742257742256 0.492682092004381 0.03076923076923077 0.04819277108433735
0 0.46656593406593394 0.45615611797840705 0.03076923076923077 0.04819277108433735
0 0.504396853146853 0.4504742997965888 0.03076923076923077 0.04819277108433735
0 0.4929957542457541 0.4350522218745109 0.03076923076923077 0.04819277108433735
0 0.5354907592407592 0.48131845564074466 0.03076923076923077 0.04819277108433735
0 0.6178896103896102 0.48131845564074466 0.03076923076923077 0.04819277108433735
0 0.6080432067932067 0.5332665075887966 0.03076923076923077 0.04819277108433735
0 0.5888686313686312 0.5389483257706148 0.03076923076923077 0.04819277108433735
0 0.5878321678321677 0.48131845564074466 0.03076923076923077 0.04819277108433735
0 0.5520741758241757 0.4188184556407447 0.03076923076923077 0.04819277108433735
0 0.5194255744255742 0.4245002738225629 0.03076923076923077 0.04819277108433735
0 0.44013611388611373 0.46183793616022517 0.03076923076923077 0.04819277108433735
0 0.4168156843156842 0.45534442966671873 0.03076923076923077 0.04819277108433735
0 0.4282167832167831 0.43667559849788756 0.03076923076923077 0.04819277108433735
0 0.3981593406593405 0.44722754654983554 0.03076923076923077 0.04819277108433735
0 0.37328421578421567 0.4447924816147707 0.03076923076923077 0.04819277108433735
0 0.34529970029970014 0.4350522218745109 0.03076923076923077 0.04819277108433735
0 0.35307317682317674 0.42531196213425115 0.03076923076923077 0.04819277108433735
0 0.3328621378621377 0.42206520888749793 0.03076923076923077 0.04819277108433735
0 0.31731518481518467 0.4188184556407447 0.03076923076923077 0.04819277108433735
0 0.3535914085914085 0.4058314426537317 0.03076923076923077 0.04819277108433735
0 0.3888311688311687 0.41638339070567976 0.03076923076923077 0.04819277108433735
0 0.38105769230769215 0.383104169926459 0.03076923076923077 0.04819277108433735
0 0.3686201298701297 0.3757989751212642 0.03076923076923077 0.04819277108433735
0 0.3598101898101897 0.2759613127836018 0.03076923076923077 0.04819277108433735
0 0.4002322677322676 0.37336391018619924 0.03076923076923077 0.04819277108433735
0 0.41215159840159826 0.4042080660303551 0.03076923076923077 0.04819277108433735
0 0.43599025974025957 0.41313663745892654 0.03076923076923077 0.04819277108433735
0 0.43547202797202783 0.38959767641996546 0.03076923076923077 0.04819277108433735
0 0.4520554445554444 0.40988988421217326 0.03076923076923077 0.04819277108433735
0 0.49195929070929056 0.41313663745892654 0.03076923076923077 0.04819277108433735
0 0.5349725274725273 0.4001496244719135 0.03076923076923077 0.04819277108433735
0 0.5168344155844155 0.3912210530433421 0.03076923076923077 0.04819277108433735
0 0.4385814185814184 0.37336391018619924 0.03076923076923077 0.04819277108433735
0 0.4722664835164833 0.37011715693944597 0.03076923076923077 0.04819277108433735
0 0.45101898101898086 0.36443533875762785 0.03076923076923077 0.04819277108433735
0 0.49092282717282704 0.3530717023939915 0.03076923076923077 0.04819277108433735
0 0.5012874625374624 0.35956520888749793 0.03076923076923077 0.04819277108433735
0 0.48314935064935055 0.33115611797840705 0.03076923076923077 0.04819277108433735
0 0.5054333166833166 0.3417080660303551 0.03076923076923077 0.04819277108433735
0 0.5152797202797201 0.35388339070567976 0.03076923076923077 0.04819277108433735
0 0.531344905094905 0.3587535205758096 0.03076923076923077 0.04819277108433735
0 0.4634565434565433 0.3717405335628226 0.03076923076923077 0.04819277108433735
0 0.4520554445554444 0.3530717023939915 0.03076923076923077 0.04819277108433735
0 0.46604770229770215 0.3141106634329525 0.03076923076923077 0.04819277108433735
0 0.455164835164835 0.3084288452511343 0.03076923076923077 0.04819277108433735
0 0.46086538461538445 0.2962535205758096 0.03076923076923077 0.04819277108433735
0 0.46086538461538445 0.32466261148490055 0.03076923076923077 0.04819277108433735
0 0.4411725774225773 0.3189807933030824 0.03076923076923077 0.04819277108433735
0 0.3738024475524474 0.31086391018619924 0.03076923076923077 0.04819277108433735
0 0.3753571428571427 0.2873249491472382 0.03076923076923077 0.04819277108433735
0 0.5816133866133865 0.3814807933030824 0.03076923076923077 0.04819277108433735
0 0.569175824175824 0.3952794946017837 0.03076923076923077 0.04819277108433735
0 0.6044155844155842 0.4171950790173681 0.03076923076923077 0.04819277108433735
0 0.5810951548451547 0.45615611797840705 0.03076923076923077 0.04819277108433735
0 0.6463923576423575 0.3952794946017837 0.03076923076923077 0.04819277108433735
0 0.6178896103896102 0.4001496244719135 0.03076923076923077 0.04819277108433735
0 0.6324000999000997 0.39284442966671873 0.03076923076923077 0.04819277108433735
0 0.6261813186813185 0.39446780629009537 0.03076923076923077 0.04819277108433735
0 0.5287537462537463 0.42734118291347195 0.03076923076923077 0.04819277108433735
0 0.05094405594405596 0.2682502738225628 0.03076923076923077 0.04819277108433735
0 0.06441808191808192 0.2698736504459395 0.03076923076923077 0.04819277108433735
0 0.32353396603396606 0.2406528712251602 0.03076923076923077 0.04819277108433735
0 0.3038411588411588 0.2471463777186667 0.03076923076923077 0.04819277108433735
0 0.634473026973027 0.5458476764199653 0.03076923076923077 0.04819277108433735
0 0.5588111888111889 0.4841593647316537 0.03076923076923077 0.04819277108433735
0 0.5049150849150851 0.46630222187451087 0.03076923076923077 0.04819277108433735
0 0.48418581418581425 0.4809126114849005 0.03076923076923077 0.04819277108433735
0 0.4012687312687313 0.547471053043342 0.03076923076923077 0.04819277108433735
0 0.3763936063936064 0.5555879361602252 0.03076923076923077 0.04819277108433735
0 0.36706543456543456 0.5409775465498355 0.03076923076923077 0.04819277108433735
0 0.3390809190809191 0.46467884525113423 0.03076923076923077 0.04819277108433735
0 0.4748576423576424 0.3916268971991862 0.03076923076923077 0.04819277108433735
0 0.4748576423576424 0.42734118291347195 0.03076923076923077 0.04819277108433735
0 0.4997327672327672 0.3948736504459395 0.03076923076923077 0.04819277108433735
0 0.4914410589410589 0.38188663745892654 0.03076923076923077 0.04819277108433735
0 0.48625874125874136 0.36889962447191343 0.03076923076923077 0.04819277108433735
0 0.4199250749250749 0.35915936473165366 0.03076923076923077 0.04819277108433735
0 0.38261238761238753 0.35428923486152386 0.03076923076923077 0.04819277108433735
0 0.7018431568431569 0.5068866374589265 0.03076923076923077 0.04819277108433735
0 0.7650674325674325 0.5182502738225628 0.03076923076923077 0.04819277108433735
0 0.7547027972027973 0.4809126114849005 0.03076923076923077 0.04819277108433735
0 0.7547027972027973 0.38188663745892654 0.03076923076923077 0.04819277108433735
0 0.6811138861138861 0.4062372868095758 0.03076923076923077 0.04819277108433735
0 0.716871878121878 0.42531196213425115 0.03076923076923077 0.04819277108433735
0 0.8163723776223775 0.357130143952433 0.03076923076923077 0.04819277108433735
0 0.795124875124875 0.3400846894069784 0.03076923076923077 0.04819277108433735
0 0.7650674325674325 0.3295327413550304 0.03076923076923077 0.04819277108433735
0 0.7847602397602397 0.3124872868095758 0.03076923076923077 0.04819277108433735
0 0.6826685814185813 0.31816910499139395 0.03076923076923077 0.04819277108433735
0 0.6650487012987012 0.3254742997965888 0.03076923076923077 0.04819277108433735
0 0.6728221778221777 0.3766106634329525 0.03076923076923077 0.04819277108433735
0 0.6816321178821179 0.3482015725238616 0.03076923076923077 0.04819277108433735
0 0.6583116883116882 0.36281196213425115 0.03076923076923077 0.04819277108433735
0 0.6189260739260738 0.36281196213425115 0.03076923076923077 0.04819277108433735
0 0.6038973526473527 0.3522600140823032 0.03076923076923077 0.04819277108433735
0 0.6401735764235764 0.3287210530433421 0.03076923076923077 0.04819277108433735
0 0.6204807692307691 0.33683793616022517 0.03076923076923077 0.04819277108433735
0 0.6427647352647352 0.34738988421217326 0.03076923076923077 0.04819277108433735
0 0.6344730269730269 0.3668704036926927 0.03076923076923077 0.04819277108433735
0 0.6567569930069929 0.3238509231732122 0.03076923076923077 0.04819277108433735
0 0.6603846153846153 0.2986885855108745 0.03076923076923077 0.04819277108433735
0 0.7023613886113885 0.3149223517446408 0.03076923076923077 0.04819277108433735
0 0.6909602897102897 0.2962535205758096 0.03076923076923077 0.04819277108433735
0 0.7360464535464535 0.33602624784853685 0.03076923076923077 0.04819277108433735
0 0.737082917082917 0.3157340400563291 0.03076923076923077 0.04819277108433735
0 0.7230906593406593 0.3157340400563291 0.03076923076923077 0.04819277108433735
0 0.73500999000999 0.29300676732905634 0.03076923076923077 0.04819277108433735
0 0.7256818181818181 0.2581041699264589 0.03076923076923077 0.04819277108433735
0 0.6982155344655344 0.21021455953684856 0.03076923076923077 0.04819277108433735
0 0.6961426073926072 0.14284442966671873 0.03076923076923077 0.04819277108433735
0 0.7547027972027971 0.22969507901736802 0.03076923076923077 0.04819277108433735
0 0.7453746253746254 0.25648079330308227 0.03076923076923077 0.04819277108433735
0 0.759366883116883 0.25648079330308227 0.03076923076923077 0.04819277108433735
0 0.7401923076923076 0.2329418322641213 0.03076923076923077 0.04819277108433735
0 0.7277547452547452 0.23537689719918625 0.03076923076923077 0.04819277108433735
0 0.7210177322677322 0.23131845564074466 0.03076923076923077 0.04819277108433735
0 0.7116895604395603 0.24187040369269272 0.03076923076923077 0.04819277108433735
0 0.799788961038961 0.2954418322641213 0.03076923076923077 0.04819277108433735
0 0.8168906093906092 0.2954418322641213 0.03076923076923077 0.04819277108433735
0 0.8314010989010988 0.3043704036926927 0.03076923076923077 0.04819277108433735
0 0.8298464035964036 0.34657819590048494 0.03076923076923077 0.04819277108433735
0 0.8593856143856143 0.3165457283680174 0.03076923076923077 0.04819277108433735
0 0.8552397602397601 0.3011236504459395 0.03076923076923077 0.04819277108433735
0 0.855757992007992 0.27677300109529007 0.03076923076923077 0.04819277108433735
0 0.8604220779220778 0.2654093647316538 0.03076923076923077 0.04819277108433735
0 0.8350287212787211 0.26378598810827714 0.03076923076923077 0.04819277108433735
0 0.8324375624375624 0.24674053356282263 0.03076923076923077 0.04819277108433735
0 0.8158541458541458 0.24836391018619924 0.03076923076923077 0.04819277108433735
0 0.815335914085914 0.2662210530433421 0.03076923076923077 0.04819277108433735
0 0.795124875124875 0.24917559849788756 0.03076923076923077 0.04819277108433735
0 0.7697315184815184 0.27920806603035503 0.03076923076923077 0.04819277108433735
0 0.7842420079920079 0.27920806603035503 0.03076923076923077 0.04819277108433735
0 0.7567757242757243 0.28164313096542 0.03076923076923077 0.04819277108433735
0 0.8231093906093905 0.20696780629009537 0.03076923076923077 0.04819277108433735
0 0.8293281718281718 0.22807170239399147 0.03076923076923077 0.04819277108433735
0 0.8236276223776223 0.23943533875762776 0.03076923076923077 0.04819277108433735
0 0.8573126873126872 0.2581041699264589 0.03076923076923077 0.04819277108433735
0 0.8500574425574425 0.23781196213425113 0.03076923076923077 0.04819277108433735
0 0.8599038461538462 0.245117156939446 0.03076923076923077 0.04819277108433735
0 0.8728596403596401 0.26378598810827714 0.03076923076923077 0.04819277108433735
0 0.891515984015984 0.31086391018619924 0.03076923076923077 0.04819277108433735
0 0.9391933066933066 0.2759613127836018 0.03076923076923077 0.04819277108433735
0 0.9309015984015983 0.2759613127836018 0.03076923076923077 0.04819277108433735
0 0.9112087912087911 0.2670327413550304 0.03076923076923077 0.04819277108433735
0 0.893588911088911 0.2524223517446408 0.03076923076923077 0.04819277108433735
0 0.8728596403596401 0.23781196213425113 0.03076923076923077 0.04819277108433735
0 0.8593856143856143 0.21346131278360184 0.03076923076923077 0.04819277108433735
0 0.8490209790209788 0.22157819590048494 0.03076923076923077 0.04819277108433735
0 0.8428021978021976 0.20940287122516024 0.03076923076923077 0.04819277108433735
0 0.777504995004995 0.26662689719918614 0.03076923076923077 0.04819277108433735
0 0.670749250749251 0.2893541699264589 0.03076923076923077 0.04819277108433735
0 0.7785414585414586 0.23902949460178355 0.03076923076923077 0.04819277108433735
0 0.7878696303696303 0.2260424816147706 0.03076923076923077 0.04819277108433735
0 0.7474475524475525 0.3526658582381472 0.03076923076923077 0.04819277108433735
0 0.7287912087912088 0.37052300109529007 0.03076923076923077 0.04819277108433735
0 0.7153171828171828 0.3396788452511343 0.03076923076923077 0.04819277108433735
0 0.7049525474525475 0.35428923486152386 0.03076923076923077 0.04819277108433735
0 0.6925149850149851 0.3640294946017835 0.03076923076923077 0.04819277108433735
0 0.7049525474525475 0.3039645595368486 0.03076923076923077 0.04819277108433735
0 0.7246453546453547 0.27799053356282244 0.03076923076923077 0.04819277108433735
0 0.7370829170829171 0.27474378031606933 0.03076923076923077 0.04819277108433735
0 0.7381193806193806 0.43708144265373167 0.03076923076923077 0.04819277108433735
0 0.9611713286713285 0.24268209200438118 0.03076923076923077 0.04819277108433735
0 0.9466608391608391 0.237000273822563 0.03076923076923077 0.04819277108433735
0 0.9518431568431568 0.21346131278360198 0.03076923076923077 0.04819277108433735
0 0.9456243756243755 0.20534442966671884 0.03076923076923077 0.04819277108433735
0 0.9347415084915084 0.19154572836801753 0.03076923076923077 0.04819277108433735
0 0.9166033966033966 0.22238988421217337 0.03076923076923077 0.04819277108433735
0 0.9062387612387612 0.22807170239399158 0.03076923076923077 0.04819277108433735
0 0.9181580919080918 0.2313184556407448 0.03076923076923077 0.04819277108433735
0 0.8974288211788211 0.2150846894069786 0.03076923076923077 0.04819277108433735
0 0.8974288211788211 0.18261715693944613 0.03076923076923077 0.04819277108433735
0 0.873071928071928 0.18342884525113445 0.03076923076923077 0.04819277108433735
0 0.8969105894105893 0.12255222187451108 0.03076923076923077 0.04819277108433735
0 0.8777360139860139 0.16881845564074488 0.03076923076923077 0.04819277108433735
0 0.8777360139860139 0.14690287122516044 0.03076923076923077 0.04819277108433735
0 0.844050949050949 0.19235741667970585 0.03076923076923077 0.04819277108433735
0 0.8585614385614385 0.1996626114849007 0.03076923076923077 0.04819277108433735
0 0.854933816183816 0.15745481927710844 0.03076923076923077 0.04819277108433735
0 0.9285227272727273 0.0982015725238617 0.03076923076923077 0.04819277108433735
0 0.9943381618381618 0.22238988421217337 0.03076923076923077 0.04819277108433735
0 0.9368144355644354 0.21995481927710847 0.03076923076923077 0.04819277108433735
0 0.9112087912087913 0.17571780629009537 0.03076923076923077 0.04819277108433735
0 0.9080994005994006 0.1529905335628225 0.03076923076923077 0.04819277108433735
0 0.920536963036963 0.13513339070567976 0.03076923076923077 0.04819277108433735
0 0.8500574425574425 0.14487365044593947 0.03076923076923077 0.04819277108433735
0 0.858349150849151 0.13188663745892654 0.03076923076923077 0.04819277108433735
0 0.9153546453546455 0.3039645595368486 0.03076923076923077 0.04819277108433735
0 0.8811513486513487 0.22766585823814725 0.03076923076923077 0.04819277108433735
0 0.8884065934065936 0.22441910499139398 0.03076923076923077 0.04819277108433735
0 0.8884065934065936 0.19844507901736796 0.03076923076923077 0.04819277108433735
0 0.7940884115884116 0.21792559849788756 0.03076923076923077 0.04819277108433735
0 0.8407292707292707 0.2893541699264589 0.03076923076923077 0.04819277108433735
0 0.7816508491508493 0.37052300109529007 0.03076923076923077 0.04819277108433735
0 0.7474475524475525 0.2893541699264589 0.03076923076923077 0.04819277108433735
0 0.7743956043956044 0.31532819590048494 0.03076923076923077 0.04819277108433735
0 0.46967532467532463 0.28610741667970563 0.03076923076923077 0.04819277108433735
0 0.4872952047952047 0.30071780629009537 0.03076923076923077 0.04819277108433735
0 0.4385814185814185 0.29747105304334215 0.03076923076923077 0.04819277108433735
0 0.4810764235764236 0.6464970270693161 0.03076923076923077 0.04819277108433735
0 0.48418581418581425 0.5750684556407447 0.03076923076923077 0.04819277108433735
0 0.38261238761238753 0.7747437803160694 0.03076923076923077 0.04819277108433735
0 0.33804445554445556 0.7942242997965888 0.03076923076923077 0.04819277108433735
0 0.7319005994005995 0.9273411829134719 0.03076923076923077 0.04819277108433735
0 0.9713236763236762 0.8477957283680173 0.03076923076923077 0.04819277108433735
0 0.04679820179820179 0.7227957283680173 0.03076923076923077 0.04819277108433735
0 0.0353971028971029 0.7098087153810044 0.03076923076923077 0.04819277108433735
0 0.029178321678321684 0.7000684556407446 0.03076923076923077 0.04819277108433735
0 0.04679820179820179 0.6757178062900953 0.03076923076923077 0.04819277108433735
0 0.018813686313686337 0.7633801439524329 0.03076923076923077 0.04819277108433735
0 0.5308266733266733 0.25201650758879657 0.03076923076923077 0.04819277108433735
0 0.5308266733266733 0.18708144265373167 0.03076923076923077 0.04819277108433735
0 0.5007692307692307 0.2098087153810044 0.03076923076923077 0.04819277108433735
0 0.47796703296703297 0.20656196213425113 0.03076923076923077 0.04819277108433735
0 0.4603471528471528 0.21792559849788756 0.03076923076923077 0.04819277108433735
0 0.433399100899101 0.25039313096542 0.03076923076923077 0.04819277108433735
0 0.44894605394605397 0.20331520888749788 0.03076923076923077 0.04819277108433735
0 0.536008991008991 0.07344507901736798 0.03076923076923077 0.04819277108433735
0 0.5152797202797204 0.0896788452511343 0.03076923076923077 0.04819277108433735
0 0.5847227772227772 0.20169183226412124 0.03076923076923077 0.04819277108433735
0 0.5971603396603398 0.19844507901736796 0.03076923076923077 0.04819277108433735
0 0.607524975024975 0.19032819590048494 0.03076923076923077 0.04819277108433735
0 0.5121703296703297 0.25526326083554984 0.03076923076923077 0.04819277108433735
0 0.4852222777222778 0.27799053356282244 0.03076923076923077 0.04819277108433735
0 0.5733216783216782 0.35428923486152386 0.03076923076923077 0.04819277108433735
0 0.6137437562437562 0.3413022218745109 0.03076923076923077 0.04819277108433735
0 0.6023426573426572 0.3283152088874979 0.03076923076923077 0.04819277108433735
0 0.5764310689310689 0.46467884525113423 0.03076923076923077 0.04819277108433735
0 0.5992332667332668 0.45656196213425115 0.03076923076923077 0.04819277108433735
0 0.6313636363636363 0.46467884525113423 0.03076923076923077 0.04819277108433735
0 0.8096353646353648 0.2211723517446407 0.03076923076923077 0.04819277108433735
0 0.3349350649350649 0.26662689719918614 0.03076923076923077 0.04819277108433735
0 0.21988761238761242 0.4533152088874979 0.03076923076923077 0.04819277108433735
0 0.23647102897102895 0.461432092004381 0.03076923076923077 0.04819277108433735
0 0.25720029970029973 0.4581853387576278 0.03076923076923077 0.04819277108433735
0 0.2354345654345654 0.42734118291347195 0.03076923076923077 0.04819277108433735
0 0.25098151848151845 0.44519832577061474 0.03076923076923077 0.04819277108433735
0 0.3204245754245755 0.5685749491472382 0.03076923076923077 0.04819277108433735
0 0.3204245754245755 0.5182502738225628 0.03076923076923077 0.04819277108433735
0 0.6805894105894105 0.21017055233922727 0.03076923076923077 0.04819277108433735
0 0.6526173826173826 0.16479424190267586 0.03076923076923077 0.04819277108433735
0 0.7435264735264734 0.20547645125958403 0.03076923076923077 0.04819277108433735
0 0.7395304695304693 0.1929588483805353 0.03076923076923077 0.04819277108433735
0 0.7225474525474526 0.20391175089970293 0.03076923076923077 0.04819277108433735
0 0.7225474525474526 0.17418244406196226 0.03076923076923077 0.04819277108433735
0 0.7854845154845155 0.18357064622124877 0.03076923076923077 0.04819277108433735
0 0.8204495504495504 0.1929588483805353 0.03076923076923077 0.04819277108433735
0 0.8294405594405594 0.18826474730089218 0.03076923076923077 0.04819277108433735
0 0.8943756243756243 0.08968862462838391 0.03076923076923077 0.04819277108433735
0 0.9003696303696304 0.05995931779064323 0.03076923076923077 0.04819277108433735
0 0.9093606393606393 0.091253324988265 0.03076923076923077 0.04819277108433735
