0 0.07585980036297635 0.8855254069502432 0.025 0.030816640986132512
0 0.04052404718693275 0.9798992726489727 0.025 0.030816640986132512
0 0.14800362976406523 0.9109337554075934 0.025 0.030816640986132512
0 0.030217785843920028 0.7802622490555062 0.025 0.030816640986132512
0 0.01843920145190552 0.856487294427557 0.025 0.030816640986132512
0 0.06408121597096177 0.7167413779121307 0.025 0.030816640986132512
0 0.10236161524500893 0.7802622490555062 0.025 0.030816640986132512
0 0.15094827586206885 0.769372956859499 0.025 0.030816640986132512
0 0.18039473684210514 0.8256342998722033 0.025 0.030816640986132512
0 0.13475272232304897 0.8220045358068674 0.025 0.030816640986132512
0 0.18333938294010885 0.7240009060428021 0.025 0.030816640986132512
0 0.221619782214156 0.8256342998722033 0.025 0.030816640986132512
0 0.33646098003629754 0.9290825757342721 0.025 0.030816640986132512
0 0.3379333030852994 0.901859345244254 0.025 0.030816640986132512
0 0.3379333030852994 0.843783120198882 0.025 0.030816640986132512
0 0.2746234119782213 0.7203711419774663 0.025 0.030816640986132512
0 0.14505898366606154 0.6296270403440726 0.025 0.030816640986132512
0 0.16714382940108885 0.5515871129393539 0.025 0.030816640986132512
0 0.12886343012704166 0.5189192363513321 0.025 0.030816640986132512
0 0.0684981851179672 0.5007704160246533 0.025 0.030816640986132512
0 0.019911524500907305 0.5025852980573212 0.025 0.030816640986132512
0 0.0552472776769509 0.35920961747655894 0.025 0.030816640986132512
0 0.09352767695099808 0.3628393815418947 0.025 0.030816640986132512
0 0.0979446460980035 0.40821143235859153 0.025 0.030816640986132512
0 0.1273911070780398 0.33198638698654076 0.025 0.030816640986132512
0 0.0979446460980035 0.31020780259452624 0.025 0.030816640986132512
0 0.0846937386569872 0.2702803978758329 0.025 0.030816640986132512
0 0.10677858439201436 0.23035299315713967 0.025 0.030816640986132512
0 0.04346869328493639 0.21583393689579658 0.025 0.030816640986132512
0 0.04935798548094361 0.18316606030777488 0.025 0.030816640986132512
0 0.07585980036297635 0.1269047172950707 0.025 0.030816640986132512
0 0.10825090744101623 0.10694101493572396 0.025 0.030816640986132512
0 0.1273911070780398 0.14142377355641372 0.025 0.030816640986132512
0 0.10236161524500893 0.17046188607909973 0.025 0.030816640986132512
0 0.05083030852994547 0.11057077900105981 0.025 0.030816640986132512
0 0.04346869328493639 0.03979037972701266 0.025 0.030816640986132512
0 0.019911524500907305 0.012567149236994419 0.025 0.030816640986132512
0 0.0979446460980035 0.018011795334998033 0.025 0.030816640986132512
0 0.08462057622504542 0.03570689515350987 0.025 0.030816640986132512
0 0.10302461433756807 0.0665598897088638 0.025 0.030816640986132512
0 0.16780682849364792 0.08652359206821049 0.025 0.030816640986132512
0 0.2244912658802178 0.08289382800287472 0.025 0.030816640986132512
0 0.26424398820326683 0.0665598897088638 0.025 0.030816640986132512
0 0.23185288112522687 0.12735843780323772 0.025 0.030816640986132512
0 0.2340613656987296 0.18634210386494368 0.025 0.030816640986132512
0 0.223018942831216 0.2181025394366315 0.025 0.030816640986132512
0 0.15529208257713253 0.22445462655096907 0.025 0.030816640986132512
0 0.1464581442831216 0.2789010875310054 0.025 0.030816640986132512
0 0.17295995916515428 0.2571225031389908 0.025 0.030816640986132512
0 0.2053510662431942 0.28343829261267506 0.025 0.030816640986132512
0 0.15750056715063526 0.32245825631503444 0.025 0.030816640986132512
0 0.19946177404718693 0.3487740457887186 0.025 0.030816640986132512
0 0.18621086660617064 0.37871959932773863 0.025 0.030816640986132512
0 0.14793046733212345 0.42046188607909973 0.025 0.030816640986132512
0 0.1759046052631579 0.40503538880142276 0.025 0.030816640986132512
0 0.11480319872958258 0.4685562599447985 0.025 0.030816640986132512
0 0.11112239110707808 0.4422404704711143 0.025 0.030816640986132512
0 0.17664076678765883 0.47763067010813787 0.025 0.030816640986132512
0 0.1817938974591652 0.4458702345364501 0.025 0.030816640986132512
0 0.19578096642468243 0.41773956303009796 0.025 0.030816640986132512
0 0.20829571234119787 0.3859791274584102 0.025 0.030816640986132512
0 0.23111671960072594 0.32971778444570593 0.025 0.030816640986132512
0 0.2480484346642468 0.3632931020500617 0.025 0.030816640986132512
0 0.2686609573502723 0.3460517227397168 0.025 0.030816640986132512
0 0.21933813520871145 0.4413330294547803 0.025 0.030816640986132512
0 0.26424398820326683 0.14641469914625035 0.025 0.030816640986132512
0 0.2988435798548094 0.09106079714988015 0.025 0.030816640986132512
0 0.29810741833030857 0.17454537065260245 0.025 0.030816640986132512
0 0.2870649954627949 0.2081206882569582 0.025 0.030816640986132512
0 0.33197084845735036 0.063837566659862 0.025 0.030816640986132512
0 0.3812936705989111 0.022095279908500826 0.025 0.030816640986132512
0 0.3570003402903812 0.12917331983590552 0.025 0.030816640986132512
0 0.32019226406533574 0.15095190422792007 0.025 0.030816640986132512
0 0.3371239791288566 0.1990462780936188 0.025 0.030816640986132512
0 0.3143029718693285 0.23625135976331027 0.025 0.030816640986132512
0 0.28264802631578945 0.299772230906686 0.025 0.030816640986132512
0 0.32092842558983664 0.33425498952737565 0.025 0.030816640986132512
0 0.3466940789473685 0.33969963562537925 0.025 0.030816640986132512
0 0.3724597323049002 0.30430943598835564 0.025 0.030816640986132512
0 0.39086377041742293 0.23262159569797455 0.025 0.030816640986132512
0 0.4055870009074411 0.15276678626058796 0.025 0.030816640986132512
0 0.4239910390199638 0.05748547954552441 0.025 0.030816640986132512
0 0.462271438294011 0.11193194052556073 0.025 0.030816640986132512
0 0.47036921506352086 0.19178674996294728 0.025 0.030816640986132512
0 0.4320888157894737 0.25349273907365516 0.025 0.030816640986132512
0 0.3952807395644284 0.3442368407070489 0.025 0.030816640986132512
0 0.3650981170598912 0.38779400949107795 0.025 0.030816640986132512
0 0.33638781760435577 0.3968684196544174 0.025 0.030816640986132512
0 0.30031590290381127 0.37146007119706714 0.025 0.030816640986132512
0 0.29663509528130677 0.4458702345364501 0.025 0.030816640986132512
0 0.24878459618874774 0.4449627935201161 0.025 0.030816640986132512
0 0.24878459618874774 0.461296731814127 0.025 0.030816640986132512
0 0.22964439655172417 0.47127858299380027 0.025 0.030816640986132512
0 0.3452217558983666 0.4785381111244718 0.025 0.030816640986132512
0 0.32092842558983664 0.4649264958794627 0.025 0.030816640986132512
0 0.35847266333938294 0.4395181474221125 0.025 0.030816640986132512
0 0.37982134754990937 0.4222767681117677 0.025 0.030816640986132512
0 0.40632316243194194 0.40957259388309253 0.025 0.030816640986132512
0 0.41736558529945555 0.43498094234044277 0.025 0.030816640986132512
0 0.37393205535390206 0.4848901982388094 0.025 0.030816640986132512
0 0.4026423548094374 0.49214972636948084 0.025 0.030816640986132512
0 0.4313526542649728 0.4685562599447985 0.025 0.030816640986132512
0 0.4762585072595282 0.4585744087651251 0.025 0.030816640986132512
0 0.48509244555353903 0.4159246809974301 0.025 0.030816640986132512
0 0.4585906306715064 0.3950535376217495 0.025 0.030816640986132512
0 0.49539870689655174 0.03570689515350987 0.025 0.030816640986132512
0 0.5779219600725951 0.05067967192301989 0.025 0.030816640986132512
0 0.5337522686025408 0.09423684070704898 0.025 0.030816640986132512
0 0.5897005444646097 0.0760880203803702 0.025 0.030816640986132512
0 0.5764496370235934 0.15231306575242098 0.025 0.030816640986132512
0 0.5043058076225045 0.15231306575242098 0.025 0.030816640986132512
0 0.5057781306715062 0.20494464469978935 0.025 0.030816640986132512
0 0.5043058076225045 0.24487204941848267 0.025 0.030816640986132512
0 0.5205013611615243 0.30839292056185835 0.025 0.030816640986132512
0 0.5499478221415607 0.25939110567982565 0.025 0.030816640986132512
0 0.6014791288566242 0.17953629624243905 0.025 0.030816640986132512
0 0.5985344827586205 0.26120598771249354 0.025 0.030816640986132512
0 0.644176497277677 0.23035299315713967 0.025 0.030816640986132512
0 0.6839292196007258 0.18135117827510697 0.025 0.030816640986132512
0 0.7119033575317605 0.13234936339307427 0.025 0.030816640986132512
0 0.769323956442831 0.11601542509906343 0.025 0.030816640986132512
0 0.7914088021778583 0.09423684070704898 0.025 0.030816640986132512
0 0.658899727767695 0.007122503138990804 0.025 0.030816640986132512
0 0.8046597096188745 0.2666506338104972 0.025 0.030816640986132512
0 0.7354605263157893 0.25939110567982565 0.025 0.030816640986132512
0 0.7001247731397459 0.284799454137176 0.025 0.030816640986132512
0 0.8208552631578945 0.19042558843844626 0.025 0.030816640986132512
0 0.8606079854809436 0.1432386555890815 0.025 0.030816640986132512
0 0.888582123411978 0.13053448136040652 0.025 0.030816640986132512
0 0.9165562613430126 0.2539464595818221 0.025 0.030816640986132512
0 0.8768035390199634 0.20857440876512523 0.025 0.030816640986132512
0 0.9445303992740471 0.08334754851104158 0.025 0.030816640986132512
0 0.9666152450090744 0.11057077900105981 0.025 0.030816640986132512
0 0.9762585072595281 0.009391105679825672 0.025 0.030816640986132512
0 0.9953987068965517 0.09196823816621409 0.025 0.030816640986132512
0 0.8408047867513612 0.2961424668413502 0.025 0.030816640986132512
0 0.9423950771324864 0.3542186918867223 0.025 0.030816640986132512
0 0.9166294237749547 0.4458702345364501 0.025 0.030816640986132512
0 0.9276718466424683 0.48942740332047907 0.025 0.030816640986132512
0 0.8003159029038113 0.43225861929144094 0.025 0.030816640986132512
0 0.7900096415607986 0.4141097989647622 0.025 0.030816640986132512
0 0.8039967105263157 0.490334844336813 0.025 0.030816640986132512
0 0.6626536978221416 0.4159246809974301 0.025 0.030816640986132512
0 0.6089139065335754 0.461296731814127 0.025 0.030816640986132512
0 0.579467445553539 0.4785381111244718 0.025 0.030816640986132512
0 0.5883013838475499 0.4014056247360871 0.025 0.030816640986132512
0 0.5919821914700545 0.358755896968392 0.025 0.030816640986132512
0 0.5308807849364792 0.45403720368345546 0.025 0.030816640986132512
0 0.5500209845735027 0.49214972636948084 0.025 0.030816640986132512
0 0.9681607304900182 0.6759065321771034 0.025 0.030816640986132512
0 0.97773083030853 0.548864789890352 0.025 0.030816640986132512
0 0.8996977087114338 0.5252713234656696 0.025 0.030816640986132512
0 0.9416589156079855 0.6695544450627658 0.025 0.030816640986132512
0 0.9188379083484574 0.8383384741008785 0.025 0.030816640986132512
0 0.914420939201452 0.9227304886199346 0.025 0.030816640986132512
0 0.9637437613430128 0.8664691456072303 0.025 0.030816640986132512
0 0.9968710299455537 0.8501352073132196 0.025 0.030816640986132512
0 0.8518472096188748 0.9445090730119491 0.025 0.030816640986132512
0 0.7988435798548095 0.9626578933386281 0.025 0.030816640986132512
0 0.8474302404718693 0.888247729999245 0.025 0.030816640986132512
0 0.8076775181488203 0.8728212327215681 0.025 0.030816640986132512
0 0.7885373185117968 0.9036742272769218 0.025 0.030816640986132512
0 0.7399506578947368 0.9209156065872669 0.025 0.030816640986132512
0 0.6891555127041742 0.9399718679302793 0.025 0.030816640986132512
0 0.6376242059891107 0.9572132472406244 0.025 0.030816640986132512
0 0.6022884528130672 0.9735471855346353 0.025 0.030816640986132512
0 0.5544379537205082 0.9653802163876296 0.025 0.030816640986132512
0 0.5132129083484575 0.9626578933386281 0.025 0.030816640986132512
0 0.5500209845735027 0.8982295811789182 0.025 0.030816640986132512
0 0.6059692604355718 0.8973221401625843 0.025 0.030816640986132512
0 0.634679559891107 0.8510426483295535 0.025 0.030816640986132512
0 0.6751684437386569 0.8537649713785553 0.025 0.030816640986132512
0 0.6854747050816696 0.8855254069502432 0.025 0.030816640986132512
0 0.7244912658802178 0.8855254069502432 0.025 0.030816640986132512
0 0.7517292422867514 0.8319863869865407 0.025 0.030816640986132512
0 0.7966350952813067 0.8301715049538728 0.025 0.030816640986132512
0 0.8290262023593467 0.8238194178395354 0.025 0.030816640986132512
0 0.8540556941923775 0.7866143361698439 0.025 0.030816640986132512
0 0.8879191243194192 0.7439646084021488 0.025 0.030816640986132512
0 0.8805575090744102 0.7076669677487912 0.025 0.030816640986132512
0 0.8555280172413794 0.7357976392551433 0.025 0.030816640986132512
0 0.8209284255898366 0.7312604341734736 0.025 0.030816640986132512
0 0.8194561025408349 0.7666506338104973 0.025 0.030816640986132512
0 0.8319708484573504 0.7004074396181198 0.025 0.030816640986132512
0 0.8297623638838476 0.6559428298177568 0.025 0.030816640986132512
0 0.7914819646098005 0.6459609786380834 0.025 0.030816640986132512
0 0.7929542876588022 0.5896996356253792 0.025 0.030816640986132512
0 0.8179837794918331 0.5416052617596805 0.025 0.030816640986132512
0 0.8474302404718693 0.5443275848086823 0.025 0.030816640986132512
0 0.7568823729582577 0.5270862054983375 0.025 0.030816640986132512
0 0.7642439882032669 0.563383846151695 0.025 0.030816640986132512
0 0.7480484346642469 0.6005889278213865 0.025 0.030816640986132512
0 0.7532015653357531 0.6468684196544173 0.025 0.030816640986132512
0 0.7215466197822141 0.6387014505074119 0.025 0.030816640986132512
0 0.7244912658802178 0.6659246809974301 0.025 0.030816640986132512
0 0.7590908575317604 0.6940553525037821 0.025 0.030816640986132512
0 0.7811757032667878 0.6849809423404428 0.025 0.030816640986132512
0 0.7774948956442832 0.7330753162061415 0.025 0.030816640986132512
0 0.7767587341197824 0.7612059877124936 0.025 0.030816640986132512
0 0.7539377268602542 0.7838920131208421 0.025 0.030816640986132512
0 0.7105041969147006 0.8319863869865407 0.025 0.030816640986132512
0 0.6906278357531761 0.7993185103985191 0.025 0.030816640986132512
0 0.7134488430127043 0.7584836646634918 0.025 0.030816640986132512
0 0.7325890426497278 0.7240009060428022 0.025 0.030816640986132512
0 0.6898916742286751 0.710389290797793 0.025 0.030816640986132512
0 0.6766407667876588 0.7602985466961597 0.025 0.030816640986132512
0 0.6368880444646098 0.8111152436108602 0.025 0.030816640986132512
0 0.5743143148820328 0.8301715049538728 0.025 0.030816640986132512
0 0.5537017921960072 0.8029482744638547 0.025 0.030816640986132512
0 0.6015522912885664 0.7820771310881742 0.025 0.030816640986132512
0 0.6413050136116152 0.7430571673858148 0.025 0.030816640986132512
0 0.634679559891107 0.682258619291441 0.025 0.030816640986132512
0 0.6803215744101634 0.6759065321771034 0.025 0.030816640986132512
0 0.6876831896551724 0.6214600711970671 0.025 0.030816640986132512
0 0.6162755217785845 0.5161969133023303 0.025 0.030816640986132512
0 0.5897737068965517 0.519826677367666 0.025 0.030816640986132512
0 0.6199563294010889 0.5679210512333648 0.025 0.030816640986132512
0 0.611858552631579 0.6178303071317314 0.025 0.030816640986132512
0 0.6140670372050816 0.6332568044094083 0.025 0.030816640986132512
0 0.595662999092559 0.6722767681117676 0.025 0.030816640986132512
0 0.5831482531760436 0.6250898352624029 0.025 0.030816640986132512
0 0.55591027676951 0.636886568474744 0.025 0.030816640986132512
0 0.5448678539019964 0.6895181474221125 0.025 0.030816640986132512
0 0.5382424001814883 0.7412422853531468 0.025 0.030816640986132512
0 0.5102682622504537 0.6604800348994264 0.025 0.030816640986132512
0 0.5102682622504537 0.6033112508703884 0.025 0.030816640986132512
0 0.5249914927404719 0.5416052617596805 0.025 0.030816640986132512
0 0.30591027676951 0.6278121583114046 0.025 0.030816640986132512
0 0.27793613883847545 0.6768139731934373 0.025 0.030816640986132512
0 0.24112806261343006 0.6895181474221124 0.025 0.030816640986132512
0 0.31327189201451905 0.708574408765125 0.025 0.030816640986132512
0 0.36112239110707806 0.6858883833567766 0.025 0.030816640986132512
0 0.3898326905626135 0.6922404704711143 0.025 0.030816640986132512
0 0.4104452132486389 0.7548539005981559 0.025 0.030816640986132512
0 0.43621086660617064 0.7230934650264681 0.025 0.030816640986132512
0 0.4612403584392015 0.7067595267324572 0.025 0.030816640986132512
0 0.46933813520871154 0.6686470040464318 0.025 0.030816640986132512
0 0.4516702586206898 0.6151079840827294 0.025 0.030816640986132512
0 0.4332662205081671 0.6849809423404427 0.025 0.030816640986132512
0 0.4133898593466425 0.6477758606707512 0.025 0.030816640986132512
0 0.4075005671506352 0.5951442817233827 0.025 0.030816640986132512
0 0.43694702813067166 0.5688284922496984 0.025 0.030816640986132512
0 0.39351349818511805 0.5506796719230198 0.025 0.030816640986132512
0 0.3721648139745918 0.5243638824493355 0.025 0.030816640986132512
0 0.473755104355717 0.5116597082206604 0.025 0.030816640986132512
0 0.4958399500907443 0.562476405135361 0.025 0.030816640986132512
0 0.30149330762250454 0.5198266773676659 0.025 0.030816640986132512
0 0.2933955308529945 0.5016778570409871 0.025 0.030816640986132512
0 0.33535673774954633 0.5806252254620398 0.025 0.030816640986132512
0 0.2970763384754991 0.57608802038037 0.025 0.030816640986132512
0 0.2514343239564428 0.591514517658047 0.025 0.030816640986132512
0 0.22714099364791282 0.5497722309066858 0.025 0.030816640986132512
0 0.21241776315789465 0.5361606156616768 0.025 0.030816640986132512
0 0.22640483212341192 0.5107522672043265 0.025 0.030816640986132512
0 0.20137534029038104 0.5071225031389908 0.025 0.030816640986132512
0 0.183266220508167 0.4980480929756515 0.025 0.030816640986132512
0 0.36443511796733197 0.16864700404643185 0.025 0.030816640986132512
0 0.27315108892921947 0.8927849350809146 0.025 0.030816640986132512
0 0.37621370235934654 0.9581206882569583 0.025 0.030816640986132512
0 0.4233280399274046 0.9744546265509691 0.025 0.030816640986132512
0 0.4586637931034482 0.9853439187469764 0.025 0.030816640986132512
0 0.8797481851179672 0.9944183289103157 0.025 0.030816640986132512
0 0.7885373185117968 0.9957794904348166 0.025 0.030816640986132512
0 0.44835753176043547 0.8474128842642177 0.025 0.030816640986132512
0 0.5057781306715062 0.8728212327215681 0.025 0.030816640986132512
0 0.5028334845735026 0.7875217771861778 0.025 0.030816640986132512
0 0.4542468239564428 0.7857068951535099 0.025 0.030816640986132512
0 0.4763316696914699 0.742149726369481 0.025 0.030816640986132512
0 0.5057781306715062 0.6913330294547804 0.025 0.030816640986132512
