0 0.43225727859271024 0.7293925317256287 0.01953125 0.029455081001472753
0 0.3179487254352362 0.8487385865459844 0.01953125 0.029455081001472753
0 0.22282482455593963 0.7631469714727998 0.01953125 0.029455081001472753
0 0.14928365748959274 0.7330090788413969 0.01953125 0.029455081001472753
0 0.16527086772140726 0.6401843695366757 0.01953125 0.029455081001472753
0 0.1412900523736855 0.6655001993470543 0.01953125 0.029455081001472753
0 0.2859743049716071 0.6401843695366757 0.01953125 0.029455081001472753
0 0.2563979660427502 0.5931692570316871 0.01953125 0.029455081001472753
0 0.26998709473979254 0.5485651759372107 0.01953125 0.029455081001472753
0 0.19884400920821785 0.5485651759372107 0.01953125 0.029455081001472753
0 0.13569452879255034 0.5787030685686138 0.01953125 0.029455081001472753
0 0.018987894100304128 0.5063721262532465 0.01953125 0.029455081001472753
0 0.06295272223779416 0.49070042208491704 0.01953125 0.029455081001472753
0 0.09492714270142327 0.5292769246531129 0.01953125 0.029455081001472753
0 0.005398765403261772 0.47985078073761195 0.01953125 0.029455081001472753
0 0.006997486426443233 0.4593570137482579 0.01953125 0.029455081001472753
0 0.029379580750983608 0.41836947976954986 0.01953125 0.029455081001472753
0 0.9294595168021427 0.713720827557299 0.01953125 0.029455081001472753
0 0.9430486454991851 0.6064299297895044 0.01953125 0.029455081001472753
0 0.969427542381679 0.5063721262532465 0.01953125 0.029455081001472753
0 0.9382524824296408 0.5111941890742709 0.01953125 0.029455081001472753
0 0.9158703881051005 0.5678534272213085 0.01953125 0.029455081001472753
0 0.8974850963385136 0.612457508315785 0.01953125 0.029455081001472753
0 0.8111541610867151 0.6413898852419319 0.01953125 0.029455081001472753
0 0.732017470439233 0.6594726208207736 0.01953125 0.029455081001472753
0 0.6097153121658517 0.8053400211567641 0.01953125 0.029455081001472753
0 0.6864539212785616 0.7510918144202386 0.01953125 0.029455081001472753
0 0.48261699082292614 0.5787030685686138 0.01953125 0.029455081001472753
0 0.35951547203795403 0.6064299297895044 0.01953125 0.029455081001472753
0 0.3946873345479461 0.6064299297895044 0.01953125 0.029455081001472753
0 0.40427966068703475 0.47985078073761195 0.01953125 0.029455081001472753
0 0.37630204278135937 0.5449486288214423 0.01953125 0.029455081001472753
0 0.33393593566705077 0.5521817230529791 0.01953125 0.029455081001472753
0 0.3235442490163713 0.5063721262532465 0.01953125 0.029455081001472753
0 0.33473529617864156 0.4786452650323558 0.01953125 0.029455081001472753
0 0.2867736654831979 0.45574046663248946 0.01953125 0.029455081001472753
0 0.3083563992961475 0.46417907656928237 0.01953125 0.029455081001472753
0 0.2659902921818389 0.46056252945351406 0.01953125 0.029455081001472753
0 0.24520691888048005 0.48949490637966087 0.01953125 0.029455081001472753
0 0.2340158717182098 0.45694598233774564 0.01953125 0.029455081001472753
0 0.22282482455593963 0.49431696920068535 0.01953125 0.029455081001472753
0 0.18125807795322182 0.4762342336218436 0.01953125 0.029455081001472753
0 0.17006703079095167 0.5075776419585026 0.01953125 0.029455081001472753
0 0.16207342567504437 0.45694598233774564 0.01953125 0.029455081001472753
0 0.14848429697800197 0.4593570137482579 0.01953125 0.029455081001472753
0 0.13409580776936889 0.4762342336218436 0.01953125 0.029455081001472753
0 0.09972330577096764 0.43765773105364775 0.01953125 0.029455081001472753
0 0.0757424904232458 0.4256025740010866 0.01953125 0.029455081001472753
0 0.05975528019143124 0.4460963409904406 0.01953125 0.029455081001472753
0 0.043768069959616684 0.44730185669569666 0.01953125 0.029455081001472753
0 0.08773289809710672 0.4268080897063427 0.01953125 0.029455081001472753
0 0.12370412111868948 0.4280136054115988 0.01953125 0.029455081001472753
0 0.1452868549316391 0.4219860268853182 0.01953125 0.029455081001472753
0 0.7543995647637735 0.5630313644002842 0.01953125 0.029455081001472753
0 0.782377182669449 0.5413320817056739 0.01953125 0.029455081001472753
0 0.7991637534128542 0.5485651759372107 0.01953125 0.029455081001472753
0 0.808756079551943 0.5148107361900394 0.01953125 0.029455081001472753
0 0.8783004440603361 0.5111941890742709 0.01953125 0.029455081001472753
0 0.8439279420619349 0.5570037858740036 0.01953125 0.029455081001472753
0 0.911074225035556 0.46538459227453854 0.01953125 0.029455081001472753
0 0.9478448085687295 0.47382320221133134 0.01953125 0.029455081001472753
0 0.9558384136846368 0.46900113939030685 0.01953125 0.029455081001472753
0 0.9646313793121347 0.4509184038114651 0.01953125 0.029455081001472753
0 0.9894115551714473 0.4762342336218436 0.01953125 0.029455081001472753
0 0.9782205080091771 0.4219860268853182 0.01953125 0.029455081001472753
0 0.9894115551714473 0.41836947976954986 0.01953125 0.029455081001472753
0 0.9918096367062196 0.4135474169485254 0.01953125 0.029455081001472753
0 0.9830166710787215 0.400286744190708 0.01953125 0.029455081001472753
0 0.9846153921019029 0.35568266309623164 0.01953125 0.029455081001472753
0 0.975822426474405 0.36291575732776843 0.01953125 0.029455081001472753
0 0.9630326582889533 0.3605047259172562 0.01953125 0.029455081001472753
0 0.9494435295919109 0.35568266309623164 0.01953125 0.029455081001472753
0 0.9558384136846368 0.35568266309623164 0.01953125 0.029455081001472753
0 0.9334563193600963 0.3544771473909756 0.01953125 0.029455081001472753
0 0.9134723065703282 0.359299210212 0.01953125 0.029455081001472753
0 0.9198671906630541 0.379792977201354 0.01953125 0.029455081001472753
0 0.9134723065703282 0.3749709143803296 0.01953125 0.029455081001472753
0 0.9246633537325984 0.3942591656644275 0.01953125 0.029455081001472753
0 0.9454467270339573 0.38582055572763463 0.01953125 0.029455081001472753
0 0.9566377741962274 0.3749709143803296 0.01953125 0.029455081001472753
0 0.9742237054512235 0.389437102843403 0.01953125 0.029455081001472753
0 0.9638320188005441 0.3870260714328908 0.01953125 0.029455081001472753
0 0.9678288213584978 0.3870260714328908 0.01953125 0.029455081001472753
0 0.9558384136846368 0.409930869832757 0.01953125 0.029455081001472753
0 0.9358544008948686 0.4256025740010866 0.01953125 0.029455081001472753
0 0.9262620747557798 0.4424797938746722 0.01953125 0.029455081001472753
0 0.8886921307110157 0.4256025740010866 0.01953125 0.029455081001472753
0 0.8655106758748846 0.4424797938746722 0.01953125 0.029455081001472753
0 0.8487241051314793 0.45453495092723345 0.01953125 0.029455081001472753
0 0.8063579980171709 0.47382320221133134 0.01953125 0.029455081001472753
0 0.8191477662026223 0.47382320221133134 0.01953125 0.029455081001472753
0 0.7839759036926304 0.47261768650607516 0.01953125 0.029455081001472753
0 0.7759822985767231 0.49431696920068535 0.01953125 0.029455081001472753
0 0.7400110755551403 0.4593570137482579 0.01953125 0.029455081001472753
0 0.7288200283928702 0.4424797938746722 0.01953125 0.029455081001472753
0 0.7296193889044609 0.4762342336218436 0.01953125 0.029455081001472753
0 0.7120334576494649 0.49552248490594153 0.01953125 0.029455081001472753
0 0.688052642301743 0.591963741326431 0.01953125 0.029455081001472753
0 0.6193076383049406 0.5979913198527116 0.01953125 0.029455081001472753
0 0.5777408917022226 0.6233071496630901 0.01953125 0.029455081001472753
0 0.5777408917022226 0.5533872387582351 0.01953125 0.029455081001472753
0 0.5961261834688094 0.5461541445266984 0.01953125 0.029455081001472753
0 0.6257025223976663 0.5184272833058078 0.01953125 0.029455081001472753
0 0.6512820587685696 0.5582093015792596 0.01953125 0.029455081001472753
0 0.8271413713185296 0.4509184038114651 0.01953125 0.029455081001472753
0 0.8151509636446685 0.43886324675890387 0.01953125 0.029455081001472753
0 0.8039599164823984 0.4424797938746722 0.01953125 0.029455081001472753
0 0.7751829380651323 0.43886324675890387 0.01953125 0.029455081001472753
0 0.7655906119260436 0.44368530957992836 0.01953125 0.029455081001472753
0 0.740810436066731 0.4268080897063427 0.01953125 0.029455081001472753
0 0.7456065991362755 0.4509184038114651 0.01953125 0.029455081001472753
0 0.7256225863465072 0.4087253541275009 0.01953125 0.029455081001472753
0 0.7639918909028621 0.3978757127801958 0.01953125 0.029455081001472753
0 0.7959663113664912 0.389437102843403 0.01953125 0.029455081001472753
0 0.7807784616462674 0.3918481342539152 0.01953125 0.029455081001472753
0 0.808756079551943 0.4147529326537815 0.01953125 0.029455081001472753
0 0.7855746247158119 0.4147529326537815 0.01953125 0.029455081001472753
0 0.8399311395039812 0.4207805111800621 0.01953125 0.029455081001472753
0 0.8535202682010238 0.41836947976954986 0.01953125 0.029455081001472753
0 0.8303388133648925 0.4171639640642937 0.01953125 0.029455081001472753
0 0.8423292210387534 0.3942591656644275 0.01953125 0.029455081001472753
0 0.8623132338285215 0.3966701970749397 0.01953125 0.029455081001472753
0 0.8743036415023825 0.3966701970749397 0.01953125 0.029455081001472753
0 0.8982844568501044 0.3966701970749397 0.01953125 0.029455081001472753
0 0.9126729460587375 0.3930536499591714 0.01953125 0.029455081001472753
0 0.8902908517341971 0.3954646813696836 0.01953125 0.029455081001472753
0 0.8751030020139733 0.3846150400223785 0.01953125 0.029455081001472753
0 0.8695074784328383 0.389437102843403 0.01953125 0.029455081001472753
0 0.8767017230371548 0.3448330217489266 0.01953125 0.029455081001472753
0 0.8591157917821587 0.3448330217489266 0.01953125 0.029455081001472753
0 0.8495234656430701 0.3605047259172562 0.01953125 0.029455081001472753
0 0.8471253841082977 0.37014885155930516 0.01953125 0.029455081001472753
0 0.852720907689433 0.37255988296981735 0.01953125 0.029455081001472753
0 0.8599151522937495 0.3677378201487928 0.01953125 0.029455081001472753
0 0.8503228261546607 0.3834095243171224 0.01953125 0.029455081001472753
0 0.8503228261546607 0.3918481342539152 0.01953125 0.029455081001472753
0 0.8367336974576184 0.3846150400223785 0.01953125 0.029455081001472753
0 0.8207464872258039 0.3834095243171224 0.01953125 0.029455081001472753
0 0.8079567190403522 0.400286744190708 0.01953125 0.029455081001472753
0 0.06535080377256636 0.3978757127801958 0.01953125 0.029455081001472753
0 0.052561035587114724 0.3942591656644275 0.01953125 0.029455081001472753
0 0.030178941262574328 0.400286744190708 0.01953125 0.029455081001472753
0 0.011793649495987614 0.409930869832757 0.01953125 0.029455081001472753
0 0.012593010007578332 0.3761764300855857 0.01953125 0.029455081001472753
0 0.005398765403261772 0.38582055572763463 0.01953125 0.029455081001472753
0 0.006198125914852514 0.3327778646963654 0.01953125 0.029455081001472753
0 0.04856423302916109 0.32795580187534096 0.01953125 0.029455081001472753
0 0.042169348936435244 0.3303668332858532 0.01953125 0.029455081001472753
0 0.03737318586689089 0.3327778646963654 0.01953125 0.029455081001472753
0 0.032577022797346526 0.32795580187534096 0.01953125 0.029455081001472753
0 0.053360396098705444 0.3460385374541828 0.01953125 0.029455081001472753
0 0.05655783814506832 0.3749709143803296 0.01953125 0.029455081001472753
0 0.044567430471207446 0.3665323044435368 0.01953125 0.029455081001472753
0 0.053360396098705444 0.36412127303302455 0.01953125 0.029455081001472753
0 0.054959117121886884 0.359299210212 0.01953125 0.029455081001472753
0 0.06135400121461272 0.3605047259172562 0.01953125 0.029455081001472753
0 0.03897190689007232 0.3605047259172562 0.01953125 0.029455081001472753
0 0.043768069959616684 0.359299210212 0.01953125 0.029455081001472753
0 0.08453545605074379 0.4026977756012203 0.01953125 0.029455081001472753
0 0.10372010832892127 0.3846150400223785 0.01953125 0.029455081001472753
0 0.09013097963187892 0.3809984929066102 0.01953125 0.029455081001472753
0 0.10132202679414908 0.3605047259172562 0.01953125 0.029455081001472753
0 0.11571051600278219 0.37255988296981735 0.01953125 0.029455081001472753
0 0.12050667907232655 0.38582055572763463 0.01953125 0.029455081001472753
0 0.1332964472577782 0.3930536499591714 0.01953125 0.029455081001472753
0 0.14768493646641126 0.3930536499591714 0.01953125 0.029455081001472753
0 0.16367214669822583 0.4135474169485254 0.01953125 0.029455081001472753
0 0.13969133135050402 0.400286744190708 0.01953125 0.029455081001472753
0 0.17726127539526818 0.4231915425905743 0.01953125 0.029455081001472753
0 0.1900510435807198 0.4135474169485254 0.01953125 0.029455081001472753
0 0.17806063590685892 0.3930536499591714 0.01953125 0.029455081001472753
0 0.16447150720981657 0.3882315871381468 0.01953125 0.029455081001472753
0 0.1628727861866351 0.3761764300855857 0.01953125 0.029455081001472753
0 0.1508823785127742 0.37738194579084183 0.01953125 0.029455081001472753
0 0.1332964472577782 0.37255988296981735 0.01953125 0.029455081001472753
0 0.14848429697800197 0.36171024162251225 0.01953125 0.029455081001472753
0 0.13969133135050402 0.3665323044435368 0.01953125 0.029455081001472753
0 0.10931563191005635 0.3448330217489266 0.01953125 0.029455081001472753
0 0.27478325780933693 0.41836947976954986 0.01953125 0.029455081001472753
0 0.2532005239963873 0.41836947976954986 0.01953125 0.029455081001472753
0 0.23801267427616343 0.4256025740010866 0.01953125 0.029455081001472753
0 0.21563057995162313 0.4340411839378794 0.01953125 0.029455081001472753
0 0.210035056370488 0.4171639640642937 0.01953125 0.029455081001472753
0 0.20124209074299 0.4135474169485254 0.01953125 0.029455081001472753
0 0.19324848562708274 0.4039032913064764 0.01953125 0.029455081001472753
0 0.20124209074299 0.3954646813696836 0.01953125 0.029455081001472753
0 0.18685360153435693 0.379792977201354 0.01953125 0.029455081001472753
0 0.19324848562708274 0.3870260714328908 0.01953125 0.029455081001472753
0 0.19324848562708274 0.3749709143803296 0.01953125 0.029455081001472753
0 0.17006703079095167 0.3713543672645612 0.01953125 0.029455081001472753
0 0.15567854158231853 0.3665323044435368 0.01953125 0.029455081001472753
0 0.1588759836286815 0.3605047259172562 0.01953125 0.029455081001472753
0 0.15248109953595562 0.359299210212 0.01953125 0.029455081001472753
0 0.19804464869662708 0.3460385374541828 0.01953125 0.029455081001472753
0 0.037573025994788616 0.38480829436636216 0.01953125 0.029455081001472753
0 0.08313657515546008 0.37335589516642903 0.01953125 0.029455081001472753
0 0.07354424901637134 0.37938347369270964 0.01953125 0.029455081001472753
0 0.06555064390046408 0.3842055365137341 0.01953125 0.029455081001472753
0 0.156677742221807 0.3944524200084112 0.01953125 0.029455081001472753
0 0.19424768626657118 0.3655200430822643 0.01953125 0.029455081001472753
0 0.18745312191805 0.36310901167175197 0.01953125 0.029455081001472753
0 0.1770614352673706 0.36310901167175197 0.01953125 0.029455081001472753
0 0.17266495245362157 0.35828694885072754 0.01953125 0.029455081001472753
0 0.1658703881051004 0.36130073811386787 0.01953125 0.029455081001472753
0 0.23301667107872148 0.402891029945204 0.01953125 0.029455081001472753
0 0.26019492847280623 0.40891860847148453 0.01953125 0.029455081001472753
0 0.2657904520539413 0.3944524200084112 0.01953125 0.029455081001472753
0 0.22462338570701887 0.3944524200084112 0.01953125 0.029455081001472753
0 0.2154307398237255 0.3944524200084112 0.01953125 0.029455081001472753
0 0.21942754238167914 0.38300002080847806 0.01953125 0.029455081001472753
0 0.19944352959191092 0.35406764388233114 0.01953125 0.029455081001472753
0 0.2062380939404321 0.3588897067033557 0.01953125 0.029455081001472753
0 0.1930486454991851 0.35647867529284344 0.01953125 0.029455081001472753
0 0.2230246646838374 0.3745614108716852 0.01953125 0.029455081001472753
0 0.21223329777736258 0.37034210590328875 0.01953125 0.029455081001472753
0 0.21143393726577184 0.3606979802612398 0.01953125 0.029455081001472753
0 0.20823649521940893 0.3817945051032218 0.01953125 0.029455081001472753
0 0.20184161112668314 0.37938347369270964 0.01953125 0.029455081001472753
0 0.20104225061509237 0.37335589516642903 0.01953125 0.029455081001472753
0 0.20224129138247846 0.36491728522963623 0.01953125 0.029455081001472753
0 0.24580643926417312 0.37034210590328875 0.01953125 0.029455081001472753
0 0.2362141131250844 0.37516416872431324 0.01953125 0.029455081001472753
0 0.22782082775338175 0.38300002080847806 0.01953125 0.029455081001472753
0 0.2250230659628142 0.36491728522963623 0.01953125 0.029455081001472753
0 0.2326169908229261 0.3655200430822643 0.01953125 0.029455081001472753
0 0.23301667107872148 0.3606979802612398 0.01953125 0.029455081001472753
0 0.2274211474975864 0.35828694885072754 0.01953125 0.029455081001472753
0 0.2162301003353162 0.36310901167175197 0.01953125 0.029455081001472753
0 0.21782882135849765 0.35587591744021535 0.01953125 0.029455081001472753
0 0.341330020399265 0.26305120813549415 0.01953125 0.029455081001472753
0 0.3617137134448286 0.47883851937633953 0.01953125 0.029455081001472753
0 0.37770092367664315 0.49933228636569355 0.01953125 0.029455081001472753
0 0.29776487251757044 0.433631680429235 0.01953125 0.029455081001472753
0 0.31295272223779425 0.4239875547871861 0.01953125 0.029455081001472753
0 0.28977126740166315 0.41253515558725296 0.01953125 0.029455081001472753
0 0.3045594368660916 0.40409654565046016 0.01953125 0.029455081001472753
0 0.3133524024935896 0.3968634514189234 0.01953125 0.029455081001472753
0 0.2969655120059797 0.3860138100716184 0.01953125 0.029455081001472753
0 0.28897190689007246 0.37034210590328875 0.01953125 0.029455081001472753
0 0.29416775021541214 0.3606979802612398 0.01953125 0.029455081001472753
0 0.28337638330893733 0.35828694885072754 0.01953125 0.029455081001472753
0 0.2637920507749644 0.37516416872431324 0.01953125 0.029455081001472753
0 0.2737840571698486 0.37034210590328875 0.01953125 0.029455081001472753
0 0.20943553598679504 0.3480400653560506 0.01953125 0.029455081001472753
0 0.21423169905633938 0.3456290339455383 0.01953125 0.029455081001472753
0 0.24780484054314994 0.35647867529284344 0.01953125 0.029455081001472753
0 0.25619812591485264 0.3606979802612398 0.01953125 0.029455081001472753
0 0.252201323356899 0.38721932577687446 0.01953125 0.029455081001472753
0 0.2438080379851963 0.39023311504001484 0.01953125 0.029455081001472753
0 0.2673891730771228 0.36310901167175197 0.01953125 0.029455081001472753
0 0.2745834176814393 0.35828694885072754 0.01953125 0.029455081001472753
0 0.3133524024935896 0.37335589516642903 0.01953125 0.029455081001472753
0 0.32294472863267837 0.37636968442956936 0.01953125 0.029455081001472753
0 0.3005626343081379 0.36491728522963623 0.01953125 0.029455081001472753
0 0.30975528019143134 0.37034210590328875 0.01953125 0.029455081001472753
0 0.30495911712188695 0.37154762160854493 0.01953125 0.029455081001472753
0 0.24220931696201486 0.3480400653560506 0.01953125 0.029455081001472753
0 0.3880926103273227 0.4010827563873198 0.01953125 0.029455081001472753
0 0.37370412111868956 0.41735721840827733 0.01953125 0.029455081001472753
0 0.35651787011948893 0.4408647746607718 0.01953125 0.029455081001472753
0 0.3325370547717671 0.43664546969237533 0.01953125 0.029455081001472753
0 0.34412778218983264 0.41856273411353356 0.01953125 0.029455081001472753
0 0.35931563191005644 0.42097376552404575 0.01953125 0.029455081001472753
0 0.34452746244562793 0.40409654565046016 0.01953125 0.029455081001472753
0 0.375302842141871 0.3890275993347586 0.01953125 0.029455081001472753
0 0.36611019625857766 0.3757669265769413 0.01953125 0.029455081001472753
0 0.3673092370259637 0.3655200430822643 0.01953125 0.029455081001472753
0 0.3769015631650524 0.3606979802612398 0.01953125 0.029455081001472753
0 0.375302842141871 0.3456290339455383 0.01953125 0.029455081001472753
0 0.37290476060709876 0.33477939259823325 0.01953125 0.029455081001472753
0 0.35691755037528433 0.3606979802612398 0.01953125 0.029455081001472753
0 0.36091435293323787 0.36130073811386787 0.01953125 0.029455081001472753
0 0.3113540012146128 0.3606979802612398 0.01953125 0.029455081001472753
0 0.4268615951394729 0.44870062674493655 0.01953125 0.029455081001472753
0 0.39288877339686695 0.44508407962916813 0.01953125 0.029455081001472753
0 0.3804986854672108 0.46316681520800995 0.01953125 0.029455081001472753
0 0.3872932498157319 0.4227820390819299 0.01953125 0.029455081001472753
0 0.40847630337288615 0.35647867529284344 0.01953125 0.029455081001472753
0 0.4520414512545809 0.44809786889230846 0.01953125 0.029455081001472753
0 0.4668296207190093 0.45050890030282065 0.01953125 0.029455081001472753
0 0.4816177901834378 0.46738612017640635 0.01953125 0.029455081001472753
0 0.49121011632252654 0.5059626227446021 0.01953125 0.029455081001472753
0 0.4592356958588974 0.5318812104076087 0.01953125 0.029455081001472753
0 0.46962738250957686 0.48848264501838845 0.01953125 0.029455081001472753
0 0.4520414512545809 0.48426334004999205 0.01953125 0.029455081001472753
0 0.4960062793920708 0.422179281229302 0.01953125 0.029455081001472753
0 0.48521491248559606 0.42097376552404575 0.01953125 0.029455081001472753
0 0.47522290609071194 0.40168551423994786 0.01953125 0.029455081001472753
0 0.44284880537128746 0.41856273411353356 0.01953125 0.029455081001472753
0 0.45084241048719476 0.41012412417674077 0.01953125 0.029455081001472753
0 0.4344555199995848 0.41554894485039323 0.01953125 0.029455081001472753
0 0.42126607155833784 0.40711033491360044 0.01953125 0.029455081001472753
0 0.4068775823497047 0.4227820390819299 0.01953125 0.029455081001472753
0 0.4188679900235656 0.39565793571366714 0.01953125 0.029455081001472753
0 0.4188679900235656 0.39023311504001484 0.01953125 0.029455081001472753
0 0.4116737454192491 0.37516416872431324 0.01953125 0.029455081001472753
0 0.42806063590685905 0.3679310744927765 0.01953125 0.029455081001472753
0 0.4540398525335577 0.3836027786611061 0.01953125 0.029455081001472753
0 0.4868136335087775 0.39626069356629545 0.01953125 0.029455081001472753
0 0.48601427299718675 0.37938347369270964 0.01953125 0.029455081001472753
0 0.47082642327696295 0.3757669265769413 0.01953125 0.029455081001472753
0 0.4648312194400325 0.37878071584008155 0.01953125 0.029455081001472753
0 0.48561459274139146 0.36310901167175197 0.01953125 0.029455081001472753
0 0.494007878113094 0.3679310744927765 0.01953125 0.029455081001472753
0 0.253400364124285 0.37335589516642903 0.01953125 0.029455081001472753
0 0.26339237051916914 0.35587591744021535 0.01953125 0.029455081001472753
0 0.2274211474975864 0.35045109676656283 0.01953125 0.029455081001472753
0 0.1690678301514633 0.352259370324447 0.01953125 0.029455081001472753
0 0.05875607955194289 0.3438207603876542 0.01953125 0.029455081001472753
0 0.26019492847280623 0.32814905621932455 0.01953125 0.029455081001472753
0 0.2649910915423506 0.4113296398819968 0.01953125 0.029455081001472753
0 0.2737840571698486 0.40168551423994786 0.01953125 0.029455081001472753
0 0.2793795807509837 0.40409654565046016 0.01953125 0.029455081001472753
0 0.2925690291922307 0.3968634514189234 0.01953125 0.029455081001472753
0 0.4876129940203683 0.35406764388233114 0.01953125 0.029455081001472753
0 0.47082642327696295 0.35647867529284344 0.01953125 0.029455081001472753
0 0.4648312194400325 0.35406764388233114 0.01953125 0.029455081001472753
0 0.4536401722777623 0.35647867529284344 0.01953125 0.029455081001472753
0 0.4444475263944689 0.3588897067033557 0.01953125 0.029455081001472753
0 0.44125008434810603 0.36491728522963623 0.01953125 0.029455081001472753
0 0.4384523225575384 0.35587591744021535 0.01953125 0.029455081001472753
0 0.42766095565106366 0.35406764388233114 0.01953125 0.029455081001472753
0 0.4312580779532219 0.3456290339455383 0.01953125 0.029455081001472753
0 0.4244635136047007 0.3480400653560506 0.01953125 0.029455081001472753
0 0.42086639130254244 0.34140972897714195 0.01953125 0.029455081001472753
0 0.2873731858668909 0.34864282320867857 0.01953125 0.029455081001472753
0 0.2559982857869549 0.3572321226086285 0.01953125 0.029455081001472753
0 0.23901187491565193 0.35783488046125655 0.01953125 0.029455081001472753
0 0.3235442490163714 0.3629583222085951 0.01953125 0.029455081001472753
0 0.3211461674815992 0.40967205578726973 0.01953125 0.029455081001472753
0 0.35751707075897726 0.3759176160400983 0.01953125 0.029455081001472753
0 0.3387320987365952 0.45789268399751454 0.01953125 0.029455081001472753
0 0.4040798205591372 0.4349878855976481 0.01953125 0.029455081001472753
0 0.4754227462186097 0.36024591187176874 0.01953125 0.029455081001472753
0 0.49520691888048013 0.352410059787604 0.01953125 0.029455081001472753
0 0.4762221067302004 0.35421833334548813 0.01953125 0.029455081001472753
0 0.3765018829092571 0.37380796355590007 0.01953125 0.029455081001472753
0 0.3599151522937495 0.3460811023350094 0.01953125 0.029455081001472753
0 0.28237718266944895 0.3756162371137843 0.01953125 0.029455081001472753
0 0.5384723065703283 0.3618281512349174 0.01953125 0.029455081001472753
0 0.5479647126454681 0.36604745620331386 0.01953125 0.029455081001472753
0 0.5444675104072587 0.3892536335294941 0.01953125 0.029455081001472753
0 0.5481645527733657 0.407939126960964 0.01953125 0.029455081001472753
0 0.5040998045719269 0.38382881285584164 0.01953125 0.029455081001472753
0 0.4788200283928702 0.3856370864137258 0.01953125 0.029455081001472753
0 0.49490715868863366 0.3886508756768662 0.01953125 0.029455081001472753
0 0.5003028421418709 0.36408849318227265 0.01953125 0.029455081001472753
0 0.5027009236766432 0.35730746734020696 0.01953125 0.029455081001472753
0 0.44334840569103173 0.3493209257928852 0.01953125 0.029455081001472753
0 0.47891994845681907 0.36725297190857004 0.01953125 0.029455081001472753
0 0.5532088939238221 0.4517144160080768 0.01953125 0.029455081001472753
0 0.5316261601108724 0.4236861758608721 0.01953125 0.029455081001472753
0 0.5228331944833744 0.42097376552404586 0.01953125 0.029455081001472753
0 0.5220338339717837 0.38300002080847806 0.01953125 0.029455081001472753
0 0.5653991417255806 0.38179450510322194 0.01953125 0.029455081001472753
0 0.5697956245393297 0.403493787797832 0.01953125 0.029455081001472753
0 0.5574055366096733 0.4077130927662286 0.01953125 0.029455081001472753
0 0.5781889099110322 0.4297137543871527 0.01953125 0.029455081001472753
0 0.5855829946432465 0.4722081829974309 0.01953125 0.029455081001472753
0 0.5292280785761003 0.4752219722605711 0.01953125 0.029455081001472753
0 0.5030490218215039 0.46467370983958006 0.01953125 0.029455081001472753
0 0.5793879506784183 0.35376626495601715 0.01953125 0.029455081001472753
0 0.5953751609102329 0.3965620724926094 0.01953125 0.029455081001472753
0 0.5881809163059164 0.39023311504001484 0.01953125 0.029455081001472753
0 0.5815861920852928 0.4019868931662619 0.01953125 0.029455081001472753
0 0.587181715666428 0.42398755478718614 0.01953125 0.029455081001472753
0 0.5941761201428468 0.44839924781862256 0.01953125 0.029455081001472753
0 0.5238323951228628 0.44116615358708583 0.01953125 0.029455081001472753
0 0.5020498211820155 0.39023311504001484 0.01953125 0.029455081001472753
0 0.5602032984002409 0.36883521127171864 0.01953125 0.029455081001472753
0 0.556406335970185 0.36672555878752044 0.01953125 0.029455081001472753
0 0.5883807564338142 0.36341039059806607 0.01953125 0.029455081001472753
0 0.5863823551548373 0.37064348482960285 0.01953125 0.029455081001472753
0 0.5811865118294975 0.36461590630332225 0.01953125 0.029455081001472753
0 0.570195304795125 0.3664241798612064 0.01953125 0.029455081001472753
0 0.421314409511352 0.36009522240861186 0.01953125 0.029455081001472753
0 0.41811696746498916 0.3483414442823646 0.01953125 0.029455081001472753
0 0.5108427868095134 0.35406764388233125 0.01953125 0.029455081001472753
0 0.5078451848910482 0.35919108562966967 0.01953125 0.029455081001472753
0 0.4640801968814559 0.3658214220085784 0.01953125 0.029455081001472753
0 0.5666981025569156 0.4896881607236445 0.01953125 0.029455081001472753
0 0.5139403087919276 0.4957157392499251 0.01953125 0.029455081001472753
0 0.5930769994394096 0.3745614108716852 0.01953125 0.029455081001472753
0 0.6006709242995215 0.37094486375591684 0.01953125 0.029455081001472753
0 0.5615022592315759 0.36250625381912405 0.01953125 0.029455081001472753
0 0.12704982118201544 0.34984833891393474 0.01953125 0.029455081001472753
0 0.13624246706530882 0.34864282320867857 0.01953125 0.029455081001472753
0 0.11785717529872207 0.35828694885072754 0.01953125 0.029455081001472753
0 0.11066293069440555 0.37034210590328875 0.01953125 0.029455081001472753
0 0.12724966130991314 0.40846654008201355 0.01953125 0.029455081001472753
0 0.1376413479605926 0.3569307436823145 0.01953125 0.029455081001472753
0 0.14803303461127207 0.35512247012443027 0.01953125 0.029455081001472753
0 0.1422376709022393 0.3587390172401986 0.01953125 0.029455081001472753
0 0.1794079346912081 0.382849331345321 0.01953125 0.029455081001472753
0 0.1985925869693856 0.3912879412821139 0.01953125 0.029455081001472753
0 0.22317292270080044 0.40213758262941895 0.01953125 0.029455081001472753
0 0.1502312760181466 0.4383030537871025 0.01953125 0.029455081001472753
0 0.12625046067042472 0.443125116608127 0.01953125 0.029455081001472753
0 0.06350066051055263 0.35602660690337234 0.01953125 0.029455081001472753
0 0.06250145987106422 0.3503004073034058 0.01953125 0.029455081001472753
0 0.062301619743166524 0.37290382677695805 0.01953125 0.029455081001472753
0 0.10186996506690754 0.3991237933662787 0.01953125 0.029455081001472753
0 0.1176573351708244 0.4045486140399312 0.01953125 0.029455081001472753
0 0.14203783077434162 0.3747121003348422 0.01953125 0.029455081001472753
0 0.1494319155065558 0.36958865858750367 0.01953125 0.029455081001472753
0 0.15302903780871413 0.3735065846295861 0.01953125 0.029455081001472753
0 0.15922408177354225 0.3704927953664458 0.01953125 0.029455081001472753
0 0.22157420167761901 0.35994453294545475 0.01953125 0.029455081001472753
0 0.2415582144673872 0.3587390172401986 0.01953125 0.029455081001472753
0 0.2603431864897693 0.38947966772422965 0.01953125 0.029455081001472753
0 0.07983921304514831 0.35783488046125655 0.01953125 0.029455081001472753
0 0.32398902306726046 0.35450061637260605 0.01953125 0.029455081001472753
0 0.298610543383475 0.35413783638257057 0.01953125 0.029455081001472753
0 0.29295751710320056 0.3563145163227834 0.01953125 0.029455081001472753
0 0.36067355531159484 0.36792347600391867 0.01953125 0.029455081001472753
0 0.38015845440530693 0.40256896505230655 0.01953125 0.029455081001472753
0 0.43175735385717395 0.4083734448928742 0.01953125 0.029455081001472753
0 0.34924722559614646 0.3872415104733077 0.01953125 0.029455081001472753
0 0.3646427014232769 0.3603957912106825 0.01953125 0.029455081001472753
0 0.4019286194421086 0.37345587085195964 0.01953125 0.029455081001472753
0 0.4002447392735162 0.3582191112704696 0.01953125 0.029455081001472753
0 0.4180457581986359 0.42243116950674886 0.01953125 0.029455081001472753
0 0.4574966650056578 0.4249706294369972 0.01953125 0.029455081001472753
0 0.4408984176295328 0.43004954929749384 0.01953125 0.029455081001472753
0 0.4473933839941034 0.49934052739426976 0.01953125 0.029455081001472753
0 0.600385925026213 0.3535029714000084 0.01953125 0.029455081001472753
0 0.5720005164699412 0.3484240515395117 0.01953125 0.029455081001472753
0 0.5806604716227021 0.3411684517388022 0.01953125 0.029455081001472753
0 0.5748871681875282 0.35060073147972454 0.01953125 0.029455081001472753
0 0.5739249509483325 0.36148413118078887 0.01953125 0.029455081001472753
0 0.558529475121202 0.36003301122064696 0.01953125 0.029455081001472753
0 0.5700760819915499 0.4449235288889483 0.01953125 0.029455081001472753
0 0.5003153321498648 0.3788975707024917 0.01953125 0.029455081001472753
0 0.10195739512286286 0.4957127274939149 0.01953125 0.029455081001472753
0 0.19625468456403725 0.5131261670156178 0.01953125 0.029455081001472753
0 0.20299020523840683 0.47249480813164446 0.01953125 0.029455081001472753
0 0.2780431498956681 0.600193364624132 0.01953125 0.029455081001472753
0 0.337219510106201 0.5885844049429967 0.01953125 0.029455081001472753
0 0.39158478412075554 0.5965655647237772 0.01953125 0.029455081001472753
0 0.5541994975448213 0.38397649056298844 0.01953125 0.029455081001472753
0 0.5792171457639084 0.375269770802137 0.01953125 0.029455081001472753
0 0.6018292508850064 0.42678452938717454 0.01953125 0.029455081001472753
0 0.5142674821182016 0.4463746488490903 0.01953125 0.029455081001472753
0 0.4589399908644513 0.35640521132029224 0.01953125 0.029455081001472753
0 0.5835471233402889 0.3389917717985894 0.01953125 0.029455081001472753
0 0.4074613685674837 0.40138993008469126 0.01953125 0.029455081001472753
0 0.31412629636550504 0.3506007314797247 0.01953125 0.029455081001472753
0 0.18951916388966755 0.3201272123167447 0.01953125 0.029455081001472753
0 0.01632006083444934 0.3389917717985894 0.01953125 0.029455081001472753
0 0.013433409116862357 0.34987517149965375 0.01953125 0.029455081001472753
0 0.008622322920884088 0.3447962516391571 0.01953125 0.029455081001472753
0 0.017763386693242834 0.3447962516391571 0.01953125 0.029455081001472753
0 0.016801169454047155 0.3665630510412856 0.01953125 0.029455081001472753
0 0.0023679108661123277 0.34624737159929897 0.01953125 0.029455081001472753
0 0.0038112367249057964 0.4296867693074584 0.01953125 0.029455081001472753
0 0.5710382992307453 0.584956605042642 0.01953125 0.029455081001472753
0 0.513305264879006 0.3411684517388022 0.01953125 0.029455081001472753
0 0.43680899436295123 0.3622096911608599 0.01953125 0.029455081001472753
0 0.4327195710963697 0.3613027411857711 0.01953125 0.029455081001472753
0 0.43344123402576645 0.3529588014149552 0.01953125 0.029455081001472753
0 0.34371447647077147 0.3573121612953809 0.01953125 0.029455081001472753
0 0.4218946271554186 0.36892112097651614 0.01953125 0.029455081001472753
0 0.4490772641626959 0.3609399611957356 0.01953125 0.029455081001472753
0 0.5751277224973268 0.3681955609964452 0.01953125 0.029455081001472753
0 0.9397633616383616 0.8665973202055677 0.01953125 0.029455081001472753
0 0.6320710539460537 0.4628302478081566 0.01953125 0.029455081001472753
0 0.6630400849150848 0.4628302478081566 0.01953125 0.029455081001472753
0 0.6790241008991009 0.47488299623793 0.01953125 0.029455081001472753
0 0.6443088161838162 0.440984641279192 0.01953125 0.029455081001472753
0 0.6258272977022977 0.4372181573948878 0.01953125 0.029455081001472753
0 0.6123407842157843 0.43043848640314025 0.01953125 0.029455081001472753
0 0.6153377872127872 0.45529728003954806 0.01953125 0.029455081001472753
0 0.6078452797202798 0.4477643122709396 0.01953125 0.029455081001472753
0 0.6093437812187813 0.40783958309731505 0.01953125 0.029455081001472753
0 0.6123407842157843 0.39503353789068063 0.01953125 0.029455081001472753
0 0.6178352897102898 0.38448738301462887 0.01953125 0.029455081001472753
0 0.6133397852147853 0.38072089913032475 0.01953125 0.029455081001472753
0 0.6053477772227772 0.3709280410311338 0.01953125 0.029455081001472753
0 0.6083447802197802 0.36490166681624703 0.01953125 0.029455081001472753
0 0.6138392857142858 0.36339507326252535 0.01953125 0.029455081001472753
0 0.6168362887112888 0.36038188615508193 0.01953125 0.029455081001472753
0 0.6193337912087912 0.33702968607239586 0.01953125 0.029455081001472753
0 0.6098432817182817 0.33702968607239586 0.01953125 0.029455081001472753
0 0.6038492757242758 0.33702968607239586 0.01953125 0.029455081001472753
0 0.6008522727272728 0.3377829828492567 0.01953125 0.029455081001472753
0 0.6243287962037962 0.34230276351042177 0.01953125 0.029455081001472753
0 0.6333198051948052 0.34004287317983917 0.01953125 0.029455081001472753
0 0.6363168081918082 0.3392895764029784 0.01953125 0.029455081001472753
0 0.6438093156843158 0.3392895764029784 0.01953125 0.029455081001472753
0 0.6498033216783217 0.34230276351042177 0.01953125 0.029455081001472753
0 0.6547983266733267 0.34230276351042177 0.01953125 0.029455081001472753
0 0.6617913336663337 0.3377829828492567 0.01953125 0.029455081001472753
0 0.6697833416583416 0.34004287317983917 0.01953125 0.029455081001472753
0 0.6762768481518482 0.34230276351042177 0.01953125 0.029455081001472753
0 0.6787743506493507 0.34230276351042177 0.01953125 0.029455081001472753
0 0.6927603646353647 0.3520956216096127 0.01953125 0.029455081001472753
0 0.7087443806193806 0.36339507326252535 0.01953125 0.029455081001472753
0 0.7167363886113887 0.3701747442542729 0.01953125 0.029455081001472753
0 0.7127403846153846 0.3792143055766031 0.01953125 0.029455081001472753
0 0.7102428821178821 0.38599397656835055 0.01953125 0.029455081001472753
0 0.7152378871128872 0.3980467249981241 0.01953125 0.029455081001472753
0 0.7197333916083917 0.38448738301462887 0.01953125 0.029455081001472753
0 0.7312219030969032 0.38072089913032475 0.01953125 0.029455081001472753
0 0.7402129120879122 0.3754478216922988 0.01953125 0.029455081001472753
0 0.7611919330669331 0.3792143055766031 0.01953125 0.029455081001472753
0 0.7517014235764236 0.3754478216922988 0.01953125 0.029455081001472753
0 0.7741789460539461 0.38072089913032475 0.01953125 0.029455081001472753
0 0.785167957042957 0.3754478216922988 0.01953125 0.029455081001472753
0 0.7956574675324676 0.3754478216922988 0.01953125 0.029455081001472753
0 0.7976554695304696 0.3709280410311338 0.01953125 0.029455081001472753
0 0.8096434815184815 0.3724346345848554 0.01953125 0.029455081001472753
0 0.8256274975024975 0.3551088087170561 0.01953125 0.029455081001472753
0 0.8336195054945055 0.36640826036996865 0.01953125 0.029455081001472753
0 0.8156374875124875 0.36640826036996865 0.01953125 0.029455081001472753
0 0.7936594655344656 0.3671615571468295 0.01953125 0.029455081001472753
0 0.7786744505494506 0.36490166681624703 0.01953125 0.029455081001472753
0 0.7721809440559442 0.3558621054939169 0.01953125 0.029455081001472753
0 0.7626904345654346 0.3498357312790301 0.01953125 0.029455081001472753
0 0.7566964285714286 0.3528489183864735 0.01953125 0.029455081001472753
0 0.7332199050949052 0.3498357312790301 0.01953125 0.029455081001472753
0 0.7202328921078922 0.3551088087170561 0.01953125 0.029455081001472753
0 0.7207323926073926 0.3475758409484476 0.01953125 0.029455081001472753
0 0.7162368881118882 0.3475758409484476 0.01953125 0.029455081001472753
0 0.6957573676323676 0.3445626538410043 0.01953125 0.029455081001472753
0 0.6892638611388612 0.3445626538410043 0.01953125 0.029455081001472753
0 0.6857673576423577 0.34832913772530855 0.01953125 0.029455081001472753
0 0.7337194055944056 0.3498357312790301 0.01953125 0.029455081001472753
0 0.7412119130869131 0.3453159506178652 0.01953125 0.029455081001472753
0 0.7377154095904097 0.3453159506178652 0.01953125 0.029455081001472753
0 0.6577953296703297 0.38750057012207223 0.01953125 0.029455081001472753
0 0.6473058191808192 0.38147419590718556 0.01953125 0.029455081001472753
0 0.6438093156843158 0.40331980243614995 0.01953125 0.029455081001472753
0 0.6612918331668332 0.40708628632045424 0.01953125 0.029455081001472753
0 0.6717813436563437 0.43043848640314025 0.01953125 0.029455081001472753
0 0.6887643606393606 0.42968518962627944 0.01953125 0.029455081001472753
0 0.6258272977022977 0.4093461766510367 0.01953125 0.029455081001472753
0 0.6273257992007992 0.393526944336959 0.01953125 0.029455081001472753
0 0.6378153096903098 0.39654013144440237 0.01953125 0.029455081001472753
0 0.6348183066933067 0.38147419590718556 0.01953125 0.029455081001472753
0 0.6228302947052947 0.3716813378079946 0.01953125 0.029455081001472753
0 0.6318213036963037 0.36640826036996865 0.01953125 0.029455081001472753
0 0.6338193056943058 0.36188847970880367 0.01953125 0.029455081001472753
0 0.6193337912087912 0.3581219958244995 0.01953125 0.029455081001472753
0 0.6318213036963037 0.3686681507005512 0.01953125 0.029455081001472753
0 0.6413118131868132 0.3686681507005512 0.01953125 0.029455081001472753
0 0.6408123126873126 0.36490166681624703 0.01953125 0.029455081001472753
0 0.6438093156843158 0.35661540227077776 0.01953125 0.029455081001472753
0 0.6458073176823177 0.3671615571468295 0.01953125 0.029455081001472753
0 0.6547983266733267 0.36188847970880367 0.01953125 0.029455081001472753
0 0.6747783466533467 0.36640826036996865 0.01953125 0.029455081001472753
0 0.6572958291708292 0.3701747442542729 0.01953125 0.029455081001472753
0 0.6727803446553448 0.38448738301462887 0.01953125 0.029455081001472753
0 0.6682848401598402 0.38448738301462887 0.01953125 0.029455081001472753
0 0.6702828421578422 0.3754478216922988 0.01953125 0.029455081001472753
0 0.6797733516483517 0.3754478216922988 0.01953125 0.029455081001472753
0 0.6827703546453546 0.38448738301462887 0.01953125 0.029455081001472753
0 0.6937593656343657 0.4003066153287066 0.01953125 0.029455081001472753
0 0.6837693556443557 0.4093461766510367 0.01953125 0.029455081001472753
0 0.7007523726273727 0.4003066153287066 0.01953125 0.029455081001472753
0 0.7092438811188811 0.40859287987417575 0.01953125 0.029455081001472753
0 0.6992538711288712 0.3867472733452114 0.01953125 0.029455081001472753
0 0.6992538711288712 0.3724346345848554 0.01953125 0.029455081001472753
0 0.6892638611388612 0.3754478216922988 0.01953125 0.029455081001472753
0 0.6902628621378623 0.38448738301462887 0.01953125 0.029455081001472753
0 0.6932598651348651 0.36640826036996865 0.01953125 0.029455081001472753
0 0.7047483766233766 0.36339507326252535 0.01953125 0.029455081001472753
0 0.6872658591408591 0.36113518293194286 0.01953125 0.029455081001472753
0 0.7457074175824177 0.36113518293194286 0.01953125 0.029455081001472753
0 0.7252278971028971 0.36490166681624703 0.01953125 0.029455081001472753
0 0.7202328921078922 0.36565496359310784 0.01953125 0.029455081001472753
0 0.7222308941058941 0.3792143055766031 0.01953125 0.029455081001472753
0 0.7497034215784216 0.3716813378079946 0.01953125 0.029455081001472753
0 0.7631899350649352 0.3739412281385771 0.01953125 0.029455081001472753
0 0.7661869380619382 0.36565496359310784 0.01953125 0.029455081001472753
0 0.827125999000999 0.4003066153287066 0.01953125 0.029455081001472753
0 0.836117007992008 0.4055796927667324 0.01953125 0.029455081001472753
0 0.9315216033966034 0.3724346345848554 0.01953125 0.029455081001472753
0 0.9375156093906094 0.38222749268404643 0.01953125 0.029455081001472753
0 0.9395136113886113 0.3972934282212633 0.01953125 0.029455081001472753
0 0.9250280969030968 0.417632441196506 0.01953125 0.029455081001472753
0 0.9095435814185815 0.4213989250808101 0.01953125 0.029455081001472753
0 0.9085445804195805 0.43571156384116616 0.01953125 0.029455081001472753
0 0.9525006243756243 0.588630809543917 0.01953125 0.029455081001472753
0 0.8835695554445555 0.5856176224364736 0.01953125 0.029455081001472753
0 0.9954576673326674 0.44927090582466134 0.01953125 0.029455081001472753
