0 0.010607978774956292 0.7694714823388632 0.01953125 0.02936857562408223
0 0.09686500533049032 0.7775778695628783 0.01953125 0.02936857562408223
0 0.07637896152355103 0.8683694064718457 0.01953125 0.02936857562408223
0 0.010607978774956292 0.8975524004782994 0.01953125 0.02936857562408223
0 0.1346024544485365 0.7548799853356364 0.01953125 0.02936857562408223
0 0.1615577752471409 0.7581225402252425 0.01953125 0.02936857562408223
0 0.19390416020546614 0.7548799853356364 0.01953125 0.02936857562408223
0 0.03540687390967232 0.6851650552091079 0.01953125 0.02936857562408223
0 0.0537364920527233 0.6948927198779257 0.01953125 0.02936857562408223
0 0.07422253585966265 0.7013778296571378 0.01953125 0.02936857562408223
0 0.10549070798604374 0.6948927198779257 0.01953125 0.02936857562408223
0 0.14214994427214575 0.7078629394363498 0.01953125 0.02936857562408223
0 0.1162728363054855 0.6413905641994272 0.01953125 0.02936857562408223
0 0.08500466417910438 0.652739506313048 0.01953125 0.02936857562408223
0 0.05804934338050004 0.655982061202654 0.01953125 0.02936857562408223
0 0.10240144650125992 0.6604405741758625 0.01953125 0.02936857562408223
0 0.04363884716030237 0.6442277997278327 0.01953125 0.02936857562408223
0 0.03609135733669314 0.6547661031190521 0.01953125 0.02936857562408223
0 0.012909781449893373 0.6547661031190521 0.01953125 0.02936857562408223
0 0.15415566243458034 0.6531448256742491 0.01953125 0.02936857562408223
0 0.14121710845125027 0.6490916320622416 0.01953125 0.02936857562408223
0 0.12720034163597596 0.6588192967310595 0.01953125 0.02936857562408223
0 0.1449908533630549 0.669357600122279 0.01953125 0.02936857562408223
0 0.17895455756929643 0.6661150452326731 0.01953125 0.02936857562408223
0 0.19189311155262653 0.6685469613998776 0.01953125 0.02936857562408223
0 0.17733723832138013 0.6450384384502341 0.01953125 0.02936857562408223
0 0.17302438699360345 0.7131320911319597 0.01953125 0.02936857562408223
0 0.19836238854429156 0.7090788975199522 0.01953125 0.02936857562408223
0 0.20860541044776124 0.6790852647910969 0.01953125 0.02936857562408223
0 0.2274741350067843 0.6985405941287327 0.01953125 0.02936857562408223
0 0.24849928522969572 0.7074576200751492 0.01953125 0.02936857562408223
0 0.2102227296956775 0.6523341869518476 0.01953125 0.02936857562408223
0 0.2738372867803839 0.7325874204695955 0.01953125 0.02936857562408223
0 0.2679071162046909 0.799059795706518 0.01953125 0.02936857562408223
0 0.22963056067067264 0.7998704344289195 0.01953125 0.02936857562408223
0 0.18218919606512896 0.8517513126626152 0.01953125 0.02936857562408223
0 0.17895455756929643 0.9790215920796499 0.01953125 0.02936857562408223
0 0.22693502859081222 0.9109279393979244 0.01953125 0.02936857562408223
0 0.30780099098662533 0.810408737820139 0.01953125 0.02936857562408223
0 0.35685967484008535 0.7901427697601017 0.01953125 0.02936857562408223
0 0.36710269674355506 0.8987683585619018 0.01953125 0.02936857562408223
0 0.4167004870129871 0.9441641270163855 0.01953125 0.02936857562408223
0 0.43610831798798233 0.810408737820139 0.01953125 0.02936857562408223
0 0.2646724777088583 0.6685469613998776 0.01953125 0.02936857562408223
0 0.23016966708664474 0.662872490343067 0.01953125 0.02936857562408223
0 0.25227303014150043 0.6555767418414536 0.01953125 0.02936857562408223
0 0.23879536974219817 0.6604405741758625 0.01953125 0.02936857562408223
0 0.24634285956580743 0.6620618516206654 0.01953125 0.02936857562408223
0 0.2792283509401048 0.6661150452326731 0.01953125 0.02936857562408223
0 0.31373116156231834 0.7058363426303462 0.01953125 0.02936857562408223
0 0.37896303789494096 0.7439363625832165 0.01953125 0.02936857562408223
0 0.4193960190928475 0.7593384983088449 0.01953125 0.02936857562408223
0 0.4857061082574144 0.9214662427891438 0.01953125 0.02936857562408223
0 0.3401473759449507 0.7479895561952239 0.01953125 0.02936857562408223
0 0.35092950426439234 0.6863810132927104 0.01953125 0.02936857562408223
0 0.33259988612134145 0.7090788975199522 0.01953125 0.02936857562408223
0 0.33583452461717395 0.6831384584031044 0.01953125 0.02936857562408223
0 0.3272088219616205 0.6669256839550745 0.01953125 0.02936857562408223
0 0.3131920551463463 0.6563873805638551 0.01953125 0.02936857562408223
0 0.3002535011630162 0.6499022707846431 0.01953125 0.02936857562408223
0 0.33179122649738324 0.650915569187645 0.01953125 0.02936857562408223
0 0.3185831193060671 0.660643233856463 0.01953125 0.02936857562408223
0 0.3401473759449506 0.660643233856463 0.01953125 0.02936857562408223
0 0.3431124612327971 0.6472676949368383 0.01953125 0.02936857562408223
0 0.32640016233766234 0.6955006989197272 0.01953125 0.02936857562408223
0 0.3592856537119597 0.6456464174920353 0.01953125 0.02936857562408223
0 0.3816585699748013 0.6484836530204406 0.01953125 0.02936857562408223
0 0.3951362303741035 0.6399719464352249 0.01953125 0.02936857562408223
0 0.4032228266136848 0.6440251400472324 0.01953125 0.02936857562408223
0 0.3945971239581314 0.6537528047160504 0.01953125 0.02936857562408223
0 0.3924406982942431 0.6626698306624668 0.01953125 0.02936857562408223
0 0.3924406982942431 0.6796932438328981 0.01953125 0.02936857562408223
0 0.3789630378949409 0.6877996310569131 0.01953125 0.02936857562408223
0 0.4029532734056988 0.7210358186753744 0.01953125 0.02936857562408223
0 0.40160550736576855 0.6748294114984892 0.01953125 0.02936857562408223
0 0.4123876356852103 0.6529421659936488 0.01953125 0.02936857562408223
0 0.38246722959875945 0.6602379144952623 0.01953125 0.02936857562408223
0 0.3218177578018996 0.6699655791640802 0.01953125 0.02936857562408223
0 0.4927144916650516 0.8902566519766862 0.01953125 0.02936857562408223
0 0.5223653445435166 0.8132459733485443 0.01953125 0.02936857562408223
0 0.46252453237061464 0.72407571388438 0.01953125 0.02936857562408223
0 0.451742404051173 0.7029991071019411 0.01953125 0.02936857562408223
0 0.501879300736577 0.7281289074963874 0.01953125 0.02936857562408223
0 0.5202089188796282 0.7362352947204025 0.01953125 0.02936857562408223
0 0.4420384885636754 0.6730054743730859 0.01953125 0.02936857562408223
0 0.4328736794921499 0.645443757811435 0.01953125 0.02936857562408223
0 0.42316976400465234 0.656792699925056 0.01953125 0.02936857562408223
0 0.43233457307617773 0.661656532259465 0.01953125 0.02936857562408223
0 0.4609072131226984 0.6657097258714723 0.01953125 0.02936857562408223
0 0.47115023502616815 0.6559820612026545 0.01953125 0.02936857562408223
0 0.488940746753247 0.6754373905402904 0.01953125 0.02936857562408223
0 0.501879300736577 0.6811118615971008 0.01953125 0.02936857562408223
0 0.4921753852490795 0.656792699925056 0.01953125 0.02936857562408223
0 0.5024184071525492 0.661656532259465 0.01953125 0.02936857562408223
0 0.5277564087032373 0.6770586679850933 0.01953125 0.02936857562408223
0 0.5358430049428187 0.6843544164867067 0.01953125 0.02936857562408223
0 0.6068596748400855 0.9737524403840401 0.01953125 0.02936857562408223
0 0.6047032491761971 0.8910672906990875 0.01953125 0.02936857562408223
0 0.5755915027137044 0.8489140771342099 0.01953125 0.02936857562408223
0 0.5594183102345418 0.7954119214557112 0.01953125 0.02936857562408223
0 0.5551054589067651 0.7419097657772125 0.01953125 0.02936857562408223
0 0.6047032491761971 0.7305608236635915 0.01953125 0.02936857562408223
0 0.5960775465206437 0.6900288875435169 0.01953125 0.02936857562408223
0 0.5702004385539836 0.6835437777643047 0.01953125 0.02936857562408223
0 0.708211681042838 0.8797183485854666 0.01953125 0.02936857562408223
0 0.7286977248497775 0.976994995273646 0.01953125 0.02936857562408223
0 0.7588876841442143 0.9007949553679053 0.01953125 0.02936857562408223
0 0.7890776434386513 0.8553991869134216 0.01953125 0.02936857562408223
0 0.8602396903469668 0.9494332787119952 0.01953125 0.02936857562408223
0 0.9001335651289014 0.7954119214557112 0.01953125 0.02936857562408223
0 0.8365190080441951 0.7840629793420902 0.01953125 0.02936857562408223
0 0.7707480252956002 0.7954119214557112 0.01953125 0.02936857562408223
0 0.7340887890094983 0.7759565921180753 0.01953125 0.02936857562408223
0 0.6920384885636754 0.7954119214557112 0.01953125 0.02936857562408223
0 0.6499881881178526 0.7727140372284694 0.01953125 0.02936857562408223
0 0.6640049549331268 0.7143480492155616 0.01953125 0.02936857562408223
0 0.6370496341345225 0.7240757138843795 0.01953125 0.02936857562408223
0 0.6165635903275831 0.6786799454298958 0.01953125 0.02936857562408223
0 0.6090161005039739 0.655982061202654 0.01953125 0.02936857562408223
0 0.6931167013956198 0.6981352747675318 0.01953125 0.02936857562408223
0 0.6823345730761778 0.7256969913291826 0.01953125 0.02936857562408223
0 0.7276195120178331 0.7029991071019409 0.01953125 0.02936857562408223
0 0.7696698124636562 0.7159693266603646 0.01953125 0.02936857562408223
0 0.7847647921108744 0.7143480492155616 0.01953125 0.02936857562408223
0 0.8505357748594693 0.7175906041051677 0.01953125 0.02936857562408223
0 0.9464967169025008 0.7240757138843795 0.01953125 0.02936857562408223
0 0.989625230180268 0.7986544763453173 0.01953125 0.02936857562408223
0 0.9917816558441565 0.7305608236635915 0.01953125 0.02936857562408223
0 0.9863905916844355 0.9040375102575116 0.01953125 0.02936857562408223
0 0.5173680097887191 0.6448357787696335 0.01953125 0.02936857562408223
0 0.4701961983911614 0.6448357787696335 0.01953125 0.02936857562408223
0 0.48502162483039385 0.6460517368532358 0.01953125 0.02936857562408223
0 0.47990011387865905 0.6448357787696335 0.01953125 0.02936857562408223
0 0.5098205199651098 0.6476730142980388 0.01953125 0.02936857562408223
0 0.5135942648769145 0.6440251400472321 0.01953125 0.02936857562408223
0 0.5294979041480911 0.6480783336592395 0.01953125 0.02936857562408223
0 0.5338107554758678 0.6488889723816411 0.01953125 0.02936857562408223
0 0.5435146709633654 0.6574006789668567 0.01953125 0.02936857562408223
0 0.5392018196355887 0.6545634434384515 0.01953125 0.02936857562408223
0 0.5615747358984303 0.6586166370504589 0.01953125 0.02936857562408223
0 0.5793652476255091 0.6646964274684701 0.01953125 0.02936857562408223
0 0.585295418201202 0.660237914495262 0.01953125 0.02936857562408223
0 0.6020077170963368 0.6594272757728604 0.01953125 0.02936857562408223
0 0.596616652936616 0.6525368466324477 0.01953125 0.02936857562408223
0 0.5890691631130067 0.6525368466324477 0.01953125 0.02936857562408223
0 0.5693917789300256 0.650510249826444 0.01953125 0.02936857562408223
0 0.54728841587517 0.6979326150869315 0.01953125 0.02936857562408223
0 0.6289630378949412 0.6715868566088828 0.01953125 0.02936857562408223
0 0.6365105277185503 0.6525368466324477 0.01953125 0.02936857562408223
0 0.6419015918782713 0.6630751500236672 0.01953125 0.02936857562408223
0 0.6397451662143829 0.685773034250909 0.01953125 0.02936857562408223
0 0.5525447034308978 0.6643924379475697 0.01953125 0.02936857562408223
0 0.628423931478969 0.8181098056829531 0.01953125 0.02936857562408223
0 0.9249324602636175 0.7727140372284694 0.01953125 0.02936857562408223
0 0.6561879119015317 0.6561847208832543 0.01953125 0.02936857562408223
0 0.664544061349099 0.6732081340536857 0.01953125 0.02936857562408223
0 0.676134849292499 0.6760453695820909 0.01953125 0.02936857562408223
0 0.6836823391161082 0.6805038825552993 0.01953125 0.02936857562408223
0 0.6745175300445827 0.70806559911695 0.01953125 0.02936857562408223
0 0.7055161489629778 0.6788826051104961 0.01953125 0.02936857562408223
0 0.7206111286101962 0.6788826051104961 0.01953125 0.02936857562408223
0 0.7162982772824196 0.7023911280601395 0.01953125 0.02936857562408223
0 0.7111767663306847 0.7226570961201767 0.01953125 0.02936857562408223
0 0.7580790245202562 0.6979326150869313 0.01953125 0.02936857562408223
0 0.7494533218647029 0.7181985831469687 0.01953125 0.02936857562408223
0 0.7370538742973449 0.6861783536121095 0.01953125 0.02936857562408223
0 0.7667047271758097 0.6683443017192767 0.01953125 0.02936857562408223
0 0.7742522169994189 0.6691549404416782 0.01953125 0.02936857562408223
0 0.7742522169994189 0.6533474853548491 0.01953125 0.02936857562408223
0 0.7656265143438655 0.6424038626024289 0.01953125 0.02936857562408223
0 0.7179155965303357 0.6533474853548491 0.01953125 0.02936857562408223
0 0.7238457671060287 0.6655070661908715 0.01953125 0.02936857562408223
0 0.731393256929638 0.6659123855520722 0.01953125 0.02936857562408223
0 0.7365147678813727 0.66469642746847 0.01953125 0.02936857562408223
0 0.7130636387865871 0.6691549404416782 0.01953125 0.02936857562408223
0 0.6688569126768759 0.6561847208832543 0.01953125 0.02936857562408223
0 0.6181809095754995 0.6561847208832543 0.01953125 0.02936857562408223
0 0.6987773187633267 0.6488889723816409 0.01953125 0.02936857562408223
0 0.7057857021709638 0.6549687627996521 0.01953125 0.02936857562408223
0 0.7114463195386707 0.6553740821608528 0.01953125 0.02936857562408223
0 0.6979686591393686 0.6638857887460685 0.01953125 0.02936857562408223
0 0.6906907225237453 0.6505102498264439 0.01953125 0.02936857562408223
0 0.7995902185501069 0.6800985631940984 0.01953125 0.02936857562408223
0 0.7823388132390002 0.6865836729733104 0.01953125 0.02936857562408223
0 0.8079463679976744 0.6788826051104961 0.01953125 0.02936857562408223
0 0.7866516645667768 0.6464570562144364 0.01953125 0.02936857562408223
0 0.7782955151192096 0.6415932238800275 0.01953125 0.02936857562408223
0 0.670204678716806 0.670674888046181 0.01953125 0.02936857562408223
0 0.731393256929638 0.6552727523205527 0.01953125 0.02936857562408223
0 0.7526879603605354 0.6423025327621288 0.01953125 0.02936857562408223
0 0.7431188214770309 0.6362227423441176 0.01953125 0.02936857562408223
0 0.7502619814886611 0.6354121036217161 0.01953125 0.02936857562408223
0 0.7547096094204307 0.6333855068157123 0.01953125 0.02936857562408223
0 0.7656265143438654 0.6346014648993146 0.01953125 0.02936857562408223
0 0.7301802674937007 0.6465583860547366 0.01953125 0.02936857562408223
0 0.817785060089165 0.655475412001153 0.01953125 0.02936857562408223
0 0.8282976352006207 0.6568940297653556 0.01953125 0.02936857562408223
0 0.8183241665051371 0.6629738201833668 0.01953125 0.02936857562408223
0 0.8231761242488859 0.6731068042133855 0.01953125 0.02936857562408223
0 0.8006684313820511 0.6441264698875321 0.01953125 0.02936857562408223
0 0.7924470585384767 0.6339934858575134 0.01953125 0.02936857562408223
0 0.8123939959294441 0.6307509309679075 0.01953125 0.02936857562408223
0 0.8215588050009696 0.6384519988307217 0.01953125 0.02936857562408223
0 0.84298828503586 0.6572993491265564 0.01953125 0.02936857562408223
0 0.8440664978678042 0.6836451076046048 0.01953125 0.02936857562408223
0 0.8280280819926347 0.6978312852466311 0.01953125 0.02936857562408223
0 0.836653784648188 0.7037084159840419 0.01953125 0.02936857562408223
0 0.7985120057181628 0.6495982812637422 0.01953125 0.02936857562408223
0 0.7939296011824001 0.6400732762755246 0.01953125 0.02936857562408223
0 0.8442012744717973 0.6461530666935358 0.01953125 0.02936857562408223
0 0.8270846457646835 0.6372360407471194 0.01953125 0.02936857562408223
0 0.836384231440202 0.6414918940397273 0.01953125 0.02936857562408223
0 0.8580832646830785 0.6768560083044924 0.01953125 0.02936857562408223
0 0.8518835408993994 0.6788826051104961 0.01953125 0.02936857562408223
0 0.8532313069393297 0.659832595134061 0.01953125 0.02936857562408223
0 0.8683262865865481 0.6817198406389013 0.01953125 0.02936857562408223
0 0.8823430534018224 0.6914475053077193 0.01953125 0.02936857562408223
0 0.897707586257027 0.6788826051104961 0.01953125 0.02936857562408223
0 0.9087592677844548 0.6796932438328976 0.01953125 0.02936857562408223
0 0.9103765870323709 0.7125241120901581 0.01953125 0.02936857562408223
0 0.892855628513278 0.7125241120901581 0.01953125 0.02936857562408223
0 0.8505357748594693 0.6508142393473443 0.01953125 0.02936857562408223
0 0.8749303401822063 0.6631764798639671 0.01953125 0.02936857562408223
0 0.9098374806163989 0.6652030766699708 0.01953125 0.02936857562408223
0 0.9129373425082383 0.6575020088071567 0.01953125 0.02936857562408223
0 0.9350407055630939 0.6645950976281697 0.01953125 0.02936857562408223
0 0.9415099825547589 0.6546647732787515 0.01953125 0.02936857562408223
0 0.9415099825547589 0.6842530866464059 0.01953125 0.02936857562408223
0 0.9283018753634429 0.6801998930343985 0.01953125 0.02936857562408223
0 0.8605092435549528 0.6418972134009279 0.01953125 0.02936857562408223
0 0.8791084149059899 0.6429105118039298 0.01953125 0.02936857562408223
0 0.8764128828261294 0.6352094439411154 0.01953125 0.02936857562408223
0 0.8751998933901922 0.6307509309679074 0.01953125 0.02936857562408223
0 0.8870602345415781 0.6435184908457309 0.01953125 0.02936857562408223
0 0.8958207138011246 0.6443291295681324 0.01953125 0.02936857562408223
0 0.9037725334367128 0.6404785956367253 0.01953125 0.02936857562408223
0 0.9079506081604966 0.6404785956367253 0.01953125 0.02936857562408223
0 0.8936642881372363 0.6564887104041548 0.01953125 0.02936857562408223
0 0.9237194708276801 0.6607445636967626 0.01953125 0.02936857562408223
0 0.9278975455514638 0.6581099878489577 0.01953125 0.02936857562408223
0 0.9274932157394846 0.6956020287600269 0.01953125 0.02936857562408223
0 0.9008074481488664 0.6947913900376254 0.01953125 0.02936857562408223
0 0.8250629967047879 0.6458490771726354 0.01953125 0.02936857562408223
0 0.861991786198876 0.6539554643966503 0.01953125 0.02936857562408223
0 0.8772215424500874 0.6549687627996522 0.01953125 0.02936857562408223
0 0.8168416238612136 0.7159693266603646 0.01953125 0.02936857562408223
0 0.8482445725915877 0.6444811243285828 0.01953125 0.02936857562408223
0 0.8539051899592947 0.6467103808151871 0.01953125 0.02936857562408223
0 0.8514792110874202 0.6366787266254684 0.01953125 0.02936857562408223
0 0.8431230616398528 0.6370840459866693 0.01953125 0.02936857562408223
0 0.8303866725625123 0.6363747371045679 0.01953125 0.02936857562408223
0 0.828634576710603 0.6329295225343616 0.01953125 0.02936857562408223
0 0.8214240283969764 0.6338414910970632 0.01953125 0.02936857562408223
0 0.821895746510952 0.6302949466865567 0.01953125 0.02936857562408223
0 0.859633195628998 0.635868087903067 0.01953125 0.02936857562408223
0 0.8675850152645863 0.6510675639480951 0.01953125 0.02936857562408223
0 0.8606440201589457 0.647217030016688 0.01953125 0.02936857562408223
0 0.8401579763520064 0.6746774167380386 0.01953125 0.02936857562408223
0 0.8413709657879436 0.6689016158409279 0.01953125 0.02936857562408223
0 0.8439991095658076 0.6409345799180763 0.01953125 0.02936857562408223
0 0.871628313384377 0.6353614387015661 0.01953125 0.02936857562408223
0 0.8600375254409771 0.6299909571656562 0.01953125 0.02936857562408223
0 0.8235130657588682 0.6318148942910595 0.01953125 0.02936857562408223
0 0.9212102030432254 0.7165773057021658 0.01953125 0.02936857562408223
0 0.9352269698584996 0.6995538925317345 0.01953125 0.02936857562408223
0 0.9632605034890482 0.7023911280601396 0.01953125 0.02936857562408223
0 0.9770077170963365 0.7064443216721472 0.01953125 0.02936857562408223
0 0.42827007414227564 0.7449496609862182 0.01953125 0.02936857562408223
0 0.424496329230471 0.637945349629221 0.01953125 0.02936857562408223
0 0.4975452485946889 0.6464570562144366 0.01953125 0.02936857562408223
0 0.48891954593913556 0.6452410981308344 0.01953125 0.02936857562408223
0 0.47894607724365185 0.6744240921372882 0.01953125 0.02936857562408223
0 0.516683526361698 0.6906368665853181 0.01953125 0.02936857562408223
0 0.5180312924016283 0.676450688943292 0.01953125 0.02936857562408223
0 0.5236919097693351 0.6492942917428418 0.01953125 0.02936857562408223
0 0.5266569950571817 0.6582113176892583 0.01953125 0.02936857562408223
0 0.5541514222717581 0.6492942917428418 0.01953125 0.02936857562408223
0 0.5616989120953673 0.6436198206860314 0.01953125 0.02936857562408223
0 0.5490299113200232 0.6456464174920351 0.01953125 0.02936857562408223
0 0.590541105349874 0.6679389823580762 0.01953125 0.02936857562408223
0 0.5862282540220973 0.6448357787696336 0.01953125 0.02936857562408223
0 0.6288176608838922 0.7145507088961622 0.01953125 0.02936857562408223
0 0.5061709512502423 0.6496996111040426 0.01953125 0.02936857562408223
0 0.38204169897266915 0.6733094638939862 0.01953125 0.02936857562408223
0 0.3878370929443691 0.669458929962579 0.01953125 0.02936857562408223
0 0.3980801148478388 0.6607445636967629 0.01953125 0.02936857562408223
0 0.4218007971506106 0.6449371086099338 0.01953125 0.02936857562408223
0 0.46142511872455905 0.6455450876517349 0.01953125 0.02936857562408223
0 0.45185597984105447 0.6380466794695211 0.01953125 0.02936857562408223
0 0.4421520643535569 0.6536514748757499 0.01953125 0.02936857562408223
0 0.009529765943012082 0.7094842168811526 0.01953125 0.02936857562408223
0 0.9714455320798605 0.6670270137953745 0.01953125 0.02936857562408223
0 0.9779148090715255 0.666216375072973 0.01953125 0.02936857562408223
0 0.9555418928086837 0.6816185107986014 0.01953125 0.02936857562408223
0 0.9436815516572978 0.6684456315595771 0.01953125 0.02936857562408223
0 0.956620105640628 0.6536514748757498 0.01953125 0.02936857562408223
0 0.9455684241132002 0.6542594539175509 0.01953125 0.02936857562408223
0 0.9218477418104283 0.649395621583142 0.01953125 0.02936857562408223
0 0.9192869863345609 0.641289234359127 0.01953125 0.02936857562408223
0 0.907157091975189 0.6485849828607405 0.01953125 0.02936857562408223
0 0.907291868579182 0.6337908261769133 0.01953125 0.02936857562408223
0 0.9339776361698003 0.6343988052187144 0.01953125 0.02936857562408223
0 0.9230607312463656 0.63743870042772 0.01953125 0.02936857562408223
0 0.9273735825741423 0.635817422982917 0.01953125 0.02936857562408223
0 0.9238693908703236 0.6327775277739114 0.01953125 0.02936857562408223
0 0.9178044436906377 0.679794573673198 0.01953125 0.02936857562408223
0 0.9178044436906377 0.6647977573087704 0.01953125 0.02936857562408223
0 0.9399078067454933 0.647774344138339 0.01953125 0.02936857562408223
0 0.9473205199651095 0.6457477473323353 0.01953125 0.02936857562408223
0 0.9736019577437487 0.6506115796667443 0.01953125 0.02936857562408223
0 0.9916620226788138 0.6688509509207778 0.01953125 0.02936857562408223
0 0.913356815758868 0.6372360407471196 0.01953125 0.02936857562408223
0 0.9192869863345609 0.6364254020247181 0.01953125 0.02936857562408223
0 0.8793931115526266 0.6736134534148867 0.01953125 0.02936857562408223
0 0.8996096021515798 0.6328788576142115 0.01953125 0.02936857562408223
0 0.8986661659236287 0.6282176849604029 0.01953125 0.02936857562408223
0 0.8651067915293662 0.6328788576142115 0.01953125 0.02936857562408223
0 0.9196913161465401 0.6334868366560127 0.01953125 0.02936857562408223
0 0.9157827946307424 0.6363240721844179 0.01953125 0.02936857562408223
0 0.9148393584027913 0.6314602398500089 0.01953125 0.02936857562408223
0 0.913087262550882 0.6324735382530108 0.01953125 0.02936857562408223
0 0.961876393196356 0.6580086580086578 0.01953125 0.02936857562408223
0 0.9612025101763908 0.665709725871472 0.01953125 0.02936857562408223
0 0.9461075305291724 0.6363240721844179 0.01953125 0.02936857562408223
0 0.9489378392130259 0.6361214125038175 0.01953125 0.02936857562408223
0 0.9520377011048654 0.6464570562144366 0.01953125 0.02936857562408223
0 0.9520377011048654 0.65375280471605 0.01953125 0.02936857562408223
0 0.9564853290366352 0.6338921560172134 0.01953125 0.02936857562408223
0 0.9589113079085095 0.6261910881543992 0.01953125 0.02936857562408223
0 0.9668631275440979 0.6304469414470071 0.01953125 0.02936857562408223
0 0.9699629894359374 0.6310549204888082 0.01953125 0.02936857562408223
0 0.918613103314596 0.6243671510289959 0.01953125 0.02936857562408223
0 0.9179392202946308 0.6290283236828044 0.01953125 0.02936857562408223
0 0.9006878149835239 0.6239618316677951 0.01953125 0.02936857562408223
0 0.8713065153130451 0.6490409671420914 0.01953125 0.02936857562408223
0 0.7928665317891064 0.6559820612026541 0.01953125 0.02936857562408223
0 0.7932708616010854 0.665709725871472 0.01953125 0.02936857562408223
0 0.7886884570653226 0.6756400502208904 0.01953125 0.02936857562408223
0 0.7752107966660204 0.636932051226219 0.01953125 0.02936857562408223
0 0.7897666698972668 0.6375400302680202 0.01953125 0.02936857562408223
0 0.8070180752083737 0.631460239850009 0.01953125 0.02936857562408223
0 0.8167219906958711 0.6304469414470071 0.01953125 0.02936857562408223
0 0.8175306503198294 0.6326761979336112 0.01953125 0.02936857562408223
0 0.8194175227757317 0.6446331190890332 0.01953125 0.02936857562408223
0 0.8087701710602828 0.6452410981308344 0.01953125 0.02936857562408223
0 0.815239448051948 0.6855703745703088 0.01953125 0.02936857562408223
0 0.8149698948439619 0.6415932238800276 0.01953125 0.02936857562408223
0 0.8328951831750339 0.6466597158950369 0.01953125 0.02936857562408223
0 0.8481249394262452 0.6671283436356747 0.01953125 0.02936857562408223
0 0.8555376526458615 0.6395666270740239 0.01953125 0.02936857562408223
0 0.7090097402597403 0.6452410981308344 0.01953125 0.02936857562408223
0 0.7227569538670284 0.6381480093098213 0.01953125 0.02936857562408223
0 0.7344825184144214 0.6397692867546243 0.01953125 0.02936857562408223
0 0.7274741350067843 0.6355134334620164 0.01953125 0.02936857562408223
0 0.744186433901919 0.6482809933398399 0.01953125 0.02936857562408223
0 0.7489036150416748 0.6407825851576261 0.01953125 0.02936857562408223
0 0.7449950935258771 0.641795883560628 0.01953125 0.02936857562408223
0 0.738391039930219 0.645038438450234 0.01953125 0.02936857562408223
0 0.7793631275440976 0.6365267318650183 0.01953125 0.02936857562408223
0 0.782058659623958 0.6357160931426168 0.01953125 0.02936857562408223
0 0.7838107554758674 0.6338921560172135 0.01953125 0.02936857562408223
0 0.757259764489242 0.6367293915456186 0.01953125 0.02936857562408223
0 0.8038924694708276 0.6375400302680202 0.01953125 0.02936857562408223
0 0.6625224122892038 0.6493956215831419 0.01953125 0.02936857562408223
0 0.6646788379530921 0.6427078521233297 0.01953125 0.02936857562408223
0 0.6549749224655945 0.6459504070129357 0.01953125 0.02936857562408223
0 0.6755957428765269 0.6376413601083203 0.01953125 0.02936857562408223
0 0.6672395934289596 0.6384519988307217 0.01953125 0.02936857562408223
0 0.6846257753440594 0.6414918940397274 0.01953125 0.02936857562408223
0 0.6813911368482269 0.6402759359561251 0.01953125 0.02936857562408223
0 0.6766739557084711 0.6546647732787517 0.01953125 0.02936857562408223
0 0.6897472862957943 0.6408839149979263 0.01953125 0.02936857562408223
0 0.6971599995154104 0.6380466794695211 0.01953125 0.02936857562408223
0 0.7053813723589848 0.6370333810665192 0.01953125 0.02936857562408223
0 0.70605525537895 0.6404785956367255 0.01953125 0.02936857562408223
0 0.7022815104671453 0.641289234359127 0.01953125 0.02936857562408223
0 0.7390755233572402 0.6522328571115472 0.01953125 0.02936857562408223
0 0.7358408848614078 0.6362227423441177 0.01953125 0.02936857562408223
0 0.712794085578601 0.6418972134009282 0.01953125 0.02936857562408223
0 0.7160287240744335 0.6394652972337236 0.01953125 0.02936857562408223
0 0.6782912749563873 0.6461530666935361 0.01953125 0.02936857562408223
0 0.6381278469664668 0.6398706165949245 0.01953125 0.02936857562408223
0 0.6394756130063971 0.6579073281683577 0.01953125 0.02936857562408223
0 0.65120117755379 0.6587179668907592 0.01953125 0.02936857562408223
0 0.6501229647218458 0.6540567942369506 0.01953125 0.02936857562408223
0 0.8974531764876914 0.639059977872523 0.01953125 0.02936857562408223
0 0.895296750823803 0.6339934858575137 0.01953125 0.02936857562408223
0 0.9444902112812561 0.6173753920482831 0.01953125 0.02936857562408223
0 0.9428728920333398 0.6191993291736864 0.01953125 0.02936857562408223
0 0.9409860195774375 0.6191993291736864 0.01953125 0.02936857562408223
0 0.938155710893584 0.6181860307706845 0.01953125 0.02936857562408223
0 0.9273735825741423 0.622239224382692 0.01953125 0.02936857562408223
0 0.925756263326226 0.622239224382692 0.01953125 0.02936857562408223
0 0.9235998376623377 0.622239224382692 0.01953125 0.02936857562408223
0 0.9465118603411513 0.6305482712873073 0.01953125 0.02936857562408223
0 0.9413903493894165 0.6279136954395024 0.01953125 0.02936857562408223
0 0.9364036150416748 0.6400732762755248 0.01953125 0.02936857562408223
0 0.931686433901919 0.6408839149979264 0.01953125 0.02936857562408223
0 0.9013616980034891 0.6498009409443428 0.01953125 0.02936857562408223
0 0.9516333712928863 0.6410865746785267 0.01953125 0.02936857562408223
0 0.9430076686373328 0.6441264698875323 0.01953125 0.02936857562408223
0 0.9434119984493119 0.639059977872523 0.01953125 0.02936857562408223
0 0.9389643705175421 0.640681255317326 0.01953125 0.02936857562408223
0 0.944759764489242 0.6220365647020916 0.01953125 0.02936857562408223
0 0.9540593501647605 0.6177807114094838 0.01953125 0.02936857562408223
0 0.9516333712928863 0.6194019888542867 0.01953125 0.02936857562408223
0 0.9295973965400272 0.6131702036758253 0.01953125 0.02936857562408223
0 0.9288561252180655 0.6264444127551498 0.01953125 0.02936857562408223
0 0.9424011739193642 0.6349561193403654 0.01953125 0.02936857562408223
0 0.9340450244717968 0.6326255330134611 0.01953125 0.02936857562408223
0 0.9397056418395038 0.6311055854089583 0.01953125 0.02936857562408223
0 0.9510942648769141 0.6271537216372511 0.01953125 0.02936857562408223
0 0.9506225467629386 0.6328281926940614 0.01953125 0.02936857562408223
0 0.9483987327970537 0.6317135644507594 0.01953125 0.02936857562408223
0 0.9260258165342121 0.6316122346104592 0.01953125 0.02936857562408223
0 0.9263627580441947 0.6159061093639303 0.01953125 0.02936857562408223
0 0.9172653372746656 0.6188446747326357 0.01953125 0.02936857562408223
0 0.9194891512405505 0.6188446747326357 0.01953125 0.02936857562408223
0 0.9148393584027912 0.6248231353103467 0.01953125 0.02936857562408223
0 0.9463096954351619 0.6173247271281329 0.01953125 0.02936857562408223
0 0.9498812754409769 0.6149941408012287 0.01953125 0.02936857562408223
0 0.9474552965691025 0.6207699416983393 0.01953125 0.02936857562408223
0 0.9477922380790851 0.6269510619566506 0.01953125 0.02936857562408223
0 0.9570918237546036 0.6216819102610409 0.01953125 0.02936857562408223
0 0.9589786962105059 0.6224925489834424 0.01953125 0.02936857562408223
0 0.9558114460166699 0.6155007900027296 0.01953125 0.02936857562408223
0 0.959248249418492 0.6433664960852808 0.01953125 0.02936857562408223
0 0.9537897969567746 0.6425558573628793 0.01953125 0.02936857562408223
0 0.9650436433901919 0.635766758062767 0.01953125 0.02936857562408223
0 0.9665935743361116 0.6411372395986769 0.01953125 0.02936857562408223
0 0.910054788961039 0.6299909571656563 0.01953125 0.02936857562408223
0 0.9120764380209343 0.6413398992792773 0.01953125 0.02936857562408223
0 0.9480617912870711 0.6243164861088458 0.01953125 0.02936857562408223
0 0.9603938505524326 0.6297376325649058 0.01953125 0.02936857562408223
0 0.9613372867803837 0.6489903022219412 0.01953125 0.02936857562408223
0 0.9651110316921885 0.6520301974309469 0.01953125 0.02936857562408223
0 0.9698282128319441 0.6491929619025416 0.01953125 0.02936857562408223
0 0.9699629894359372 0.6412892343591271 0.01953125 0.02936857562408223
0 0.9757583834076371 0.6366280617053186 0.01953125 0.02936857562408223
0 0.9789930219034696 0.639059977872523 0.01953125 0.02936857562408223
0 0.9855970754991277 0.6386546585113222 0.01953125 0.02936857562408223
0 0.9823624370032952 0.6343988052187144 0.01953125 0.02936857562408223
0 0.9791277985074627 0.6307509309679077 0.01953125 0.02936857562408223
0 0.9861361819150998 0.6546647732787518 0.01953125 0.02936857562408223
0 0.9907185864508625 0.6461530666935361 0.01953125 0.02936857562408223
0 0.9922011290947859 0.6404785956367256 0.01953125 0.02936857562408223
0 0.9965139804225625 0.6471663650965379 0.01953125 0.02936857562408223
0 0.9849231924791626 0.6343988052187144 0.01953125 0.02936857562408223
0 0.9731976279317697 0.6262924179946994 0.01953125 0.02936857562408223
0 0.9245432738902888 0.6262924179946994 0.01953125 0.02936857562408223
0 0.9052702195192867 0.6216312453408909 0.01953125 0.02936857562408223
0 0.907561421787168 0.6264950776752998 0.01953125 0.02936857562408223
0 0.9052702195192867 0.6281163551201028 0.01953125 0.02936857562408223
0 0.8780453455126963 0.6196046485348871 0.01953125 0.02936857562408223
0 0.9748149471796861 0.6410865746785267 0.01953125 0.02936857562408223
0 0.975219276991665 0.6467610457353372 0.01953125 0.02936857562408223
0 0.8838407394843962 0.6429105118039301 0.01953125 0.02936857562408223
0 0.9008225915875169 0.6394652972337237 0.01953125 0.02936857562408223
0 0.9019008044194611 0.6305482712873073 0.01953125 0.02936857562408223
0 0.9183435501066097 0.6173753920482831 0.01953125 0.02936857562408223
0 0.2904042086644699 0.6539554643966505 0.01953125 0.02936857562408223
0 0.8136069853653812 0.6703708985252806 0.01953125 0.02936857562408223
0 0.8084854744136464 0.6586166370504589 0.01953125 0.02936857562408223
0 0.8330148163403764 0.6578059983280574 0.01953125 0.02936857562408223
0 0.8389449869160693 0.63743870042772 0.01953125 0.02936857562408223
0 0.8433926148478391 0.6271030567171009 0.01953125 0.02936857562408223
0 0.8386754337080834 0.6315615696903091 0.01953125 0.02936857562408223
0 0.8528269771273507 0.6254817792722979 0.01953125 0.02936857562408223
0 0.8574093816631134 0.6248738002304968 0.01953125 0.02936857562408223
0 0.885847245105641 0.6633791395445677 0.01953125 0.02936857562408223
0 0.8849038088776898 0.6532461555145491 0.01953125 0.02936857562408223
0 0.8702131590424504 0.6281163551201028 0.01953125 0.02936857562408223
0 0.8669785205466178 0.6260897583140991 0.01953125 0.02936857562408223
0 0.8758737764101574 0.6230498631050935 0.01953125 0.02936857562408223
0 0.9023573790947863 0.6600859197348118 0.01953125 0.02936857562408223
0 0.9082875496704791 0.6540061293168006 0.01953125 0.02936857562408223
0 0.9328168915972092 0.6203646223371386 0.01953125 0.02936857562408223
0 0.9353776470730766 0.6209726013789396 0.01953125 0.02936857562408223
0 0.8984329569684048 0.6191993291736861 0.01953125 0.02936857562408223
0 0.8953330950765651 0.6281163551201026 0.01953125 0.02936857562408223
0 0.8957374248885442 0.6262924179946991 0.01953125 0.02936857562408223
0 0.8961417547005233 0.6226445437438926 0.01953125 0.02936857562408223
0 0.8778121365574723 0.627305716397701 0.01953125 0.02936857562408223
0 0.8892681478968791 0.619604648534887 0.01953125 0.02936857562408223
0 0.8817206580732699 0.6214285856602902 0.01953125 0.02936857562408223
0 0.8842814135491374 0.6198073082154872 0.01953125 0.02936857562408223
0 0.9024762550881953 0.6177807114094835 0.01953125 0.02936857562408223
0 0.9108324045357626 0.6226445437438926 0.01953125 0.02936857562408223
0 0.8947939886605931 0.6678376525177758 0.01953125 0.02936857562408223
0 0.36824847260948007 0.651247846987212 0.01953125 0.02936857562408223
0 0.36724947161047905 0.6422348335689122 0.01953125 0.02936857562408223
0 0.21939732375833118 0.6662695360177117 0.01953125 0.02936857562408223
0 0.07753918190018931 0.6707760427268614 0.01953125 0.02936857562408223
