0 0.04468182972419057 0.07922011122167458 0.01953125 0.02932551319648094
0 0.04308310870100912 0.10862532605274229 0.01953125 0.02932551319648094
0 0.0055131646562449265 0.10382447465175167 0.01953125 0.02932551319648094
0 0.0055131646562449265 0.08342085619754143 0.01953125 0.02932551319648094
0 0.08105273300156868 0.09842351682563719 0.01953125 0.02932551319648094
0 0.11022939167463022 0.11282607102860913 0.01953125 0.02932551319648094
0 0.1150255547441746 0.08762160117340821 0.01953125 0.02932551319648094
0 0.10543322860508585 0.18903958701933557 0.01953125 0.02932551319648094
0 0.08984569862906669 0.1458319244104198 0.01953125 0.02932551319648094
0 0.054274155863279314 0.16083458503851558 0.01953125 0.02932551319648094
0 0.05107671381691639 0.19204011914495472 0.01953125 0.02932551319648094
0 0.009909647469993932 0.17103639426562067 0.01953125 0.02932551319648094
0 0.02349877616703629 0.15003266938628662 0.01953125 0.02932551319648094
0 0.021500374888059486 0.12242777383059039 0.01953125 0.02932551319648094
0 0.06146840046759585 0.1434314987099245 0.01953125 0.02932551319648094
0 0.12062107832530969 0.10982553890298993 0.01953125 0.02932551319648094
0 0.15499358032371097 0.13322968948281935 0.01953125 0.02932551319648094
0 0.16178814467223215 0.1602344786133917 0.01953125 0.02932551319648094
0 0.1941622453916566 0.15723394648777259 0.01953125 0.02932551319648094
0 0.19056512308949833 0.0942227718497704 0.01953125 0.02932551319648094
0 0.16538526697439043 0.09782341040051332 0.01953125 0.02932551319648094
0 0.2085507346002897 0.08462106904778907 0.01953125 0.02932551319648094
0 0.18377055874097717 0.05641606706696908 0.01953125 0.02932551319648094
0 0.11182811269781168 0.25985214518394756 0.01953125 0.02932551319648094
0 0.10663226937247194 0.22144533397602242 0.01953125 0.02932551319648094
0 0.07905433172259185 0.2634527837346905 0.01953125 0.02932551319648094
0 0.0950415419544064 0.21544426972478414 0.01953125 0.02932551319648094
0 0.05507351637487003 0.25145065523221394 0.01953125 0.02932551319648094
0 0.023099095911240937 0.24244905885535648 0.01953125 0.02932551319648094
0 0.04188406793362302 0.31446182987021615 0.01953125 0.02932551319648094
0 0.0786546514667965 0.34086651257566475 0.01953125 0.02932551319648094
0 0.08864665786168059 0.3690715145564848 0.01953125 0.02932551319648094
0 0.1458009344404176 0.36247034388012256 0.01953125 0.02932551319648094
0 0.18297119822938646 0.3186625748460829 0.01953125 0.02932551319648094
0 0.16618462748598115 0.3210630005465783 0.01953125 0.02932551319648094
0 0.1985587282054056 0.3282642776480642 0.01953125 0.02932551319648094
0 0.19376256513586124 0.25985214518394756 0.01953125 0.02932551319648094
0 0.15939006313745996 0.24544959098097563 0.01953125 0.02932551319648094
0 0.1446018936730315 0.1932403319952024 0.01953125 0.02932551319648094
0 0.03788726537566939 0.421280773542258 0.01953125 0.02932551319648094
0 0.008310926446812483 0.47589045822852655 0.01953125 0.02932551319648094
0 0.24931812069141684 0.0720188341201886 0.01953125 0.02932551319648094
0 0.21854274099517382 0.05941659919258822 0.01953125 0.02932551319648094
0 0.2653053309232314 0.08762160117340821 0.01953125 0.02932551319648094
0 0.2589104468305055 0.15063277581141046 0.01953125 0.02932551319648094
0 0.26850277296959424 0.1686359685651253 0.01953125 0.02932551319648094
0 0.2189424212509692 0.17103639426562067 0.01953125 0.02932551319648094
0 0.21934210150676453 0.12782873165670489 0.01953125 0.02932551319648094
0 0.29927815266583724 0.19384043842032622 0.01953125 0.02932551319648094
0 0.3104691998281074 0.1560337336375249 0.01953125 0.02932551319648094
0 0.3272557705715127 0.12482819953108573 0.01953125 0.02932551319648094
0 0.3168640839208333 0.06781808914432182 0.01953125 0.02932551319648094
0 0.35123658591923457 0.08342085619754143 0.01953125 0.02932551319648094
0 0.3932030127777478 0.08702149474828441 0.01953125 0.02932551319648094
0 0.4239783924739908 0.06181702489308348 0.01953125 0.02932551319648094
0 0.39799917584729205 0.2538510809327093 0.01953125 0.02932551319648094
0 0.3812126051038868 0.2106434183237935 0.01953125 0.02932551319648094
0 0.3516362661750299 0.22144533397602242 0.01953125 0.02932551319648094
0 0.30607271701435845 0.22384575967651774 0.01953125 0.02932551319648094
0 0.32645641005992193 0.19083990629470704 0.01953125 0.02932551319648094
0 0.38560908791763576 0.1458319244104198 0.01953125 0.02932551319648094
0 0.3744180407553657 0.17403692639123983 0.01953125 0.02932551319648094
0 0.4383668816826238 0.20524246049767902 0.01953125 0.02932551319648094
0 0.4639464180535271 0.2976588499667489 0.01953125 0.02932551319648094
0 0.4255771134971722 0.34506725755153156 0.01953125 0.02932551319648094
0 0.4479592078217125 0.37867321735846604 0.01953125 0.02932551319648094
0 0.4883269136570443 0.3888750265855712 0.01953125 0.02932551319648094
0 0.49272339647079333 0.2742546993869195 0.01953125 0.02932551319648094
0 0.48792723340124894 0.20224192837205984 0.01953125 0.02932551319648094
0 0.4735387441926158 0.2232456532513939 0.01953125 0.02932551319648094
0 0.4287745555435351 0.11282607102860913 0.01953125 0.02932551319648094
0 0.453954411658643 0.08702149474828441 0.01953125 0.02932551319648094
0 0.489126274168635 0.09302255899952269 0.01953125 0.02932551319648094
0 0.45994961549557345 0.05521585421672136 0.01953125 0.02932551319648094
0 0.41758350838126485 0.3996769422378001 0.01953125 0.02932551319648094
0 0.4475595275659172 0.45308641407382094 0.01953125 0.02932551319648094
0 0.44915824858909864 0.4968941831078606 0.01953125 0.02932551319648094
0 0.4191822294044464 0.481291416054641 0.01953125 0.02932551319648094
0 0.41238766505592517 0.47288992610290737 0.01953125 0.02932551319648094
0 0.41238766505592517 0.4542866269240687 0.01953125 0.02932551319648094
0 0.3912046114987709 0.4656886490014215 0.01953125 0.02932551319648094
0 0.38161228535968217 0.4794910967792695 0.01953125 0.02932551319648094
0 0.3656250751278676 0.40507790006391453 0.01953125 0.02932551319648094
0 0.34324298080332727 0.44408481769696356 0.01953125 0.02932551319648094
0 0.35843083052355107 0.3492680025273983 0.01953125 0.02932551319648094
0 0.3424436202917365 0.2946583178411297 0.01953125 0.02932551319648094
0 0.3248576890367405 0.3744724723825992 0.01953125 0.02932551319648094
0 0.31366664187447035 0.33786598045004557 0.01953125 0.02932551319648094
0 0.28928614627095317 0.33426534189930257 0.01953125 0.02932551319648094
0 0.2768960583412969 0.3588697053293796 0.01953125 0.02932551319648094
0 0.26370660990004985 0.36247034388012256 0.01953125 0.02932551319648094
0 0.30287527496799554 0.44948577552307806 0.01953125 0.02932551319648094
0 0.28648838448038566 0.4464852433974588 0.01953125 0.02932551319648094
0 0.2756970175739108 0.44408481769696356 0.01953125 0.02932551319648094
0 0.3152653628976518 0.47469024537827886 0.01953125 0.02932551319648094
0 0.4747377849600019 0.47409013895315505 0.01953125 0.02932551319648094
0 0.12102075858110505 0.33966629972541706 0.01953125 0.02932551319648094
0 0.11462587448837921 0.45308641407382094 0.01953125 0.02932551319648094
0 0.06986168583929848 0.4446849241220873 0.01953125 0.02932551319648094
0 0.027095898469194572 0.40807843218953377 0.01953125 0.02932551319648094
0 0.005113484400449571 0.3708718338318563 0.01953125 0.02932551319648094
0 0.004314123888858846 0.3420667254259124 0.01953125 0.02932551319648094
0 0.2337305907153976 0.15843415933802024 0.01953125 0.02932551319648094
0 0.38680812868502185 0.2964586371165012 0.01953125 0.02932551319648094
0 0.3592301910351418 0.30606033991848247 0.01953125 0.02932551319648094
0 0.10143642604713221 0.48369184175513635 0.01953125 0.02932551319648094
0 0.07905433172259185 0.4644884361511738 0.01953125 0.02932551319648094
0 0.05227575458430248 0.481291416054641 0.01953125 0.02932551319648094
0 0.16258750518382287 0.46808907470191674 0.01953125 0.02932551319648094
0 0.16818302876495794 0.44528503054721125 0.01953125 0.02932551319648094
0 0.1797737561830235 0.4878925867310031 0.01953125 0.02932551319648094
0 0.20335489127495 0.46388832972604993 0.01953125 0.02932551319648094
0 0.19496160590324732 0.47409013895315505 0.01953125 0.02932551319648094
0 0.22773538687846714 0.47409013895315505 0.01953125 0.02932551319648094
0 0.23612867225016979 0.44228449842159206 0.01953125 0.02932551319648094
0 0.2513165219703936 0.30486012706823484 0.01953125 0.02932551319648094
0 0.23133250918062542 0.31146129774459697 0.01953125 0.02932551319648094
0 0.22693602636687643 0.2640528901598144 0.01953125 0.02932551319648094
0 0.2477193996682353 0.24244905885535648 0.01953125 0.02932551319648094
0 0.5246978169344223 0.3824035781627601 0.01953125 0.02932551319648094
0 0.5378872653756693 0.3644003854090452 0.01953125 0.02932551319648094
0 0.5326914220503296 0.30318953004641447 0.01953125 0.02932551319648094
0 0.5754572094204335 0.34339666052971113 0.01953125 0.02932551319648094
0 0.5798536922341826 0.38300368458788386 0.01953125 0.02932551319648094
0 0.5746578489088427 0.4256112407716759 0.01953125 0.02932551319648094
0 0.5818520935131594 0.45921720057861043 0.01953125 0.02932551319648094
0 0.5678632845603216 0.46881890338059173 0.01953125 0.02932551319648094
0 0.5306930207713527 0.4562166684529913 0.01953125 0.02932551319648094
0 0.5107090079815846 0.4718194355062109 0.01953125 0.02932551319648094
0 0.5015163620982913 0.4550164556027436 0.01953125 0.02932551319648094
0 0.5466802310031674 0.24917995178526975 0.01953125 0.02932551319648094
0 0.5302933405155574 0.19036952212313438 0.01953125 0.02932551319648094
0 0.5698616858392984 0.1621645201423143 0.01953125 0.02932551319648094
0 0.5934428209312249 0.2107731405773446 0.01953125 0.02932551319648094
0 0.5938425011870203 0.258781654587251 0.01953125 0.02932551319648094
0 0.5998377050239507 0.3307944256021107 0.01953125 0.02932551319648094
0 0.625417241394854 0.358399321157807 0.01953125 0.02932551319648094
0 0.6350095675339427 0.3962060259406082 0.01953125 0.02932551319648094
0 0.6342102070223521 0.41240889941895165 0.01953125 0.02932551319648094
0 0.6126274732094024 0.43401273072340957 0.01953125 0.02932551319648094
0 0.6230191598600818 0.46701858410522024 0.01953125 0.02932551319648094
0 0.6941622453916566 0.44661496565101 0.01953125 0.02932551319648094
0 0.7049536122981314 0.10755483545604574 0.01953125 0.02932551319648094
0 0.5710607266066845 0.09915334550431212 0.01953125 0.02932551319648094
0 0.6214204388369003 0.1777672871955339 0.01953125 0.02932551319648094
0 0.6629871854396182 0.1789675000457816 0.01953125 0.02932551319648094
0 0.6410047713708732 0.22937643975618333 0.01953125 0.02932551319648094
0 0.6597897433932554 0.25518101603650806 0.01953125 0.02932551319648094
0 0.6302134044643983 0.3277938934764915 0.01953125 0.02932551319648094
0 0.6537945395563248 0.3241932549257486 0.01953125 0.02932551319648094
0 0.6973596874380195 0.39200528096474135 0.01953125 0.02932551319648094
0 0.6793740759272282 0.3884046424139984 0.01953125 0.02932551319648094
0 0.6981590479496103 0.2947880400946809 0.01953125 0.02932551319648094
0 0.7453213181334631 0.31399144569864346 0.01953125 0.02932551319648094
0 0.6677833485091625 0.2557811224616319 0.01953125 0.02932551319648094
0 0.6869680007873401 0.1975707992246203 0.01953125 0.02932551319648094
0 0.6933628848800658 0.1735665422196671 0.01953125 0.02932551319648094
0 0.7253373053436949 0.18496856429701988 0.01953125 0.02932551319648094
0 0.7233389040647181 0.2029717570507348 0.01953125 0.02932551319648094
0 0.7373277130175558 0.18316824502164838 0.01953125 0.02932551319648094
0 0.7257369855994903 0.12075717680876999 0.01953125 0.02932551319648094
0 0.7365283525059652 0.10935515473141724 0.01953125 0.02932551319648094
0 0.7473197194124399 0.13515973101174197 0.01953125 0.02932551319648094
0 0.77489765706232 0.10335409048017899 0.01953125 0.02932551319648094
0 0.7669040519464128 0.14956228521471393 0.01953125 0.02932551319648094
0 0.7728992557833433 0.17656707434528626 0.01953125 0.02932551319648094
0 0.7892861462709532 0.12435781535951297 0.01953125 0.02932551319648094
0 0.8164644036650378 0.12075717680876999 0.01953125 0.02932551319648094
0 0.8244580087809452 0.1327593053112466 0.01953125 0.02932551319648094
0 0.8508369056634392 0.11595632540777936 0.01953125 0.02932551319648094
0 0.8508369056634392 0.13996058241273257 0.01953125 0.02932551319648094
0 0.8900055707313848 0.1327593053112466 0.01953125 0.02932551319648094
0 0.8880071694524079 0.1117555804319126 0.01953125 0.02932551319648094
0 0.9391662421942145 0.12435781535951297 0.01953125 0.02932551319648094
0 0.9147857465906973 0.09915334550431212 0.01953125 0.02932551319648094
0 0.9875275531454536 0.15976409444181905 0.01953125 0.02932551319648094
0 0.9883269136570443 0.2029717570507348 0.01953125 0.02932551319648094
0 0.9635467377977317 0.22217516265469736 0.01953125 0.02932551319648094
0 0.949557928844894 0.23357718473205014 0.01953125 0.02932551319648094
0 0.9667441798440948 0.29238761439418554 0.01953125 0.02932551319648094
0 0.9539544116586429 0.2785851666163374 0.01953125 0.02932551319648094
0 0.9939224372381793 0.2827859115922043 0.01953125 0.02932551319648094
0 0.9699416218904574 0.38420389743813166 0.01953125 0.02932551319648094
0 0.9395659224500098 0.31399144569864346 0.01953125 0.02932551319648094
0 0.9231790319623999 0.3223929356503771 0.01953125 0.02932551319648094
0 0.905593100707404 0.2419786746837838 0.01953125 0.02932551319648094
0 0.8975994955914967 0.19156973497338203 0.01953125 0.02932551319648094
0 0.8468401031054855 0.25758144173700337 0.01953125 0.02932551319648094
0 0.8264564100599219 0.22097494980444973 0.01953125 0.02932551319648094
0 0.8068720775259491 0.20057133135023947 0.01953125 0.02932551319648094
0 0.7633069296442545 0.2143737791280876 0.01953125 0.02932551319648094
0 0.7924835883173161 0.22217516265469736 0.01953125 0.02932551319648094
0 0.7569120455515287 0.23837803613304082 0.01953125 0.02932551319648094
0 0.7653053309232314 0.28638655014294717 0.01953125 0.02932551319648094
0 0.8024755947122002 0.2869866565680711 0.01953125 0.02932551319648094
0 0.8852094076618404 0.2881868694183188 0.01953125 0.02932551319648094
0 0.8856090879176357 0.26298239956311786 0.01953125 0.02932551319648094
0 0.9155851071022881 0.3325947448774822 0.01953125 0.02932551319648094
0 0.9767361862389787 0.3626000661336737 0.01953125 0.02932551319648094
0 0.9655451390767085 0.19997122492511563 0.01953125 0.02932551319648094
0 0.9411646434731914 0.15376303019058069 0.01953125 0.02932551319648094
0 0.9475595275659172 0.22577580120544033 0.01953125 0.02932551319648094
0 0.9883269136570443 0.48622198970918273 0.01953125 0.02932551319648094
0 0.9863285123780673 0.4628178391293534 0.01953125 0.02932551319648094
0 0.9115883045443345 0.44241422067514313 0.01953125 0.02932551319648094
0 0.9439624052637589 0.5144269916900028 0.01953125 0.02932551319648094
0 0.9339703988688748 0.4526160299022483 0.01953125 0.02932551319648094
0 0.9043940599400179 0.37700262033664567 0.01953125 0.02932551319648094
0 0.8708209184532074 0.35359846975681625 0.01953125 0.02932551319648094
0 0.8744180407553657 0.4160095379696946 0.01953125 0.02932551319648094
0 0.8488385043844624 0.34639719265533025 0.01953125 0.02932551319648094
0 0.83524937568742 0.31219112642327196 0.01953125 0.02932551319648094
0 0.8148656826418564 0.3878045359888746 0.01953125 0.02932551319648094
0 0.8328512941526478 0.4730196483564585 0.01953125 0.02932551319648094
0 0.8252573692925358 0.47361975478158236 0.01953125 0.02932551319648094
0 0.8432429808033273 0.5096261402890122 0.01953125 0.02932551319648094
0 0.8124676011070843 0.5240286944919841 0.01953125 0.02932551319648094
0 0.7884867857593625 0.48442167043381124 0.01953125 0.02932551319648094
0 0.7840903029456134 0.43941368854952406 0.01953125 0.02932551319648094
0 0.7617082086210731 0.40160698376672266 0.01953125 0.02932551319648094
0 0.782491581922432 0.35359846975681625 0.01953125 0.02932551319648094
0 0.7988784724100418 0.36019964043317837 0.01953125 0.02932551319648094
0 0.7337305907153976 0.43101219859779033 0.01953125 0.02932551319648094
0 0.7337305907153976 0.4064078351677134 0.01953125 0.02932551319648094
0 0.6569919816026877 0.4970239053614117 0.01953125 0.02932551319648094
0 0.6034348273261091 0.4904227346850496 0.01953125 0.02932551319648094
0 0.6038345075819044 0.5198279495161173 0.01953125 0.02932551319648094
0 0.7157449792046062 0.5006245439121547 0.01953125 0.02932551319648094
0 0.7461206786450538 0.5000244374870308 0.01953125 0.02932551319648094
0 0.7117481766466526 0.46881890338059173 0.01953125 0.02932551319648094
0 0.949557928844894 0.4568167748781152 0.01953125 0.02932551319648094
0 0.946360486798531 0.3926053873898653 0.01953125 0.02932551319648094
0 0.05707191765384686 0.9242996800495791 0.01953125 0.02932551319648094
0 0.03508950358510184 0.8948944652185115 0.01953125 0.02932551319648094
0 0.08904633811747595 0.8996953166195022 0.01953125 0.02932551319648094
0 0.07225976737407067 0.7964770114982033 0.01953125 0.02932551319648094
0 0.049477992793734944 0.7928763729474603 0.01953125 0.02932551319648094
0 0.024697816934422384 0.8384844612568714 0.01953125 0.02932551319648094
0 0.004713804144654202 0.8240819070538995 0.01953125 0.02932551319648094
0 0.03389046281771575 0.7694722223676309 0.01953125 0.02932551319648094
0 0.034689823329306486 0.7226639212079722 0.01953125 0.02932551319648094
0 0.02509749719021774 0.6362485959901405 0.01953125 0.02932551319648094
0 0.06386648200236804 0.6302475317389022 0.01953125 0.02932551319648094
0 0.08425017504793157 0.620045722511797 0.01953125 0.02932551319648094
0 0.09823898400076932 0.6752555136231895 0.01953125 0.02932551319648094
0 0.09224378016383884 0.6494509373428647 0.01953125 0.02932551319648094
0 0.005912844912040296 0.7916761600972125 0.01953125 0.02932551319648094
0 0.13820700958030568 0.8894935073923969 0.01953125 0.02932551319648094
0 0.1853692797641586 0.8762911660396726 0.01953125 0.02932551319648094
0 0.1997577689727917 0.9212991479239602 0.01953125 0.02932551319648094
0 0.2317321894364208 0.9008955294697496 0.01953125 0.02932551319648094
0 0.24132451557550952 0.9309008507259412 0.01953125 0.02932551319648094
0 0.2701014939927758 0.9140978708224741 0.01953125 0.02932551319648094
0 0.2709008545043664 0.8714903146386821 0.01953125 0.02932551319648094
0 0.24332291685448637 0.8156804171021659 0.01953125 0.02932551319648094
0 0.2305331486690347 0.8636889311120722 0.01953125 0.02932551319648094
0 0.2305331486690347 0.7712725416430024 0.01953125 0.02932551319648094
0 0.18616864027574934 0.7724727544932501 0.01953125 0.02932551319648094
0 0.12421820062746797 0.7628710516912689 0.01953125 0.02932551319648094
0 0.13900637009189643 0.7724727544932501 0.01953125 0.02932551319648094
0 0.09104473939645276 0.7724727544932501 0.01953125 0.02932551319648094
0 0.11022939167463022 0.811479672126299 0.01953125 0.02932551319648094
0 0.15579294083530168 0.6518513630433601 0.01953125 0.02932551319648094
0 0.12182011909269579 0.6224461482122924 0.01953125 0.02932551319648094
0 0.13421020702235203 0.6098439132846919 0.01953125 0.02932551319648094
0 0.1214204388369004 0.5840393370043673 0.01953125 0.02932551319648094
0 0.16098878416064144 0.5552342285984234 0.01953125 0.02932551319648094
0 0.1469999752078037 0.5396314615452038 0.01953125 0.02932551319648094
0 0.16298718543961824 0.5966415719319677 0.01953125 0.02932551319648094
0 0.1753772733692745 0.6266468931881592 0.01953125 0.02932551319648094
0 0.2085507346002897 0.5966415719319677 0.01953125 0.02932551319648094
0 0.20575297280972218 0.669854555797075 0.01953125 0.02932551319648094
0 0.18856672181052153 0.7226639212079722 0.01953125 0.02932551319648094
0 0.26170820862107314 0.6542517887438555 0.01953125 0.02932551319648094
0 0.2189424212509692 0.5912406141058532 0.01953125 0.02932551319648094
0 0.1921638441126798 0.5690366763762715 0.01953125 0.02932551319648094
0 0.2601094875978916 0.552833802897928 0.01953125 0.02932551319648094
0 0.28409030294561344 0.6068433811590728 0.01953125 0.02932551319648094
0 0.304473995991177 0.6638534915458367 0.01953125 0.02932551319648094
0 0.32405832852514976 0.6260467867630354 0.01953125 0.02932551319648094
0 0.32245960750196834 0.5636357185501569 0.01953125 0.02932551319648094
0 0.3524356266866207 0.5420318872456992 0.01953125 0.02932551319648094
0 0.29927815266583724 0.5444323129461944 0.01953125 0.02932551319648094
0 0.36642443563945837 0.6326479574393975 0.01953125 0.02932551319648094
0 0.36642443563945837 0.6638534915458367 0.01953125 0.02932551319648094
0 0.3548337082213929 0.6992597706281426 0.01953125 0.02932551319648094
0 0.3516362661750299 0.7310654111597057 0.01953125 0.02932551319648094
0 0.3524356266866207 0.7670717966671355 0.01953125 0.02932551319648094
0 0.2988784724100419 0.7778737123193645 0.01953125 0.02932551319648094
0 0.2812925411550459 0.7778737123193645 0.01953125 0.02932551319648094
0 0.3228592877577638 0.9050962744456167 0.01953125 0.02932551319648094
0 0.34564106233809944 0.8978949973441306 0.01953125 0.02932551319648094
0 0.37122059870900276 0.896694784493883 0.01953125 0.02932551319648094
0 0.4043940599400179 0.8828923367160348 0.01953125 0.02932551319648094
0 0.4235787122181953 0.8600882925613293 0.01953125 0.02932551319648094
0 0.4747377849600019 0.8864929752667778 0.01953125 0.02932551319648094
0 0.45715185370500594 0.9375020214023033 0.01953125 0.02932551319648094
0 0.497919239796133 0.8672895696628152 0.01953125 0.02932551319648094
0 0.4271758345203536 0.6896580678261615 0.01953125 0.02932551319648094
0 0.4075915019863808 0.6680542365217035 0.01953125 0.02932551319648094
0 0.38800716945240793 0.6620531722704652 0.01953125 0.02932551319648094
0 0.4027953389168364 0.5492331643471852 0.01953125 0.02932551319648094
0 0.4335707186130794 0.6032427426083298 0.01953125 0.02932551319648094
0 0.4691422613788668 0.6038428490334536 0.01953125 0.02932551319648094
0 0.46114865626295953 0.5774381663280052 0.01953125 0.02932551319648094
0 0.49432211749397476 0.5660361442506523 0.01953125 0.02932551319648094
0 0.49552115826136084 0.5462326322215659 0.01953125 0.02932551319648094
0 0.4939224372381794 0.6656538108212082 0.01953125 0.02932551319648094
0 0.4863285123780674 0.7058609413045048 0.01953125 0.02932551319648094
0 0.47154034291363894 0.6944589192271521 0.01953125 0.02932551319648094
0 0.45515345242602906 0.6680542365217035 0.01953125 0.02932551319648094
0 0.445161446031145 0.6362485959901405 0.01953125 0.02932551319648094
0 0.45235569063546155 0.7922762665223364 0.01953125 0.02932551319648094
0 0.46954194163466223 0.8018779693243177 0.01953125 0.02932551319648094
0 0.49072499519181645 0.7778737123193645 0.01953125 0.02932551319648094
0 0.41558510710228813 0.7838747765706028 0.01953125 0.02932551319648094
0 0.42038127017183247 0.8072789271504323 0.01953125 0.02932551319648094
0 0.3628273133373001 0.8072789271504323 0.01953125 0.02932551319648094
0 0.18696800078734005 0.6584525337197222 0.01953125 0.02932551319648094
0 0.15978974339325533 0.8198811620780326 0.01953125 0.02932551319648094
0 0.5250974971902177 0.9142275930760252 0.01953125 0.02932551319648094
0 0.5434827889568045 0.8632185469404996 0.01953125 0.02932551319648094
0 0.5350895035851018 0.7888053502251448 0.01953125 0.02932551319648094
0 0.5366882246082832 0.7527989647177148 0.01953125 0.02932551319648094
0 0.5238984564228316 0.7191930049107804 0.01953125 0.02932551319648094
0 0.5135067697721521 0.6873873643792173 0.01953125 0.02932551319648094
0 0.533091102306125 0.6621828945240165 0.01953125 0.02932551319648094
0 0.5382869456314647 0.5781679950066801 0.01953125 0.02932551319648094
0 0.55507351637487 0.6165748062146054 0.01953125 0.02932551319648094
0 0.5734588081414567 0.5619651215283368 0.01953125 0.02932551319648094
0 0.6082309903956534 0.6285769347170819 0.01953125 0.02932551319648094
0 0.6230191598600818 0.5643655472288321 0.01953125 0.02932551319648094
0 0.629813724208603 0.6687840652003786 0.01953125 0.02932551319648094
0 0.5814524132573641 0.6807861937028552 0.01953125 0.02932551319648094
0 0.5790543317225918 0.7491983261669719 0.01953125 0.02932551319648094
0 0.5778552909552057 0.8518165248631467 0.01953125 0.02932551319648094
0 0.5654652030255495 0.9316306794046164 0.01953125 0.02932551319648094
0 0.6054332286050857 0.9358314243804831 0.01953125 0.02932551319648094
0 0.6134268337209932 0.9034256774237962 0.01953125 0.02932551319648094
0 0.5962405827217925 0.8368138642350511 0.01953125 0.02932551319648094
0 0.6326114859991705 0.8350135449596797 0.01953125 0.02932551319648094
0 0.6613884644164367 0.8332132256843082 0.01953125 0.02932551319648094
0 0.6629871854396182 0.7972068401768783 0.01953125 0.02932551319648094
0 0.6406050911150778 0.7846046052492779 0.01953125 0.02932551319648094
0 0.6565923013468924 0.6963889607560748 0.01953125 0.02932551319648094
0 0.6625875051838228 0.5529635251514793 0.01953125 0.02932551319648094
0 0.6869680007873401 0.6021722520116334 0.01953125 0.02932551319648094
0 0.7213405027857414 0.5577643765524699 0.01953125 0.02932551319648094
0 0.722139863297332 0.6081733162628717 0.01953125 0.02932551319648094
0 0.6833708784851817 0.6663836394998832 0.01953125 0.02932551319648094
0 0.6945619256474519 0.7047904507078084 0.01953125 0.02932551319648094
0 0.7053532925539268 0.7113916213841706 0.01953125 0.02932551319648094
0 0.6857689600199539 0.6855870451038458 0.01953125 0.02932551319648094
0 0.7025555307633592 0.7942063080512591 0.01953125 0.02932551319648094
0 0.6729791918345023 0.9418324886317215 0.01953125 0.02932551319648094
0 0.6390063700918964 0.872820249742481 0.01953125 0.02932551319648094
0 0.7413245155755095 0.865618972640995 0.01953125 0.02932551319648094
0 0.7617082086210731 0.9478335528829597 0.01953125 0.02932551319648094
0 0.7860887042245903 0.8626184405153757 0.01953125 0.02932551319648094
0 0.7780950991086829 0.8068085429788595 0.01953125 0.02932551319648094
0 0.7553133245283472 0.7473980068916003 0.01953125 0.02932551319648094
0 0.77489765706232 0.7305950269881332 0.01953125 0.02932551319648094
0 0.7669040519464128 0.7005897057319416 0.01953125 0.02932551319648094
0 0.7589104468305055 0.617775019064853 0.01953125 0.02932551319648094
0 0.7465203589008492 0.617775019064853 0.01953125 0.02932551319648094
0 0.7461206786450538 0.6051727841372525 0.01953125 0.02932551319648094
0 0.8068720775259491 0.6117739548136146 0.01953125 0.02932551319648094
0 0.7924835883173161 0.5703666114800704 0.01953125 0.02932551319648094
0 0.8384468177337828 0.5571642701273462 0.01953125 0.02932551319648094
0 0.8524356266866207 0.6063729969875002 0.01953125 0.02932551319648094
0 0.8772158025459332 0.5589645894027176 0.01953125 0.02932551319648094
0 0.9039943796842225 0.6135742740889861 0.01953125 0.02932551319648094
0 0.9171838281254695 0.6327776796929488 0.01953125 0.02932551319648094
0 0.9123876650559252 0.6717845973259977 0.01953125 0.02932551319648094
0 0.9111886242885391 0.7263942820122664 0.01953125 0.02932551319648094
0 0.8708209184532074 0.7041903442826846 0.01953125 0.02932551319648094
0 0.8612285923141186 0.7780034345729159 0.01953125 0.02932551319648094
0 0.8384468177337828 0.7720023703216774 0.01953125 0.02932551319648094
0 0.8308528928736709 0.8224113100320793 0.01953125 0.02932551319648094
0 0.8100695195723121 0.7810039666985349 0.01953125 0.02932551319648094
0 0.8064723972701537 0.7600002418192009 0.01953125 0.02932551319648094
0 0.8160647234092425 0.7155923663600374 0.01953125 0.02932551319648094
0 0.8204612062229916 0.6771855551521122 0.01953125 0.02932551319648094
0 0.8520359464308253 0.9328308922548642 0.01953125 0.02932551319648094
0 0.8136666418744704 0.9238292958780066 0.01953125 0.02932551319648094
0 0.9075915019863807 0.8614182276651282 0.01953125 0.02932551319648094
0 0.8784148433133193 0.9016253581484248 0.01953125 0.02932551319648094
0 0.9163844676138787 0.9478335528829597 0.01953125 0.02932551319648094
0 0.9339703988688748 0.9172281252016444 0.01953125 0.02932551319648094
0 0.9475595275659172 0.94003216935635 0.01953125 0.02932551319648094
0 0.985928832122272 0.9484336593080837 0.01953125 0.02932551319648094
0 0.9831310703317047 0.9208287637523873 0.01953125 0.02932551319648094
0 0.9523556906354615 0.8686195047666142 0.01953125 0.02932551319648094
0 0.9391662421942145 0.8296125871335652 0.01953125 0.02932551319648094
0 0.9235787122181953 0.8182105650562123 0.01953125 0.02932551319648094
0 0.9027953389168364 0.7954065209015068 0.01953125 0.02932551319648094
0 0.9559528129376198 0.7305950269881332 0.01953125 0.02932551319648094
0 0.9783349072621603 0.7485982197418481 0.01953125 0.02932551319648094
0 0.9635467377977317 0.7888053502251448 0.01953125 0.02932551319648094
0 0.9923237162149979 0.8194107779064601 0.01953125 0.02932551319648094
0 0.9995179608193145 0.8350135449596797 0.01953125 0.02932551319648094
0 0.9579512142165966 0.6453799146205492 0.01953125 0.02932551319648094
0 0.9639464180535271 0.5973714006106428 0.01953125 0.02932551319648094
0 0.9443620855195543 0.5895700170840329 0.01953125 0.02932551319648094
0 0.9927233964707934 0.5991717198860143 0.01953125 0.02932551319648094
0 0.9795339480295462 0.6861871515289697 0.01953125 0.02932551319648094
0 0.928774555543535 0.7053905571329322 0.01953125 0.02932551319648094
0 0.9515563301238708 0.5739672500308133 0.01953125 0.02932551319648094
0 0.019102293353287298 0.5168274173904982 0.01953125 0.02932551319648094
0 0.05587287688646077 0.507225714588517 0.01953125 0.02932551319648094
0 0.11182811269781168 0.5084259274387646 0.01953125 0.02932551319648094
0 0.18896640206631687 0.4988242246367833 0.01953125 0.02932551319648094
0 0.21734370022778773 0.5090260338638884 0.01953125 0.02932551319648094
0 0.3936026930335431 0.49222305396042115 0.01953125 0.02932551319648094
0 0.28169222141084127 0.5414317808205753 0.01953125 0.02932551319648094
0 0.7603093277257894 0.4976240117865355 0.01953125 0.02932551319648094
0 0.012604993690520053 0.030984912602446103 0.01953125 0.02932551319648094
0 0.07853905962458596 0.021985114746343386 0.01953125 0.02932551319648094
0 0.14347412455965092 0.03548481153049754 0.01953125 0.02932551319648094
0 0.25636123744676387 0.009985384271539555 0.01953125 0.02932551319648094
0 0.2633542444397708 0.03548481153049754 0.01953125 0.02932551319648094
0 0.41919840028392663 0.030984912602446103 0.01953125 0.02932551319648094
0 0.4501674312529576 0.009985384271539555 0.01953125 0.02932551319648094
0 0.49312447421000055 0.026485013674394663 0.01953125 0.02932551319648094
0 0.5320855131710396 0.05948427248010521 0.01953125 0.02932551319648094
0 0.6110065920921185 0.07748386819231079 0.01953125 0.02932551319648094
0 0.6020155831011096 0.021985114746343386 0.01953125 0.02932551319648094
0 0.5620555431410696 0.030984912602446103 0.01953125 0.02932551319648094
0 0.6829346640201904 0.08348373342971271 0.01953125 0.02932551319648094
0 0.6489686300541566 0.07748386819231079 0.01953125 0.02932551319648094
0 0.6649526460381724 0.03548481153049754 0.01953125 0.02932551319648094
0 0.6359816170671434 0.015985249508941472 0.01953125 0.02932551319648094
0 0.7149026959882225 0.009985384271539555 0.01953125 0.02932551319648094
0 0.7748427559282824 0.011485350580890034 0.01953125 0.02932551319648094
0 0.7578597389452656 0.06398417140815649 0.01953125 0.02932551319648094
0 0.8058117868973135 0.009985384271539555 0.01953125 0.02932551319648094
0 0.8427748238603504 0.03548481153049754 0.01953125 0.02932551319648094
0 0.8617558428413694 0.009985384271539555 0.01953125 0.02932551319648094
0 0.8777398588253854 0.07748386819231079 0.01953125 0.02932551319648094
0 0.9416759227614492 0.06248420509880616 0.01953125 0.02932551319648094
0 0.6969206780062045 0.027984979983745144 0.01953125 0.02932551319648094
0 0.3053122863978127 0.009985384271539555 0.01953125 0.02932551319648094
0 0.22239520348072986 0.03923472730387382 0.01953125 0.02932551319648094
