0 0.031609686609686535 0.970343863103258 0.01953125 0.029282576866764276
0 0.04559069325735988 0.9062270220064266 0.01953125 0.029282576866764276
0 0.10809401709401704 0.8297800191602047 0.01953125 0.029282576866764276
0 0.1270094966761633 0.9000619411317313 0.01953125 0.029282576866764276
0 0.29313675213675217 0.9765089439779534 0.01953125 0.029282576866764276
0 0.2544833808167142 0.8827997146825844 0.01953125 0.029282576866764276
0 0.21500759734093067 0.8088187441862406 0.01953125 0.029282576866764276
0 0.2668195631528965 0.7631971457134952 0.01953125 0.029282576866764276
0 0.19362488129154798 0.7299057089901405 0.01953125 0.029282576866764276
0 0.14674738841405505 0.7126434825409936 0.01953125 0.029282576866764276
0 0.13029914529914524 0.6805850619925778 0.01953125 0.029282576866764276
0 0.23145584045584044 0.6694879164181263 0.01953125 0.029282576866764276
0 0.37044349477682814 0.7459349192643484 0.01953125 0.029282576866764276
0 0.301360873694207 0.6374294958697105 0.01953125 0.029282576866764276
0 0.5711120607787277 0.7816923883375813 0.01953125 0.029282576866764276
0 0.60894301994302 0.721274595765567 0.01953125 0.029282576866764276
0 0.6549981006647675 0.723740628115445 0.01953125 0.029282576866764276
0 0.7002307692307694 0.7607311133636171 0.01953125 0.029282576866764276
0 0.7536875593542262 0.8680035205833158 0.01953125 0.029282576866764276
0 0.771780626780627 0.7545660324889217 0.01953125 0.029282576866764276
0 0.8334615384615388 0.8322460515100828 0.01953125 0.029282576866764276
0 0.8647132003798672 0.9395184587297813 0.01953125 0.029282576866764276
0 0.8967872744539414 0.6620898193684919 0.01953125 0.029282576866764276
0 0.810433998100665 0.6805850619925778 0.01953125 0.029282576866764276
0 0.7701358024691359 0.6596237870186139 0.01953125 0.029282576866764276
0 0.7158566001899337 0.700313320791603 0.01953125 0.029282576866764276
0 0.6673342830009498 0.6620898193684919 0.01953125 0.029282576866764276
0 0.6278584995251664 0.6842841105173951 0.01953125 0.029282576866764276
0 0.5234121557454892 0.7570320648387999 0.01953125 0.029282576866764276
0 0.4880484330484332 0.7311387251650796 0.01953125 0.029282576866764276
0 0.43541405508072184 0.6929152237419685 0.01953125 0.029282576866764276
0 0.529991452991453 0.626332350295259 0.01953125 0.029282576866764276
0 0.8770493827160497 0.5856428165222699 0.01953125 0.029282576866764276
0 0.8754045584045587 0.5276910563001339 0.01953125 0.029282576866764276
0 0.8934976258309595 0.48453549017726666 0.01953125 0.029282576866764276
0 0.8803390313390317 0.4204186490804353 0.01953125 0.029282576866764276
0 0.8622459639126309 0.48576850635220564 0.01953125 0.029282576866764276
0 0.9000769230769233 0.33287450065976165 0.01953125 0.029282576866764276
0 0.892675213675214 0.29588401541158965 0.01953125 0.029282576866764276
0 0.8696476733143402 0.2872529021870163 0.01953125 0.029282576866764276
0 0.8597787274453944 0.3131462418607366 0.01953125 0.029282576866764276
0 0.8507321937321941 0.3254764036101272 0.01953125 0.029282576866764276
0 0.8433304843304846 0.2638255948631741 0.01953125 0.029282576866764276
0 0.8277046533713203 0.2749227404376256 0.01953125 0.029282576866764276
0 0.81865811965812 0.30204909628628507 0.01953125 0.029282576866764276
0 0.8589563152896489 0.2564274978135397 0.01953125 0.029282576866764276
0 0.8054995251661922 0.2761557566125647 0.01953125 0.029282576866764276
0 0.8030322886989557 0.26135956251329595 0.01953125 0.029282576866764276
0 0.7800047483380818 0.26875765956293035 0.01953125 0.029282576866764276
0 0.7857616334283003 0.29588401541158965 0.01953125 0.029282576866764276
0 0.7775375118708454 0.30204909628628507 0.01953125 0.029282576866764276
0 0.826882241215575 0.3390395815344569 0.01953125 0.029282576866764276
0 0.8301718898385568 0.3131462418607366 0.01953125 0.029282576866764276
0 0.8367511870845208 0.4093215035059837 0.01953125 0.029282576866764276
0 0.810433998100665 0.4093215035059837 0.01953125 0.029282576866764276
0 0.7652013295346631 0.3932922932317758 0.01953125 0.029282576866764276
0 0.766846153846154 0.4265837299551306 0.01953125 0.029282576866764276
0 0.7791823361823365 0.46357421520330255 0.01953125 0.029282576866764276
0 0.8046771130104466 0.4327488108298259 0.01953125 0.029282576866764276
0 0.8211253561253563 0.4648072313782416 0.01953125 0.029282576866764276
0 0.7906961063627733 0.5042637489762917 0.01953125 0.029282576866764276
0 0.7874064577397912 0.5548174121487933 0.01953125 0.029282576866764276
0 0.8318167141500478 0.5572834444986714 0.01953125 0.029282576866764276
0 0.7586220322886992 0.491933587226901 0.01953125 0.029282576866764276
0 0.7429962013295348 0.5202929592504996 0.01953125 0.029282576866764276
0 0.73477207977208 0.5572834444986714 0.01953125 0.029282576866764276
0 0.7224358974358975 0.588108848872148 0.01953125 0.029282576866764276
0 0.7512203228869898 0.4475450049290947 0.01953125 0.029282576866764276
0 0.6985859449192784 0.5128948622008651 0.01953125 0.029282576866764276
0 0.6714463437796773 0.5720796385979402 0.01953125 0.029282576866764276
0 0.6582877492877495 0.6115361561959902 0.01953125 0.029282576866764276
0 0.5842706552706555 0.5770117032976965 0.01953125 0.029282576866764276
0 0.6369050332383667 0.5548174121487933 0.01953125 0.029282576866764276
0 0.6475963912630581 0.5128948622008651 0.01953125 0.029282576866764276
0 0.6443067426400761 0.48206945782738847 0.01953125 0.029282576866764276
0 0.7002307692307694 0.45864215050354623 0.01953125 0.029282576866764276
0 0.7125669515669517 0.43644785935464314 0.01953125 0.029282576866764276
0 0.7257255460588795 0.41548658438067904 0.01953125 0.029282576866764276
0 0.7561547958214626 0.29711703158652886 0.01953125 0.029282576866764276
0 0.7569772079772081 0.2798548051373818 0.01953125 0.029282576866764276
0 0.7405289648622984 0.20217478611622086 0.01953125 0.029282576866764276
0 0.728192782526116 0.24409733606414893 0.01953125 0.029282576866764276
0 0.7240807217473887 0.2551944816386006 0.01953125 0.029282576866764276
0 0.7175014245014247 0.28108782131232096 0.01953125 0.029282576866764276
0 0.7224358974358975 0.3119132256857976 0.01953125 0.029282576866764276
0 0.7290151946818615 0.30204909628628507 0.01953125 0.029282576866764276
0 0.6920066476733145 0.38589419618214144 0.01953125 0.029282576866764276
0 0.7413513770180439 0.38096213148238517 0.01953125 0.029282576866764276
0 0.6895394112060781 0.41425356820574 0.01953125 0.029282576866764276
0 0.655820512820513 0.45371008580378996 0.01953125 0.029282576866764276
0 0.5990740740740742 0.5190599430755604 0.01953125 0.029282576866764276
0 0.5571310541310541 0.5560504283237324 0.01953125 0.029282576866764276
0 0.417320987654321 0.6830510943424559 0.01953125 0.029282576866764276
0 0.5127207977207977 0.5622155091984278 0.01953125 0.029282576866764276
0 0.5546638176638178 0.4980986681015963 0.01953125 0.029282576866764276
0 0.5645327635327636 0.4980986681015963 0.01953125 0.029282576866764276
0 0.5924947768281102 0.4672732637281197 0.01953125 0.029282576866764276
0 0.622101614434948 0.41548658438067904 0.01953125 0.029282576866764276
0 0.622101614434948 0.45124405345391183 0.01953125 0.029282576866764276
0 0.6369050332383667 0.4093215035059837 0.01953125 0.029282576866764276
0 0.6344377967711302 0.38466118000720234 0.01953125 0.029282576866764276
0 0.662399810066477 0.3932922932317758 0.01953125 0.029282576866764276
0 0.6698015194681863 0.3710980020828727 0.01953125 0.029282576866764276
0 0.6327929724596392 0.3563018079836038 0.01953125 0.029282576866764276
0 0.6484188034188036 0.33534053300963984 0.01953125 0.029282576866764276
0 0.6665118708452045 0.2921849668867726 0.01953125 0.029282576866764276
0 0.6920066476733145 0.3008160801113459 0.01953125 0.029282576866764276
0 0.6813152896486231 0.2749227404376256 0.01953125 0.029282576866764276
0 0.7010531813865148 0.2379322551894537 0.01953125 0.029282576866764276
0 0.7100997150997153 0.20217478611622086 0.01953125 0.029282576866764276
0 0.7290151946818615 0.2293011419648802 0.01953125 0.029282576866764276
0 0.6640446343779678 0.2194370125653677 0.01953125 0.029282576866764276
0 0.6344377967711302 0.24902940076390517 0.01953125 0.029282576866764276
0 0.6188119658119661 0.2465633684140271 0.01953125 0.029282576866764276
0 0.6040085470085472 0.24286431988920995 0.01953125 0.029282576866764276
0 0.6114102564102566 0.19231065671670836 0.01953125 0.029282576866764276
0 0.5966068376068377 0.19231065671670836 0.01953125 0.029282576866764276
0 0.5900275403608738 0.24163130371427083 0.01953125 0.029282576866764276
0 0.6369050332383667 0.2884859183619553 0.01953125 0.029282576866764276
0 0.6295033238366573 0.2675246433879912 0.01953125 0.029282576866764276
0 0.6130550807217475 0.26875765956293035 0.01953125 0.029282576866764276
0 0.6327929724596392 0.3131462418607366 0.01953125 0.029282576866764276
0 0.6146999050332386 0.3291754521349444 0.01953125 0.029282576866764276
0 0.5900275403608738 0.32054433891037093 0.01953125 0.029282576866764276
0 0.5941396011396013 0.3057481448111022 0.01953125 0.029282576866764276
0 0.5826258309591644 0.34150561388433504 0.01953125 0.029282576866764276
0 0.6015413105413108 0.3538357756337258 0.01953125 0.029282576866764276
0 0.591672364672365 0.3834281638322633 0.01953125 0.029282576866764276
0 0.5760465337132005 0.40192340645634916 0.01953125 0.029282576866764276
0 0.5702896486229821 0.4315157946548868 0.01953125 0.029282576866764276
0 0.5373931623931625 0.46357421520330255 0.01953125 0.029282576866764276
0 0.5036742640075974 0.5387882018745854 0.01953125 0.029282576866764276
0 0.4773570750237418 0.5054967651512308 0.01953125 0.029282576866764276
0 0.46831054131054134 0.5276910563001339 0.01953125 0.029282576866764276
0 0.3975830959164293 0.5856428165222699 0.01953125 0.029282576866764276
0 0.3498831908831909 0.6016720267964777 0.01953125 0.029282576866764276
0 0.24872649572649572 0.6127691723709294 0.01953125 0.029282576866764276
0 0.2733988603988604 0.5942739297468433 0.01953125 0.029282576866764276
0 0.309584995251662 0.5708466224230011 0.01953125 0.029282576866764276
0 0.3671538461538462 0.5560504283237324 0.01953125 0.029282576866764276
0 0.3235660018993352 0.5215259754254385 0.01953125 0.029282576866764276
0 0.35564007597340935 0.47837040930257124 0.01953125 0.029282576866764276
0 0.40169515669515676 0.5067297813261697 0.01953125 0.029282576866764276
0 0.4436381766381768 0.48453549017726666 0.01953125 0.029282576866764276
0 0.497917378917379 0.4463119887541556 0.01953125 0.029282576866764276
0 0.43541405508072184 0.4389138917045213 0.01953125 0.029282576866764276
0 0.5291690408357077 0.41548658438067904 0.01953125 0.029282576866764276
0 0.4896932573599241 0.41178753585586186 0.01953125 0.029282576866764276
0 0.5028518518518519 0.3883602285320195 0.01953125 0.029282576866764276
0 0.5357483380816715 0.3969913417565929 0.01953125 0.029282576866764276
0 0.5521965811965813 0.3747970506076898 0.01953125 0.029282576866764276
0 0.5406828110161445 0.3538357756337258 0.01953125 0.029282576866764276
0 0.5250569800569802 0.33287450065976165 0.01953125 0.029282576866764276
0 0.5604207027540361 0.33287450065976165 0.01953125 0.029282576866764276
0 0.5563086419753088 0.30328211246122405 0.01953125 0.029282576866764276
0 0.5546638176638178 0.2860198860120772 0.01953125 0.029282576866764276
0 0.5571310541310541 0.25272844928872246 0.01953125 0.029282576866764276
0 0.5686448243114911 0.2465633684140271 0.01953125 0.029282576866764276
0 0.5678224121557456 0.23423320666463646 0.01953125 0.029282576866764276
0 0.576868945868946 0.27862178896244283 0.01953125 0.029282576866764276
0 0.5727568850902186 0.33534053300963984 0.01953125 0.029282576866764276
0 0.5020294396961066 0.33164148448482256 0.01953125 0.029282576866764276
0 0.4806467236467238 0.35753482415854293 0.01953125 0.029282576866764276
0 0.4765346628679963 0.37849609913250704 0.01953125 0.029282576866764276
0 0.4699553656220324 0.40562245498116645 0.01953125 0.029282576866764276
0 0.4461054131054132 0.4031564226312883 0.01953125 0.029282576866764276
0 0.4000503323836657 0.4327488108298259 0.01953125 0.029282576866764276
0 0.34165906932573603 0.4709723122529369 0.01953125 0.029282576866764276
0 0.2947815764482431 0.4980986681015963 0.01953125 0.029282576866764276
0 0.28244539411206077 0.5375551856996463 0.01953125 0.029282576866764276
0 0.26024026590693256 0.5646815415483057 0.01953125 0.029282576866764276
0 0.26024026590693256 0.5276910563001339 0.01953125 0.029282576866764276
0 0.22487654320987654 0.528924072475073 0.01953125 0.029282576866764276
0 0.18622317188983856 0.551118363623976 0.01953125 0.029282576866764276
0 0.1730645773979107 0.5856428165222699 0.01953125 0.029282576866764276
0 0.12865432098765428 0.5856428165222699 0.01953125 0.029282576866764276
0 0.08177682811016138 0.5905748812220261 0.01953125 0.029282576866764276
0 0.024207977207977148 0.6053710753212949 0.01953125 0.029282576866764276
0 0.058749287749287685 0.5918078973969652 0.01953125 0.029282576866764276
0 0.11878537511870843 0.5560504283237324 0.01953125 0.029282576866764276
0 0.1039819563152896 0.5264580401251948 0.01953125 0.029282576866764276
0 0.03901139601139593 0.5153608945507432 0.01953125 0.029282576866764276
0 0.003647673314339911 0.5720796385979402 0.01953125 0.029282576866764276
0 0.018451092117758736 0.5239920077753167 0.01953125 0.029282576866764276
0 0.08588888888888882 0.5313901048249511 0.01953125 0.029282576866764276
0 0.1138509021842355 0.48576850635220564 0.01953125 0.029282576866764276
0 0.12371984805318136 0.46973929607799786 0.01953125 0.029282576866764276
0 0.16155080721747386 0.511661846025926 0.01953125 0.029282576866764276
0 0.12783190883190879 0.5178269269006214 0.01953125 0.029282576866764276
0 0.1590835707502374 0.46850627990305876 0.01953125 0.029282576866764276
0 0.17964387464387466 0.4833024740023276 0.01953125 0.029282576866764276
0 0.20184900284900287 0.5017977166264135 0.01953125 0.029282576866764276
0 0.1829335232668566 0.44261294022933845 0.01953125 0.029282576866764276
0 0.15661633428300095 0.4413799240543993 0.01953125 0.029282576866764276
0 0.16401804368471035 0.43644785935464314 0.01953125 0.029282576866764276
0 0.21007312440645776 0.4315157946548868 0.01953125 0.029282576866764276
0 0.185400759734093 0.42165166525537434 0.01953125 0.029282576866764276
0 0.21747483380816718 0.41548658438067904 0.01953125 0.029282576866764276
0 0.22898860398860402 0.40808848733104447 0.01953125 0.029282576866764276
0 0.2511937321937322 0.4191856329054962 0.01953125 0.029282576866764276
0 0.2791557454890788 0.4006903902814101 0.01953125 0.029282576866764276
0 0.2503713200379867 0.3871272123570804 0.01953125 0.029282576866764276
0 0.30629534662867997 0.4561761181536682 0.01953125 0.029282576866764276
0 0.27093162393162395 0.4043894388062274 0.01953125 0.029282576866764276
0 0.3194539411206078 0.43768087552958224 0.01953125 0.029282576866764276
0 0.3531728395061729 0.4031564226312883 0.01953125 0.029282576866764276
0 0.37949002849002855 0.4105545196809227 0.01953125 0.029282576866764276
0 0.3885365622032289 0.42165166525537434 0.01953125 0.029282576866764276
0 0.3934710351377018 0.3994573741064712 0.01953125 0.029282576866764276
0 0.38360208926875594 0.39082626088189765 0.01953125 0.029282576866764276
0 0.3671538461538462 0.3871272123570804 0.01953125 0.029282576866764276
0 0.3762003798670465 0.36123387268336005 0.01953125 0.029282576866764276
0 0.40991927825261176 0.35260275945878666 0.01953125 0.029282576866764276
0 0.4156761633428301 0.3772630829575679 0.01953125 0.029282576866764276
0 0.4436381766381768 0.3673989535580554 0.01953125 0.029282576866764276
0 0.43788129154795824 0.38466118000720234 0.01953125 0.029282576866764276
0 0.43541405508072184 0.3710980020828727 0.01953125 0.029282576866764276
0 0.43212440645773986 0.3476706947590304 0.01953125 0.029282576866764276
0 0.4263675213675215 0.32424338743518816 0.01953125 0.029282576866764276
0 0.40745204178537514 0.33534053300963984 0.01953125 0.029282576866764276
0 0.43130199430199434 0.3082141771609803 0.01953125 0.029282576866764276
0 0.4403485280151948 0.3057481448111022 0.01953125 0.029282576866764276
0 0.467488129154796 0.3168452903855538 0.01953125 0.029282576866764276
0 0.4814691358024693 0.3230103712602492 0.01953125 0.029282576866764276
0 0.5028518518518519 0.3106802095108584 0.01953125 0.029282576866764276
0 0.5102535612535614 0.2921849668867726 0.01953125 0.029282576866764276
0 0.5291690408357077 0.32424338743518816 0.01953125 0.029282576866764276
0 0.533281101614435 0.3119132256857976 0.01953125 0.029282576866764276
0 0.533281101614435 0.2934179830617116 0.01953125 0.029282576866764276
0 0.5373931623931625 0.23423320666463646 0.01953125 0.029282576866764276
0 0.5439724596391263 0.23053415813981934 0.01953125 0.029282576866764276
0 0.543150047483381 0.2662916272130522 0.01953125 0.029282576866764276
0 0.5283466286799622 0.2293011419648802 0.01953125 0.029282576866764276
0 0.5151880341880344 0.23176717431475835 0.01953125 0.029282576866764276
0 0.5069639126305794 0.23176717431475835 0.01953125 0.029282576866764276
0 0.496272554605888 0.22683510961500208 0.01953125 0.029282576866764276
0 0.4946277302943971 0.24902940076390517 0.01953125 0.029282576866764276
0 0.47817948717948733 0.22067002874030686 0.01953125 0.029282576866764276
0 0.4765346628679963 0.18984462436683022 0.01953125 0.029282576866764276
0 0.4609088319088321 0.23053415813981934 0.01953125 0.029282576866764276
0 0.4609088319088321 0.22067002874030686 0.01953125 0.029282576866764276
0 0.4502174738841407 0.2847868698371381 0.01953125 0.029282576866764276
0 0.44446058879392214 0.27122369191280843 0.01953125 0.029282576866764276
0 0.43623646723646736 0.21573796404055046 0.01953125 0.029282576866764276
0 0.4896932573599241 0.26012654633835686 0.01953125 0.029282576866764276
0 0.4263675213675215 0.2514954331137835 0.01953125 0.029282576866764276
0 0.427189933523267 0.22436907726512395 0.01953125 0.029282576866764276
0 0.4132089268755937 0.2391652713643927 0.01953125 0.029282576866764276
0 0.40827445394112066 0.2366992390145146 0.01953125 0.029282576866764276
0 0.4107416904083571 0.2280681257899412 0.01953125 0.029282576866764276
0 0.40991927825261176 0.2169709802154896 0.01953125 0.029282576866764276
0 0.417320987654321 0.2675246433879912 0.01953125 0.029282576866764276
0 0.40333998100664786 0.2514954331137835 0.01953125 0.029282576866764276
0 0.39840550807217484 0.3119132256857976 0.01953125 0.029282576866764276
0 0.38113485280151954 0.29465099923665067 0.01953125 0.029282576866764276
0 0.36139696106362773 0.26875765956293035 0.01953125 0.029282576866764276
0 0.3687986704653372 0.26135956251329595 0.01953125 0.029282576866764276
0 0.35892972459639133 0.2514954331137835 0.01953125 0.029282576866764276
0 0.38442450142450146 0.2354662228395756 0.01953125 0.029282576866764276
0 0.39511585944919286 0.22436907726512395 0.01953125 0.029282576866764276
0 0.39676068376068374 0.2182039963904286 0.01953125 0.029282576866764276
0 0.39018138651471984 0.17258239791768323 0.01953125 0.029282576866764276
0 0.37866761633428303 0.167650333217927 0.01953125 0.029282576866764276
0 0.36139696106362773 0.17628144644250046 0.01953125 0.029282576866764276
0 0.3408366571699905 0.17751446261743947 0.01953125 0.029282576866764276
0 0.3342573599240266 0.2009417699412817 0.01953125 0.029282576866764276
0 0.34165906932573603 0.21327193169067235 0.01953125 0.029282576866764276
0 0.3391918328584995 0.2194370125653677 0.01953125 0.029282576866764276
0 0.3531728395061729 0.2256020934400631 0.01953125 0.029282576866764276
0 0.36139696106362773 0.21327193169067235 0.01953125 0.029282576866764276
0 0.343303893637227 0.23176717431475835 0.01953125 0.029282576866764276
0 0.37949002849002855 0.22313606109018497 0.01953125 0.029282576866764276
0 0.3539952516619183 0.24409733606414893 0.01953125 0.029282576866764276
0 0.3317901234567902 0.24163130371427083 0.01953125 0.029282576866764276
0 0.3235660018993352 0.2182039963904286 0.01953125 0.029282576866764276
0 0.3145194681861349 0.17874747879237862 0.01953125 0.029282576866764276
0 0.3145194681861349 0.2194370125653677 0.01953125 0.029282576866764276
0 0.303005698005698 0.24039828753933185 0.01953125 0.029282576866764276
0 0.3079401709401709 0.24409733606414893 0.01953125 0.029282576866764276
0 0.3161642924976259 0.24039828753933185 0.01953125 0.029282576866764276
0 0.3235660018993352 0.2539614654636615 0.01953125 0.029282576866764276
0 0.3276780626780627 0.2564274978135397 0.01953125 0.029282576866764276
0 0.34165906932573603 0.29835004776146784 0.01953125 0.029282576866764276
0 0.3383694207027541 0.2749227404376256 0.01953125 0.029282576866764276
0 0.2832678062678063 0.22313606109018497 0.01953125 0.029282576866764276
0 0.2988936372269706 0.24902940076390517 0.01953125 0.029282576866764276
0 0.2980712250712251 0.2280681257899412 0.01953125 0.029282576866764276
0 0.303005698005698 0.21573796404055046 0.01953125 0.029282576866764276
0 0.2939591642924977 0.20587383464103795 0.01953125 0.029282576866764276
0 0.3169867046533713 0.2897189345368943 0.01953125 0.029282576866764276
0 0.30629534662867997 0.29588401541158965 0.01953125 0.029282576866764276
0 0.3186315289648623 0.3082141771609803 0.01953125 0.029282576866764276
0 0.3342573599240266 0.31807830656049296 0.01953125 0.029282576866764276
0 0.3293228869895537 0.3365735491845788 0.01953125 0.029282576866764276
0 0.3539952516619183 0.32424338743518816 0.01953125 0.029282576866764276
0 0.3317901234567902 0.37849609913250704 0.01953125 0.029282576866764276
0 0.36139696106362773 0.3563018079836038 0.01953125 0.029282576866764276
0 0.3219211775878443 0.37603006678262896 0.01953125 0.029282576866764276
0 0.2980712250712251 0.36000085650842106 0.01953125 0.029282576866764276
0 0.304650522317189 0.3291754521349444 0.01953125 0.029282576866764276
0 0.2857350427350428 0.3267094197850663 0.01953125 0.029282576866764276
0 0.28244539411206077 0.30204909628628507 0.01953125 0.029282576866764276
0 0.2783333333333334 0.2835538536621991 0.01953125 0.029282576866764276
0 0.267641975308642 0.2884859183619553 0.01953125 0.029282576866764276
0 0.265997150997151 0.2293011419648802 0.01953125 0.029282576866764276
0 0.26024026590693256 0.2108058993407942 0.01953125 0.029282576866764276
0 0.2684643874643875 0.19970875376634273 0.01953125 0.029282576866764276
0 0.2783333333333334 0.1984757375914036 0.01953125 0.029282576866764276
0 0.2791557454890788 0.20464081846609897 0.01953125 0.029282576866764276
0 0.26435232668566006 0.35260275945878666 0.01953125 0.029282576866764276
0 0.2618850902184236 0.33040846830988346 0.01953125 0.029282576866764276
0 0.2742212725546059 0.3563018079836038 0.01953125 0.029282576866764276
0 0.2396799620132954 0.34027259770939605 0.01953125 0.029282576866764276
0 0.22323171889838556 0.3538357756337258 0.01953125 0.029282576866764276
0 0.2108955365622032 0.36986498590793354 0.01953125 0.029282576866764276
0 0.2067834757834758 0.40192340645634916 0.01953125 0.029282576866764276
0 0.1804662867996201 0.3994573741064712 0.01953125 0.029282576866764276
0 0.19526970560303897 0.41178753585586186 0.01953125 0.029282576866764276
0 0.14756980056980054 0.41671960055561813 0.01953125 0.029282576866764276
0 0.1434577397910731 0.40685547115610554 0.01953125 0.029282576866764276
0 0.12207502374169038 0.42904976230500874 0.01953125 0.029282576866764276
0 0.1270094966761633 0.45124405345391183 0.01953125 0.029282576866764276
0 0.08506647673314333 0.4771373931276322 0.01953125 0.029282576866764276
0 0.05463722697056025 0.491933587226901 0.01953125 0.029282576866764276
0 0.02832003798670459 0.4438459564042775 0.01953125 0.029282576866764276
0 0.05299240265906927 0.3821951476573242 0.01953125 0.029282576866764276
0 0.09246818613485276 0.41795261673055706 0.01953125 0.029282576866764276
0 0.09904748338081668 0.4413799240543993 0.01953125 0.029282576866764276
0 0.11467331433998099 0.3723310182578117 0.01953125 0.029282576866764276
0 0.14016809116809115 0.3932922932317758 0.01953125 0.029282576866764276
0 0.1607283950617284 0.3932922932317758 0.01953125 0.029282576866764276
0 0.1960921177587844 0.3476706947590304 0.01953125 0.029282576866764276
0 0.21500759734093067 0.3501367271089086 0.01953125 0.029282576866764276
0 0.18622317188983856 0.34150561388433504 0.01953125 0.029282576866764276
0 0.17717663817663815 0.3550687918086648 0.01953125 0.029282576866764276
0 0.14099050332383664 0.32054433891037093 0.01953125 0.029282576866764276
0 0.13358879392212725 0.3168452903855538 0.01953125 0.029282576866764276
0 0.1590835707502374 0.33164148448482256 0.01953125 0.029282576866764276
0 0.1039819563152896 0.30698116098604133 0.01953125 0.029282576866764276
0 0.09411301044634374 0.3254764036101272 0.01953125 0.029282576866764276
0 0.09246818613485276 0.3082141771609803 0.01953125 0.029282576866764276
0 0.08835612535612533 0.29588401541158965 0.01953125 0.029282576866764276
0 0.06450617283950615 0.33040846830988346 0.01953125 0.029282576866764276
0 0.04230104463437792 0.35753482415854293 0.01953125 0.029282576866764276
0 0.03818898385565044 0.3476706947590304 0.01953125 0.029282576866764276
0 0.03160968660968654 0.3341075168347007 0.01953125 0.029282576866764276
0 0.01680626780626776 0.33534053300963984 0.01953125 0.029282576866764276
0 0.011049382716049301 0.3143792580356757 0.01953125 0.029282576866764276
0 0.02338556505223166 0.3131462418607366 0.01953125 0.029282576866764276
0 0.029142450142450076 0.3723310182578117 0.01953125 0.029282576866764276
0 0.02338556505223166 0.3871272123570804 0.01953125 0.029282576866764276
0 0.006937321937321862 0.3673989535580554 0.01953125 0.029282576866764276
0 0.01680626780626776 0.3735640344327508 0.01953125 0.029282576866764276
0 0.03654415954415947 0.29958306393640693 0.01953125 0.029282576866764276
0 0.0579268755935422 0.30204909628628507 0.01953125 0.029282576866764276
0 0.08177682811016138 0.2761557566125647 0.01953125 0.029282576866764276
0 0.11714055080721746 0.29711703158652886 0.01953125 0.029282576866764276
0 0.13112155745489074 0.2897189345368943 0.01953125 0.029282576866764276
0 0.13852326685660019 0.2860198860120772 0.01953125 0.029282576866764276
0 0.150037037037037 0.2724567080877474 0.01953125 0.029282576866764276
0 0.16895251661918326 0.3106802095108584 0.01953125 0.029282576866764276
0 0.1738869895536562 0.2724567080877474 0.01953125 0.029282576866764276
0 0.19526970560303897 0.3057481448111022 0.01953125 0.029282576866764276
0 0.1738869895536562 0.3267094197850663 0.01953125 0.029282576866764276
0 0.2002041785375119 0.2934179830617116 0.01953125 0.029282576866764276
0 0.21665242165242166 0.3057481448111022 0.01953125 0.029282576866764276
0 0.23639031339031336 0.3156122742106147 0.01953125 0.029282576866764276
0 0.2437920227920228 0.3267094197850663 0.01953125 0.029282576866764276
0 0.23392307692307693 0.30328211246122405 0.01953125 0.029282576866764276
0 0.23063342830009498 0.2847868698371381 0.01953125 0.029282576866764276
0 0.2199420702754036 0.2773887727875037 0.01953125 0.029282576866764276
0 0.2511937321937322 0.2761557566125647 0.01953125 0.029282576866764276
0 0.24790408357075028 0.21203891551573337 0.01953125 0.029282576866764276
0 0.25612820512820517 0.19970875376634273 0.01953125 0.029282576866764276
0 0.24050237416904086 0.20340780229115984 0.01953125 0.029282576866764276
0 0.24543684710351377 0.2009417699412817 0.01953125 0.029282576866764276
0 0.23145584045584044 0.2009417699412817 0.01953125 0.029282576866764276
0 0.22240930674264012 0.21203891551573337 0.01953125 0.029282576866764276
0 0.2215868945868946 0.22313606109018497 0.01953125 0.029282576866764276
0 0.21171794871794872 0.23300019048969745 0.01953125 0.029282576866764276
0 0.2108955365622032 0.24286431988920995 0.01953125 0.029282576866764276
0 0.20513865147198482 0.24409733606414893 0.01953125 0.029282576866764276
0 0.20267141500474833 0.25766051398847867 0.01953125 0.029282576866764276
0 0.2331006647673314 0.26505861103811307 0.01953125 0.029282576866764276
0 0.15168186134852799 0.30204909628628507 0.01953125 0.029282576866764276
0 0.18869040835707496 0.2564274978135397 0.01953125 0.029282576866764276
0 0.18457834757834757 0.24409733606414893 0.01953125 0.029282576866764276
0 0.19444729344729342 0.22436907726512395 0.01953125 0.029282576866764276
0 0.19855935422602092 0.23176717431475835 0.01953125 0.029282576866764276
0 0.21007312440645776 0.2169709802154896 0.01953125 0.029282576866764276
0 0.21418518518518515 0.22067002874030686 0.01953125 0.029282576866764276
0 0.21171794871794872 0.19724272141646462 0.01953125 0.029282576866764276
0 0.21747483380816718 0.1984757375914036 0.01953125 0.029282576866764276
0 0.1895128205128205 0.2108058993407942 0.01953125 0.029282576866764276
0 0.17717663817663815 0.2293011419648802 0.01953125 0.029282576866764276
0 0.1829335232668566 0.23300019048969745 0.01953125 0.029282576866764276
0 0.15250427350427345 0.24409733606414893 0.01953125 0.029282576866764276
0 0.15743874643874645 0.22683510961500208 0.01953125 0.029282576866764276
0 0.1426353276353276 0.2514954331137835 0.01953125 0.029282576866764276
0 0.13441120607787274 0.2539614654636615 0.01953125 0.029282576866764276
0 0.11878537511870843 0.2182039963904286 0.01953125 0.029282576866764276
0 0.1204301994301994 0.27862178896244283 0.01953125 0.029282576866764276
0 0.11056125356125354 0.2514954331137835 0.01953125 0.029282576866764276
0 0.09082336182336179 0.2551944816386006 0.01953125 0.029282576866764276
0 0.09740265906932569 0.2379322551894537 0.01953125 0.029282576866764276
0 0.09082336182336179 0.23053415813981934 0.01953125 0.029282576866764276
0 0.08342165242165235 0.2379322551894537 0.01953125 0.029282576866764276
0 0.07273029439696102 0.23423320666463646 0.01953125 0.029282576866764276
0 0.055459639126305735 0.2749227404376256 0.01953125 0.029282576866764276
0 0.06532858499525163 0.2662916272130522 0.01953125 0.029282576866764276
0 0.13934567901234565 0.2293011419648802 0.01953125 0.029282576866764276
0 0.14839221272554604 0.2280681257899412 0.01953125 0.029282576866764276
0 0.1590835707502374 0.21203891551573337 0.01953125 0.029282576866764276
0 0.1648404558404558 0.2194370125653677 0.01953125 0.029282576866764276
0 0.1492146248812915 0.2182039963904286 0.01953125 0.029282576866764276
0 0.17470940170940166 0.21327193169067235 0.01953125 0.029282576866764276
0 0.1722421652421652 0.2009417699412817 0.01953125 0.029282576866764276
0 0.1829335232668566 0.18984462436683022 0.01953125 0.029282576866764276
0 0.14756980056980054 0.1701163655678051 0.01953125 0.029282576866764276
0 0.13934567901234565 0.2009417699412817 0.01953125 0.029282576866764276
0 0.1434577397910731 0.2108058993407942 0.01953125 0.029282576866764276
0 0.1270094966761633 0.20833986699091608 0.01953125 0.029282576866764276
0 0.11631813865147196 0.2009417699412817 0.01953125 0.029282576866764276
0 0.1270094966761633 0.2009417699412817 0.01953125 0.029282576866764276
0 0.10809401709401704 0.21573796404055046 0.01953125 0.029282576866764276
0 0.10644919278252607 0.23176717431475835 0.01953125 0.029282576866764276
0 0.09822507122507118 0.2194370125653677 0.01953125 0.029282576866764276
0 0.07190788224121553 0.2514954331137835 0.01953125 0.029282576866764276
0 0.041478632478632434 0.26135956251329595 0.01953125 0.029282576866764276
0 0.046413105413105366 0.2354662228395756 0.01953125 0.029282576866764276
0 0.01680626780626776 0.27122369191280843 0.01953125 0.029282576866764276
0 0.017628679962013248 0.29711703158652886 0.01953125 0.029282576866764276
0 0.03572174738841398 0.2798548051373818 0.01953125 0.029282576866764276
0 0.006114909781576374 0.29835004776146784 0.01953125 0.029282576866764276
0 0.008582146248812837 0.23176717431475835 0.01953125 0.029282576866764276
0 0.03243209876543203 0.22436907726512395 0.01953125 0.029282576866764276
0 0.040656220322886946 0.22683510961500208 0.01953125 0.029282576866764276
0 0.03243209876543203 0.2108058993407942 0.01953125 0.029282576866764276
0 0.03901139601139593 0.21327193169067235 0.01953125 0.029282576866764276
0 0.01680626780626776 0.21327193169067235 0.01953125 0.029282576866764276
0 0.005292497625830886 0.2108058993407942 0.01953125 0.029282576866764276
0 0.01680626780626776 0.20340780229115984 0.01953125 0.029282576866764276
0 0.005292497625830886 0.18984462436683022 0.01953125 0.029282576866764276
0 0.020918328584995198 0.1873785920169521 0.01953125 0.029282576866764276
0 0.024207977207977148 0.19970875376634273 0.01953125 0.029282576866764276
0 0.05381481481481476 0.19477668906658646 0.01953125 0.029282576866764276
0 0.041478632478632434 0.20464081846609897 0.01953125 0.029282576866764276
0 0.07108547008547005 0.1886116081918911 0.01953125 0.029282576866764276
0 0.09082336182336179 0.1688833493928661 0.01953125 0.029282576866764276
0 0.10069230769230765 0.17258239791768323 0.01953125 0.029282576866764276
0 0.12454226020892684 0.17381541409262236 0.01953125 0.029282576866764276
0 0.2643656220322887 0.1642595387368447 0.01953125 0.029282576866764276
0 0.27464577397910733 0.16364303064937513 0.01953125 0.029282576866764276
0 0.279991452991453 0.16672557108672284 0.01953125 0.029282576866764276
0 0.28862678062678065 0.16857509534913145 0.01953125 0.029282576866764276
0 0.3128879392212726 0.16302652256190564 0.01953125 0.029282576866764276
0 0.3198784425451093 0.16302652256190564 0.01953125 0.029282576866764276
0 0.3503076923076924 0.16610906299925335 0.01953125 0.029282576866764276
0 0.24586134852801522 0.15377890124986265 0.01953125 0.029282576866764276
0 0.24051566951566952 0.15994398212455796 0.01953125 0.029282576866764276
0 0.2318803418803419 0.161176998299497 0.01953125 0.029282576866764276
0 0.2109088319088319 0.1642595387368447 0.01953125 0.029282576866764276
0 0.19281576448243118 0.161176998299497 0.01953125 0.029282576866764276
0 0.18623646723646722 0.16302652256190564 0.01953125 0.029282576866764276
0 0.17842355175688507 0.1617935063869666 0.01953125 0.029282576866764276
0 0.16732098765432096 0.16302652256190564 0.01953125 0.029282576866764276
0 0.15950807217473884 0.1617935063869666 0.01953125 0.029282576866764276
0 0.1488167141500475 0.161176998299497 0.01953125 0.029282576866764276
0 0.13853656220322885 0.1580944578621494 0.01953125 0.029282576866764276
0 0.1422374169040836 0.16795858726166188 0.01953125 0.029282576866764276
0 0.1262003798670465 0.1624100144744361 0.01953125 0.029282576866764276
0 0.11674264007597338 0.161176998299497 0.01953125 0.029282576866764276
0 0.11263057929724593 0.15624493359974076 0.01953125 0.029282576866764276
0 0.10358404558404558 0.1617935063869666 0.01953125 0.029282576866764276
0 0.10070560303893634 0.15624493359974076 0.01953125 0.029282576866764276
0 0.09165906932573598 0.15069636081251497 0.01953125 0.029282576866764276
0 0.08261253561253559 0.15501191742480172 0.01953125 0.029282576866764276
0 0.07397720797720796 0.15624493359974076 0.01953125 0.029282576866764276
0 0.06698670465337128 0.1587109659496189 0.01953125 0.029282576866764276
0 0.12003228869895537 0.17535668431129625 0.01953125 0.029282576866764276
0 0.04971604938271602 0.1580944578621494 0.01953125 0.029282576866764276
0 0.04971604938271602 0.15069636081251497 0.01953125 0.029282576866764276
0 0.040669515669515634 0.15069636081251497 0.01953125 0.029282576866764276
0 0.03532383665716994 0.15686144168721033 0.01953125 0.029282576866764276
0 0.017641975308641936 0.15131286889998452 0.01953125 0.029282576866764276
0 0.024221272554605836 0.14946334463757588 0.01953125 0.029282576866764276
0 0.011062678062678011 0.15501191742480172 0.01953125 0.029282576866764276
0 0.0817901234567901 0.19446843502285177 0.01953125 0.029282576866764276
0 0.08754700854700852 0.2024830401599557 0.01953125 0.029282576866764276
0 0.14552706552706554 0.2043325644223643 0.01953125 0.029282576866764276
0 0.16978822412155745 0.2622843246445003 0.01953125 0.029282576866764276
0 0.22201139601139605 0.2598182922946222 0.01953125 0.029282576866764276
0 0.2668328584995252 0.2832455996184644 0.01953125 0.029282576866764276
0 0.001193732193732138 0.25550273568233545 0.01953125 0.029282576866764276
0 0.017641975308641936 0.2622843246445003 0.01953125 0.029282576866764276
0 0.2931500474833808 0.1050747623397696 0.01953125 0.029282576866764276
0 0.2067967711301045 0.0859630116282141 0.01953125 0.029282576866764276
0 0.1985726495726496 0.08719602780315316 0.01953125 0.029282576866764276
0 0.2248898385565052 0.08781253589062267 0.01953125 0.029282576866764276
0 0.14470465337132005 0.0865795197156836 0.01953125 0.029282576866764276
0 0.1414150047483381 0.08781253589062267 0.01953125 0.029282576866764276
0 0.13771415004748339 0.08719602780315316 0.01953125 0.029282576866764276
0 0.13277967711301045 0.0859630116282141 0.01953125 0.029282576866764276
0 0.12784520417853748 0.08411348736580548 0.01953125 0.029282576866764276
0 0.24174928774928775 0.08472999545327503 0.01953125 0.029282576866764276
0 0.15210636277302944 0.08719602780315316 0.01953125 0.029282576866764276
0 0.015997150997150936 0.08842904397809222 0.01953125 0.029282576866764276
0 0.027922127255460533 0.08472999545327503 0.01953125 0.029282576866764276
0 0.03244539411206074 0.08534650354074454 0.01953125 0.029282576866764276
0 0.010651471984805268 0.08842904397809222 0.01953125 0.029282576866764276
0 0.026277302943969554 0.08842904397809222 0.01953125 0.029282576866764276
0 0.020520417853751142 0.08904555206556172 0.01953125 0.029282576866764276
0 0.0024273504273503695 0.09027856824050079 0.01953125 0.029282576866764276
0 0.9279570429570428 0.7680490519729171 0.01953125 0.029282576866764276
0 0.9409440559440558 0.6841739227097936 0.01953125 0.029282576866764276
0 0.9898951048951048 0.8189732375969562 0.01953125 0.029282576866764276
0 0.9958891108891108 0.6811783823789678 0.01953125 0.029282576866764276
0 0.9759090909090907 0.6002987934466701 0.01953125 0.029282576866764276
0 0.9259590409590408 0.5568634586496956 0.01953125 0.029282576866764276
0 0.9429420579420578 0.5343969061685019 0.01953125 0.029282576866764276
0 0.9299550449550449 0.48197495037904964 0.01953125 0.029282576866764276
0 0.9199650349650348 0.39809982111592634 0.01953125 0.029282576866764276
0 0.9729120879120878 0.48197495037904964 0.01953125 0.029282576866764276
0 0.9759090909090907 0.4595083978978559 0.01953125 0.029282576866764276
0 0.9988861138861137 0.47897941004822386 0.01953125 0.029282576866764276
0 0.9868981018981019 0.5613567691459344 0.01953125 0.029282576866764276
0 0.936948051948052 0.330700163672345 0.01953125 0.029282576866764276
0 0.9479370629370629 0.32620685317610615 0.01953125 0.029282576866764276
0 0.9349500499500499 0.29175813937160905 0.01953125 0.029282576866764276
0 0.9219630369630368 0.2842692885445446 0.01953125 0.029282576866764276
0 0.959925074925075 0.27078935705582824 0.01953125 0.029282576866764276
0 0.9719130869130868 0.27228712722124115 0.01953125 0.029282576866764276
0 0.9888961038961039 0.30823361119115117 0.01953125 0.029282576866764276
0 0.9819030969030969 0.330700163672345 0.01953125 0.029282576866764276
0 0.9149700299700299 0.6092854144391477 0.01953125 0.029282576866764276
0 0.5263586413586413 0.04911937257471642 0.01953125 0.029282576866764276
0 0.5363486513486513 0.05361268307095519 0.01953125 0.029282576866764276
0 0.5703146853146852 0.05810599356719396 0.01953125 0.029282576866764276
0 0.5713136863136863 0.05810599356719396 0.01953125 0.029282576866764276
0 0.5813036963036963 0.05810599356719396 0.01953125 0.029282576866764276
0 0.5113736263736264 0.05211491290554226 0.01953125 0.029282576866764276
0 0.5073776223776223 0.05211491290554226 0.01953125 0.029282576866764276
0 0.48739760239760244 0.05511045323636811 0.01953125 0.029282576866764276
0 0.48240259740259733 0.05211491290554226 0.01953125 0.029282576866764276
0 0.4784065934065933 0.05660822340178104 0.01953125 0.029282576866764276
0 0.4714135864135864 0.05511045323636811 0.01953125 0.029282576866764276
0 0.45243256743256743 0.06409707422884564 0.01953125 0.029282576866764276
0 0.45043456543456545 0.06259930406343273 0.01953125 0.029282576866764276
0 0.751133866133866 0.08656362671003937 0.01953125 0.029282576866764276
0 0.761123876123876 0.08656362671003937 0.01953125 0.029282576866764276
0 0.7561288711288712 0.08506585654462644 0.01953125 0.029282576866764276
0 0.767117882117882 0.09105693720627812 0.01953125 0.029282576866764276
0 0.776108891108891 0.09255470737169105 0.01953125 0.029282576866764276
0 0.782102897102897 0.09105693720627812 0.01953125 0.029282576866764276
0 0.798086913086913 0.09255470737169105 0.01953125 0.029282576866764276
0 0.809075924075924 0.0955502477025169 0.01953125 0.029282576866764276
0 0.792092907092907 0.10303909852958153 0.01953125 0.029282576866764276
0 0.804080919080919 0.10753240902582015 0.01953125 0.029282576866764276
0 0.7870979020979021 0.10004355819875567 0.01953125 0.029282576866764276
0 0.7791058941058941 0.10603463886040737 0.01953125 0.029282576866764276
0 0.7711138861138861 0.10303909852958153 0.01953125 0.029282576866764276
0 0.780104895104895 0.10603463886040737 0.01953125 0.029282576866764276
0 0.9569280719280718 0.0760792355521489 0.01953125 0.029282576866764276
0 0.965919080919081 0.08057254604838768 0.01953125 0.029282576866764276
0 0.9938911088911089 0.11202571952205892 0.01953125 0.029282576866764276
0 0.9629220779220778 0.10303909852958153 0.01953125 0.029282576866764276
0 0.9519330669330669 0.094052477537104 0.01953125 0.029282576866764276
0 0.9549300699300698 0.10004355819875567 0.01953125 0.029282576866764276
0 0.6492357642357641 0.06259930406343273 0.01953125 0.029282576866764276
0 0.6462387612387612 0.06559484439425857 0.01953125 0.029282576866764276
0 0.737147852147852 0.06559484439425857 0.01953125 0.029282576866764276
0 0.8060789210789211 0.05511045323636811 0.01953125 0.029282576866764276
0 0.837047952047952 0.06709261455967137 0.01953125 0.029282576866764276
0 0.8430419580419579 0.07458146538673598 0.01953125 0.029282576866764276
0 0.791093906093906 0.06709261455967137 0.01953125 0.029282576866764276
0 0.7711138861138861 0.06259930406343273 0.01953125 0.029282576866764276
0 0.7731118881118881 0.07158592505591013 0.01953125 0.029282576866764276
0 0.8450399600399598 0.0760792355521489 0.01953125 0.029282576866764276
0 0.831053946053946 0.09105693720627812 0.01953125 0.029282576866764276
0 0.8550299700299699 0.05511045323636811 0.01953125 0.029282576866764276
0 0.25363136863136865 0.2258562520934407 0.01953125 0.029282576866764276
