0 0.00848589886675824 0.6641616846694974 0.01953125 0.026041666666666668
0 0.013480903861763233 0.73675575726357 0.01953125 0.026041666666666668
0 0.006487896868756227 0.7174417379495507 0.01953125 0.026041666666666668
0 0.031462921843781216 0.7094497299575426 0.01953125 0.026041666666666668
0 0.0534409438218032 0.674817695325508 0.01953125 0.026041666666666668
0 0.022971413352272707 0.634857655365468 0.01953125 0.026041666666666668
0 0.034959425340284705 0.6341916546994674 0.01953125 0.026041666666666668
0 0.05443994482080419 0.6195396400474528 0.01953125 0.026041666666666668
0 0.034959425340284705 0.6015576220654347 0.01953125 0.026041666666666668
0 0.022971413352272707 0.6055536260614387 0.01953125 0.026041666666666668
0 0.006487896868756227 0.5928996134074261 0.01953125 0.026041666666666668
0 0.00848589886675824 0.5862396067474194 0.01953125 0.026041666666666668
0 0.01198240236326173 0.5742515947594073 0.01953125 0.026041666666666668
0 0.034959425340284705 0.5782475987554113 0.01953125 0.026041666666666668
0 0.00848589886675824 0.5542715747793875 0.01953125 0.026041666666666668
0 0.013980404361263715 0.5449475654553781 0.01953125 0.026041666666666668
0 0.00399039437125373 0.5682575887654014 0.01953125 0.026041666666666668
0 0.03695742733828672 0.5496095701173828 0.01953125 0.026041666666666668
0 0.026967417348276707 0.5556035761113888 0.01953125 0.026041666666666668
0 0.07691746729832666 0.6555036760114886 0.01953125 0.026041666666666668
0 0.07591846629932567 0.7034557239635366 0.01953125 0.026041666666666668
0 0.10738699776785712 0.7847078052156178 0.01953125 0.026041666666666668
0 0.10838599876685814 0.7554037759115886 0.01953125 0.026041666666666668
0 0.10988450026535962 0.7241017446095572 0.01953125 0.026041666666666668
0 0.12087351125437062 0.698793719301532 0.01953125 0.026041666666666668
0 0.07691746729832666 0.608883629391442 0.01953125 0.026041666666666668
0 0.09190248228334166 0.6042216247294374 0.01953125 0.026041666666666668
0 0.06792645830731767 0.5682575887654014 0.01953125 0.026041666666666668
0 0.0534409438218032 0.5496095701173828 0.01953125 0.026041666666666668
0 0.06780158318244253 0.5482775687853815 0.01953125 0.026041666666666668
0 0.05831107369193304 0.5316275521353647 0.01953125 0.026041666666666668
0 0.06205732743818678 0.5199725404803531 0.01953125 0.026041666666666668
0 0.0420773074581668 0.5346245551323677 0.01953125 0.026041666666666668
0 0.08690747728833664 0.5722535927614054 0.01953125 0.026041666666666668
0 0.08091347129433066 0.5635955841033967 0.01953125 0.026041666666666668
0 0.09639798677884615 0.5789135994214121 0.01953125 0.026041666666666668
0 0.09689748727834666 0.5669255874334 0.01953125 0.026041666666666668
0 0.08790647828733766 0.5536055741133867 0.01953125 0.026041666666666668
0 0.09989449027534963 0.5502755707833834 0.01953125 0.026041666666666668
0 0.08940497978583917 0.5369555574633701 0.01953125 0.026041666666666668
0 0.10738699776785712 0.5569355774433901 0.01953125 0.026041666666666668
0 0.11937500975586912 0.5789135994214121 0.01953125 0.026041666666666668
0 0.11537900575986512 0.5995596200674327 0.01953125 0.026041666666666668
0 0.12037401075487011 0.6122136327214454 0.01953125 0.026041666666666668
0 0.13386052424138362 0.5995596200674327 0.01953125 0.026041666666666668
0 0.09589848627934563 0.6268656473734601 0.01953125 0.026041666666666668
0 0.10488949527035463 0.6934657139735266 0.01953125 0.026041666666666668
0 0.13635802673888608 0.6661596866674994 0.01953125 0.026041666666666668
0 0.15134304172390112 0.7214377419455547 0.01953125 0.026041666666666668
0 0.18331107369193306 0.6761496966575095 0.01953125 0.026041666666666668
0 0.18431007469093408 0.6235356440434566 0.01953125 0.026041666666666668
0 0.17981457019542957 0.6102156307234433 0.01953125 0.026041666666666668
0 0.19180258218344154 0.6055536260614387 0.01953125 0.026041666666666668
0 0.14185253223339161 0.6155436360514487 0.01953125 0.026041666666666668
0 0.1458485362293956 0.5889036094114221 0.01953125 0.026041666666666668
0 0.11987451025536963 0.5615975821053948 0.01953125 0.026041666666666668
0 0.12087351125437062 0.5476115681193807 0.01953125 0.026041666666666668
0 0.1278665182473776 0.550941571449384 0.01953125 0.026041666666666668
0 0.11238200276286214 0.5416175621253748 0.01953125 0.026041666666666668
0 0.1393550297358891 0.5462795667873794 0.01953125 0.026041666666666668
0 0.13336102374188313 0.5602655807733935 0.01953125 0.026041666666666668
0 0.1548395452204046 0.5902356107434233 0.01953125 0.026041666666666668
0 0.17032406070492007 0.5775815980894108 0.01953125 0.026041666666666668
0 0.1488455392263986 0.5782475987554113 0.01953125 0.026041666666666668
0 0.16832605870691808 0.5522735727813854 0.01953125 0.026041666666666668
0 0.16383055421141357 0.5356235561313688 0.01953125 0.026041666666666668
0 0.15134304172390112 0.5502755707833834 0.01953125 0.026041666666666668
0 0.1473470377278971 0.5422835627913755 0.01953125 0.026041666666666668
0 0.15384054422140359 0.5322935528013654 0.01953125 0.026041666666666668
0 0.12836601874687814 0.5376215581293707 0.01953125 0.026041666666666668
0 0.13535902573988512 0.5336255541333669 0.01953125 0.026041666666666668
0 0.13186252224338163 0.5309615514693641 0.01953125 0.026041666666666668
0 0.12486951525037462 0.5276315481393609 0.01953125 0.026041666666666668
0 0.10039399077485014 0.5322935528013654 0.01953125 0.026041666666666668
0 0.20329109367195303 0.6894697099775225 0.01953125 0.026041666666666668
0 0.20828609866695802 0.724767745275558 0.01953125 0.026041666666666668
0 0.18680757718843655 0.7673917878996006 0.01953125 0.026041666666666668
0 0.27022416060501997 0.7547377752455878 0.01953125 0.026041666666666668
0 0.26073365111451047 0.7134457339535466 0.01953125 0.026041666666666668
0 0.2297646201454795 0.724767745275558 0.01953125 0.026041666666666668
0 0.3066876970685564 0.7181077386155513 0.01953125 0.026041666666666668
0 0.29020418058503994 0.6994597199675326 0.01953125 0.026041666666666668
0 0.3016926920735514 0.670821691329504 0.01953125 0.026041666666666668
0 0.28720717758803693 0.6515076720154847 0.01953125 0.026041666666666668
0 0.247247137627997 0.630861651369464 0.01953125 0.026041666666666668
0 0.23226212264298202 0.6162096367174493 0.01953125 0.026041666666666668
0 0.21128310166396103 0.6235356440434566 0.01953125 0.026041666666666668
0 0.21577860615946554 0.614877635385448 0.01953125 0.026041666666666668
0 0.231263121643981 0.6048876253954381 0.01953125 0.026041666666666668
0 0.21477960516046452 0.5835756040834167 0.01953125 0.026041666666666668
0 0.18780657818743754 0.5792465997544124 0.01953125 0.026041666666666668
0 0.209285099665959 0.5546045751123878 0.01953125 0.026041666666666668
0 0.20154284192370125 0.5509415714493842 0.01953125 0.026041666666666668
0 0.17631806669892602 0.5356235561313688 0.01953125 0.026041666666666668
0 0.20304134342220276 0.5742515947594075 0.01953125 0.026041666666666668
0 0.19654783692869626 0.5426165631243758 0.01953125 0.026041666666666668
0 0.221273111653971 0.5705885910964038 0.01953125 0.026041666666666668
0 0.22751686789772724 0.5809116014194141 0.01953125 0.026041666666666668
0 0.24549888587974522 0.6088836293914421 0.01953125 0.026041666666666668
0 0.25299139337225274 0.6132126337204464 0.01953125 0.026041666666666668
0 0.2524918928727522 0.5822436027514154 0.01953125 0.026041666666666668
0 0.24449988488074423 0.5782475987554115 0.01953125 0.026041666666666668
0 0.23800637838723773 0.5749175954254081 0.01953125 0.026041666666666668
0 0.22926511964597898 0.5522735727813854 0.01953125 0.026041666666666668
0 0.22002436040521975 0.5326265531343658 0.01953125 0.026041666666666668
0 0.2207736111544705 0.5496095701173828 0.01953125 0.026041666666666668
0 0.22676761714847649 0.5309615514693641 0.01953125 0.026041666666666668
0 0.24474963513049447 0.5502755707833834 0.01953125 0.026041666666666668
0 0.253241143622003 0.5612645817723945 0.01953125 0.026041666666666668
0 0.26273165311251245 0.5532725737803864 0.01953125 0.026041666666666668
0 0.26872565910651847 0.5852406057484184 0.01953125 0.026041666666666668
0 0.27671766709852647 0.5725865930944057 0.01953125 0.026041666666666668
0 0.2764679168487762 0.582909603417416 0.01953125 0.026041666666666668
0 0.29020418058503994 0.6345246550324678 0.01953125 0.026041666666666668
0 0.2897046800855394 0.6112146317224444 0.01953125 0.026041666666666668
0 0.2829614233422827 0.6095496300574428 0.01953125 0.026041666666666668
0 0.2912031815840409 0.5952306157384285 0.01953125 0.026041666666666668
0 0.2827116730925324 0.5892366097444225 0.01953125 0.026041666666666668
0 0.2844599248407842 0.5635955841033968 0.01953125 0.026041666666666668
0 0.2744699148507742 0.5579345784423911 0.01953125 0.026041666666666668
0 0.2797146700955294 0.5529395734473862 0.01953125 0.026041666666666668
0 0.24275163313249248 0.5322935528013655 0.01953125 0.026041666666666668
0 0.2807136710945305 0.5409515614593742 0.01953125 0.026041666666666668
0 0.298196188577048 0.5496095701173828 0.01953125 0.026041666666666668
0 0.30244194282280223 0.6198726403804531 0.01953125 0.026041666666666668
0 0.31068370106456045 0.6018906223984352 0.01953125 0.026041666666666668
0 0.2974469378277972 0.582909603417416 0.01953125 0.026041666666666668
0 0.3096847000655595 0.5859066064144192 0.01953125 0.026041666666666668
0 0.33116322154408095 0.582909603417416 0.01953125 0.026041666666666668
0 0.30593844631930567 0.6455136660214787 0.01953125 0.026041666666666668
0 0.3361582265390859 0.6881377086455215 0.01953125 0.026041666666666668
0 0.20478959517045453 0.8026898231976359 0.01953125 0.026041666666666668
0 0.28221217259303194 0.8020238225316353 0.01953125 0.026041666666666668
0 0.3401542305350899 0.7893698098776225 0.01953125 0.026041666666666668
0 0.37362076400162336 0.7214377419455547 0.01953125 0.026041666666666668
0 0.3896047799856393 0.694797715305528 0.01953125 0.026041666666666668
0 0.36762675800761735 0.6768156973235101 0.01953125 0.026041666666666668
0 0.37062376100462036 0.6561696766774894 0.01953125 0.026041666666666668
0 0.3406537310345904 0.6714876919955047 0.01953125 0.026041666666666668
0 0.3436507340315934 0.6541716746794873 0.01953125 0.026041666666666668
0 0.37861576899662835 0.6481776686854814 0.01953125 0.026041666666666668
0 0.3955987859796453 0.6734856939935067 0.01953125 0.026041666666666668
0 0.4055887959696553 0.6834757039835168 0.01953125 0.026041666666666668
0 0.4285658189466783 0.7280977486055612 0.01953125 0.026041666666666668
0 0.39010428048513984 0.7760497965576093 0.01953125 0.026041666666666668
0 0.45853584891670823 0.7807118012196139 0.01953125 0.026041666666666668
0 0.40159279197365133 0.8086838291916418 0.01953125 0.026041666666666668
0 0.47751686789772724 0.740751761259574 0.01953125 0.026041666666666668
0 0.45553884591970534 0.7121137326215453 0.01953125 0.026041666666666668
0 0.4330613234421828 0.7021237226315353 0.01953125 0.026041666666666668
0 0.47352086390172327 0.6781476986555113 0.01953125 0.026041666666666668
0 0.40758679796765734 0.64684566735348 0.01953125 0.026041666666666668
0 0.41957480995566937 0.6288636493714621 0.01953125 0.026041666666666668
0 0.2639804043612637 0.5282975488053614 0.01953125 0.026041666666666668
0 0.3558884962693556 0.582909603417416 0.01953125 0.026041666666666668
0 0.38086352124438055 0.618873639381452 0.01953125 0.026041666666666668
0 0.446298086678946 0.6535056740134867 0.01953125 0.026041666666666668
0 0.4368075771884365 0.6581676786754913 0.01953125 0.026041666666666668
0 0.447297087677947 0.628863649371462 0.01953125 0.026041666666666668
0 0.4428015831824425 0.5955636160714287 0.01953125 0.026041666666666668
0 0.4278165681974275 0.5915676120754246 0.01953125 0.026041666666666668
0 0.40533904571990503 0.5362895567973694 0.01953125 0.026041666666666668
0 0.43081357119443053 0.5595995801073927 0.01953125 0.026041666666666668
0 0.4238205642014235 0.5562695767773894 0.01953125 0.026041666666666668
0 0.42232206270292205 0.5496095701173828 0.01953125 0.026041666666666668
0 0.4617826021634615 0.5735855940934067 0.01953125 0.026041666666666668
0 0.4477965881774475 0.5802456007534134 0.01953125 0.026041666666666668
0 0.45029409067495 0.5582675787753913 0.01953125 0.026041666666666668
0 0.462282102662962 0.5569355774433901 0.01953125 0.026041666666666668
0 0.46477960516046446 0.624867645375458 0.01953125 0.026041666666666668
0 0.4637806041614635 0.6115476320554447 0.01953125 0.026041666666666668
0 0.467277107657967 0.5962296167374294 0.01953125 0.026041666666666668
0 0.47277161315247246 0.5962296167374294 0.01953125 0.026041666666666668
0 0.47876561914647847 0.5849076054154181 0.01953125 0.026041666666666668
0 0.47576861614947547 0.5615975821053948 0.01953125 0.026041666666666668
0 0.49025413063498996 0.5622635827713954 0.01953125 0.026041666666666668
0 0.4897546301354895 0.6142116347194473 0.01953125 0.026041666666666668
0 0.49225213263299195 0.5975616180694306 0.01953125 0.026041666666666668
0 0.478266118646978 0.5955636160714287 0.01953125 0.026041666666666668
0 0.500244140625 0.6015576220654347 0.01953125 0.026041666666666668
0 0.48675762713848647 0.6528396733474859 0.01953125 0.026041666666666668
0 0.4767676171484765 0.6495096700174826 0.01953125 0.026041666666666668
0 0.5122321526130119 0.648843669351482 0.01953125 0.026041666666666668
0 0.49974464012549946 0.7107817312895439 0.01953125 0.026041666666666668
0 0.5007436411245004 0.6881377086455213 0.01953125 0.026041666666666668
0 0.5132311536120129 0.7014577219655346 0.01953125 0.026041666666666668
0 0.5267176670985265 0.694797715305528 0.01953125 0.026041666666666668
0 0.5362081765890359 0.6874717079795206 0.01953125 0.026041666666666668
0 0.511233151614011 0.7374217579295705 0.01953125 0.026041666666666668
0 0.5267176670985265 0.7587337792415919 0.01953125 0.026041666666666668
0 0.5297146700955295 0.7280977486055612 0.01953125 0.026041666666666668
0 0.5776667180475774 0.7061197266275393 0.01953125 0.026041666666666668
0 0.6081362485171078 0.7587337792415919 0.01953125 0.026041666666666668
0 0.6071372475181069 0.784041804549617 0.01953125 0.026041666666666668
0 0.6231212635021228 0.7460797665875791 0.01953125 0.026041666666666668
0 0.6066377470186064 0.6967957173035298 0.01953125 0.026041666666666668
0 0.5526916930725525 0.6575016780094907 0.01953125 0.026041666666666668
0 0.5237206641015235 0.634857655365468 0.01953125 0.026041666666666668
0 0.546198186579046 0.6321936527014653 0.01953125 0.026041666666666668
0 0.506238146619006 0.6055536260614386 0.01953125 0.026041666666666668
0 0.514230154611014 0.5955636160714287 0.01953125 0.026041666666666668
0 0.5402041805850399 0.59689561740343 0.01953125 0.026041666666666668
0 0.564180204561064 0.6042216247294373 0.01953125 0.026041666666666668
0 0.5466976870785465 0.582909603417416 0.01953125 0.026041666666666668
0 0.5327116730925325 0.5835756040834167 0.01953125 0.026041666666666668
0 0.5247196651005245 0.578913599421412 0.01953125 0.026041666666666668
0 0.532212172593032 0.558933579441392 0.01953125 0.026041666666666668
0 0.5252191656000249 0.5582675787753913 0.01953125 0.026041666666666668
0 0.5546896950705544 0.5622635827713953 0.01953125 0.026041666666666668
0 0.545199185580045 0.610881631389444 0.01953125 0.026041666666666668
0 0.5721722125530719 0.6301956507034633 0.01953125 0.026041666666666668
0 0.616128256509116 0.6335256540334666 0.01953125 0.026041666666666668
0 0.5971472375280968 0.6261996467074593 0.01953125 0.026041666666666668
0 0.6026417430226024 0.6002256207334333 0.01953125 0.026041666666666668
0 0.6101342505151099 0.5875716080794207 0.01953125 0.026041666666666668
0 0.6201242605051198 0.57691559742341 0.01953125 0.026041666666666668
0 0.5711732115540709 0.5655935861013986 0.01953125 0.026041666666666668
0 0.5372071775880369 0.5516075721153847 0.01953125 0.026041666666666668
0 0.5372071775880369 0.540951561459374 0.01953125 0.026041666666666668
0 0.6336107739916335 0.6055536260614386 0.01953125 0.026041666666666668
0 0.6441002844811439 0.594897615405428 0.01953125 0.026041666666666668
0 0.6386057789866384 0.57691559742341 0.01953125 0.026041666666666668
0 0.6241202645011239 0.5615975821053947 0.01953125 0.026041666666666668
0 0.5824119727928322 0.5872386077464203 0.01953125 0.026041666666666668
0 0.5719224623033217 0.5922336127414253 0.01953125 0.026041666666666668
0 0.6098845002653597 0.560931581439394 0.01953125 0.026041666666666668
0 0.6585857989666584 0.560931581439394 0.01953125 0.026041666666666668
0 0.6478465382273976 0.5632625837703963 0.01953125 0.026041666666666668
0 0.6386057789866384 0.544947565455378 0.01953125 0.026041666666666668
0 0.6236207640016234 0.6571686776764903 0.01953125 0.026041666666666668
0 0.6358585262393857 0.6571686776764903 0.01953125 0.026041666666666668
0 0.6356087759896354 0.6894697099775225 0.01953125 0.026041666666666668
0 0.6545897949706544 0.664827685335498 0.01953125 0.026041666666666668
0 0.6600843004651599 0.6528396733474859 0.01953125 0.026041666666666668
0 0.6628315532124126 0.6062196267274393 0.01953125 0.026041666666666668
0 0.6760683164491759 0.5992266197344324 0.01953125 0.026041666666666668
0 0.6775668179476774 0.5912346117424243 0.01953125 0.026041666666666668
0 0.6725718129526723 0.5546045751123877 0.01953125 0.026041666666666668
0 0.6713230617039211 0.547944568452381 0.01953125 0.026041666666666668
0 0.6103840007648601 0.550941571449384 0.01953125 0.026041666666666668
0 0.6710733114541708 0.8026898231976357 0.01953125 0.026041666666666668
0 0.6580862984671578 0.7587337792415917 0.01953125 0.026041666666666668
0 0.6431012834821428 0.7214377419455545 0.01953125 0.026041666666666668
0 0.5881562285370879 0.7267657472735598 0.01953125 0.026041666666666668
0 0.6870573274381868 0.7574017779095904 0.01953125 0.026041666666666668
0 0.7170273574082168 0.7334257539335666 0.01953125 0.026041666666666668
0 0.7360083763892358 0.7280977486055611 0.01953125 0.026041666666666668
0 0.7240203644012237 0.6908017113095238 0.01953125 0.026041666666666668
0 0.6840603244411838 0.7027897232975359 0.01953125 0.026041666666666668
0 0.6830613234421828 0.6561696766774893 0.01953125 0.026041666666666668
0 0.7040403444212038 0.6481776686854812 0.01953125 0.026041666666666668
0 0.7499943903752497 0.8113478318556444 0.01953125 0.026041666666666668
0 0.7629814033622627 0.7740517945596072 0.01953125 0.026041666666666668
0 0.7499943903752497 0.7547377752455878 0.01953125 0.026041666666666668
0 0.7534908938717533 0.7161097366175492 0.01953125 0.026041666666666668
0 0.6905538309346904 0.6967957173035298 0.01953125 0.026041666666666668
0 0.7240203644012237 0.664827685335498 0.01953125 0.026041666666666668
0 0.7385058788867382 0.6495096700174826 0.01953125 0.026041666666666668
0 0.7290153693962288 0.6401856606934734 0.01953125 0.026041666666666668
0 0.7105338509147103 0.6401856606934734 0.01953125 0.026041666666666668
0 0.6910533314341908 0.6368556573634699 0.01953125 0.026041666666666668
0 0.6920523324331918 0.612879633387446 0.01953125 0.026041666666666668
0 0.6990453394261988 0.6062196267274392 0.01953125 0.026041666666666668
0 0.7075368479177073 0.608883629391442 0.01953125 0.026041666666666668
0 0.7125318529127123 0.618873639381452 0.01953125 0.026041666666666668
0 0.7205238609047202 0.602889623397436 0.01953125 0.026041666666666668
0 0.7045398449207043 0.5895696100774227 0.01953125 0.026041666666666668
0 0.6950493354301948 0.5902356107434233 0.01953125 0.026041666666666668
0 0.6840603244411838 0.580911601419414 0.01953125 0.026041666666666668
0 0.7375068778877373 0.612879633387446 0.01953125 0.026041666666666668
0 0.7654789058597653 0.664827685335498 0.01953125 0.026041666666666668
0 0.7734709138517732 0.6535056740134867 0.01953125 0.026041666666666668
0 0.7734709138517732 0.6235356440434566 0.01953125 0.026041666666666668
0 0.7624819028627623 0.6142116347194473 0.01953125 0.026041666666666668
0 0.7804639208447802 0.61687563738345 0.01953125 0.026041666666666668
0 0.8029414433223028 0.6694896899975026 0.01953125 0.026041666666666668
0 0.8004439408248002 0.6914677119755246 0.01953125 0.026041666666666668
0 0.7924519328327921 0.712779733287546 0.01953125 0.026041666666666668
0 0.8044399448208042 0.8086838291916418 0.01953125 0.026041666666666668
0 0.8249194653003247 0.7760497965576091 0.01953125 0.026041666666666668
0 0.8234209638018232 0.7320937526015653 0.01953125 0.026041666666666668
0 0.8483959887768482 0.7407517612595739 0.01953125 0.026041666666666668
0 0.8458984862793457 0.7680577885656011 0.01953125 0.026041666666666668
0 0.8638805042613635 0.7913678118756243 0.01953125 0.026041666666666668
0 0.907337047717907 0.8180078385156512 0.01953125 0.026041666666666668
0 0.8863580267388862 0.7613977819055945 0.01953125 0.026041666666666668
0 0.9148295552104146 0.7613977819055945 0.01953125 0.026041666666666668
0 0.9353090756899352 0.7767157972236097 0.01953125 0.026041666666666668
0 0.9497945901754496 0.7966958172036298 0.01953125 0.026041666666666668
0 0.9522920926729521 0.7527397732475859 0.01953125 0.026041666666666668
0 0.9238205642014237 0.6981277186355314 0.01953125 0.026041666666666668
0 0.878366018746878 0.724767745275558 0.01953125 0.026041666666666668
0 0.8419024822833416 0.7054537259615387 0.01953125 0.026041666666666668
0 0.8139304543113137 0.6674916879995006 0.01953125 0.026041666666666668
0 0.8009434413243006 0.6568356773434899 0.01953125 0.026041666666666668
0 0.8009434413243006 0.6455136660214786 0.01953125 0.026041666666666668
0 0.8189254593063187 0.6435156640234766 0.01953125 0.026041666666666668
0 0.8269174672983266 0.5982276187354313 0.01953125 0.026041666666666668
0 0.7924519328327921 0.5862396067474194 0.01953125 0.026041666666666668
0 0.7729714133522727 0.5962296167374294 0.01953125 0.026041666666666668
0 0.6945498349306943 0.5612645817723945 0.01953125 0.026041666666666668
0 0.7035408439217032 0.5629295834373961 0.01953125 0.026041666666666668
0 0.7175268579077173 0.5649275854353981 0.01953125 0.026041666666666668
0 0.7087855991664586 0.5426165631243758 0.01953125 0.026041666666666668
0 0.6987955891764486 0.5449475654553781 0.01953125 0.026041666666666668
0 0.741253131633991 0.6012246217324344 0.01953125 0.026041666666666668
0 0.7307636211444806 0.5665925871003997 0.01953125 0.026041666666666668
0 0.73026412064498 0.5462795667873794 0.01953125 0.026041666666666668
0 0.7197746101554695 0.5552705757783885 0.01953125 0.026041666666666668
0 0.7410033813842407 0.5452805657883785 0.01953125 0.026041666666666668
0 0.7449993853802448 0.5456135661213788 0.01953125 0.026041666666666668
0 0.7365078768887363 0.5469455674533802 0.01953125 0.026041666666666668
0 0.6920523324331918 0.5446145651223778 0.01953125 0.026041666666666668
0 0.7687256591065185 0.5662595867673995 0.01953125 0.026041666666666668
0 0.9715228619037213 0.8339918544996671 0.01953125 0.026041666666666668
0 0.9875068778877372 0.8246678451756577 0.01953125 0.026041666666666668
0 0.9860083763892358 0.7926998132076258 0.01953125 0.026041666666666668
0 0.9984958888767483 0.7560697765775891 0.01953125 0.026041666666666668
0 0.9944998848807443 0.7254337459415585 0.01953125 0.026041666666666668
0 0.9550393454202049 0.7114477319555444 0.01953125 0.026041666666666668
0 0.9595348499157093 0.6894697099775225 0.01953125 0.026041666666666668
0 0.9820123723932317 0.6701556906635032 0.01953125 0.026041666666666668
0 0.9540403444212038 0.6674916879995005 0.01953125 0.026041666666666668
0 0.8906037809846403 0.6668256873335 0.01953125 0.026041666666666668
0 0.8801142704951299 0.6921337126415251 0.01953125 0.026041666666666668
0 0.8426517330325924 0.6628296833374959 0.01953125 0.026041666666666668
0 0.8246697150505744 0.6641616846694972 0.01953125 0.026041666666666668
0 0.8426517330325924 0.6275316480394606 0.01953125 0.026041666666666668
0 0.8561382465191059 0.6501756706834833 0.01953125 0.026041666666666668
0 0.8776167679976274 0.6328596533674659 0.01953125 0.026041666666666668
0 0.8746197650006244 0.6155436360514486 0.01953125 0.026041666666666668
0 0.8846097749906343 0.6115476320554446 0.01953125 0.026041666666666668
0 0.8766177669986264 0.5942316147394272 0.01953125 0.026041666666666668
0 0.8536407440216034 0.5955636160714286 0.01953125 0.026041666666666668
0 0.8186757090565684 0.568923589431402 0.01953125 0.026041666666666668
0 0.8136807040615635 0.564927585435398 0.01953125 0.026041666666666668
0 0.9025917929726524 0.6082176287254413 0.01953125 0.026041666666666668
0 0.9315628219436813 0.5942316147394272 0.01953125 0.026041666666666668
0 0.9225718129526723 0.5902356107434232 0.01953125 0.026041666666666668
0 0.9005937909746504 0.648843669351482 0.01953125 0.026041666666666668
0 0.8871072774881368 0.6495096700174826 0.01953125 0.026041666666666668
0 0.9190753094561688 0.6621636826714953 0.01953125 0.026041666666666668
0 0.9210733114541709 0.6501756706834833 0.01953125 0.026041666666666668
0 0.9370573274381868 0.6441816646894772 0.01953125 0.026041666666666668
0 0.9325618229426824 0.6175416380494506 0.01953125 0.026041666666666668
0 0.9535408439217032 0.6388536593614719 0.01953125 0.026041666666666668
0 0.9705238609047202 0.6421836626914752 0.01953125 0.026041666666666668
0 0.9820123723932317 0.648843669351482 0.01953125 0.026041666666666668
0 0.9944998848807443 0.6654936860014985 0.01953125 0.026041666666666668
0 0.9935008838817432 0.7027897232975358 0.01953125 0.026041666666666668
0 0.9664029817838412 0.5935656140734267 0.01953125 0.026041666666666668
0 0.949170214551074 0.593898614406427 0.01953125 0.026041666666666668
0 0.9429264583073177 0.6005586210664337 0.01953125 0.026041666666666668
0 0.9341851995660589 0.5742515947594073 0.01953125 0.026041666666666668
0 0.9426767080575674 0.5705885910964037 0.01953125 0.026041666666666668
0 0.9326866980675574 0.5635955841033967 0.01953125 0.026041666666666668
0 0.9134559288367882 0.5662595867673993 0.01953125 0.026041666666666668
0 0.887232152613012 0.569922590430403 0.01953125 0.026041666666666668
0 0.8962231616040209 0.5715875920954047 0.01953125 0.026041666666666668
0 0.8929764083572678 0.554937575445388 0.01953125 0.026041666666666668
0 0.8709983863792458 0.5789135994214121 0.01953125 0.026041666666666668
0 0.85526412064498 0.575916596424409 0.01953125 0.026041666666666668
0 0.8570123723932317 0.5882376087454214 0.01953125 0.026041666666666668
0 0.859260124640984 0.5526065731143858 0.01953125 0.026041666666666668
0 0.8480213634022228 0.5516075721153847 0.01953125 0.026041666666666668
0 0.8387806041614635 0.5522735727813853 0.01953125 0.026041666666666668
0 0.824295089675949 0.5476115681193807 0.01953125 0.026041666666666668
0 0.792327057707917 0.54694556745338 0.01953125 0.026041666666666668
0 0.8098095751904345 0.6338586543664669 0.01953125 0.026041666666666668
0 0.8250443404251998 0.6375216580294707 0.01953125 0.026041666666666668
0 0.8779913933722527 0.6744846949925076 0.01953125 0.026041666666666668
0 0.949170214551074 0.5652605857683983 0.01953125 0.026041666666666668
0 0.956163221544081 0.5552705757783883 0.01953125 0.026041666666666668
0 0.9604089757898352 0.5532725737803863 0.01953125 0.026041666666666668
0 0.9664029817838412 0.5562695767773893 0.01953125 0.026041666666666668
0 0.9701492355300949 0.555936576444389 0.01953125 0.026041666666666668
0 0.9541652195460789 0.5662595867673993 0.01953125 0.026041666666666668
0 0.9164529318337912 0.5579345784423909 0.01953125 0.026041666666666668
0 0.9716477370285964 0.5705885910964036 0.01953125 0.026041666666666668
0 0.9651542305350899 0.5635955841033966 0.01953125 0.026041666666666668
0 0.9788904942713537 0.5635955841033966 0.01953125 0.026041666666666668
0 0.9873820027628621 0.555936576444389 0.01953125 0.026041666666666668
0 0.9963730117538712 0.5579345784423909 0.01953125 0.026041666666666668
0 0.9951242605051199 0.5692565897644023 0.01953125 0.026041666666666668
0 0.9881312535121128 0.5699225904304029 0.01953125 0.026041666666666668
0 0.027716668097527403 0.8453138658216783 0.01953125 0.026041666666666668
0 0.08166272204358135 0.8266658471736598 0.01953125 0.026041666666666668
0 0.14160278198364132 0.8266658471736598 0.01953125 0.026041666666666668
0 0.501243141624001 0.8346578551656677 0.01953125 0.026041666666666668
0 0.5741702145510739 0.9185739390817517 0.01953125 0.026041666666666668
0 0.5991452395260989 0.8080178285256411 0.01953125 0.026041666666666668
0 0.5531911935720529 0.8013578218656344 0.01953125 0.026041666666666668
0 0.9408035811844405 0.8692898897977024 0.01953125 0.026041666666666668
0 0.4760294809391361 0.5387199361910994 0.01953125 0.026041666666666668
0 0.4707938788448953 0.5369747354930192 0.01953125 0.026041666666666668
0 0.47733838146269636 0.5500637407286213 0.01953125 0.026041666666666668
0 0.48257398355693715 0.5509363410776614 0.01953125 0.026041666666666668
0 0.4923907374836388 0.5491911403795812 0.01953125 0.026041666666666668
0 0.4950085385307592 0.5422103375872599 0.01953125 0.026041666666666668
0 0.5048252924574608 0.5500637407286213 0.01953125 0.026041666666666668
0 0.5139875961223822 0.5535541421247818 0.01953125 0.026041666666666668
0 0.5231498997873036 0.5343569344458987 0.01953125 0.026041666666666668
0 0.27903995214332467 0.5299939327006981 0.01953125 0.026041666666666668
0 0.28427555423756545 0.5291213323516578 0.01953125 0.026041666666666668
0 0.2960556589496074 0.5291213323516578 0.01953125 0.026041666666666668
0 0.3039090620909686 0.5299939327006981 0.01953125 0.026041666666666668
0 0.19919702020615185 0.523013129908377 0.01953125 0.026041666666666668
0 0.19592476889725133 0.5256309309554973 0.01953125 0.026041666666666668
0 0.19068916680301048 0.5247583306064572 0.01953125 0.026041666666666668
0 0.1802179626145288 0.523013129908377 0.01953125 0.026041666666666668
0 0.16778340764070684 0.5256309309554973 0.01953125 0.026041666666666668
0 0.3965977869786464 0.6353174819971695 0.01953125 0.026041666666666668
0 0.24037900575986512 0.5456571423368298 0.01953125 0.026041666666666668
0 0.2928265582074176 0.5316711283508159 0.01953125 0.026041666666666668
0 0.27159778697864634 0.5351676318473194 0.01953125 0.026041666666666668
0 0.25374064412150343 0.5310883777680653 0.01953125 0.026041666666666668
0 0.27047391085477024 0.5554806521603397 0.01953125 0.026041666666666668
0 0.24961976500062436 0.5281746248543123 0.01953125 0.026041666666666668
