0 0.8181289788642729 0.9314268223359133 0.01953125 0.025252525252525252
0 0.9180080213903742 0.8049620729834635 0.01953125 0.025252525252525252
0 0.7251381461675578 0.8388047523876402 0.01953125 0.025252525252525252
0 0.6686548255665902 0.947457565211576 0.01953125 0.025252525252525252
0 0.5811745607333841 0.941223387426596 0.01953125 0.025252525252525252
0 0.38210529666412013 0.8958029492788852 0.01953125 0.025252525252525252
0 0.45718678380443084 0.7737911840585637 0.01953125 0.025252525252525252
0 0.553621721415839 0.8067432666363149 0.01953125 0.025252525252525252
0 0.6266367456073337 0.776462974537841 0.01953125 0.025252525252525252
0 0.572219887955182 0.6865126950688449 0.01953125 0.025252525252525252
0 0.6700324675324675 0.6580135966232223 0.01953125 0.025252525252525252
0 0.7685338680926916 0.752416860224347 0.01953125 0.025252525252525252
0 0.827083651642475 0.698090453812379 0.01953125 0.025252525252525252
0 0.9462496816908581 0.7016528411180818 0.01953125 0.025252525252525252
0 0.9620925642984467 0.6366392727890056 0.01953125 0.025252525252525252
0 0.9111198115609879 0.6357486759625798 0.01953125 0.025252525252525252
0 0.9386726508785331 0.5769692854184834 0.01953125 0.025252525252525252
0 0.9696695951107714 0.5493607837992865 0.01953125 0.025252525252525252
0 0.9359173669467787 0.49681557104017 0.01953125 0.025252525252525252
0 0.8518812070282659 0.5110651202629813 0.01953125 0.025252525252525252
0 0.776799719887955 0.4994873615194471 0.01953125 0.025252525252525252
0 0.8381047873694932 0.5725163012863549 0.01953125 0.025252525252525252
0 0.966914311179017 0.4923625869080415 0.01953125 0.025252525252525252
0 0.9717360580595874 0.38727216138980847 0.01953125 0.025252525252525252
0 0.9414279348102877 0.3222585930607322 0.01953125 0.025252525252525252
0 0.9310956200662082 0.2786193485658727 0.01953125 0.025252525252525252
0 0.8987210338680925 0.3231491898871579 0.01953125 0.025252525252525252
0 0.9056092436974789 0.2590262183845071 0.01953125 0.025252525252525252
0 0.9441832187420421 0.2269647326331819 0.01953125 0.025252525252525252
0 0.9634702062643238 0.17887250400619398 0.01953125 0.025252525252525252
0 0.9620925642984467 0.29286889778868397 0.01953125 0.025252525252525252
0 0.9593372803666921 0.26615099299591294 0.01953125 0.025252525252525252
0 0.9007874968169085 0.1904502627497281 0.01953125 0.025252525252525252
0 0.8842557932263815 0.2403236850295675 0.01953125 0.025252525252525252
0 0.8484371021135726 0.2946500914415354 0.01953125 0.025252525252525252
0 0.8394824293353705 0.33116456132498917 0.01953125 0.025252525252525252
0 0.8491259230965112 0.2590262183845071 0.01953125 0.025252525252525252
0 0.823639546727782 0.2866347200037041 0.01953125 0.025252525252525252
0 0.8539476699770816 0.23141771676531042 0.01953125 0.025252525252525252
0 0.8153736949325183 0.23498010407101322 0.01953125 0.025252525252525252
0 0.7905761395467277 0.29643128509438676 0.01953125 0.025252525252525252
0 0.78437675070028 0.3471953042006518 0.01953125 0.025252525252525252
0 0.8002196333078686 0.41131827570330254 0.01953125 0.025252525252525252
0 0.7251381461675578 0.48256602181735875 0.01953125 0.025252525252525252
0 0.6796759612936082 0.48078482816450735 0.01953125 0.025252525252525252
0 0.6927635599694422 0.5564855584106921 0.01953125 0.025252525252525252
0 0.741669849758085 0.6304050950040255 0.01953125 0.025252525252525252
0 0.7740444359562006 0.6286239013511742 0.01953125 0.025252525252525252
0 0.6004615482556658 0.5645009298485235 0.01953125 0.025252525252525252
0 0.6528119429590018 0.5653915266749492 0.01953125 0.025252525252525252
0 0.6617666157372039 0.45139513289245914 0.01953125 0.025252525252525252
0 0.6176820728291316 0.41488066300900533 0.01953125 0.025252525252525252
0 0.5742863509039978 0.41933364714113386 0.01953125 0.025252525252525252
0 0.5405341227400049 0.4834566186437845 0.01953125 0.025252525252525252
0 0.5246912401324164 0.536001831402901 0.01953125 0.025252525252525252
0 0.48129551820728284 0.5832034632034633 0.01953125 0.025252525252525252
0 0.4482321110262287 0.4763318440323788 0.01953125 0.025252525252525252
0 0.4757849503437738 0.47544124720595315 0.01953125 0.025252525252525252
0 0.4151687038451744 0.6402016600947084 0.01953125 0.025252525252525252
0 0.42894512350394703 0.7319331332165556 0.01953125 0.025252525252525252
0 0.33388782785841603 0.704324631597359 0.01953125 0.025252525252525252
0 0.24847402597402596 0.728370745910853 0.01953125 0.025252525252525252
0 0.2154106187929717 0.7924937174135036 0.01953125 0.025252525252525252
0 0.1313744588744588 0.8022902825041863 0.01953125 0.025252525252525252
0 0.026673669467787053 0.8245552031648289 0.01953125 0.025252525252525252
0 0.10657690348866812 0.9590353239551102 0.01953125 0.025252525252525252
0 0.09004519989814104 0.7346049236958329 0.01953125 0.025252525252525252
0 0.01909663865546214 0.7141211966880416 0.01953125 0.025252525252525252
0 0.12241978609625659 0.575188091765632 0.01953125 0.025252525252525252
0 0.05422650878533226 0.6366392727890056 0.01953125 0.025252525252525252
0 0.08246816908581607 0.5564855584106921 0.01953125 0.025252525252525252
0 0.03562834224598922 0.5092839266101299 0.01953125 0.025252525252525252
0 0.09762223071046595 0.48701900594948727 0.01953125 0.025252525252525252
0 0.1541055513114336 0.4629728916359933 0.01953125 0.025252525252525252
0 0.20576712503183087 0.5244240726593669 0.01953125 0.025252525252525252
0 0.18372485357779472 0.5226428790065154 0.01953125 0.025252525252525252
0 0.265005729564553 0.45139513289245914 0.01953125 0.025252525252525252
0 0.32355551311433656 0.47455065037952743 0.01953125 0.025252525252525252
0 0.3146008403361344 0.41488066300900533 0.01953125 0.025252525252525252
0 0.4000146422205246 0.41131827570330254 0.01953125 0.025252525252525252
0 0.44134390119684236 0.38727216138980847 0.01953125 0.025252525252525252
0 0.4806066972243443 0.38281917725767994 0.01953125 0.025252525252525252
0 0.5178030303030303 0.38281917725767994 0.01953125 0.025252525252525252
0 0.5426005856888207 0.3427423200685233 0.01953125 0.025252525252525252
0 0.5632652151769798 0.34808590102707754 0.01953125 0.025252525252525252
0 0.6321473134708427 0.3605542565970374 0.01953125 0.025252525252525252
0 0.6087274000509294 0.3365081422835434 0.01953125 0.025252525252525252
0 0.5825522026992614 0.32671157719286065 0.01953125 0.025252525252525252
0 0.6397243442831678 0.30444665653221814 0.01953125 0.025252525252525252
0 0.6569448688566335 0.30711844701149527 0.01953125 0.025252525252525252
0 0.6886306340718105 0.3587730629441859 0.01953125 0.025252525252525252
0 0.7086064425770308 0.41933364714113386 0.01953125 0.025252525252525252
0 0.7223828622358034 0.367679031208443 0.01953125 0.025252525252525252
0 0.7437363127069008 0.2750569612601698 0.01953125 0.025252525252525252
0 0.7595791953144894 0.2162775707160735 0.01953125 0.025252525252525252
0 0.8057302011713776 0.1842160849647481 0.01953125 0.025252525252525252
0 0.8250171886936593 0.17263832622121397 0.01953125 0.025252525252525252
0 0.7761108989050164 0.1619511643041056 0.01953125 0.025252525252525252
0 0.754757448433919 0.15304519603984854 0.01953125 0.025252525252525252
0 0.7299598930481284 0.17531011670049104 0.01953125 0.025252525252525252
0 0.6934523809523808 0.1619511643041056 0.01953125 0.025252525252525252
0 0.6727877514642219 0.17531011670049104 0.01953125 0.025252525252525252
0 0.6886306340718105 0.21271518341037057 0.01953125 0.025252525252525252
0 0.6844977081741788 0.27238517078089275 0.01953125 0.025252525252525252
0 0.7382257448433918 0.39617812965406546 0.01953125 0.025252525252525252
0 0.8126184110007639 0.3195868025814551 0.01953125 0.025252525252525252
0 0.6128603259485611 0.18599727861759957 0.01953125 0.025252525252525252
0 0.6204373567608861 0.15838877699840267 0.01953125 0.025252525252525252
0 0.590818054494525 0.18243489131189677 0.01953125 0.025252525252525252
0 0.6300808505220269 0.22073055484820206 0.01953125 0.025252525252525252
0 0.0252960275019098 0.1521545992134228 0.01953125 0.025252525252525252
0 0.05491532976827086 0.16640414843623413 0.01953125 0.025252525252525252
0 0.07695760122230706 0.1521545992134228 0.01953125 0.025252525252525252
0 0.08453463203463198 0.2020280214932622 0.01953125 0.025252525252525252
0 0.0742023172905525 0.22785532945960763 0.01953125 0.025252525252525252
0 0.045960656990068696 0.2340895072445875 0.01953125 0.025252525252525252
0 0.03218423733129612 0.2403236850295675 0.01953125 0.025252525252525252
0 0.020474280621339394 0.25101084694667586 0.01953125 0.025252525252525252
0 0.04182773109243694 0.25813562155808145 0.01953125 0.025252525252525252
0 0.06042589763177991 0.3284927708457121 0.01953125 0.025252525252525252
0 0.0707582123758594 0.430911405884668 0.01953125 0.025252525252525252
0 0.13757384772090647 0.3400705295892462 0.01953125 0.025252525252525252
0 0.1472173414820473 0.38103798360482855 0.01953125 0.025252525252525252
0 0.12793035395976565 0.2768381549130213 0.01953125 0.025252525252525252
0 0.1926795263559969 0.2884159136565554 0.01953125 0.025252525252525252
0 0.21403297682709438 0.29286889778868397 0.01953125 0.025252525252525252
0 0.1782142857142856 0.24299547550884454 0.01953125 0.025252525252525252
0 0.16925961293608344 0.2234023453274791 0.01953125 0.025252525252525252
0 0.15479437229437226 0.2020280214932622 0.01953125 0.025252525252525252
0 0.13757384772090647 0.16818534208908545 0.01953125 0.025252525252525252
0 0.1954348102877514 0.16016997065125413 0.01953125 0.025252525252525252
0 0.23538642729819198 0.1628417611305312 0.01953125 0.025252525252525252
0 0.16099376114081992 0.16016997065125413 0.01953125 0.025252525252525252
0 0.2574286987522281 0.15838877699840267 0.01953125 0.025252525252525252
0 0.29118092691622094 0.1806536976590453 0.01953125 0.025252525252525252
0 0.2746492233256938 0.23230831359173618 0.01953125 0.025252525252525252
0 0.3242443340972752 0.17085713256836252 0.01953125 0.025252525252525252
0 0.31115673542144123 0.20291861831968794 0.01953125 0.025252525252525252
0 0.3056461675579322 0.310680834317198 0.01953125 0.025252525252525252
0 0.2636280875986758 0.35253888515920606 0.01953125 0.025252525252525252
0 0.3311325439266615 0.36678843438201725 0.01953125 0.025252525252525252
0 0.3772835497835498 0.3276021740192864 0.01953125 0.025252525252525252
0 0.4027699261522791 0.36678843438201725 0.01953125 0.025252525252525252
0 0.39312643239113826 0.3507576915063546 0.01953125 0.025252525252525252
0 0.4055252100840336 0.29643128509438676 0.01953125 0.025252525252525252
0 0.37590590781767247 0.28307233269800114 0.01953125 0.025252525252525252
0 0.38210529666412013 0.22073055484820206 0.01953125 0.025252525252525252
0 0.3517971734148205 0.2020280214932622 0.01953125 0.025252525252525252
0 0.3924376114081996 0.1806536976590453 0.01953125 0.025252525252525252
0 0.4255010185892539 0.17620071352691677 0.01953125 0.025252525252525252
0 0.4179239877769289 0.23498010407101322 0.01953125 0.025252525252525252
0 0.4620085306850012 0.2750569612601698 0.01953125 0.025252525252525252
0 0.46683027756557166 0.20291861831968794 0.01953125 0.025252525252525252
0 0.4902501909854851 0.21894936119535058 0.01953125 0.025252525252525252
0 0.5122924624395211 0.23141771676531042 0.01953125 0.025252525252525252
0 0.5246912401324164 0.23230831359173618 0.01953125 0.025252525252525252
0 0.4964495798319328 0.2901971073094069 0.01953125 0.025252525252525252
0 0.572219887955182 0.2305271199388847 0.01953125 0.025252525252525252
0 0.5708422459893048 0.20737160245181646 0.01953125 0.025252525252525252
0 0.5543105423987776 0.17085713256836252 0.01953125 0.025252525252525252
0 0.5308906289788641 0.1904502627497281 0.01953125 0.025252525252525252
0 0.4964495798319328 0.17263832622121397 0.01953125 0.025252525252525252
0 0.6018391902215431 0.23230831359173618 0.01953125 0.025252525252525252
0 0.6521231219760631 0.17620071352691677 0.01953125 0.025252525252525252
0 0.30495734657499357 0.1521545992134228 0.01953125 0.025252525252525252
0 0.3827941176470588 0.15037340556057135 0.01953125 0.025252525252525252
0 0.35661892029539083 0.14859221190772 0.01953125 0.025252525252525252
0 0.11139865036923852 0.1940126500554309 0.01953125 0.025252525252525252
0 0.0989998726763432 0.26882278347518995 0.01953125 0.025252525252525252
0 0.1286191749427043 0.23498010407101322 0.01953125 0.025252525252525252
0 0.18785777947542642 0.41666185666185673 0.01953125 0.025252525252525252
0 0.034939521263050624 0.31602441527575215 0.01953125 0.025252525252525252
0 0.36488477209065434 0.5484701869728609 0.01953125 0.025252525252525252
0 0.5694646040234275 0.5671727203278006 0.01953125 0.025252525252525252
0 0.06731410746116624 0.27950994539229834 0.01953125 0.025252525252525252
0 0.6163044308632543 0.271494573954467 0.01953125 0.025252525252525252
0 0.5047154316271962 0.3320551581514149 0.01953125 0.025252525252525252
0 0.22943186365455284 0.09095787442617077 0.01953125 0.025252525252525252
0 0.18662655971479508 0.10622524859346857 0.01953125 0.025252525252525252
0 0.2465539852304559 0.09744650844727233 0.01953125 0.025252525252525252
0 0.30471015678998875 0.12340104453167859 0.01953125 0.025252525252525252
0 0.2914257521190295 0.08714103088434637 0.01953125 0.025252525252525252
0 0.3171089344828841 0.09744650844727233 0.01953125 0.025252525252525252
0 0.3537148495761941 0.12149262276076636 0.01953125 0.025252525252525252
0 0.40360516934046353 0.15240905544954436 0.01953125 0.025252525252525252
0 0.10160636982065563 0.13523325951133433 0.01953125 0.025252525252525252
0 0.11843328240387067 0.13217978467787483 0.01953125 0.025252525252525252
0 0.1429356287969734 0.13866841869897636 0.01953125 0.025252525252525252
0 0.09127405507657615 0.10164503634327923 0.01953125 0.025252525252525252
0 0.0771040234275529 0.07301870977959593 0.01953125 0.025252525252525252
0 0.1582864964167486 0.07645386896723792 0.01953125 0.025252525252525252
0 0.1821984248244753 0.07874397509233257 0.01953125 0.025252525252525252
0 0.1993205464003784 0.07721723767560278 0.01953125 0.025252525252525252
0 0.45399877899877894 0.1298402009513122 0.01953125 0.025252525252525252
0 0.41069529236195895 0.12509542583616676 0.01953125 0.025252525252525252
0 0.38647469814136476 0.1326870660203995 0.01953125 0.025252525252525252
0 0.43491588658255315 0.1089631904446721 0.01953125 0.025252525252525252
0 0.4642741826075159 0.08334140482288654 0.01953125 0.025252525252525252
0 0.5134493284493283 0.12699333588222492 0.01953125 0.025252525252525252
0 0.4951003934337267 0.1298402009513122 0.01953125 0.025252525252525252
0 0.5795054945054945 0.11275901053678841 0.01953125 0.025252525252525252
0 0.5457434540767873 0.14122766122766142 0.01953125 0.025252525252525252
0 0.9266673450006783 0.1298402009513122 0.01953125 0.025252525252525252
0 0.9406125356125354 0.08713722491500285 0.01953125 0.025252525252525252
0 0.8752903269569936 0.12414647081313762 0.01953125 0.025252525252525252
0 0.8327207977207977 0.10516737035255565 0.01953125 0.025252525252525252
0 0.7982247998914666 0.11560587560587571 0.01953125 0.025252525252525252
0 0.7696004612671278 0.11655483062890486 0.01953125 0.025252525252525252
0 0.7358384208384207 0.1298402009513122 0.01953125 0.025252525252525252
0 0.7086819970153304 0.0994736402143812 0.01953125 0.025252525252525252
0 0.6866632749966083 0.09472886509923559 0.01953125 0.025252525252525252
0 0.66170872337539 0.09093304500711928 0.01953125 0.025252525252525252
0 0.6712501695835028 0.1260443808591959 0.01953125 0.025252525252525252
0 0.6367541717541717 0.13078915597434138 0.01953125 0.025252525252525252
0 0.6426258309591641 0.10421841532952665 0.01953125 0.025252525252525252
0 0.6418918735585402 0.0823924497998574 0.01953125 0.025252525252525252
0 0.5912488129154795 0.08808617993803199 0.01953125 0.025252525252525252
0 0.771802333469 0.08429035984591554 0.01953125 0.025252525252525252
0 0.7402421652421651 0.07195394454653734 0.01953125 0.025252525252525252
0 0.8782261565594899 0.08049453975379924 0.01953125 0.025252525252525252
0 0.9787783204449871 0.07669871966168279 0.01953125 0.025252525252525252
0 0.8496018179351511 0.07290289956956635 0.01953125 0.025252525252525252
0 0.8789601139601139 0.40693506767580856 0.01953125 0.025252525252525252
0 0.8980430063763397 0.2968562850044333 0.01953125 0.025252525252525252
0 0.5428076244742911 0.08713722491500285 0.01953125 0.025252525252525252
0 0.5354680504680503 0.07385185459259548 0.01953125 0.025252525252525252
0 0.6007902591235924 0.146921391365836 0.01953125 0.025252525252525252
0 0.18947030849133353 0.04560890805306026 0.01953125 0.025252525252525252
0 0.14376916338151566 0.050861205762651074 0.01953125 0.025252525252525252
0 0.11025499030098246 0.04429583362566267 0.01953125 0.025252525252525252
0 0.0848654652399725 0.033791238206481194 0.01953125 0.025252525252525252
0 0.04525780614479698 0.07449654545580935 0.01953125 0.025252525252525252
0 0.02189944308866784 0.06399195003662786 0.01953125 0.025252525252525252
0 0.02189944308866784 0.040356610343469594 0.01953125 0.025252525252525252
0 0.14478474438395603 0.08368806644759323 0.01953125 0.025252525252525252
0 0.1620496214254428 0.11651492713253538 0.01953125 0.025252525252525252
0 0.15494055440836002 0.10469725728595616 0.01953125 0.025252525252525252
0 0.25345191164507863 0.04166968477086719 0.01953125 0.025252525252525252
0 0.21384425254990308 0.05217428019004867 0.01953125 0.025252525252525252
0 0.28087259871096937 0.03116508935168572 0.01953125 0.025252525252525252
0 0.2727479506914462 0.07449654545580935 0.01953125 0.025252525252525252
0 0.1996261185157375 0.024599717214697316 0.01953125 0.025252525252525252
0 0.12955102934735008 0.03116508935168572 0.01953125 0.025252525252525252
0 0.0533824541643202 0.03641738706127653 0.01953125 0.025252525252525252
0 0.3001686377573369 0.04166968477086719 0.01953125 0.025252525252525252
0 0.3245425818159065 0.029852014924287983 0.01953125 0.025252525252525252
0 0.38344627995744957 0.04560890805306026 0.01953125 0.025252525252525252
0 0.38547744196233036 0.08631421530238856 0.01953125 0.025252525252525252
0 0.41797603404042316 0.046921982480458 0.01953125 0.025252525252525252
0 0.4200071960453039 0.0889403641571839 0.01953125 0.025252525252525252
0 0.45961485514047945 0.028538940496890385 0.01953125 0.025252525252525252
0 0.5022692572429762 0.050861205762651074 0.01953125 0.025252525252525252
0 0.5804689944308868 0.06267887560923027 0.01953125 0.025252525252525252
0 0.58859364245041 0.04823505690785574 0.01953125 0.025252525252525252
0 0.5713287654089232 0.028538940496890385 0.01953125 0.025252525252525252
0 0.5428924973405922 0.029852014924287983 0.01953125 0.025252525252525252
0 0.5175029722795822 0.04166968477086719 0.01953125 0.025252525252525252
0 0.6403882735748704 0.058739652327037206 0.01953125 0.025252525252525252
0 0.6606998936236783 0.058739652327037206 0.01953125 0.025252525252525252
0 0.7104633627432578 0.046921982480458 0.01953125 0.025252525252525252
0 0.7256970777798638 0.04429583362566267 0.01953125 0.025252525252525252
0 0.79272542394093 0.03773046148867412 0.01953125 0.025252525252525252
0 0.8303019210312247 0.05348735461744641 0.01953125 0.025252525252525252
0 0.9054549152118142 0.06136580118183254 0.01953125 0.025252525252525252
0 0.9542028033289535 0.071870396601014 0.01953125 0.025252525252525252
0 0.9704520993679998 0.05611350347224174 0.01953125 0.025252525252525252
0 0.9542028033289535 0.12308029926952378 0.01953125 0.025252525252525252
0 0.44539672110631384 0.29115382597642764 0.01953125 0.025252525252525252
0 0.5540638883674366 0.2753969328476555 0.01953125 0.025252525252525252
0 0.5266432013015457 0.293779974831223 0.01953125 0.025252525252525252
