0 0.09859032668231604 0.7151787460876369 0.03125 0.03125
0 0.01095339397496078 0.6948344581377152 0.03125 0.03125
0 0.050077024647887214 0.6212820324726135 0.03125 0.03125
0 0.1111098884976525 0.6244119229264475 0.03125 0.03125
0 0.1345840669014084 0.6838798415492958 0.03125 0.03125
0 0.20344165688575888 0.6791850058685446 0.03125 0.03125
0 0.22535089006259773 0.7417828149452269 0.03125 0.03125
0 0.07355120305164312 0.8951474471830986 0.03125 0.03125
0 0.12362945031298889 0.9295762421752738 0.03125 0.03125
0 0.4585277288732392 0.8732382140062598 0.03125 0.03125
0 0.42253398865414693 0.9405308587636932 0.03125 0.03125
0 0.6275418133802815 0.8513289808294209 0.03125 0.03125
0 0.5445997163536773 0.8028156787949922 0.03125 0.03125
0 0.4115793720657276 0.7276983079029733 0.03125 0.03125
0 0.4397483861502346 0.7292632531298905 0.03125 0.03125
0 0.45696278364632226 0.6713602797339593 0.03125 0.03125
0 0.3458516725352112 0.6572757726917058 0.03125 0.03125
0 0.25351990414710474 0.66040566314554 0.03125 0.03125
0 0.8122053501564943 0.8826278853677622 0.03125 0.03125
0 0.91549173513302 0.8215950215179969 0.03125 0.03125
0 0.7934260074334896 0.6807499510954615 0.03125 0.03125
0 0.5555543329420969 0.7089189651799686 0.03125 0.03125
0 0.6682303892801251 0.7120488556338028 0.03125 0.03125
0 0.6181521420187792 0.6651004988262911 0.03125 0.03125
0 0.6744901701877932 0.6494510465571205 0.03125 0.03125
0 0.6009377445226916 0.6212820324726135 0.03125 0.03125
0 0.5367749902190921 0.6431912656494523 0.03125 0.03125
0 0.4804369620500781 0.5821584017996871 0.03125 0.03125
0 0.4616576193270735 0.5931130183881065 0.03125 0.03125
0 0.42722882433489817 0.5946779636150235 0.03125 0.03125
0 0.3912350841158059 0.5962429088419405 0.03125 0.03125
0 0.3630660700312987 0.58059345657277 0.03125 0.03125
0 0.3458516725352112 0.58059345657277 0.03125 0.03125
0 0.32081254890453825 0.5993727992957748 0.03125 0.03125
0 0.27699408255086055 0.6275418133802818 0.03125 0.03125
0 0.2519549589201876 0.6134573063380282 0.03125 0.03125
0 0.2801239730046948 0.5665089495305164 0.03125 0.03125
0 0.31455276799686993 0.5586842233959312 0.03125 0.03125
0 0.3380269464006259 0.5555543329420971 0.03125 0.03125
0 0.3348970559467917 0.5258203736306729 0.03125 0.03125
0 0.22535089006259773 0.5618141138497652 0.03125 0.03125
0 0.17527264280125188 0.5915480731611893 0.03125 0.03125
0 0.15649330007824708 0.5962429088419405 0.03125 0.03125
0 0.12206450508607194 0.5946779636150235 0.03125 0.03125
0 0.1111098884976525 0.5602491686228481 0.03125 0.03125
0 0.06729142214397488 0.5602491686228481 0.03125 0.03125
0 0.004693613067292546 0.6040676349765258 0.03125 0.03125
0 0.03286262715179964 0.5492945520344288 0.03125 0.03125
0 0.03912240805946787 0.5117358665884194 0.03125 0.03125
0 0.01095339397496078 0.47417718114241003 0.03125 0.03125
0 0.061031641236306645 0.47574212636932706 0.03125 0.03125
0 0.051641969874804336 0.46165761932707355 0.03125 0.03125
0 0.03286262715179964 0.4397483861502348 0.03125 0.03125
0 0.020343065336463174 0.4131443172926447 0.03125 0.03125
0 0.04381724374021898 0.4021897007042254 0.03125 0.03125
0 0.0062585582942096705 0.4350535504694836 0.03125 0.03125
0 0.020343065336463174 0.363066070031299 0.03125 0.03125
0 0.051641969874804336 0.30516309663536784 0.03125 0.03125
0 0.0312976819248826 0.2754291373239438 0.03125 0.03125
0 0.03442757237871667 0.2519549589201878 0.03125 0.03125
0 0.056336805555555446 0.2519549589201878 0.03125 0.03125
0 0.04225229851330194 0.2472601232394367 0.03125 0.03125
0 0.007823503521126707 0.25821473982785614 0.03125 0.03125
0 0.01095339397496078 0.22222099960876376 0.03125 0.03125
0 0.04068735328638491 0.20500660211267618 0.03125 0.03125
0 0.07042131259780904 0.1815324237089202 0.03125 0.03125
0 0.04225229851330194 0.12362945031298907 0.03125 0.03125
0 0.01877812010954614 0.12049955985915499 0.03125 0.03125
0 0.009388448748043742 0.148668573943662 0.03125 0.03125
0 0.057901750782472575 0.0938954910015651 0.03125 0.03125
0 0.07355120305164312 0.08920065532081392 0.03125 0.03125
0 0.08607076486697958 0.08920065532081392 0.03125 0.03125
0 0.12519439553990602 0.1643180262128327 0.03125 0.03125
0 0.11423977895148667 0.13771395735524267 0.03125 0.03125
0 0.06259658646322368 0.07198625782472626 0.03125 0.03125
0 0.0641615316901408 0.050077024647887394 0.03125 0.03125
0 0.03286262715179964 0.06729142214397506 0.03125 0.03125
0 0.01408328442879494 0.0938954910015651 0.03125 0.03125
0 0.020343065336463174 0.06572647691705794 0.03125 0.03125
0 0.02973273669796548 0.04694713419405332 0.03125 0.03125
0 0.04225229851330194 0.043817243740219246 0.03125 0.03125
0 0.10328516236306724 0.06103164123630691 0.03125 0.03125
0 0.11736966940532075 0.050077024647887394 0.03125 0.03125
0 0.13614901212832536 0.05790175078247266 0.03125 0.03125
0 0.1392789025821596 0.0782460387323944 0.03125 0.03125
0 0.15492835485133014 0.07198625782472626 0.03125 0.03125
0 0.1627530809859154 0.056336805555555716 0.03125 0.03125
0 0.0923305457746478 0.2190911091549297 0.03125 0.03125
0 0.12049955985915481 0.2097014377934273 0.03125 0.03125
0 0.16901286189358355 0.19874682120500786 0.03125 0.03125
0 0.12206450508607194 0.2425652875586856 0.03125 0.03125
0 0.0981990903755868 0.42879376956181536 0.03125 0.03125
0 0.12245574139280117 0.4569627836463225 0.03125 0.03125
0 0.1357577758215962 0.4780895442097027 0.03125 0.03125
0 0.16783915297339586 0.46165761932707366 0.03125 0.03125
0 0.13028046752738645 0.49452146909233186 0.03125 0.03125
0 0.12480315923317678 0.539122408059468 0.03125 0.03125
0 0.09976403560250384 0.5203430653364632 0.03125 0.03125
0 0.1639267899061032 0.5665089495305164 0.03125 0.03125
0 0.2085277288732394 0.5430347711267606 0.03125 0.03125
0 0.21244009194053204 0.49060910602503915 0.03125 0.03125
0 0.24921630477308288 0.5203430653364632 0.03125 0.03125
0 0.2484338321596243 0.5532069151017215 0.03125 0.03125
0 0.2202648180751173 0.47417718114241014 0.03125 0.03125
0 0.2523461952269169 0.4561803110328639 0.03125 0.03125
0 0.27112553794992167 0.47652459898278565 0.03125 0.03125
0 0.22495965375586852 0.431141187402191 0.03125 0.03125
0 0.20070300273865405 0.416274207746479 0.03125 0.03125
0 0.16470926251956178 0.43427107785602515 0.03125 0.03125
0 0.1357577758215962 0.4233164612676057 0.03125 0.03125
0 0.13106294014084502 0.3998422828638499 0.03125 0.03125
0 0.07550738458528947 0.40297217331768387 0.03125 0.03125
0 0.09350425469483561 0.4021897007042254 0.03125 0.03125
0 0.08802694640062594 0.36697843309859157 0.03125 0.03125
0 0.07315996674491387 0.3708907961658843 0.03125 0.03125
0 0.05359815140845066 0.3395918916275431 0.03125 0.03125
0 0.0864620011737089 0.3427217820813772 0.03125 0.03125
0 0.1263681044600938 0.32628985719874815 0.03125 0.03125
0 0.11854337832550854 0.3035981514084508 0.03125 0.03125
0 0.0981990903755868 0.2809064456181535 0.03125 0.03125
0 0.12245574139280117 0.27855902777777786 0.03125 0.03125
0 0.1404526115023474 0.27699408255086083 0.03125 0.03125
0 0.15062475547730828 0.14162632042253528 0.03125 0.03125
0 0.16236184467918618 0.15805824530516438 0.03125 0.03125
0 0.1920958039906103 0.1384964299687012 0.03125 0.03125
0 0.18661849569640054 0.11971708724569652 0.03125 0.03125
0 0.18896591353677614 0.16588297143974975 0.03125 0.03125
0 0.17096904342723002 0.1744901701877935 0.03125 0.03125
0 0.2202648180751173 0.1744901701877935 0.03125 0.03125
0 0.22417718114240995 0.19796434859154938 0.03125 0.03125
0 0.20226794796557118 0.2143962734741785 0.03125 0.03125
0 0.19913805751173702 0.24021786971830994 0.03125 0.03125
0 0.1639267899061032 0.24804259585289526 0.03125 0.03125
0 0.22730707159624403 0.255084849374022 0.03125 0.03125
0 0.2085277288732394 0.2660394659624414 0.03125 0.03125
0 0.20931020148669788 0.29107858959311433 0.03125 0.03125
0 0.18505355046948352 0.3153352406103287 0.03125 0.03125
0 0.17253398865414704 0.3505465082159625 0.03125 0.03125
0 0.1662742077464788 0.3834103579812207 0.03125 0.03125
0 0.23356685250391224 0.31142287754303605 0.03125 0.03125
0 0.2437389964788732 0.296555897887324 0.03125 0.03125
0 0.2812976819248825 0.27386419209702667 0.03125 0.03125
0 0.2789502640845069 0.24647765062597818 0.03125 0.03125
0 0.30164196987480424 0.22926325312989054 0.03125 0.03125
0 0.2859925176056337 0.2981208431142411 0.03125 0.03125
0 0.27112553794992167 0.309857932316119 0.03125 0.03125
0 0.2523461952269169 0.323159966744914 0.03125 0.03125
0 0.2601709213615023 0.3505465082159625 0.03125 0.03125
0 0.24921630477308288 0.34506919992175283 0.03125 0.03125
0 0.27112553794992167 0.35837123435054774 0.03125 0.03125
0 0.3000770246478872 0.3505465082159625 0.03125 0.03125
0 0.2789502640845069 0.3834103579812207 0.03125 0.03125
0 0.2586059761345852 0.40688453638497657 0.03125 0.03125
0 0.3094666960093896 0.41940409820031305 0.03125 0.03125
0 0.32511614827856017 0.484349325117371 0.03125 0.03125
0 0.3032069151017214 0.46713492762128334 0.03125 0.03125
0 0.3712820324726134 0.5234729557902973 0.03125 0.03125
0 0.3994510465571204 0.4820019072769954 0.03125 0.03125
0 0.45187671165884186 0.542252298513302 0.03125 0.03125
0 0.4910003423317682 0.5305152093114242 0.03125 0.03125
0 0.46517874608763676 0.4960864143192488 0.03125 0.03125
0 0.47300347222222205 0.47574212636932706 0.03125 0.03125
0 0.4409220950704224 0.4984338321596244 0.03125 0.03125
0 0.4268375880281689 0.46244009194053215 0.03125 0.03125
0 0.41197060837245686 0.44679063967136157 0.03125 0.03125
0 0.3744119229264474 0.4538328931924883 0.03125 0.03125
0 0.3947562108763692 0.4452256944444445 0.03125 0.03125
0 0.3587624706572769 0.4248814064945227 0.03125 0.03125
0 0.35485010758998425 0.39123508411580604 0.03125 0.03125
0 0.3258986208920187 0.38184541275430367 0.03125 0.03125
0 0.33685323748043805 0.35758876173708926 0.03125 0.03125
0 0.34154807316118924 0.336462001173709 0.03125 0.03125
0 0.39553868348982774 0.37245574139280124 0.03125 0.03125
0 0.38458406690140834 0.35602381651017223 0.03125 0.03125
0 0.46517874608763676 0.37245574139280124 0.03125 0.03125
0 0.4323148963223786 0.3998422828638499 0.03125 0.03125
0 0.4143180262128324 0.40844948161189365 0.03125 0.03125
0 0.3877139573552425 0.41314431729264484 0.03125 0.03125
0 0.3916263204225351 0.3888876662754304 0.03125 0.03125
0 0.49334776017214377 0.4303587147887324 0.03125 0.03125
0 0.4503117664319247 0.41940409820031305 0.03125 0.03125
0 0.4456169307511736 0.446008167057903 0.03125 0.03125
0 0.47065605438184643 0.3521114534428796 0.03125 0.03125
0 0.47300347222222205 0.3372444737871675 0.03125 0.03125
0 0.4557890747261345 0.3200300762910799 0.03125 0.03125
0 0.4479643485915492 0.2981208431142411 0.03125 0.03125
0 0.41901286189358367 0.2981208431142411 0.03125 0.03125
0 0.3947562108763692 0.309857932316119 0.03125 0.03125
0 0.3892789025821595 0.2809064456181535 0.03125 0.03125
0 0.33920065532081367 0.30046826095461665 0.03125 0.03125
0 0.3313759291862284 0.255084849374022 0.03125 0.03125
0 0.3603274158841939 0.21048391040688585 0.03125 0.03125
0 0.33607076486697957 0.16588297143974975 0.03125 0.03125
0 0.30085949726134575 0.14240879303599385 0.03125 0.03125
0 0.265648229655712 0.1525809370109547 0.03125 0.03125
0 0.2523461952269169 0.12754181338028178 0.03125 0.03125
0 0.2922522985133019 0.18309736893583733 0.03125 0.03125
0 0.40258093701095454 0.20735401995305175 0.03125 0.03125
0 0.4213602797339592 0.23004572574334908 0.03125 0.03125
0 0.4409220950704224 0.24960754107981228 0.03125 0.03125
0 0.3947562108763692 0.2660394659624414 0.03125 0.03125
0 0.46361380086071985 0.2676044111893584 0.03125 0.03125
0 0.4557890747261345 0.2809064456181535 0.03125 0.03125
0 0.43857467723004684 0.3857577758215963 0.03125 0.03125
0 0.4823931435837244 0.24178281494522702 0.03125 0.03125
0 0.46830863654147087 0.22613336267605638 0.03125 0.03125
0 0.48082819835680735 0.20187671165884202 0.03125 0.03125
0 0.47222099960876357 0.17136027973395943 0.03125 0.03125
0 0.45187671165884186 0.1909220950704226 0.03125 0.03125
0 0.4956951780125194 0.16118813575899854 0.03125 0.03125
0 0.4737859448356807 0.14397373826291088 0.03125 0.03125
0 0.44483445813771505 0.12910675860719883 0.03125 0.03125
0 0.41666544405320805 0.14710362871674504 0.03125 0.03125
0 0.42449017018779334 0.17136027973395943 0.03125 0.03125
0 0.40258093701095454 0.16588297143974975 0.03125 0.03125
0 0.3916263204225351 0.11971708724569652 0.03125 0.03125
0 0.3775418133802816 0.11971708724569652 0.03125 0.03125
0 0.429967478482003 0.11658719679186236 0.03125 0.03125
0 0.46126638302034423 0.11971708724569652 0.03125 0.03125
0 0.47769830790297324 0.11502225156494532 0.03125 0.03125
0 0.49647765062597804 0.13145417644757443 0.03125 0.03125
0 0.1897483861502347 0.3834103579812207 0.03125 0.03125
0 0.07628985719874803 0.46009267410015653 0.03125 0.03125
0 0.30242444248826283 0.08802694640062603 0.03125 0.03125
0 0.2922522985133019 0.04968578834115807 0.03125 0.03125
0 0.2719080105633802 0.04264353482003136 0.03125 0.03125
0 0.26877812010954605 0.026211609937402257 0.03125 0.03125
0 0.3094666960093896 0.026211609937402257 0.03125 0.03125
0 0.29694713419405316 0.027776555164319296 0.03125 0.03125
0 0.33450581964006254 0.04577342527386543 0.03125 0.03125
0 0.3399831279342722 0.0770723298122066 0.03125 0.03125
0 0.361892361111111 0.0582929870892019 0.03125 0.03125
0 0.3446779636150234 0.03403633607198753 0.03125 0.03125
0 0.3634573063380281 0.09272178208137723 0.03125 0.03125
0 0.36971708724569635 0.08567952856025043 0.03125 0.03125
0 0.39319126564945217 0.09506919992175274 0.03125 0.03125
0 0.4276200606416274 0.10054650821596249 0.03125 0.03125
0 0.44248704029733943 0.08254963810641636 0.03125 0.03125
0 0.45891896517996866 0.08254963810641636 0.03125 0.03125
0 0.45891896517996866 0.06455276799687013 0.03125 0.03125
0 0.46596121870109525 0.0582929870892019 0.03125 0.03125
0 0.48395808881064156 0.06611771322378726 0.03125 0.03125
0 0.49334776017214377 0.06220535015649453 0.03125 0.03125
0 0.49334776017214377 0.10211145344287953 0.03125 0.03125
0 0.48082819835680735 0.04577342527386543 0.03125 0.03125
0 0.4886529244913926 0.028559027777777857 0.03125 0.03125
0 0.469873581768388 0.02386419209702666 0.03125 0.03125
0 0.44483445813771505 0.016821938575899864 0.03125 0.03125
0 0.415100498826291 0.0395136443661972 0.03125 0.03125
0 0.42370769757433474 0.05516309663536782 0.03125 0.03125
0 0.4323148963223786 0.06220535015649453 0.03125 0.03125
0 0.43857467723004684 0.04733837050078256 0.03125 0.03125
0 0.4503117664319247 0.04577342527386543 0.03125 0.03125
0 0.46126638302034423 0.033253863458528966 0.03125 0.03125
0 0.3744119229264474 0.019951829029734025 0.03125 0.03125
0 0.3994510465571204 0.016821938575899864 0.03125 0.03125
0 0.19757311228481997 0.04812084311424103 0.03125 0.03125
0 0.17879376956181528 0.07003007629107989 0.03125 0.03125
0 0.1764463517214397 0.08802694640062603 0.03125 0.03125
0 0.1639267899061032 0.10758876173708924 0.03125 0.03125
0 0.19835558489827845 0.11071865219092336 0.03125 0.03125
0 0.22574212636932697 0.09898156298904545 0.03125 0.03125
0 0.21165761932707347 0.07159502151799693 0.03125 0.03125
0 0.22808954420970257 0.12089079616588423 0.03125 0.03125
0 0.26251833920187784 0.10915370696400632 0.03125 0.03125
0 0.2648657570422534 0.0911568368544601 0.03125 0.03125
0 0.2523461952269169 0.08254963810641636 0.03125 0.03125
0 0.24921630477308288 0.04499095266040696 0.03125 0.03125
0 0.23826168818466345 0.03716622652582169 0.03125 0.03125
0 0.22339470852895138 0.03638375391236313 0.03125 0.03125
0 0.20931020148669788 0.03873117175273873 0.03125 0.03125
0 0.21009267410015645 0.027776555164319296 0.03125 0.03125
0 0.17722882433489823 0.05516309663536782 0.03125 0.03125
0 0.09037436424100154 0.027776555164319296 0.03125 0.03125
0 0.23747921557120497 0.019951829029734025 0.03125 0.03125
0 0.6471036287167446 0.6189346146322381 0.03125 0.03125
0 0.6384964299687008 0.5821584017996871 0.03125 0.03125
0 0.5774635661189357 0.5915480731611895 0.03125 0.03125
0 0.5845058196400624 0.5727687304381848 0.03125 0.03125
0 0.5539893877151798 0.5406873532863851 0.03125 0.03125
0 0.5007812499999998 0.5023461952269173 0.03125 0.03125
0 0.5273853188575898 0.484349325117371 0.03125 0.03125
0 0.5015637226134584 0.45931020148669804 0.03125 0.03125
0 0.4686998728482002 0.44053085876369347 0.03125 0.03125
0 0.464005037167449 0.40610206377151814 0.03125 0.03125
0 0.5046936130672924 0.44053085876369347 0.03125 0.03125
0 0.5266028462441313 0.3990598102503914 0.03125 0.03125
0 0.5101709213615022 0.3818454127543037 0.03125 0.03125
0 0.5359925176056336 0.3568062891236308 0.03125 0.03125
0 0.5109533939749606 0.36071865219092347 0.03125 0.03125
0 0.5618141138497651 0.388105193661972 0.03125 0.03125
0 0.5805934565727697 0.3787155223004697 0.03125 0.03125
0 0.5657264769170578 0.36463101525821606 0.03125 0.03125
0 0.597025381455399 0.389670138888889 0.03125 0.03125
0 0.6259768681533644 0.36228359741784055 0.03125 0.03125
0 0.6189346146322376 0.41157937206572787 0.03125 0.03125
0 0.62832428599374 0.39749486502347436 0.03125 0.03125
0 0.6549283548513299 0.39201755672926464 0.03125 0.03125
0 0.665100498826291 0.37636810446009406 0.03125 0.03125
0 0.6799674784820029 0.38419283059467935 0.03125 0.03125
0 0.709701437793427 0.37089079616588433 0.03125 0.03125
0 0.7347405614240999 0.359936179577465 0.03125 0.03125
0 0.7128313282472611 0.34976403560250413 0.03125 0.03125
0 0.773081719483568 0.34663414514866997 0.03125 0.03125
0 0.7746466647104848 0.3732382140062599 0.03125 0.03125
0 0.7503900136932705 0.42409893388106434 0.03125 0.03125
0 0.7746466647104848 0.4209690434272302 0.03125 0.03125
0 0.7871662265258214 0.40297217331768403 0.03125 0.03125
0 0.7308281983568073 0.429576242175274 0.03125 0.03125
0 0.70813649256651 0.40062475547730847 0.03125 0.03125
0 0.7261333626760561 0.4068845363849767 0.03125 0.03125
0 0.6956169307511735 0.428011296948357 0.03125 0.03125
0 0.6658829714397494 0.41783915297339613 0.03125 0.03125
0 0.6471036287167446 0.4225339886541472 0.03125 0.03125
0 0.6228469776995303 0.44444322183098606 0.03125 0.03125
0 0.5712037852112675 0.45226794796557135 0.03125 0.03125
0 0.5672914221439748 0.41705668035993754 0.03125 0.03125
0 0.573551203051643 0.39749486502347436 0.03125 0.03125
0 0.5281677914710483 0.44992053012519573 0.03125 0.03125
0 0.5813759291862283 0.48513179773082954 0.03125 0.03125
0 0.5985903266823159 0.4608751467136152 0.03125 0.03125
0 0.640061375195618 0.4835668525039125 0.03125 0.03125
0 0.6557108274647885 0.4773070715962443 0.03125 0.03125
0 0.7183086365414708 0.45931020148669804 0.03125 0.03125
0 0.7550848493740216 0.4507030027386543 0.03125 0.03125
0 0.7785590277777776 0.4632225645539908 0.03125 0.03125
0 0.736305506651017 0.47887201682316133 0.03125 0.03125
0 0.7715167742566508 0.5172131748826292 0.03125 0.03125
0 0.7206560543818464 0.49921630477308304 0.03125 0.03125
0 0.6854447867762127 0.5156482296557121 0.03125 0.03125
0 0.6611881357589982 0.5109533939749611 0.03125 0.03125
0 0.6854447867762127 0.5625965864632239 0.03125 0.03125
0 0.6791850058685445 0.5383399354460094 0.03125 0.03125
0 0.7433477601721438 0.5492945520344289 0.03125 0.03125
0 0.7284807805164317 0.5931130183881066 0.03125 0.03125
0 0.7589972124413144 0.6009377445226918 0.03125 0.03125
0 0.7949909526604066 0.5594666960093898 0.03125 0.03125
0 0.5117358665884193 0.5571192781690142 0.03125 0.03125
0 0.9401396224569638 0.620499559859155 0.03125 0.03125
0 0.8767593407668229 0.5837233470266041 0.03125 0.03125
0 0.8290285113458526 0.5915480731611893 0.03125 0.03125
0 0.8149440043035993 0.6095449432707355 0.03125 0.03125
0 0.8094666960093896 0.5195605927230047 0.03125 0.03125
0 0.8266810935054771 0.4984338321596244 0.03125 0.03125
0 0.818856367370892 0.4491380575117371 0.03125 0.03125
0 0.8313759291862283 0.432706132629108 0.03125 0.03125
0 0.8305934565727698 0.4100144268388107 0.03125 0.03125
0 0.8446779636150235 0.3998422828638498 0.03125 0.03125
0 0.8618923611111111 0.432706132629108 0.03125 0.03125
0 0.8783242859937401 0.4538328931924883 0.03125 0.03125
0 0.8509377445226918 0.4671349276212832 0.03125 0.03125
0 0.8697170872456963 0.4866967429577465 0.03125 0.03125
0 0.8971036287167446 0.48826168818466353 0.03125 0.03125
0 0.9064933000782471 0.4374009683098592 0.03125 0.03125
0 0.9330973689358372 0.4491380575117371 0.03125 0.03125
0 0.93153242370892 0.42879376956181536 0.03125 0.03125
0 0.9730034722222222 0.404537118544601 0.03125 0.03125
0 0.9471818759780906 0.3849753032081377 0.03125 0.03125
0 0.9690911091549296 0.364631015258216 0.03125 0.03125
0 0.9964776506259782 0.38028046752738653 0.03125 0.03125
0 0.8767593407668229 0.3998422828638498 0.03125 0.03125
0 0.8454604362284819 0.3974948650234742 0.03125 0.03125
0 0.8251161482785602 0.3857577758215963 0.03125 0.03125
0 0.8039893877151798 0.36854337832550865 0.03125 0.03125
0 0.955006602112676 0.5696388399843505 0.03125 0.03125
0 0.976133362676056 0.5610316412363068 0.03125 0.03125
0 0.8900613751956181 0.5453821889671362 0.03125 0.03125
0 0.9166654440532082 0.5250379010172144 0.03125 0.03125
0 0.8861490121283253 0.5046936130672927 0.03125 0.03125
0 0.9268375880281688 0.4866967429577465 0.03125 0.03125
0 0.9573540199530516 0.4851317977308295 0.03125 0.03125
0 0.9495292938184662 0.46869987284820025 0.03125 0.03125
0 0.9659612187010953 0.45461536580594686 0.03125 0.03125
0 0.987870451877934 0.45070300273865416 0.03125 0.03125
0 0.5015637226134583 0.30907545970266054 0.03125 0.03125
0 0.5266028462441312 0.3223774941314555 0.03125 0.03125
0 0.47495965375586835 0.2871662265258217 0.03125 0.03125
0 0.5023461952269168 0.27699408255086083 0.03125 0.03125
0 0.5367749902190921 0.2472601232394367 0.03125 0.03125
0 0.5375574628325506 0.2300457257433491 0.03125 0.03125
0 0.5234729557902971 0.2057890747261347 0.03125 0.03125
0 0.561814113849765 0.19796434859154938 0.03125 0.03125
0 0.6087624706572767 0.2222209996087638 0.03125 0.03125
0 0.6197170872456962 0.2190911091549297 0.03125 0.03125
0 0.6040676349765255 0.2026591842723006 0.03125 0.03125
0 0.6306717038341155 0.1885746772300471 0.03125 0.03125
0 0.5813759291862282 0.1666654440532082 0.03125 0.03125
0 0.5367749902190921 0.18309736893583736 0.03125 0.03125
0 0.5625965864632235 0.2527374315336465 0.03125 0.03125
0 0.5727687304381843 0.2777765551643193 0.03125 0.03125
0 0.5555543329420968 0.2871662265258217 0.03125 0.03125
0 0.5148657570422532 0.29107858959311433 0.03125 0.03125
0 0.5868532374804379 0.3255073845852896 0.03125 0.03125
0 0.5406873532863847 0.336462001173709 0.03125 0.03125
0 0.6517984643974958 0.3380269464006261 0.03125 0.03125
0 0.6377139573552423 0.309857932316119 0.03125 0.03125
0 0.6220645050860717 0.3114228775430361 0.03125 0.03125
0 0.6267593407668228 0.2738641920970267 0.03125 0.03125
0 0.6729252249608761 0.28560128129890466 0.03125 0.03125
0 0.6963994033646319 0.309857932316119 0.03125 0.03125
0 0.7128313282472611 0.3255073845852896 0.03125 0.03125
0 0.7284807805164316 0.3035981514084508 0.03125 0.03125
0 0.7143962734741781 0.268386883802817 0.03125 0.03125
0 0.7433477601721437 0.336462001173709 0.03125 0.03125
0 0.7973383705007822 0.2636920481220658 0.03125 0.03125
0 0.7879486991392798 0.2441302327856026 0.03125 0.03125
0 0.7871662265258214 0.2190911091549297 0.03125 0.03125
0 0.7848188086854457 0.21048391040688585 0.03125 0.03125
0 0.7410003423317681 0.23552303403755878 0.03125 0.03125
0 0.7339580888106413 0.2190911091549297 0.03125 0.03125
0 0.6963994033646319 0.2308281983568076 0.03125 0.03125
0 0.6870097320031296 0.20970143779342734 0.03125 0.03125
0 0.6752726428012517 0.2026591842723006 0.03125 0.03125
0 0.6682303892801249 0.19405198552425676 0.03125 0.03125
0 0.686227259389671 0.2527374315336465 0.03125 0.03125
0 0.6729252249608761 0.25351990414710496 0.03125 0.03125
0 0.588418182707355 0.24491270539906113 0.03125 0.03125
0 0.5406873532863847 0.15727577269170592 0.03125 0.03125
0 0.5093884487480436 0.18387984154929587 0.03125 0.03125
0 0.4851317977308292 0.18387984154929587 0.03125 0.03125
0 0.5164307022691703 0.10954494327073565 0.03125 0.03125
0 0.5406873532863847 0.09937279929577478 0.03125 0.03125
0 0.505476085680751 0.08763571009389688 0.03125 0.03125
0 0.5117358665884192 0.06259658646322394 0.03125 0.03125
0 0.5234729557902971 0.06259658646322394 0.03125 0.03125
0 0.5367749902190921 0.07355120305164328 0.03125 0.03125
0 0.5555543329420968 0.07120378521126777 0.03125 0.03125
0 0.5532069151017212 0.08998312793427239 0.03125 0.03125
0 0.5625965864632235 0.08841818270735535 0.03125 0.03125
0 0.5868532374804379 0.12049955985915509 0.03125 0.03125
0 0.57511614827856 0.11736966940532093 0.03125 0.03125
0 0.5704213125978088 0.14006137519561826 0.03125 0.03125
0 0.6275418133802815 0.1345840669014086 0.03125 0.03125
0 0.6204995598591546 0.09546043622848215 0.03125 0.03125
0 0.6032851623630671 0.07668109350547744 0.03125 0.03125
0 0.613457306338028 0.07355120305164328 0.03125 0.03125
0 0.6032851623630671 0.05868422339593131 0.03125 0.03125
0 0.6619706083724567 0.07198625782472626 0.03125 0.03125
0 0.6807499510954613 0.10954494327073565 0.03125 0.03125
0 0.7073540199530514 0.09859032668231622 0.03125 0.03125
0 0.6948344581377148 0.07746356611893601 0.03125 0.03125
0 0.6635355535993737 0.1486685739436621 0.03125 0.03125
0 0.6963994033646319 0.16431802621283267 0.03125 0.03125
0 0.7104839104068855 0.15727577269170592 0.03125 0.03125
0 0.7253508900625975 0.18074995109546177 0.03125 0.03125
0 0.7402178697183095 0.17292522496087645 0.03125 0.03125
0 0.7629095755086068 0.1893571498435056 0.03125 0.03125
0 0.7730817194835677 0.17527264280125204 0.03125 0.03125
0 0.8161177132237867 0.1651004988262912 0.03125 0.03125
0 0.8051630966353673 0.15101599178403768 0.03125 0.03125
0 0.789513644366197 0.13301912167449154 0.03125 0.03125
0 0.8028156787949918 0.11893461463223805 0.03125 0.03125
0 0.7707343016431921 0.11580472417840389 0.03125 0.03125
0 0.7957734252738651 0.10485010758998445 0.03125 0.03125
0 0.7715167742566507 0.09546043622848215 0.03125 0.03125
0 0.8114228775430355 0.07668109350547744 0.03125 0.03125
0 0.7769940825508603 0.08059345657277009 0.03125 0.03125
0 0.7668219385758995 0.07902851134585305 0.03125 0.03125
0 0.8145527679968698 0.06572647691705802 0.03125 0.03125
0 0.7425652875586851 0.08215840179968711 0.03125 0.03125
0 0.7300457257433487 0.06807389475743361 0.03125 0.03125
0 0.7331756161971829 0.10250268974960886 0.03125 0.03125
0 0.7292632531298902 0.12049955985915509 0.03125 0.03125
0 0.8129878227699529 0.3114228775430361 0.03125 0.03125
0 0.7652569933489825 0.31533524061032875 0.03125 0.03125
0 0.5719862578247259 0.09859032668231622 0.03125 0.03125
0 0.6330191216744911 0.1651004988262912 0.03125 0.03125
0 0.7519549589201875 0.14397373826291093 0.03125 0.03125
0 0.9104056631455398 0.4014072280907669 0.03125 0.03125
0 0.9307499510954615 0.3505465082159625 0.03125 0.03125
0 0.9330973689358372 0.3270723298122067 0.03125 0.03125
0 0.9683086365414709 0.3114228775430361 0.03125 0.03125
0 0.9855230340375585 0.31611771322378723 0.03125 0.03125
0 0.9784807805164316 0.27073430164319257 0.03125 0.03125
0 0.9659612187010953 0.27151677425665116 0.03125 0.03125
0 0.9949127053990608 0.25508484937402204 0.03125 0.03125
0 0.9471818759780906 0.2730817194835682 0.03125 0.03125
0 0.9346623141627542 0.2762116099374023 0.03125 0.03125
0 0.9182303892801251 0.28247139084507056 0.03125 0.03125
0 0.8986685739436618 0.30203320618153373 0.03125 0.03125
0 0.8822366490610328 0.2926435348200314 0.03125 0.03125
0 0.8086842233959309 0.31220535015649464 0.03125 0.03125
0 0.7953821889671361 0.2652569933489829 0.03125 0.03125
0 0.8399831279342722 0.2676044111893585 0.03125 0.03125
0 0.8431130183881063 0.24569517801251967 0.03125 0.03125
0 0.8423305457746478 0.2167436913145541 0.03125 0.03125
0 0.8744119229264473 0.23708797926447586 0.03125 0.03125
0 0.8924087930359936 0.2519549589201879 0.03125 0.03125
0 0.8806717038341156 0.21126638302034442 0.03125 0.03125
0 0.9096231905320813 0.20187671165884208 0.03125 0.03125
0 0.9252726428012519 0.22222099960876385 0.03125 0.03125
0 0.9409220950704225 0.24569517801251967 0.03125 0.03125
0 0.9276200606416275 0.2519549589201879 0.03125 0.03125
0 0.9839580888106415 0.22378594483568087 0.03125 0.03125
0 0.9886529244913926 0.200311766431925 0.03125 0.03125
0 0.9675261639280123 0.17683758802816918 0.03125 0.03125
0 0.9949127053990608 0.16901286189358383 0.03125 0.03125
0 0.9949127053990608 0.14162632042253537 0.03125 0.03125
0 0.9589189651799686 0.16901286189358383 0.03125 0.03125
0 0.9393571498435055 0.17527264280125204 0.03125 0.03125
0 0.9025809370109545 0.16979533450704237 0.03125 0.03125
0 0.8783242859937401 0.17762006064162766 0.03125 0.03125
0 0.8673696694053208 0.18231489632237885 0.03125 0.03125
0 0.8384181827073551 0.18309736893583736 0.03125 0.03125
0 0.8384181827073551 0.15336340962441328 0.03125 0.03125
0 0.8266810935054771 0.1338015942879501 0.03125 0.03125
0 0.8274635661189358 0.10093774452269182 0.03125 0.03125
0 0.8579799980438183 0.13301912167449154 0.03125 0.03125
0 0.8509377445226918 0.12519439553990627 0.03125 0.03125
0 0.8853665395148669 0.10093774452269182 0.03125 0.03125
0 0.8728469776995305 0.1525809370109547 0.03125 0.03125
0 0.9002335191705789 0.13067170383411594 0.03125 0.03125
0 0.9362272593896712 0.10876247065727718 0.03125 0.03125
0 0.9722209996087635 0.10172021713615038 0.03125 0.03125
0 0.9417045676838811 0.15023351917057912 0.03125 0.03125
0 0.7820801545383411 0.3004682609546167 0.03125 0.03125
0 0.8638485426447572 0.3599361795774648 0.03125 0.03125
0 0.8951474471830985 0.38184541275430367 0.03125 0.03125
0 0.9870879792644758 0.06690018583724573 0.03125 0.03125
0 0.9589189651799686 0.07159502151799693 0.03125 0.03125
0 0.943269512910798 0.06455276799687013 0.03125 0.03125
0 0.9534416568857589 0.04733837050078256 0.03125 0.03125
0 0.9252726428012519 0.05672804186228486 0.03125 0.03125
0 0.9104056631455398 0.06377029538341165 0.03125 0.03125
0 0.9166654440532082 0.0770723298122066 0.03125 0.03125
0 0.8798892312206572 0.06377029538341165 0.03125 0.03125
0 0.8595449432707355 0.06064040492957749 0.03125 0.03125
0 0.8415480731611893 0.08254963810641636 0.03125 0.03125
0 0.8399831279342722 0.05516309663536782 0.03125 0.03125
0 0.8298109839593113 0.04577342527386543 0.03125 0.03125
0 0.8579799980438183 0.03638375391236313 0.03125 0.03125
0 0.8313759291862283 0.023081719483568096 0.03125 0.03125
0 0.7734729557902973 0.0418610622065728 0.03125 0.03125
0 0.768778120109546 0.05594556924882639 0.03125 0.03125
0 0.7492163047730829 0.03481880868544609 0.03125 0.03125
0 0.7413915786384976 0.04968578834115807 0.03125 0.03125
0 0.7280895442097026 0.03403633607198753 0.03125 0.03125
0 0.6913133313771518 0.05281567879499223 0.03125 0.03125
0 0.6756638791079811 0.03873117175273873 0.03125 0.03125
0 0.6537546459311423 0.020734301643192586 0.03125 0.03125
0 0.6334103579812206 0.026211609937402257 0.03125 0.03125
0 0.6334103579812206 0.04264353482003136 0.03125 0.03125
0 0.6052413438967136 0.03638375391236313 0.03125 0.03125
0 0.5817671654929577 0.02386419209702666 0.03125 0.03125
0 0.5700300762910798 0.04968578834115807 0.03125 0.03125
0 0.5582929870892018 0.04733837050078256 0.03125 0.03125
0 0.5332538634585289 0.04029611697965576 0.03125 0.03125
0 0.5340363360719874 0.025429137323943696 0.03125 0.03125
0 0.5074322672143975 0.02934150039123633 0.03125 0.03125
0 0.5238641920970266 0.1365402484350548 0.03125 0.03125
0 0.8039893877151798 0.05046826095461663 0.03125 0.03125
0 0.7734729557902973 0.02386419209702666 0.03125 0.03125
0 0.7484338321596243 0.02386419209702666 0.03125 0.03125
0 0.7210472906885758 0.016821938575899864 0.03125 0.03125
0 0.8767593407668229 0.019951829029734025 0.03125 0.03125
0 0.8924087930359936 0.0442084800469484 0.03125 0.03125
0 0.8853665395148669 0.03168891823161193 0.03125 0.03125
0 0.9276200606416275 0.03403633607198753 0.03125 0.03125
0 0.9863055066510171 0.020734301643192586 0.03125 0.03125
0 0.9143180262128325 0.016821938575899864 0.03125 0.03125
0 0.9597014377934272 0.022299246870109625 0.03125 0.03125
0 0.9370097320031299 0.019951829029734025 0.03125 0.03125
0 0.9737859448356808 0.020734301643192586 0.03125 0.03125
0 0.40140722809076645 0.5532069151017215 0.03125 0.03125
0 0.45148547535211236 0.6142397789514867 0.03125 0.03125
0 0.46556998239436587 0.6408438478090768 0.03125 0.03125
0 0.6189346146322375 0.5532069151017215 0.03125 0.03125
0 0.23708797926447547 0.4632225645539907 0.03125 0.03125
0 0.7210472906885758 0.6212820324726135 0.03125 0.03125
0 0.7265245989827855 0.6697953345070423 0.03125 0.03125
0 0.5903743642410015 0.5242554284037559 0.03125 0.03125
0 0.8321584017996869 0.539122408059468 0.03125 0.03125
0 0.2703430653364632 0.6048501075899844 0.03125 0.03125
0 0.45891896517996866 0.5148657570422536 0.03125 0.03125
0 0.682706132629108 0.47495965375586857 0.03125 0.03125
0 0.6920958039906103 0.40062475547730825 0.03125 0.03125
0 0.5332538634585289 0.296555897887324 0.03125 0.03125
0 0.9589189651799686 0.3951474471830986 0.03125 0.03125
0 0.8266810935054771 0.3763681044600939 0.03125 0.03125
0 0.6130660700312989 0.4796544894366197 0.03125 0.03125
0 0.03330424605781861 0.014907399802890974 0.03125 0.03125
0 0.06287060611038106 0.006366006898817389 0.03125 0.03125
0 0.08061042214191852 0.008337097568988216 0.03125 0.03125
0 0.07666824080157686 0.020820671813403458 0.03125 0.03125
0 0.11280490308804203 0.012279278909329871 0.03125 0.03125
0 0.14237126314060444 0.010308188239159044 0.03125 0.03125
0 0.1811360463206307 0.009651158015768768 0.03125 0.03125
0 0.19953289257555845 0.006366006898817389 0.03125 0.03125
0 0.2166156783837057 0.011622248685939595 0.03125 0.03125
0 0.224500041064389 0.020820671813403458 0.03125 0.03125
0 0.24618203843626812 0.008994127792378492 0.03125 0.03125
0 0.22647113173455985 0.0050519464520368375 0.03125 0.03125
0 0.2790335496057819 0.016221460249671527 0.03125 0.03125
0 0.30334366787122213 0.0050519464520368375 0.03125 0.03125
0 0.3092569398817345 0.011622248685939595 0.03125 0.03125
0 0.32699675591327204 0.026076913600525664 0.03125 0.03125
0 0.331595967477004 0.006366006898817389 0.03125 0.03125
0 0.36050529730617614 0.01753552069645208 0.03125 0.03125
0 0.37101778088042053 0.004394916228646561 0.03125 0.03125
0 0.3926997782522996 0.0050519464520368375 0.03125 0.03125
0 0.615104508869908 0.008337097568988216 0.03125 0.03125
0 0.6426997782522996 0.0168784904730618 0.03125 0.03125
0 0.686720803219448 0.0142503695795007 0.03125 0.03125
0 0.7123449819316688 0.0050519464520368375 0.03125 0.03125
0 0.7320558886333771 0.0142503695795007 0.03125 0.03125
0 0.7491386744415243 0.01096521846254932 0.03125 0.03125
0 0.7859323669513797 0.011622248685939595 0.03125 0.03125
0 0.8049862434296978 0.008994127792378492 0.03125 0.03125
0 0.8122135758869907 0.01884958114323263 0.03125 0.03125
0 0.8187838781208935 0.0142503695795007 0.03125 0.03125
0 0.8345526034822601 0.008994127792378492 0.03125 0.03125
0 0.8444080568331144 0.011622248685939595 0.03125 0.03125
0 0.8910572026938238 0.012936309132720147 0.03125 0.03125
0 0.9620164668199738 0.007023037122207665 0.03125 0.03125
