0 0.8453376906318084 0.9869062218951845 0.029411764705882353 0.04415011037527594
0 0.8897494553376908 0.8535728885618513 0.029411764705882353 0.04415011037527594
0 0.8733006535947714 0.6338198021420981 0.029411764705882353 0.04415011037527594
0 0.8782352941176473 0.5906099255988883 0.029411764705882353 0.04415011037527594
0 0.8181971677559915 0.7066593083149377 0.029411764705882353 0.04415011037527594
0 0.7935239651416123 0.6535728885618513 0.029411764705882353 0.04415011037527594
0 0.8181971677559915 0.6115975799198758 0.029411764705882353 0.04415011037527594
0 0.7630936819172114 0.5696222712779007 0.029411764705882353 0.04415011037527594
0 0.7515795206971678 0.6449309132532093 0.029411764705882353 0.04415011037527594
0 0.7260838779956428 0.6646839996729624 0.029411764705882353 0.04415011037527594
0 0.7269063180827888 0.5807333823890117 0.029411764705882353 0.04415011037527594
0 0.7565141612200438 0.5153012836235795 0.029411764705882353 0.04415011037527594
0 0.8354684095860568 0.514066715722345 0.029411764705882353 0.04415011037527594
0 0.80421568627451 0.45974572806802405 0.029411764705882353 0.04415011037527594
0 0.666868191721133 0.839992641648271 0.029411764705882353 0.04415011037527594
0 0.640550108932462 0.7251778268334562 0.029411764705882353 0.04415011037527594
0 0.6709803921568629 0.9449309132532093 0.029411764705882353 0.04415011037527594
0 0.6076525054466231 0.9597457280680242 0.029411764705882353 0.04415011037527594
0 0.7425326797385623 0.9930790614013575 0.029411764705882353 0.04415011037527594
0 0.8478050108932463 0.43011609843839427 0.029411764705882353 0.04415011037527594
0 0.832178649237473 0.396782765105061 0.029411764705882353 0.04415011037527594
0 0.8584967320261438 0.3819679502902462 0.029411764705882353 0.04415011037527594
0 0.8938616557734207 0.4362889379445672 0.029411764705882353 0.04415011037527594
0 0.7877668845315905 0.4251778268334561 0.029411764705882353 0.04415011037527594
0 0.7844771241830067 0.3992519009075301 0.029411764705882353 0.04415011037527594
0 0.776252723311547 0.36838770337666593 0.029411764705882353 0.04415011037527594
0 0.7589814814814815 0.3449309132532092 0.029411764705882353 0.04415011037527594
0 0.7959912854030503 0.3140667157223449 0.029411764705882353 0.04415011037527594
0 0.7820098039215688 0.23999264164827086 0.029411764705882353 0.04415011037527594
0 0.7984586056644882 0.21900498732728318 0.029411764705882353 0.04415011037527594
0 0.7746078431372551 0.21900498732728318 0.029411764705882353 0.04415011037527594
0 0.7844771241830067 0.20419017251246838 0.029411764705882353 0.04415011037527594
0 0.7598039215686275 0.24493091325320904 0.029411764705882353 0.04415011037527594
0 0.8231318082788672 0.23258523424086344 0.029411764705882353 0.04415011037527594
0 0.8255991285403051 0.21653585152481408 0.029411764705882353 0.04415011037527594
0 0.8527396514161221 0.19307906140135722 0.029411764705882353 0.04415011037527594
0 0.8346459694989108 0.1757951107840733 0.029411764705882353 0.04415011037527594
0 0.8757679738562093 0.18073338238901163 0.029411764705882353 0.04415011037527594
0 0.8955065359477126 0.18690622189518435 0.029411764705882353 0.04415011037527594
0 0.8946840958605665 0.22517782683345605 0.029411764705882353 0.04415011037527594
0 0.8667211328976036 0.21406671572234487 0.029411764705882353 0.04415011037527594
0 0.8478050108932463 0.23505437004333254 0.029411764705882353 0.04415011037527594
0 0.8305337690631811 0.24740004905567825 0.029411764705882353 0.04415011037527594
0 0.8436928104575165 0.27209140708036955 0.029411764705882353 0.04415011037527594
0 0.8634313725490198 0.25851116016678943 0.029411764705882353 0.04415011037527594
0 0.8683660130718956 0.23752350584580176 0.029411764705882353 0.04415011037527594
0 0.8996187363834425 0.25480745646308567 0.029411764705882353 0.04415011037527594
0 0.8461601307189545 0.29801733300629557 0.029411764705882353 0.04415011037527594
0 0.8790577342047932 0.2918444935001227 0.029411764705882353 0.04415011037527594
0 0.8124400871459697 0.34616548115444373 0.029411764705882353 0.04415011037527594
0 0.8420479302832246 0.3412272095495054 0.029411764705882353 0.04415011037527594
0 0.8938616557734207 0.35357288856185115 0.029411764705882353 0.04415011037527594
0 0.7400653594771243 0.4399926416482709 0.029411764705882353 0.04415011037527594
0 0.7326633986928106 0.38073338238901167 0.029411764705882353 0.04415011037527594
0 0.6997657952069718 0.40048646880876465 0.029411764705882353 0.04415011037527594
0 0.7055228758169935 0.48073338238901164 0.029411764705882353 0.04415011037527594
0 0.6495969498910675 0.47456054288283883 0.029411764705882353 0.04415011037527594
0 0.638082788671024 0.5153012836235795 0.029411764705882353 0.04415011037527594
0 0.5969607843137256 0.4918444935001228 0.029411764705882353 0.04415011037527594
0 0.6232788671023967 0.44863461695691287 0.029411764705882353 0.04415011037527594
0 0.6216339869281046 0.4177704194260487 0.029411764705882353 0.04415011037527594
0 0.6586437908496733 0.37332597498160414 0.029411764705882353 0.04415011037527594
0 0.6676906318082789 0.32641239473469064 0.029411764705882353 0.04415011037527594
0 0.6783823529411765 0.2918444935001227 0.029411764705882353 0.04415011037527594
0 0.6907189542483662 0.29801733300629557 0.029411764705882353 0.04415011037527594
0 0.6718028322440087 0.2659185675741967 0.029411764705882353 0.04415011037527594
0 0.7104575163398694 0.23752350584580176 0.029411764705882353 0.04415011037527594
0 0.7285511982570808 0.2214741231297523 0.029411764705882353 0.04415011037527594
0 0.7598039215686275 0.1980173330062955 0.029411764705882353 0.04415011037527594
0 0.7672058823529413 0.17949881448777694 0.029411764705882353 0.04415011037527594
0 0.7260838779956428 0.19554819720382643 0.029411764705882353 0.04415011037527594
0 0.5147167755991285 0.6115975799198758 0.029411764705882353 0.04415011037527594
0 0.5558387799564269 0.6436963453519747 0.029411764705882353 0.04415011037527594
0 0.5500816993464052 0.47456054288283883 0.029411764705882353 0.04415011037527594
0 0.5796895424836602 0.4523383206606166 0.029411764705882353 0.04415011037527594
0 0.5747549019607844 0.41159757991987583 0.029411764705882353 0.04415011037527594
0 0.615054466230937 0.3288815305371597 0.029411764705882353 0.04415011037527594
0 0.63890522875817 0.32023955522851777 0.029411764705882353 0.04415011037527594
0 0.6339705882352942 0.25480745646308567 0.029411764705882353 0.04415011037527594
0 0.6660457516339869 0.2239432589322215 0.029411764705882353 0.04415011037527594
0 0.6792047930283226 0.23505437004333254 0.029411764705882353 0.04415011037527594
0 0.6783823529411765 0.2115975799198758 0.029411764705882353 0.04415011037527594
0 0.6890740740740743 0.21036301201864124 0.029411764705882353 0.04415011037527594
0 0.6948311546840961 0.17702967868530786 0.029411764705882353 0.04415011037527594
0 0.6627559912854032 0.18814078979641902 0.029411764705882353 0.04415011037527594
0 0.6487745098039217 0.20295560461123383 0.029411764705882353 0.04415011037527594
0 0.6076525054466231 0.24369634535197449 0.029411764705882353 0.04415011037527594
0 0.6175217864923749 0.19307906140135722 0.029411764705882353 0.04415011037527594
0 0.6158769063180828 0.32394325893222153 0.029411764705882353 0.04415011037527594
0 0.6068300653594773 0.2819679502902462 0.029411764705882353 0.04415011037527594
0 0.5763997821350763 0.2918444935001227 0.029411764705882353 0.04415011037527594
0 0.585446623093682 0.32023955522851777 0.029411764705882353 0.04415011037527594
0 0.5788671023965142 0.34863461695691284 0.029411764705882353 0.04415011037527594
0 0.557483660130719 0.33999264164827087 0.029411764705882353 0.04415011037527594
0 0.5517265795206973 0.3770296786853079 0.029411764705882353 0.04415011037527594
0 0.5467919389978214 0.4078938762161722 0.029411764705882353 0.04415011037527594
0 0.5492592592592593 0.4671531354754314 0.029411764705882353 0.04415011037527594
0 0.5138943355119825 0.48073338238901164 0.029411764705882353 0.04415011037527594
0 0.5147167755991285 0.4350543700433326 0.029411764705882353 0.04415011037527594
0 0.5023801742919389 0.379498814487777 0.029411764705882353 0.04415011037527594
0 0.4875762527233116 0.46098029596925855 0.029411764705882353 0.04415011037527594
0 0.45961328976034865 0.4696222712779005 0.029411764705882353 0.04415011037527594
0 0.4760620915032679 0.4103630120186413 0.029411764705882353 0.04415011037527594
0 0.4480991285403049 0.5017210367099993 0.029411764705882353 0.04415011037527594
0 0.4900435729847494 0.548634616956913 0.029411764705882353 0.04415011037527594
0 0.5212962962962964 0.5992519009075303 0.029411764705882353 0.04415011037527594
0 0.4777069716775598 0.5856716539939499 0.029411764705882353 0.04415011037527594
0 0.4777069716775598 0.6609802959692587 0.029411764705882353 0.04415011037527594
0 0.3370697167755991 0.7930790614013575 0.029411764705882353 0.04415011037527594
0 0.2729193899782134 0.974560542882839 0.029411764705882353 0.04415011037527594
0 0.1536655773420478 0.8844370860927155 0.029411764705882353 0.04415011037527594
0 0.17175925925925914 0.791844493500123 0.029411764705882353 0.04415011037527594
0 0.2194607843137254 0.7511037527593821 0.029411764705882353 0.04415011037527594
0 0.2712745098039215 0.6967827651050611 0.029411764705882353 0.04415011037527594
0 0.3576307189542483 0.6449309132532093 0.029411764705882353 0.04415011037527594
0 0.36749999999999994 0.5757951107840734 0.029411764705882353 0.04415011037527594
0 0.3568082788671023 0.5424617774507401 0.029411764705882353 0.04415011037527594
0 0.40450980392156854 0.5399926416482709 0.029411764705882353 0.04415011037527594
0 0.42013616557734196 0.5412272095495055 0.029411764705882353 0.04415011037527594
0 0.5245860566448802 0.3214741231297523 0.029411764705882353 0.04415011037527594
0 0.5509041394335512 0.3066593083149375 0.029411764705882353 0.04415011037527594
0 0.5410348583877996 0.29307906140135725 0.029411764705882353 0.04415011037527594
0 0.561595860566449 0.2461654811544437 0.029411764705882353 0.04415011037527594
0 0.5648856209150327 0.2239432589322215 0.029411764705882353 0.04415011037527594
0 0.5879139433551198 0.18073338238901163 0.029411764705882353 0.04415011037527594
0 0.6018954248366013 0.17456054288283876 0.029411764705882353 0.04415011037527594
0 0.5665305010893247 0.1832025181914807 0.029411764705882353 0.04415011037527594
0 0.5459694989106754 0.17949881448777694 0.029411764705882353 0.04415011037527594
0 0.52869825708061 0.22023955522851774 0.029411764705882353 0.04415011037527594
0 0.5270533769063181 0.2535728885618511 0.029411764705882353 0.04415011037527594
0 0.5171840958605665 0.29801733300629557 0.029411764705882353 0.04415011037527594
0 0.4867538126361656 0.3276469626359252 0.029411764705882353 0.04415011037527594
0 0.4612581699346405 0.3572765922655548 0.029411764705882353 0.04415011037527594
0 0.4678376906318082 0.3844370860927153 0.029411764705882353 0.04415011037527594
0 0.4226034858387799 0.3844370860927153 0.029411764705882353 0.04415011037527594
0 0.4193137254901961 0.43381980214209803 0.029411764705882353 0.04415011037527594
0 0.4300054466230936 0.35604202436432025 0.029411764705882353 0.04415011037527594
0 0.38888344226579513 0.4177704194260487 0.029411764705882353 0.04415011037527594
0 0.37078976034858385 0.4362889379445672 0.029411764705882353 0.04415011037527594
0 0.35845315904139424 0.5041901725124684 0.029411764705882353 0.04415011037527594
0 0.3502287581699346 0.46468399967296226 0.029411764705882353 0.04415011037527594
0 0.41191176470588237 0.5091284441174067 0.029411764705882353 0.04415011037527594
0 0.29759259259259246 0.5338198021420981 0.029411764705882353 0.04415011037527594
0 0.00891612200435712 0.7856716539939501 0.029411764705882353 0.04415011037527594
0 0.05497276688453141 0.6128321478211104 0.029411764705882353 0.04415011037527594
0 0.07388888888888871 0.6844370860927154 0.029411764705882353 0.04415011037527594
0 0.14050653594771226 0.6350543700433328 0.029411764705882353 0.04415011037527594
0 0.12241285403050095 0.5992519009075303 0.029411764705882353 0.04415011037527594
0 0.1018518518518517 0.5671531354754314 0.029411764705882353 0.04415011037527594
0 0.15531045751633976 0.5350543700433327 0.029411764705882353 0.04415011037527594
0 0.17916122004357282 0.4918444935001228 0.029411764705882353 0.04415011037527594
0 0.21617102396514148 0.5325852342408636 0.029411764705882353 0.04415011037527594
0 0.24989106753812623 0.5115975799198759 0.029411764705882353 0.04415011037527594
0 0.32308823529411757 0.4671531354754314 0.029411764705882353 0.04415011037527594
0 0.26469498910675365 0.4696222712779005 0.029411764705882353 0.04415011037527594
0 0.254825708061002 0.4350543700433326 0.029411764705882353 0.04415011037527594
0 0.28525599128540297 0.4733259749816042 0.029411764705882353 0.04415011037527594
0 0.30663943355119816 0.43135066633962893 0.029411764705882353 0.04415011037527594
0 0.2729193899782134 0.3992519009075301 0.029411764705882353 0.04415011037527594
0 0.310751633986928 0.38320251819148077 0.029411764705882353 0.04415011037527594
0 0.33789215686274504 0.40912844411740673 0.029411764705882353 0.04415011037527594
0 0.364210239651416 0.37826424658654245 0.029411764705882353 0.04415011037527594
0 0.3568082788671023 0.333819802142098 0.029411764705882353 0.04415011037527594
0 0.39546296296296296 0.3671531354754314 0.029411764705882353 0.04415011037527594
0 0.37983660130718955 0.3091284441174067 0.029411764705882353 0.04415011037527594
0 0.421781045751634 0.31530128362357956 0.029411764705882353 0.04415011037527594
0 0.449744008714597 0.31283214782111035 0.029411764705882353 0.04415011037527594
0 0.4480991285403049 0.2918444935001227 0.029411764705882353 0.04415011037527594
0 0.45961328976034865 0.2757951107840733 0.029411764705882353 0.04415011037527594
0 0.47688453159041394 0.259745728068024 0.029411764705882353 0.04415011037527594
0 0.4875762527233116 0.233819802142098 0.029411764705882353 0.04415011037527594
0 0.4900435729847494 0.21530128362357942 0.029411764705882353 0.04415011037527594
0 0.49251089324618735 0.20419017251246838 0.029411764705882353 0.04415011037527594
0 0.5212962962962964 0.19184449350012267 0.029411764705882353 0.04415011037527594
0 0.4678376906318082 0.19678276510506099 0.029411764705882353 0.04415011037527594
0 0.45796840958605656 0.21653585152481408 0.029411764705882353 0.04415011037527594
0 0.43658496732026136 0.25233832066061657 0.029411764705882353 0.04415011037527594
0 0.421781045751634 0.2239432589322215 0.029411764705882353 0.04415011037527594
0 0.4324727668845315 0.20419017251246838 0.029411764705882353 0.04415011037527594
0 0.44234204793028314 0.17949881448777694 0.029411764705882353 0.04415011037527594
0 0.4053322440087146 0.2362889379445671 0.029411764705882353 0.04415011037527594
0 0.4168464052287581 0.27209140708036955 0.029411764705882353 0.04415011037527594
0 0.40122004357298474 0.2671531354754314 0.029411764705882353 0.04415011037527594
0 0.3823039215686273 0.30172103670999917 0.029411764705882353 0.04415011037527594
0 0.3691448801742919 0.2387580737470363 0.029411764705882353 0.04415011037527594
0 0.3814814814814815 0.28320251819148073 0.029411764705882353 0.04415011037527594
0 0.3510511982570806 0.27949881448777697 0.029411764705882353 0.04415011037527594
0 0.34693899782135074 0.30542474041370293 0.029411764705882353 0.04415011037527594
0 0.32308823529411757 0.3251778268334561 0.029411764705882353 0.04415011037527594
0 0.3041721132897603 0.3066593083149375 0.029411764705882353 0.04415011037527594
0 0.310751633986928 0.28567165399394984 0.029411764705882353 0.04415011037527594
0 0.3214433551198256 0.26838770337666595 0.029411764705882353 0.04415011037527594
0 0.3346023965141611 0.27209140708036955 0.029411764705882353 0.04415011037527594
0 0.34282679738562083 0.2486346169569128 0.029411764705882353 0.04415011037527594
0 0.3502287581699346 0.21406671572234487 0.029411764705882353 0.04415011037527594
0 0.3625653594771241 0.20419017251246838 0.029411764705882353 0.04415011037527594
0 0.3897058823529412 0.18814078979641902 0.029411764705882353 0.04415011037527594
0 0.3633877995642701 0.1856716539939498 0.029411764705882353 0.04415011037527594
0 0.32308823529411757 0.2264123947346906 0.029411764705882353 0.04415011037527594
0 0.3140413943355119 0.2004864688087646 0.029411764705882353 0.04415011037527594
0 0.2984150326797385 0.19060992559888812 0.029411764705882353 0.04415011037527594
0 0.2951252723311546 0.21777041942604863 0.029411764705882353 0.04415011037527594
0 0.27374183006535935 0.24246177745073993 0.029411764705882353 0.04415011037527594
0 0.27374183006535935 0.28073338238901163 0.029411764705882353 0.04415011037527594
0 0.2901906318082788 0.3140667157223449 0.029411764705882353 0.04415011037527594
0 0.2638725490196077 0.29925190090753007 0.029411764705882353 0.04415011037527594
0 0.24989106753812623 0.2733259749816042 0.029411764705882353 0.04415011037527594
0 0.25071350762527217 0.2362889379445671 0.029411764705882353 0.04415011037527594
0 0.26880718954248356 0.1980173330062955 0.029411764705882353 0.04415011037527594
0 0.23097494553376893 0.22023955522851774 0.029411764705882353 0.04415011037527594
0 0.2194607843137254 0.2387580737470363 0.029411764705882353 0.04415011037527594
0 0.20301198257080594 0.22517782683345605 0.029411764705882353 0.04415011037527594
0 0.17833877995642688 0.1980173330062955 0.029411764705882353 0.04415011037527594
0 0.174226579520697 0.21283214782111032 0.029411764705882353 0.04415011037527594
0 0.15942265795206956 0.2239432589322215 0.029411764705882353 0.04415011037527594
0 0.1372167755991284 0.19554819720382643 0.029411764705882353 0.04415011037527594
0 0.14955337690631793 0.1683877033766659 0.029411764705882353 0.04415011037527594
0 0.11501089324618723 0.170856839179135 0.029411764705882353 0.04415011037527594
0 0.08622549019607825 0.19184449350012267 0.029411764705882353 0.04415011037527594
0 0.04263616557734187 0.19060992559888812 0.029411764705882353 0.04415011037527594
0 0.041813725490195915 0.20912844411740655 0.029411764705882353 0.04415011037527594
0 0.005626361655773217 0.19554819720382643 0.029411764705882353 0.04415011037527594
0 0.017962962962962795 0.2239432589322215 0.029411764705882353 0.04415011037527594
0 0.04428104575163382 0.2239432589322215 0.029411764705882353 0.04415011037527594
0 0.08211328976034843 0.24369634535197449 0.029411764705882353 0.04415011037527594
0 0.10102941176470574 0.22764696263592513 0.029411764705882353 0.04415011037527594
0 0.09938453159041379 0.20295560461123383 0.029411764705882353 0.04415011037527594
0 0.12323529411764692 0.2486346169569128 0.029411764705882353 0.04415011037527594
0 0.14215141612200421 0.2412272095495054 0.029411764705882353 0.04415011037527594
0 0.13886165577342036 0.27456054288283877 0.029411764705882353 0.04415011037527594
0 0.1043191721132896 0.26098029596925854 0.029411764705882353 0.04415011037527594
0 0.07882352941176453 0.30295560461123383 0.029411764705882353 0.04415011037527594
0 0.06566448801742904 0.27209140708036955 0.029411764705882353 0.04415011037527594
0 0.03934640522875801 0.25480745646308567 0.029411764705882353 0.04415011037527594
0 0.0500381263616556 0.2844370860927153 0.029411764705882353 0.04415011037527594
0 0.0533278867102395 0.31777041942604867 0.029411764705882353 0.04415011037527594
0 0.04592592592592574 0.33505437004333255 0.029411764705882353 0.04415011037527594
0 0.026187363834422474 0.396782765105061 0.029411764705882353 0.04415011037527594
0 0.014673202614378891 0.45480745646308574 0.029411764705882353 0.04415011037527594
0 0.06319716775599113 0.38937535769765363 0.029411764705882353 0.04415011037527594
0 0.07635620915032662 0.42147412312975235 0.029411764705882353 0.04415011037527594
0 0.07306644880174276 0.40048646880876465 0.029411764705882353 0.04415011037527594
0 0.09116013071895411 0.359745728068024 0.029411764705882353 0.04415011037527594
0 0.09280501089324603 0.31530128362357956 0.029411764705882353 0.04415011037527594
0 0.12405773420479287 0.30542474041370293 0.029411764705882353 0.04415011037527594
0 0.13557189542483644 0.33258523424086345 0.029411764705882353 0.04415011037527594
0 0.11747821350762513 0.33505437004333255 0.029411764705882353 0.04415011037527594
0 0.15202069716775585 0.3819679502902462 0.029411764705882353 0.04415011037527594
0 0.16682461873638332 0.3449309132532092 0.029411764705882353 0.04415011037527594
0 0.15860021786492362 0.30789387621617204 0.029411764705882353 0.04415011037527594
0 0.17669389978213496 0.28814078979641905 0.029411764705882353 0.04415011037527594
0 0.1931427015250543 0.2671531354754314 0.029411764705882353 0.04415011037527594
0 0.20136710239651404 0.30542474041370293 0.029411764705882353 0.04415011037527594
0 0.21863834422657943 0.28567165399394984 0.029411764705882353 0.04415011037527594
0 0.22850762527233107 0.26344943177172764 0.029411764705882353 0.04415011037527594
0 0.24248910675381255 0.3115975799198758 0.029411764705882353 0.04415011037527594
0 0.24824618736383433 0.3301160984383944 0.029411764705882353 0.04415011037527594
0 0.2087690631808278 0.35357288856185115 0.029411764705882353 0.04415011037527594
0 0.20301198257080594 0.39184449350012274 0.029411764705882353 0.04415011037527594
0 0.21863834422657943 0.379498814487777 0.029411764705882353 0.04415011037527594
0 0.24906862745098027 0.37085683917913503 0.029411764705882353 0.04415011037527594
0 0.27045206971677554 0.3474000490556783 0.029411764705882353 0.04415011037527594
0 0.20465686274509795 0.43135066633962893 0.029411764705882353 0.04415011037527594
0 0.17011437908496715 0.4066593083149375 0.029411764705882353 0.04415011037527594
0 0.1347494553376905 0.4251778268334561 0.029411764705882353 0.04415011037527594
0 0.11747821350762513 0.4177704194260487 0.029411764705882353 0.04415011037527594
0 0.11501089324618723 0.49678276510506103 0.029411764705882353 0.04415011037527594
0 0.0171405228758168 0.5622148638704931 0.029411764705882353 0.04415011037527594
0 0.05661764705882336 0.5560420243643204 0.029411764705882353 0.04415011037527594
0 0.9197358387799565 0.7864432589322213 0.029411764705882353 0.04415011037527594
0 0.9242592592592593 0.7197765922655546 0.029411764705882353 0.04415011037527594
0 0.9579793028322441 0.6882951107840732 0.029411764705882353 0.04415011037527594
0 0.9577736928104575 0.6123691848581472 0.029411764705882353 0.04415011037527594
0 0.973811274509804 0.5654556046112337 0.029411764705882353 0.04415011037527594
0 0.902875816993464 0.5213198021420977 0.029411764705882353 0.04415011037527594
0 0.8115849673202614 0.17101116016678927 0.029411764705882353 0.04415011037527594
0 0.7776593137254902 0.14138153053715966 0.029411764705882353 0.04415011037527594
0 0.7998651960784313 0.1345914070803695 0.029411764705882353 0.04415011037527594
0 0.8416040305010893 0.14940622189518432 0.029411764705882353 0.04415011037527594
0 0.8257720588235293 0.13706054288283864 0.029411764705882353 0.04415011037527594
0 0.8775857843137255 0.1555790614013572 0.029411764705882353 0.04415011037527594
0 0.9008197167755992 0.15527041942604852 0.029411764705882353 0.04415011037527594
0 0.8975299564270153 0.1682333823890115 0.029411764705882353 0.04415011037527594
0 0.9065767973856208 0.18490004905567817 0.029411764705882353 0.04415011037527594
0 0.9133619281045752 0.17625807374703617 0.029411764705882353 0.04415011037527594
0 0.9388575708061002 0.1543444935001226 0.029411764705882353 0.04415011037527594
0 0.9618858932461875 0.1534185675741967 0.029411764705882353 0.04415011037527594
0 0.9608578431372549 0.11452967868530778 0.029411764705882353 0.04415011037527594
0 0.9674373638344227 0.1330481972038263 0.029411764705882353 0.04415011037527594
0 0.9374183006535948 0.1278012836235794 0.029411764705882353 0.04415011037527594
0 0.9189133986928104 0.12101116016678926 0.029411764705882353 0.04415011037527594
0 0.8930065359477125 0.1052704194260485 0.029411764705882353 0.04415011037527594
0 0.877791394335512 0.1352086910309868 0.029411764705882353 0.04415011037527594
0 0.9131563180827886 0.10064078979641888 0.029411764705882353 0.04415011037527594
0 0.9291938997821351 0.09662844411740655 0.029411764705882353 0.04415011037527594
0 0.9540727124183007 0.06144325893222135 0.029411764705882353 0.04415011037527594
0 0.9711383442265795 0.05372720954950531 0.029411764705882353 0.04415011037527594
0 0.972577614379085 0.07255437004333246 0.029411764705882353 0.04415011037527594
0 0.973811274509804 0.10557906140135717 0.029411764705882353 0.04415011037527594
0 0.9363902505446624 0.058048197203826285 0.029411764705882353 0.04415011037527594
0 0.9145955882352941 0.0669988144877769 0.029411764705882353 0.04415011037527594
0 0.8897167755991285 0.07101116016678924 0.029411764705882353 0.04415011037527594
0 0.824744008714597 0.07533214782111025 0.029411764705882353 0.04415011037527594
0 0.8562023420479303 0.0734802959692584 0.029411764705882353 0.04415011037527594
0 0.8477723311546841 0.09385066633962875 0.029411764705882353 0.04415011037527594
0 0.7924632352941177 0.06669017251246827 0.029411764705882353 0.04415011037527594
0 0.8035661764705881 0.05588770337666579 0.029411764705882353 0.04415011037527594
0 0.7786873638344227 0.0713198021420979 0.029411764705882353 0.04415011037527594
0 0.759565631808279 0.0713198021420979 0.029411764705882353 0.04415011037527594
0 0.7784817538126362 0.055579061401357155 0.029411764705882353 0.04415011037527594
0 0.8037717864923747 0.09261609843839418 0.029411764705882353 0.04415011037527594
0 0.7936968954248366 0.0845914070803695 0.029411764705882353 0.04415011037527594
0 0.7920520152505446 0.1080481972038263 0.029411764705882353 0.04415011037527594
0 0.7840332244008714 0.10650498732728308 0.029411764705882353 0.04415011037527594
0 0.7667619825708061 0.11298646880876458 0.029411764705882353 0.04415011037527594
0 0.7616217320261439 0.09662844411740655 0.029411764705882353 0.04415011037527594
0 0.7521636710239652 0.1555790614013572 0.029411764705882353 0.04415011037527594
0 0.7883510348583878 0.16915930831493742 0.029411764705882353 0.04415011037527594
0 0.7871173747276689 0.09230745646308554 0.029411764705882353 0.04415011037527594
0 0.9431753812636166 0.07687535769765347 0.029411764705882353 0.04415011037527594
0 0.9676429738562092 0.18397412312975223 0.029411764705882353 0.04415011037527594
0 0.960035403050109 0.19446795029024605 0.029411764705882353 0.04415011037527594
0 0.9493436819172113 0.18551733300629544 0.029411764705882353 0.04415011037527594
0 0.9308387799564269 0.19138153053715962 0.029411764705882353 0.04415011037527594
0 0.9452423747276688 0.3032642465865424 0.029411764705882353 0.04415011037527594
0 0.9172794117647058 0.31622720954950534 0.029411764705882353 0.04415011037527594
0 0.9222140522875818 0.2927704194260486 0.029411764705882353 0.04415011037527594
0 0.9386628540305011 0.38165930831493744 0.029411764705882353 0.04415011037527594
0 0.9205691721132897 0.3686963453519745 0.029411764705882353 0.04415011037527594
0 0.9094662309368192 0.3964741231297523 0.029411764705882353 0.04415011037527594
0 0.9279711328976036 0.42425190090753 0.029411764705882353 0.04415011037527594
0 0.9308496732026144 0.47425190090753006 0.029411764705882353 0.04415011037527594
0 0.915634531590414 0.24894325893222138 0.029411764705882353 0.04415011037527594
0 0.8555964052287581 0.141535851524814 0.029411764705882353 0.04415011037527594
0 0.8576525054466231 0.11746177745073988 0.029411764705882353 0.04415011037527594
0 0.8666993464052288 0.10511609843839417 0.029411764705882353 0.04415011037527594
0 0.8712227668845316 0.09585683917913494 0.029411764705882353 0.04415011037527594
0 0.8379139433551198 0.10511609843839417 0.029411764705882353 0.04415011037527594
0 0.8120070806100218 0.12548646880876457 0.029411764705882353 0.04415011037527594
0 0.7075571895424837 0.13474572806802385 0.029411764705882353 0.04415011037527594
0 0.7157815904139433 0.11252350584580163 0.029411764705882353 0.04415011037527594
0 0.7334640522875817 0.12363461695691275 0.029411764705882353 0.04415011037527594
0 0.7429221132897603 0.10326424658654235 0.029411764705882353 0.04415011037527594
0 0.7293518518518519 0.15326424658654236 0.029411764705882353 0.04415011037527594
0 0.7420996732026143 0.16437535769765346 0.029411764705882353 0.04415011037527594
0 0.6853513071895425 0.1507951107840732 0.029411764705882353 0.04415011037527594
0 0.6734259259259259 0.14462227127790034 0.029411764705882353 0.04415011037527594
0 0.6652015250544662 0.10511609843839417 0.029411764705882353 0.04415011037527594
0 0.6680800653594771 0.08906671572234481 0.029411764705882353 0.04415011037527594
0 0.7141367102396513 0.08906671572234481 0.029411764705882353 0.04415011037527594
0 0.6487527233115468 0.1316593083149374 0.029411764705882353 0.04415011037527594
0 0.6528649237472767 0.11252350584580163 0.029411764705882353 0.04415011037527594
0 0.646285403050109 0.08659757991987566 0.029411764705882353 0.04415011037527594
0 0.6265468409586057 0.1044988144877769 0.029411764705882353 0.04415011037527594
0 0.615032679738562 0.13351116016678924 0.029411764705882353 0.04415011037527594
0 0.6405283224400872 0.1507951107840732 0.029411764705882353 0.04415011037527594
0 0.6540985838779956 0.1631407897964189 0.029411764705882353 0.04415011037527594
0 0.6072194989106753 0.15202967868530776 0.029411764705882353 0.04415011037527594
0 0.5809014161220043 0.13351116016678924 0.029411764705882353 0.04415011037527594
0 0.6043409586056644 0.10943708609271521 0.029411764705882353 0.04415011037527594
0 0.5767892156862745 0.10511609843839417 0.029411764705882353 0.04415011037527594
0 0.5578730936819172 0.1057333823890115 0.029411764705882353 0.04415011037527594
0 0.5319662309368192 0.10511609843839417 0.029411764705882353 0.04415011037527594
0 0.5130501089324618 0.09277041942604851 0.029411764705882353 0.04415011037527594
0 0.5344335511982571 0.08844943177172754 0.029411764705882353 0.04415011037527594
0 0.5471813725490196 0.1322765922655547 0.029411764705882353 0.04415011037527594
0 0.561574074074074 0.15388153053715964 0.029411764705882353 0.04415011037527594
0 0.5114052287581698 0.17178276510506088 0.029411764705882353 0.04415011037527594
0 0.5216857298474945 0.16499264164827074 0.029411764705882353 0.04415011037527594
0 0.5665087145969498 0.09585683917913494 0.029411764705882353 0.04415011037527594
0 0.6105092592592593 0.1020296786853078 0.029411764705882353 0.04415011037527594
0 0.5249754901960784 0.13042474041370286 0.029411764705882353 0.04415011037527594
0 0.5048257080610021 0.14030128362357938 0.029411764705882353 0.04415011037527594
0 0.5171623093681916 0.1193136293025917 0.029411764705882353 0.04415011037527594
0 0.534022331154684 0.14277041942604854 0.029411764705882353 0.04415011037527594
0 0.9868620642701526 0.472322888561851 0.029411764705882353 0.04415011037527594
0 0.9343341503267973 0.2629864688087645 0.029411764705882353 0.04415011037527594
0 0.9583905228758169 0.2599000490556781 0.029411764705882353 0.04415011037527594
0 0.9598297930283225 0.2889123947346905 0.029411764705882353 0.04415011037527594
0 0.9433809912854031 0.2423074564630855 0.029411764705882353 0.04415011037527594
0 0.7890005446623096 0.8180790614013571 0.029411764705882353 0.04415011037527594
0 0.486959422657952 0.1676160984383942 0.029411764705882353 0.04415011037527594
0 0.46619281045751626 0.1765667157223448 0.029411764705882353 0.04415011037527594
0 0.4620806100217864 0.1586654811544436 0.029411764705882353 0.04415011037527594
0 0.47688453159041394 0.13922103670999914 0.029411764705882353 0.04415011037527594
0 0.4947726034858388 0.14848029596925838 0.029411764705882353 0.04415011037527594
0 0.4587908496732026 0.13474572806802385 0.029411764705882353 0.04415011037527594
0 0.4480991285403049 0.08659757991987566 0.029411764705882353 0.04415011037527594
0 0.44275326797385617 0.10388153053715962 0.029411764705882353 0.04415011037527594
0 0.42548202614379077 0.08659757991987566 0.029411764705882353 0.04415011037527594
0 0.4110893246187364 0.15141239473469048 0.029411764705882353 0.04415011037527594
0 0.42507080610021775 0.165609925598888 0.029411764705882353 0.04415011037527594
0 0.44892156862745086 0.14647412312975222 0.029411764705882353 0.04415011037527594
0 0.43617374727668834 0.165609925598888 0.029411764705882353 0.04415011037527594
0 0.43617374727668834 0.14647412312975222 0.029411764705882353 0.04415011037527594
0 0.44028594771241825 0.12733832066061646 0.029411764705882353 0.04415011037527594
0 0.3966966230936818 0.14523955522851767 0.029411764705882353 0.04415011037527594
0 0.3835375816993463 0.15141239473469048 0.029411764705882353 0.04415011037527594
0 0.3744907407407406 0.13351116016678924 0.029411764705882353 0.04415011037527594
0 0.36585511982570795 0.11869634535197443 0.029411764705882353 0.04415011037527594
0 0.3559858387799563 0.09523955522851767 0.029411764705882353 0.04415011037527594
0 0.37037854030501083 0.10758523424086333 0.029411764705882353 0.04415011037527594
0 0.3995751633986927 0.12919017251246825 0.029411764705882353 0.04415011037527594
0 0.40738834422657944 0.191535851524814 0.029411764705882353 0.04415011037527594
0 0.34735021786492365 0.1600543700433325 0.029411764705882353 0.04415011037527594
0 0.34159313725490187 0.13844943177172755 0.029411764705882353 0.04415011037527594
0 0.3267892156862744 0.12980745646308553 0.029411764705882353 0.04415011037527594
0 0.34858387799564255 0.11869634535197443 0.029411764705882353 0.04415011037527594
0 0.3304901960784313 0.1119062218951843 0.029411764705882353 0.04415011037527594
0 0.29841503267973846 0.1057333823890115 0.029411764705882353 0.04415011037527594
0 0.27991013071895415 0.12363461695691275 0.029411764705882353 0.04415011037527594
0 0.26675108932461866 0.15141239473469048 0.029411764705882353 0.04415011037527594
0 0.2807325708061001 0.14647412312975222 0.029411764705882353 0.04415011037527594
0 0.25893790849673193 0.1044988144877769 0.029411764705882353 0.04415011037527594
0 0.27744281045751623 0.10264696263592507 0.029411764705882353 0.04415011037527594
0 0.29759259259259246 0.08844943177172754 0.029411764705882353 0.04415011037527594
0 0.23179738562091493 0.1526469626359251 0.029411764705882353 0.04415011037527594
0 0.23673202614379074 0.10388153053715962 0.029411764705882353 0.04415011037527594
0 0.21575980392156852 0.09277041942604851 0.029411764705882353 0.04415011037527594
0 0.5726988017429194 0.058974123129752226 0.029411764705882353 0.04415011037527594
0 0.5552219498910675 0.06206054288283862 0.029411764705882353 0.04415011037527594
0 0.5363058278867102 0.06206054288283862 0.029411764705882353 0.04415011037527594
0 0.5007352941176471 0.07687535769765347 0.029411764705882353 0.04415011037527594
0 0.5124550653594772 0.0494062218951843 0.029411764705882353 0.04415011037527594
0 0.5095765250544663 0.0728630120186411 0.029411764705882353 0.04415011037527594
0 0.4997072440087146 0.06360375275938183 0.029411764705882353 0.04415011037527594
0 0.49066040305010894 0.06854202436432012 0.029411764705882353 0.04415011037527594
0 0.47770697167756 0.0494062218951843 0.029411764705882353 0.04415011037527594
0 0.4871650326797386 0.05187535769765345 0.029411764705882353 0.04415011037527594
0 0.476062091503268 0.07378893794456703 0.029411764705882353 0.04415011037527594
0 0.4709218409586057 0.07625807374703615 0.029411764705882353 0.04415011037527594
0 0.4770901416122004 0.0904556046112337 0.029411764705882353 0.04415011037527594
0 0.48366966230936825 0.1191593083149374 0.029411764705882353 0.04415011037527594
0 0.44871595860566454 0.05619634535197443 0.029411764705882353 0.04415011037527594
0 0.43473447712418306 0.04971486387049297 0.029411764705882353 0.04415011037527594
0 0.46146377995642707 0.0457025181914806 0.029411764705882353 0.04415011037527594
0 0.4302110566448802 0.07162844411740654 0.029411764705882353 0.04415011037527594
0 0.39566857298474944 0.060825974981604074 0.029411764705882353 0.04415011037527594
0 0.41581835511982573 0.06452967868530778 0.029411764705882353 0.04415011037527594
0 0.015528322440087153 0.13952967868530777 0.029411764705882353 0.04415011037527594
0 0.039790305010893263 0.1308877033766658 0.029411764705882353 0.04415011037527594
0 0.023547113289760353 0.1021839996729621 0.029411764705882353 0.04415011037527594
0 0.02457516339869282 0.07502350584580161 0.029411764705882353 0.04415011037527594
0 0.051098856209150334 0.08582597498160408 0.029411764705882353 0.04415011037527594
0 0.06384667755991287 0.11113461695691272 0.029411764705882353 0.04415011037527594
0 0.05377178649237473 0.058974123129752226 0.029411764705882353 0.04415011037527594
0 0.07063180827886713 0.05094943177172751 0.029411764705882353 0.04415011037527594
0 0.10435185185185189 0.07996177745073986 0.029411764705882353 0.04415011037527594
0 0.09653867102396514 0.06206054288283862 0.029411764705882353 0.04415011037527594
0 0.12388480392156864 0.06175190090752999 0.029411764705882353 0.04415011037527594
0 0.14465141612200436 0.07780128362357937 0.029411764705882353 0.04415011037527594
0 0.13766067538126361 0.05187535769765345 0.029411764705882353 0.04415011037527594
0 0.16377314814814817 0.06607288856185099 0.029411764705882353 0.04415011037527594
0 0.1734368191721133 0.07687535769765347 0.029411764705882353 0.04415011037527594
0 0.19153050108932465 0.0639123947346905 0.029411764705882353 0.04415011037527594
0 0.19934368191721136 0.05094943177172751 0.029411764705882353 0.04415011037527594
0 0.21229711328976036 0.04848029596925839 0.029411764705882353 0.04415011037527594
0 0.21702614379084967 0.09107288856185097 0.029411764705882353 0.04415011037527594
0 0.21332516339869284 0.1336654811544436 0.029411764705882353 0.04415011037527594
0 0.18885757080610024 0.0947765922655547 0.029411764705882353 0.04415011037527594
0 0.18803513071895428 0.11854202436432013 0.029411764705882353 0.04415011037527594
0 0.17693218954248366 0.09878893794456704 0.029411764705882353 0.04415011037527594
0 0.19996051198257084 0.15773955522851768 0.029411764705882353 0.04415011037527594
0 0.17775462962962968 0.1441593083149374 0.029411764705882353 0.04415011037527594
0 0.17384803921568628 0.15990004905567815 0.029411764705882353 0.04415011037527594
0 0.13971677559912854 0.15094943177172754 0.029411764705882353 0.04415011037527594
0 0.12594090413943357 0.11452967868530778 0.029411764705882353 0.04415011037527594
0 0.09941721132897607 0.11885066633962876 0.029411764705882353 0.04415011037527594
0 0.08152913943355122 0.1389123947346905 0.029411764705882353 0.04415011037527594
0 0.06343545751633989 0.09415930831493739 0.029411764705882353 0.04415011037527594
0 0.15904411764705884 0.053109925598888004 0.029411764705882353 0.04415011037527594
0 0.1528758169934641 0.06669017251246827 0.029411764705882353 0.04415011037527594
0 0.19975490196078433 0.07440622189518431 0.029411764705882353 0.04415011037527594
0 0.07494961873638345 0.12656671572234482 0.029411764705882353 0.04415011037527594
0 0.09653867102396514 0.10496177745073987 0.029411764705882353 0.04415011037527594
0 0.3023434095860566 0.07780128362357941 0.029411764705882353 0.04415011037527594
0 0.332568082788671 0.07872720954950531 0.029411764705882353 0.04415011037527594
0 0.35806372549019605 0.056196345351974465 0.029411764705882353 0.04415011037527594
0 0.36916666666666664 0.09045560461123373 0.029411764705882353 0.04415011037527594
0 0.2834272875816993 0.07378893794456706 0.029411764705882353 0.04415011037527594
0 0.2690345860566448 0.052801283623579394 0.029411764705882353 0.04415011037527594
0 0.2737636165577342 0.06144325893222138 0.029411764705882353 0.04415011037527594
0 0.5990168845315905 0.052801283623579366 0.029411764705882353 0.04415011037527594
0 0.6113534858387801 0.060825974981604074 0.029411764705882353 0.04415011037527594
0 0.6027178649237473 0.0734802959692584 0.029411764705882353 0.04415011037527594
0 0.5914093137254903 0.10434449350012259 0.029411764705882353 0.04415011037527594
0 0.572904411764706 0.08366548115444356 0.029411764705882353 0.04415011037527594
0 0.5838017429193901 0.09014696263592506 0.029411764705882353 0.04415011037527594
0 0.9862497796321327 0.048223299878929066 0.029411764705882353 0.04415011037527594
0 0.9952407886231416 0.2011829230372277 0.029411764705882353 0.04415011037527594
0 0.9892467826291357 0.18618688155112006 0.029411764705882353 0.04415011037527594
0 0.9842517776341305 0.14419796539001842 0.029411764705882353 0.04415011037527594
0 0.9942417876241406 0.12620271560668922 0.029411764705882353 0.04415011037527594
0 0.9942417876241406 0.10070944508030608 0.029411764705882353 0.04415011037527594
0 0.9862497796321327 0.08571340359419831 0.029411764705882353 0.04415011037527594
0 0.9822537756361286 0.07821538285114449 0.029411764705882353 0.04415011037527594
0 0.9612747546571075 0.08121459114836603 0.029411764705882353 0.04415011037527594
0 0.9662697596521126 0.07371657040531221 0.029411764705882353 0.04415011037527594
0 0.9612747546571075 0.05122250817615062 0.029411764705882353 0.04415011037527594
0 0.9512847446670977 0.04522409158170751 0.029411764705882353 0.04415011037527594
0 0.9622737556561085 0.2176785686719462 0.029411764705882353 0.04415011037527594
0 0.9962397896221425 0.27466352631915547 0.029411764705882353 0.04415011037527594
0 0.9962397896221425 0.291159171953874 0.029411764705882353 0.04415011037527594
0 0.9832527766351296 0.3391465047094187 0.029411764705882353 0.04415011037527594
0 0.9842517776341305 0.3736374001274664 0.029411764705882353 0.04415011037527594
0 0.9662697596521126 0.3751370042760771 0.029411764705882353 0.04415011037527594
0 0.9522837456660986 0.34814412960108326 0.029411764705882353 0.04415011037527594
0 0.9912447846271376 0.6750578339982314 0.029411764705882353 0.04415011037527594
0 0.9073287007110536 0.03772607083865369 0.029411764705882353 0.04415011037527594
0 0.8933426867250397 0.04672369573031835 0.029411764705882353 0.04415011037527594
0 0.8963396897220428 0.03622646669004285 0.029411764705882353 0.04415011037527594
0 0.9263097196920727 0.04072527913587524 0.029411764705882353 0.04415011037527594
0 0.9422937356760887 0.04222488328448595 0.029411764705882353 0.04415011037527594
0 0.9472887406710936 0.03322725839282142 0.029411764705882353 0.04415011037527594
0 0.9502857436680967 0.03622646669004285 0.029411764705882353 0.04415011037527594
0 0.9712647646471178 0.039225674987264404 0.029411764705882353 0.04415011037527594
0 0.9782577716401246 0.03472686254143213 0.029411764705882353 0.04415011037527594
0 0.9862497796321327 0.03472686254143213 0.029411764705882353 0.04415011037527594
0 0.8693666627490156 0.03322725839282142 0.029411764705882353 0.04415011037527594
0 0.8593766527590057 0.03472686254143213 0.029411764705882353 0.04415011037527594
0 0.8583776517600047 0.039225674987264404 0.029411764705882353 0.04415011037527594
0 0.8473886407709936 0.05122250817615062 0.029411764705882353 0.04415011037527594
0 0.8493866427689958 0.05572132062198289 0.029411764705882353 0.04415011037527594
0 0.8563796497620026 0.06471894551364755 0.029411764705882353 0.04415011037527594
0 0.8623736557560088 0.06621854966225839 0.029411764705882353 0.04415011037527594
0 0.8723636657460186 0.06321934136503683 0.029411764705882353 0.04415011037527594
0 0.8793566727390257 0.043724487433096794 0.029411764705882353 0.04415011037527594
0 0.8334026267849797 0.04072527913587524 0.029411764705882353 0.04415011037527594
0 0.8164196098019627 0.03772607083865369 0.029411764705882353 0.04415011037527594
0 0.8164196098019627 0.030228050095599864 0.029411764705882353 0.04415011037527594
0 0.7954405888229419 0.04072527913587524 0.029411764705882353 0.04415011037527594
0 0.7924435858259388 0.043724487433096794 0.029411764705882353 0.04415011037527594
0 0.8024335958159488 0.039225674987264404 0.029411764705882353 0.04415011037527594
0 0.8044315978139508 0.03322725839282142 0.029411764705882353 0.04415011037527594
0 0.8244116177939708 0.04222488328448595 0.029411764705882353 0.04415011037527594
0 0.8284076217899747 0.06771815381086911 0.029411764705882353 0.04415011037527594
0 0.8543816477640007 0.04522409158170751 0.029411764705882353 0.04415011037527594
0 0.8573786507610037 0.048223299878929066 0.029411764705882353 0.04415011037527594
0 0.9243117176940707 0.07071736210809065 0.029411764705882353 0.04415011037527594
0 0.9343017276840806 0.08121459114836603 0.029411764705882353 0.04415011037527594
0 0.7834525768349297 0.04222488328448595 0.029411764705882353 0.04415011037527594
0 0.7434925368748898 0.05872052891920444 0.029411764705882353 0.04415011037527594
0 0.7544815478639008 0.04522409158170751 0.029411764705882353 0.04415011037527594
0 0.7355005288828819 0.030228050095599864 0.029411764705882353 0.04415011037527594
0 0.9494116177939708 0.011758936427810623 0.029411764705882353 0.04415011037527594
0 0.9451658635482165 0.023755769616696776 0.029411764705882353 0.04415011037527594
0 0.9594016277839809 0.021131462356627932 0.029411764705882353 0.04415011037527594
0 0.9851259035082565 0.0132585405764214 0.029411764705882353 0.04415011037527594
0 0.9738871422694952 0.010259332279199845 0.029411764705882353 0.04415011037527594
0 0.9189420873244403 0.029754186211139854 0.029411764705882353 0.04415011037527594
0 0.9249360933184462 0.019631858208017158 0.029411764705882353 0.04415011037527594
0 0.9311798495622026 0.031628691396903344 0.029411764705882353 0.04415011037527594
0 0.933677352059705 0.020006759245169866 0.029411764705882353 0.04415011037527594
0 0.9124485808309338 0.02413067065384949 0.029411764705882353 0.04415011037527594
0 0.9014595698419228 0.02712987895107101 0.029411764705882353 0.04415011037527594
0 0.9002108185931714 0.01288363953926869 0.029411764705882353 0.04415011037527594
0 0.886724305106658 0.011384035390657913 0.029411764705882353 0.04415011037527594
0 0.8724885408708939 0.029754186211139854 0.029411764705882353 0.04415011037527594
0 0.8709900393723923 0.0132585405764214 0.029411764705882353 0.04415011037527594
0 0.8619990303813833 0.011758936427810623 0.029411764705882353 0.04415011037527594
0 0.851759270141623 0.019256957170864477 0.029411764705882353 0.04415011037527594
0 0.8385225069048599 0.0278796810253764 0.029411764705882353 0.04415011037527594
0 0.8435175118998648 0.014383243687879467 0.029411764705882353 0.04415011037527594
0 0.8325285009108538 0.011384035390657913 0.029411764705882353 0.04415011037527594
0 0.7935674619498149 0.029004384136834496 0.029411764705882353 0.04415011037527594
0 0.7800809484633014 0.03612750384273564 0.029411764705882353 0.04415011037527594
0 0.7840769524593054 0.020756561319475255 0.029411764705882353 0.04415011037527594
0 0.7693416877240407 0.0436255245857895 0.029411764705882353 0.04415011037527594
0 0.7518591702415232 0.0278796810253764 0.029411764705882353 0.04415011037527594
0 0.7698411882235412 0.019256957170864477 0.029411764705882353 0.04415011037527594
0 0.8050559734383262 0.023005967542391387 0.029411764705882353 0.04415011037527594
0 0.8260349944173473 0.030129087248292566 0.029411764705882353 0.04415011037527594
0 0.8162947346770877 0.015507946799337534 0.029411764705882353 0.04415011037527594
0 0.8862248046071575 0.02825458206252911 0.029411764705882353 0.04415011037527594
0 0.9933676617500147 0.029754186211139854 0.029411764705882353 0.04415011037527594
0 0.9958651642475173 0.013633441613574078 0.029411764705882353 0.04415011037527594
0 0.9823786507610037 0.021131462356627932 0.029411764705882353 0.04415011037527594
0 0.03132969971205265 0.034627899694124865 0.029411764705882353 0.04415011037527594
0 0.043567461949814895 0.04100121732572065 0.029411764705882353 0.04415011037527594
0 0.06030072868308162 0.033503196582666796 0.029411764705882353 0.04415011037527594
0 0.06604498442733736 0.023005967542391387 0.029411764705882353 0.04415011037527594
0 0.08902200740436034 0.03612750384273564 0.029411764705882353 0.04415011037527594
0 0.09726376564611858 0.020006759245169866 0.029411764705882353 0.04415011037527594
0 0.10850252688487981 0.04250082147433143 0.029411764705882353 0.04415011037527594
0 0.18642460480695774 0.04100121732572065 0.029411764705882353 0.04415011037527594
0 0.22238864077099368 0.01813225405940638 0.029411764705882353 0.04415011037527594
0 0.24261841100076395 0.02750477998822372 0.029411764705882353 0.04415011037527594
0 0.24136965975201272 0.05824666503474453 0.029411764705882353 0.04415011037527594
0 0.22563539401774696 0.0856144407468911 0.029411764705882353 0.04415011037527594
0 0.23262840101075397 0.018507155096559088 0.029411764705882353 0.04415011037527594
0 0.16519583357818654 0.009509530204894456 0.029411764705882353 0.04415011037527594
0 0.28719883058118356 0.03666035950804157 0.029411764705882353 0.04415011037527594
0 0.30468134806370106 0.03890976573095777 0.029411764705882353 0.04415011037527594
0 0.28869733207968507 0.026163130467766197 0.029411764705882353 0.04415011037527594
0 0.2802058235881766 0.02316392217054464 0.029411764705882353 0.04415011037527594
0 0.24174428512663806 0.04415838025109546 0.029411764705882353 0.04415011037527594
0 0.2027832461655991 0.04565798439970624 0.029411764705882353 0.04415011037527594
0 0.3081778515602046 0.02316392217054464 0.029411764705882353 0.04415011037527594
0 0.33964638302873607 0.02766273461637697 0.029411764705882353 0.04415011037527594
0 0.3571289005112535 0.01941491179901773 0.029411764705882353 0.04415011037527594
0 0.386599429981783 0.017165505576101595 0.029411764705882353 0.04415011037527594
0 0.3920939354762885 0.03965956780526313 0.029411764705882353 0.04415011037527594
0 0.40807795146030446 0.026163130467766197 0.029411764705882353 0.04415011037527594
0 0.41407195745431047 0.04190897402817932 0.029411764705882353 0.04415011037527594
0 0.41906696244931546 0.022414120096239283 0.029411764705882353 0.04415011037527594
0 0.45003599341834644 0.02541332839346084 0.029411764705882353 0.04415011037527594
0 0.46701901040136345 0.017165505576101595 0.029411764705882353 0.04415011037527594
0 0.4840020273843805 0.032161547062209306 0.029411764705882353 0.04415011037527594
0 0.38460142798378105 0.05990422381150853 0.029411764705882353 0.04415011037527594
0 0.386599429981783 0.07789947359483786 0.029411764705882353 0.04415011037527594
0 0.370615413997767 0.041159171953873905 0.029411764705882353 0.04415011037527594
0 0.3811049244872775 0.03965956780526313 0.029411764705882353 0.04415011037527594
0 0.43205397543632845 0.1011433378983048 0.029411764705882353 0.04415011037527594
0 0.417568460950814 0.12963581672190944 0.029411764705882353 0.04415011037527594
0 0.6915444849268378 0.08764690056080782 0.029411764705882353 0.04415011037527594
0 0.6825534759358288 0.10939116071566399 0.029411764705882353 0.04415011037527594
0 0.6935424869248399 0.15587888932259794 0.029411764705882353 0.04415011037527594
0 0.6825534759358288 0.07340066114900552 0.029411764705882353 0.04415011037527594
0 0.6830529764353295 0.05465560929137084 0.029411764705882353 0.04415011037527594
0 0.7025334959158488 0.04640778647401159 0.029411764705882353 0.04415011037527594
0 0.7250110183933713 0.04715758854831702 0.029411764705882353 0.04415011037527594
0 0.7364995298818828 0.04940699477123315 0.029411764705882353 0.04415011037527594
0 0.7175185109008638 0.033661151210820084 0.029411764705882353 0.04415011037527594
0 0.7205155138978669 0.02541332839346084 0.029411764705882353 0.04415011037527594
0 0.7215145148968679 0.03516075535943086 0.029411764705882353 0.04415011037527594
0 0.6975384909208439 0.033661151210820084 0.029411764705882353 0.04415011037527594
0 0.6845514779338309 0.030661942913598528 0.029411764705882353 0.04415011037527594
0 0.6865494799318329 0.018665109724712373 0.029411764705882353 0.04415011037527594
0 0.6705654639478169 0.033661151210820084 0.029411764705882353 0.04415011037527594
0 0.6685674619498149 0.04715758854831702 0.029411764705882353 0.04415011037527594
0 0.6635724569548099 0.05990422381150853 0.029411764705882353 0.04415011037527594
0 0.640595433977787 0.07340066114900552 0.029411764705882353 0.04415011037527594
0 0.646589439971793 0.06065402588581394 0.029411764705882353 0.04415011037527594
0 0.6380979314802844 0.04940699477123315 0.029411764705882353 0.04415011037527594
0 0.6271089204912734 0.05840461966289781 0.029411764705882353 0.04415011037527594
0 0.6365994299817829 0.02466352631915542 0.029411764705882353 0.04415011037527594
0 0.6475884409707939 0.04040936987956855 0.029411764705882353 0.04415011037527594
0 0.6540819474643004 0.029912140839293107 0.029411764705882353 0.04415011037527594
0 0.6530829464652994 0.015665901427490816 0.029411764705882353 0.04415011037527594
0 0.6635724569548099 0.03441095328512544 0.029411764705882353 0.04415011037527594
0 0.5421938355761885 0.032161547062209306 0.029411764705882353 0.04415011037527594
0 0.521714315096668 0.03666035950804157 0.029411764705882353 0.04415011037527594
0 0.49923679261914555 0.02091451594762851 0.029411764705882353 0.04415011037527594
0 0.5551808485632015 0.04790739062262237 0.029411764705882353 0.04415011037527594
0 0.554681348063701 0.02916233876498775 0.029411764705882353 0.04415011037527594
0 0.7105255039078568 0.0749002652976163 0.029411764705882353 0.04415011037527594
0 0.7020339954163484 0.06065402588581394 0.029411764705882353 0.04415011037527594
0 0.7389970323793853 0.014916099353185398 0.029411764705882353 0.04415011037527594
0 0.7924435858259388 0.19336899303786725 0.029411764705882353 0.04415011037527594
0 0.7285075218898749 0.32608396018992053 0.029411764705882353 0.04415011037527594
0 0.7165195099018629 0.34557881412186053 0.029411764705882353 0.04415011037527594
0 0.6915444849268378 0.3800697095399083 0.029411764705882353 0.04415011037527594
0 0.7090270024093553 0.3238345539670044 0.029411764705882353 0.04415011037527594
0 0.34289313627548923 0.08239828604067012 0.029411764705882353 0.04415011037527594
0 0.43779823118058414 0.0838978901892809 0.029411764705882353 0.04415011037527594
0 0.21602000940236227 0.01523200860949209 0.029411764705882353 0.04415011037527594
0 0.2070290004113533 0.010733196163659822 0.029411764705882353 0.04415011037527594
0 0.7035324969148499 0.013732404460881377 0.029411764705882353 0.04415011037527594
