0 0.12976669103313834 0.9082074398960365 0.01953125 0.026041666666666668
0 0.3547666910331384 0.8946271929824561 0.01953125 0.026041666666666668
0 0.497359283625731 0.8328987979207277 0.01953125 0.026041666666666668
0 0.5381000243664718 0.8341333658219622 0.01953125 0.026041666666666668
0 0.6168037280701755 0.8625284275503574 0.01953125 0.026041666666666668
0 0.6631000243664718 0.9798123781676414 0.01953125 0.026041666666666668
0 0.7705074317738793 0.8785778102664068 0.01953125 0.026041666666666668
0 0.8001370614035089 0.772404970760234 0.01953125 0.026041666666666668
0 0.8945815058479533 0.7835160818713449 0.01953125 0.026041666666666668
0 0.05939632066276794 0.8045037361923327 0.01953125 0.026041666666666668
0 0.09087780214424943 0.7699358349577649 0.01953125 0.026041666666666668
0 0.17791483918128648 0.7748741065627031 0.01953125 0.026041666666666668
0 0.31032224658869395 0.7588247238466536 0.01953125 0.026041666666666668
0 0.20847039473684204 0.7526518843404807 0.01953125 0.026041666666666668
0 0.28254446881091616 0.6687012670565302 0.01953125 0.026041666666666668
0 0.3279148391812865 0.6810469460688758 0.01953125 0.026041666666666668
0 0.41310002436647175 0.6822815139701105 0.01953125 0.026041666666666668
0 0.4510629873294348 0.6785778102664067 0.01953125 0.026041666666666668
0 0.48161854288499034 0.6785778102664067 0.01953125 0.026041666666666668
0 0.5029148391812867 0.737837069525666 0.01953125 0.026041666666666668
0 0.5825444688109161 0.7168494152046784 0.01953125 0.026041666666666668
0 0.6168037280701755 0.792158057179987 0.01953125 0.026041666666666668
0 0.6779148391812866 0.7452444769330734 0.01953125 0.026041666666666668
0 0.7334703947368422 0.7600592917478882 0.01953125 0.026041666666666668
0 0.6455074317738793 0.6501827485380116 0.01953125 0.026041666666666668
0 0.6806926169590644 0.629195094217024 0.01953125 0.026041666666666668
0 0.7019889132553606 0.7390716374269006 0.01953125 0.026041666666666668
0 0.7427296539961014 0.7193185510071475 0.01953125 0.026041666666666668
0 0.723285209551657 0.6724049707602339 0.01953125 0.026041666666666668
0 0.7418037280701755 0.6736395386614684 0.01953125 0.026041666666666668
0 0.8797666910331384 0.646479044834308 0.01953125 0.026041666666666668
0 0.8232852095516571 0.6649975633528266 0.01953125 0.026041666666666668
0 0.03439632066276793 0.7106765756985055 0.01953125 0.026041666666666668
0 0.10754446881091613 0.7106765756985055 0.01953125 0.026041666666666668
0 0.07143335769980502 0.7341333658219623 0.01953125 0.026041666666666668
0 0.13532224658869388 0.7403062053281352 0.01953125 0.026041666666666668
0 0.1816185428849902 0.709442007797271 0.01953125 0.026041666666666668
0 0.2547666910331383 0.7032691682910981 0.01953125 0.026041666666666668
0 0.25384076510721243 0.6526518843404808 0.01953125 0.026041666666666668
0 0.2066185428849902 0.6477136127355425 0.01953125 0.026041666666666668
0 0.16865557992202726 0.646479044834308 0.01953125 0.026041666666666668
0 0.14087780214424944 0.666232131254061 0.01953125 0.026041666666666668
0 0.12421113547758279 0.6341333658219622 0.01953125 0.026041666666666668
0 0.10384076510721241 0.618083983105913 0.01953125 0.026041666666666668
0 0.08902595029239758 0.5983308966861598 0.01953125 0.026041666666666668
0 0.05013706140350867 0.6822815139701105 0.01953125 0.026041666666666668
0 0.07513706140350868 0.6896889213775178 0.01953125 0.026041666666666668
0 0.3631000243664717 0.6304296621182586 0.01953125 0.026041666666666668
0 0.34643335769980504 0.620553118908382 0.01953125 0.026041666666666668
0 0.3279148391812865 0.6353679337231968 0.01953125 0.026041666666666668
0 0.40291483918128657 0.6008000324886289 0.01953125 0.026041666666666668
0 0.4260629873294347 0.6094420077972709 0.01953125 0.026041666666666668
0 0.4149518762183236 0.6427753411306042 0.01953125 0.026041666666666668
0 0.5334703947368422 0.6773432423651721 0.01953125 0.026041666666666668
0 0.47421113547758287 0.6427753411306042 0.01953125 0.026041666666666668
0 0.5658778021442495 0.6119111435997401 0.01953125 0.026041666666666668
0 0.598285209551657 0.6032691682910981 0.01953125 0.026041666666666668
0 0.6214333576998051 0.6403062053281351 0.01953125 0.026041666666666668
0 0.03902595029239757 0.6489481806367771 0.01953125 0.026041666666666668
0 0.04087780214424946 0.6069728719948018 0.01953125 0.026041666666666668
0 0.010322246588693898 0.5958617608836906 0.01953125 0.026041666666666668
0 0.13439632066276797 0.5958617608836906 0.01953125 0.026041666666666668
0 0.21124817251461983 0.6131457115009746 0.01953125 0.026041666666666668
0 0.7529148391812867 0.657590155945419 0.01953125 0.026041666666666668
0 0.7742111354775829 0.6403062053281351 0.01953125 0.026041666666666668
0 0.8019889132553607 0.5896889213775178 0.01953125 0.026041666666666668
0 0.8316185428849904 0.6403062053281351 0.01953125 0.026041666666666668
0 0.7593963206627681 0.6217876868096165 0.01953125 0.026041666666666668
0 0.7742111354775829 0.6032691682910981 0.01953125 0.026041666666666668
0 0.7788407651072126 0.583516081871345 0.01953125 0.026041666666666668
0 0.7714333576998051 0.566232131254061 0.01953125 0.026041666666666668
0 0.7519889132553607 0.5798123781676413 0.01953125 0.026041666666666668
0 0.7445815058479532 0.6082074398960363 0.01953125 0.026041666666666668
0 0.7306926169590644 0.6143802794022092 0.01953125 0.026041666666666668
0 0.7093963206627681 0.6106765756985055 0.01953125 0.026041666666666668
0 0.6973592836257311 0.6242568226120858 0.01953125 0.026041666666666668
0 0.2945815058479532 0.629195094217024 0.01953125 0.026041666666666668
0 0.31680372807017537 0.6045037361923327 0.01953125 0.026041666666666668
0 0.2797666910331384 0.6094420077972709 0.01953125 0.026041666666666668
0 0.272359283625731 0.5872197855750486 0.01953125 0.026041666666666668
0 0.008628569895017273 0.6866629350181982 0.01953125 0.026041666666666668
0 0.05658061784706522 0.6480348963901594 0.01953125 0.026041666666666668
0 0.15847871974516714 0.6120708604261235 0.01953125 0.026041666666666668
0 0.6729642342306817 0.9690472174024806 0.01953125 0.026041666666666668
0 0.9426945039609514 0.7759070242622874 0.01953125 0.026041666666666668
0 0.9376994989659464 0.6933229416782049 0.01953125 0.026041666666666668
0 0.9486885099549576 0.6280548764101395 0.01953125 0.026041666666666668
0 0.9926445539110016 0.6533629017181648 0.01953125 0.026041666666666668
0 0.9137234749899225 0.5947548431101061 0.01953125 0.026041666666666668
0 0.9516855129519605 0.6000828484381114 0.01953125 0.026041666666666668
0 0.8837534450198927 0.6107388590941221 0.01953125 0.026041666666666668
0 0.8597774210438686 0.6120708604261235 0.01953125 0.026041666666666668
0 0.2274097886762361 0.5787708271260902 0.01953125 0.026041666666666668
0 0.19644075770720512 0.5761068244620875 0.01953125 0.026041666666666668
0 0.19044675171319914 0.6000828484381114 0.01953125 0.026041666666666668
0 0.17546173672818413 0.6120708604261235 0.01953125 0.026041666666666668
0 0.1704667317331791 0.5734428217980848 0.01953125 0.026041666666666668
0 0.17845873972518717 0.5681148164700794 0.01953125 0.026041666666666668
0 0.18844874971519715 0.5561268044820674 0.01953125 0.026041666666666668
0 0.16147572274217015 0.5880948364500995 0.01953125 0.026041666666666668
0 0.13450269576914317 0.5534628018180648 0.01953125 0.026041666666666668
0 0.11851867978512719 0.5547948031500661 0.01953125 0.026041666666666668
0 0.13849869976514714 0.5308187791740423 0.01953125 0.026041666666666668
0 0.1065306677971152 0.5707788191340822 0.01953125 0.026041666666666668
0 0.07356363483008224 0.5734428217980848 0.01953125 0.026041666666666668
0 0.06657062783707521 0.5667828151380782 0.01953125 0.026041666666666668
0 0.07656063782708519 0.5494667978220609 0.01953125 0.026041666666666668
0 0.05458261584906323 0.5534628018180648 0.01953125 0.026041666666666668
0 0.019617580884028256 0.5734428217980848 0.01953125 0.026041666666666668
0 0.0066305678970152455 0.5667828151380782 0.01953125 0.026041666666666668
0 0.022614583881031252 0.5521308004860636 0.01953125 0.026041666666666668
0 0.020616581883029256 0.5401427884980515 0.01953125 0.026041666666666668
0 0.05458261584906323 0.5254907738460369 0.01953125 0.026041666666666668
0 0.10752966879611618 0.5920908404461035 0.01953125 0.026041666666666668
0 0.04559160685805422 0.5627868111420742 0.01953125 0.026041666666666668
0 0.05058661185305924 0.5827668311220942 0.01953125 0.026041666666666668
0 0.15448271574916314 0.5574588058140689 0.01953125 0.026041666666666668
0 0.16547172673817415 0.5534628018180648 0.01953125 0.026041666666666668
0 0.2813558426222901 0.5654508138060769 0.01953125 0.026041666666666668
0 0.32631088757733506 0.5721108204660835 0.01953125 0.026041666666666668
0 0.36327392454037194 0.5814348297900928 0.01953125 0.026041666666666668
0 0.38225494352139094 0.5734428217980848 0.01953125 0.026041666666666668
0 0.39823895950540694 0.5681148164700794 0.01953125 0.026041666666666668
0 0.4142229754894229 0.5814348297900928 0.01953125 0.026041666666666668
0 0.42021698148342895 0.5721108204660835 0.01953125 0.026041666666666668
0 0.4292079904744379 0.569446817802081 0.01953125 0.026041666666666668
0 0.4411960024624499 0.569446817802081 0.01953125 0.026041666666666668
0 0.43719999846644586 0.5814348297900928 0.01953125 0.026041666666666668
0 0.4591780204444679 0.5507987991540622 0.01953125 0.026041666666666668
0 0.0066305678970152455 0.6320508804061434 0.01953125 0.026041666666666668
0 0.02960759087403824 0.6173988657541288 0.01953125 0.026041666666666668
0 0.07755963882608623 0.5587908071460702 0.01953125 0.026041666666666668
0 0.08255464382109119 0.569446817802081 0.01953125 0.026041666666666668
0 0.08954765081409821 0.569446817802081 0.01953125 0.026041666666666668
0 0.12850868977513716 0.5734428217980848 0.01953125 0.026041666666666668
0 0.14549170675815418 0.5667828151380782 0.01953125 0.026041666666666668
0 0.2174197786862261 0.6000828484381114 0.01953125 0.026041666666666668
0 0.300336861603309 0.5934228417781048 0.01953125 0.026041666666666668
0 0.29434285560930307 0.5734428217980848 0.01953125 0.026041666666666668
0 0.2893478506142981 0.5468027951580582 0.01953125 0.026041666666666668
0 0.3253118865783341 0.5561268044820674 0.01953125 0.026041666666666668
0 0.34928791055435804 0.5667828151380782 0.01953125 0.026041666666666668
0 0.36027692154336904 0.5547948031500661 0.01953125 0.026041666666666668
0 0.37126593253237994 0.5348147831700462 0.01953125 0.026041666666666668
0 0.37626093752738504 0.5587908071460702 0.01953125 0.026041666666666668
0 0.3942429555094029 0.5414747898300528 0.01953125 0.026041666666666668
0 0.419217980484428 0.5388107871660502 0.01953125 0.026041666666666668
0 0.4441930054594529 0.5321507805060436 0.01953125 0.026041666666666668
0 0.43120599247243996 0.5294867778420409 0.01953125 0.026041666666666668
0 0.41522197648842396 0.5627868111420742 0.01953125 0.026041666666666668
0 0.384252945519393 0.5454707938260569 0.01953125 0.026041666666666668
0 0.4741630354294829 0.5627868111420742 0.01953125 0.026041666666666668
0 0.23440279566924305 0.5561268044820674 0.01953125 0.026041666666666668
0 0.24738980865625607 0.5774388257940889 0.01953125 0.026041666666666668
0 0.2523848136512611 0.6027468511021141 0.01953125 0.026041666666666668
0 0.23839879966524705 0.6293868777421409 0.01953125 0.026041666666666668
0 0.2853518466182941 0.5840988324540956 0.01953125 0.026041666666666668
0 0.49114605241249987 0.5681148164700794 0.01953125 0.026041666666666668
0 0.48315404442049187 0.5587908071460702 0.01953125 0.026041666666666668
0 0.47516203642848387 0.5894268377821008 0.01953125 0.026041666666666668
0 0.45318401445046186 0.6080748564301194 0.01953125 0.026041666666666668
0 0.4591780204444679 0.569446817802081 0.01953125 0.026041666666666668
0 0.5031340644005118 0.5867628351180981 0.01953125 0.026041666666666668
0 0.5101270713935189 0.5747748231300862 0.01953125 0.026041666666666668
0 0.5021350634015108 0.5654508138060769 0.01953125 0.026041666666666668
0 0.4901470514134989 0.5494667978220609 0.01953125 0.026041666666666668
0 0.48914805041449794 0.5374787858340488 0.01953125 0.026041666666666668
0 0.48115604242248994 0.5374787858340488 0.01953125 0.026041666666666668
0 0.48015704142348886 0.5321507805060436 0.01953125 0.026041666666666668
0 0.5211160823825298 0.5294867778420409 0.01953125 0.026041666666666668
0 0.5380990993655468 0.5920908404461035 0.01953125 0.026041666666666668
0 0.5251120863785339 0.5747748231300862 0.01953125 0.026041666666666668
0 0.5261110873775349 0.5614548098100728 0.01953125 0.026041666666666668
0 0.5440931053595528 0.5614548098100728 0.01953125 0.026041666666666668
0 0.5500871113535588 0.5827668311220942 0.01953125 0.026041666666666668
0 0.5580791193455668 0.5801028284580915 0.01953125 0.026041666666666668
0 0.5460911073575548 0.6253908737461368 0.01953125 0.026041666666666668
0 0.5261110873775349 0.6200628684181314 0.01953125 0.026041666666666668
0 0.574063135329583 0.5774388257940889 0.01953125 0.026041666666666668
0 0.6120251732916208 0.6027468511021141 0.01953125 0.026041666666666668
0 0.6529842142506618 0.6080748564301194 0.01953125 0.026041666666666668
0 0.6389982002646478 0.6120708604261235 0.01953125 0.026041666666666668
0 0.6569802182466659 0.5867628351180981 0.01953125 0.026041666666666668
0 0.5570801183465658 0.5521308004860636 0.01953125 0.026041666666666668
0 0.5440931053595528 0.5494667978220609 0.01953125 0.026041666666666668
0 0.5810561423225898 0.5521308004860636 0.01953125 0.026041666666666668
0 0.5600771213435688 0.5428067911620541 0.01953125 0.026041666666666668
0 0.5750621363285839 0.5321507805060436 0.01953125 0.026041666666666668
0 0.5690681303345778 0.5374787858340488 0.01953125 0.026041666666666668
0 0.5271100883765358 0.5428067911620541 0.01953125 0.026041666666666668
0 0.5181190793855268 0.5481347964900595 0.01953125 0.026041666666666668
0 0.5920451533116008 0.5787708271260902 0.01953125 0.026041666666666668
0 0.6000371613036088 0.5707788191340822 0.01953125 0.026041666666666668
0 0.6170201782866259 0.5827668311220942 0.01953125 0.026041666666666668
0 0.6230141842806318 0.5721108204660835 0.01953125 0.026041666666666668
0 0.6340031952696428 0.5734428217980848 0.01953125 0.026041666666666668
0 0.6809562422226898 0.5801028284580915 0.01953125 0.026041666666666668
0 0.6919452532117008 0.5707788191340822 0.01953125 0.026041666666666668
0 0.6909462522126998 0.5934228417781048 0.01953125 0.026041666666666668
0 0.7988383601048076 0.5747748231300862 0.01953125 0.026041666666666668
0 0.7928443541108017 0.5787708271260902 0.01953125 0.026041666666666668
0 0.5860511473175949 0.569446817802081 0.01953125 0.026041666666666668
0 0.335301896568344 0.6000828484381114 0.01953125 0.026041666666666668
0 0.347289908556356 0.5974188457741088 0.01953125 0.026041666666666668
0 0.34029690156334896 0.5654508138060769 0.01953125 0.026041666666666668
0 0.8817554430218905 0.5934228417781048 0.01953125 0.026041666666666668
0 0.8937434550099026 0.5787708271260902 0.01953125 0.026041666666666668
0 0.9317054929719406 0.5521308004860636 0.01953125 0.026041666666666668
0 0.9197174809839285 0.5601228084780715 0.01953125 0.026041666666666668
0 0.9097274709939186 0.5761068244620875 0.01953125 0.026041666666666668
0 0.9027344640009115 0.5521308004860636 0.01953125 0.026041666666666668
0 0.9097274709939186 0.5507987991540622 0.01953125 0.026041666666666668
0 0.8977394590059065 0.5641188124740756 0.01953125 0.026041666666666668
0 0.8937434550099026 0.5547948031500661 0.01953125 0.026041666666666668
0 0.9047324659989135 0.5641188124740756 0.01953125 0.026041666666666668
0 0.8847524460188937 0.5521308004860636 0.01953125 0.026041666666666668
0 0.8777594390258866 0.5614548098100728 0.01953125 0.026041666666666668
0 0.8687684300348776 0.5721108204660835 0.01953125 0.026041666666666668
0 0.8777594390258866 0.5534628018180648 0.01953125 0.026041666666666668
0 0.8647724260388736 0.5534628018180648 0.01953125 0.026041666666666668
0 0.8717654330318806 0.5867628351180981 0.01953125 0.026041666666666668
0 0.8617754230418705 0.5920908404461035 0.01953125 0.026041666666666668
0 0.8987384600049074 0.6094068577621208 0.01953125 0.026041666666666668
0 0.9486885099549576 0.5334827818380449 0.01953125 0.026041666666666668
0 0.9776595389259866 0.6227268710821341 0.01953125 0.026041666666666668
0 0.9846525459189936 0.5761068244620875 0.01953125 0.026041666666666668
0 0.9626745239409715 0.5801028284580915 0.01953125 0.026041666666666668
0 0.9686685299349774 0.5681148164700794 0.01953125 0.026041666666666668
0 0.9237134849799327 0.5827668311220942 0.01953125 0.026041666666666668
0 0.9556815169479645 0.5521308004860636 0.01953125 0.026041666666666668
0 0.7658713271377747 0.5468027951580582 0.01953125 0.026041666666666668
0 0.7718653331317806 0.5428067911620541 0.01953125 0.026041666666666668
0 0.7778593391257866 0.5428067911620541 0.01953125 0.026041666666666668
0 0.7838533451197927 0.5521308004860636 0.01953125 0.026041666666666668
0 0.7818553431217907 0.5614548098100728 0.01953125 0.026041666666666668
0 0.7928443541108017 0.5614548098100728 0.01953125 0.026041666666666668
0 0.7478893091557567 0.5534628018180648 0.01953125 0.026041666666666668
0 0.7398973011637487 0.5521308004860636 0.01953125 0.026041666666666668
0 0.7169202781867257 0.5601228084780715 0.01953125 0.026041666666666668
0 0.7359012971677447 0.5801028284580915 0.01953125 0.026041666666666668
0 0.7199172811837288 0.5774388257940889 0.01953125 0.026041666666666668
0 0.7179192791857266 0.5987508471061102 0.01953125 0.026041666666666668
0 0.7259112871777348 0.5840988324540956 0.01953125 0.026041666666666668
0 0.7059312671977147 0.5920908404461035 0.01953125 0.026041666666666668
0 0.6999372612037088 0.5774388257940889 0.01953125 0.026041666666666668
0 0.7019352632017107 0.5547948031500661 0.01953125 0.026041666666666668
0 0.7199172811837288 0.5441387924940556 0.01953125 0.026041666666666668
0 0.7189182801847278 0.5228267711820342 0.01953125 0.026041666666666668
0 0.7289082901747377 0.5241587725140355 0.01953125 0.026041666666666668
0 0.7378992991657468 0.5241587725140355 0.01953125 0.026041666666666668
0 0.6789582402246878 0.5494667978220609 0.01953125 0.026041666666666668
0 0.6809562422226898 0.5361467845020476 0.01953125 0.026041666666666668
0 0.6899472512136987 0.5361467845020476 0.01953125 0.026041666666666668
0 0.6949422562087038 0.5321507805060436 0.01953125 0.026041666666666668
0 0.7049322661987137 0.5468027951580582 0.01953125 0.026041666666666668
0 0.7119252731917207 0.5374787858340488 0.01953125 0.026041666666666668
0 0.6929442542107017 0.5468027951580582 0.01953125 0.026041666666666668
0 0.6759612372276848 0.5654508138060769 0.01953125 0.026041666666666668
0 0.6599772212436689 0.5627868111420742 0.01953125 0.026041666666666668
0 0.6539832152496627 0.5441387924940556 0.01953125 0.026041666666666668
0 0.6689682302346778 0.5454707938260569 0.01953125 0.026041666666666668
0 0.6639732252396728 0.5348147831700462 0.01953125 0.026041666666666668
0 0.6399972012636488 0.5840988324540956 0.01953125 0.026041666666666668
0 0.6489882102546578 0.569446817802081 0.01953125 0.026041666666666668
0 0.5990381603046079 0.5388107871660502 0.01953125 0.026041666666666668
0 0.5830541443205919 0.5401427884980515 0.01953125 0.026041666666666668
0 0.5910461523125998 0.5428067911620541 0.01953125 0.026041666666666668
0 0.6050321662986138 0.5574588058140689 0.01953125 0.026041666666666668
0 0.6070301682966158 0.5361467845020476 0.01953125 0.026041666666666668
0 0.6020351633016109 0.5281547765100395 0.01953125 0.026041666666666668
0 0.5061310673975149 0.5494667978220609 0.01953125 0.026041666666666668
0 0.40768156485210716 0.5354826135082063 0.01953125 0.026041666666666668
0 0.41190611153419626 0.5364766244922272 0.01953125 0.026041666666666668
0 0.4278102872785319 0.5636462580554672 0.01953125 0.026041666666666668
0 0.4084270730901229 0.5600015511140569 0.01953125 0.026041666666666668
0 0.40370552091602324 0.5431033643857004 0.01953125 0.026041666666666668
0 0.3987354659959184 0.5520494632418892 0.01953125 0.026041666666666668
0 0.3907833781237506 0.561989573082099 0.01953125 0.026041666666666668
0 0.3873043396796772 0.5503927782685208 0.01953125 0.026041666666666668
0 0.38481931221962473 0.5563568441726466 0.01953125 0.026041666666666668
0 0.38034626279153033 0.5381333094655956 0.01953125 0.026041666666666668
0 0.37661872160145166 0.5467480713271107 0.01953125 0.026041666666666668
0 0.535163473552797 0.558013529146015 0.01953125 0.026041666666666668
0 0.5500736383131117 0.5600015511140569 0.01953125 0.026041666666666668
0 0.5898340776739507 0.5573508551566677 0.01953125 0.026041666666666668
0 0.5664748195494578 0.5540374852099311 0.01953125 0.026041666666666668
0 0.5617532673753581 0.5653029430288354 0.01953125 0.026041666666666668
0 0.6007681984981814 0.5802131077891501 0.01953125 0.026041666666666668
0 0.61965440719458 0.568616312975572 0.01953125 0.026041666666666668
0 0.5632442838513897 0.4963848481367146 0.01953125 0.026041666666666668
0 0.5930646133720189 0.49505950015801997 0.01953125 0.026041666666666668
0 0.5940586243560398 0.5136143718597448 0.01953125 0.026041666666666668
0 0.6035017287042391 0.50864431693964 0.01953125 0.026041666666666668
0 0.6131933357984436 0.503674262019535 0.01953125 0.026041666666666668
0 0.6189088989565642 0.5026802510355141 0.01953125 0.026041666666666668
0 0.6109568110843964 0.5116263498917029 0.01953125 0.026041666666666668
0 0.5739299019296151 0.5119576868863766 0.01953125 0.026041666666666668
0 0.5846155200078406 0.5205724487478917 0.01953125 0.026041666666666668
0 0.5818819898017829 0.5109636759023556 0.01953125 0.026041666666666668
0 0.5781544486117042 0.5136143718597448 0.01953125 0.026041666666666668
0 0.5518131575351485 0.52222913372126 0.01953125 0.026041666666666668
0 0.5617532673753581 0.5189157637745233 0.01953125 0.026041666666666668
0 0.5523101630271589 0.5096383279236609 0.01953125 0.026041666666666668
0 0.5418730476949387 0.5116263498917029 0.01953125 0.026041666666666668
0 0.5470916053610488 0.5069876319662717 0.01953125 0.026041666666666668
0 0.5428670586789597 0.530843895582775 0.01953125 0.026041666666666668
0 0.4307923202305948 0.4980415331100829 0.01953125 0.026041666666666668
0 0.4392414135947731 0.496053511142041 0.01953125 0.026041666666666668
0 0.453406070117072 0.48048067239237896 0.01953125 0.026041666666666668
0 0.4621036662272555 0.5006922290674721 0.01953125 0.026041666666666668
0 0.4648371964333132 0.4996982180834511 0.01953125 0.026041666666666668
0 0.47278928430548095 0.49075211922726236 0.01953125 0.026041666666666668
0 0.4715467705754548 0.520241111753218 0.01953125 0.026041666666666668
0 0.47775933922558583 0.5209037857425654 0.01953125 0.026041666666666668
0 0.47278928430548095 0.5378019724709219 0.01953125 0.026041666666666668
0 0.44669649597493044 0.5169277418064814 0.01953125 0.026041666666666668
0 0.4166276637082959 0.5175904157958288 0.01953125 0.026041666666666668
0 0.42134921588239554 0.5185844267798497 0.01953125 0.026041666666666668
0 0.4114091060421858 0.5165964048118078 0.01953125 0.026041666666666668
0 0.41066359780417006 0.5006922290674721 0.01953125 0.026041666666666668
0 0.4203552048983746 0.4831313683497682 0.01953125 0.026041666666666668
0 0.41811868018432735 0.5013549030568195 0.01953125 0.026041666666666668
0 0.4548970865931034 0.5278618626307121 0.01953125 0.026041666666666668
0 0.4956515369379634 0.5411153424176584 0.01953125 0.026041666666666668
0 0.5301934186326922 0.5361452874975535 0.01953125 0.026041666666666668
0 0.5373999982668444 0.5414466794123322 0.01953125 0.026041666666666668
0 0.5515646547891432 0.5368079614869009 0.01953125 0.026041666666666668
0 0.5580257261852795 0.5311752325774487 0.01953125 0.026041666666666668
0 0.5525586657731641 0.5411153424176584 0.01953125 0.026041666666666668
0 0.5523101630271589 0.5470794083217844 0.01953125 0.026041666666666668
0 0.5699538579935313 0.5467480713271107 0.01953125 0.026041666666666668
0 0.5632442838513897 0.5414466794123322 0.01953125 0.026041666666666668
0 0.5793969623417305 0.5358139505028799 0.01953125 0.026041666666666668
0 0.5895855749279454 0.5358139505028799 0.01953125 0.026041666666666668
0 0.6082232808783388 0.5431033643857004 0.01953125 0.026041666666666668
0 0.5823789952937934 0.5858458366986022 0.01953125 0.026041666666666668
0 0.5036036248101311 0.557019518161994 0.01953125 0.026041666666666668
0 0.4959000396839686 0.5556941701832995 0.01953125 0.026041666666666668
0 0.44893302068897756 0.556025507177973 0.01953125 0.026041666666666668
0 0.42457975158046374 0.5547001591992785 0.01953125 0.026041666666666668
0 0.4494300261809881 0.533825928534838 0.01953125 0.026041666666666668
0 0.3925228973457873 0.5822011297571921 0.01953125 0.026041666666666668
0 0.3791037490615041 0.6090394263257585 0.01953125 0.026041666666666668
0 0.4531575673710667 0.6004246644642433 0.01953125 0.026041666666666668
0 0.7126572425868947 0.5619495213574682 0.01953125 0.026041666666666668
0 0.7110843021286638 0.5532109632561849 0.01953125 0.026041666666666668
0 0.7063654807539708 0.5374815586738748 0.01953125 0.026041666666666668
0 0.7076762644691633 0.5290925428966429 0.01953125 0.026041666666666668
0 0.7040060700666243 0.5283934582485401 0.01953125 0.026041666666666668
0 0.6969278380045848 0.5629981483296222 0.01953125 0.026041666666666668
0 0.6646825586108492 0.5567063864966981 0.01953125 0.026041666666666668
0 0.6699256934716192 0.5581045557929035 0.01953125 0.026041666666666668
0 0.6426613921956152 0.5560073018485955 0.01953125 0.026041666666666668
0 0.6494774675146162 0.5549586748764416 0.01953125 0.026041666666666668
0 0.6382047275639607 0.5360833893776694 0.01953125 0.026041666666666668
0 0.6429235489386537 0.5406274395903369 0.01953125 0.026041666666666668
0 0.6447586461399232 0.5290925428966429 0.01953125 0.026041666666666668
0 0.6463315865981543 0.5119649690181275 0.01953125 0.026041666666666668
0 0.6334859061892677 0.5098677150738194 0.01953125 0.026041666666666668
0 0.6416127652234611 0.5046245802130495 0.01953125 0.026041666666666668
0 0.6515747214589243 0.5032264109168442 0.01953125 0.026041666666666668
0 0.6581286400348867 0.5039254955649468 0.01953125 0.026041666666666668
0 0.5739763255195282 0.6468883061019423 0.01953125 0.026041666666666668
0 0.7103546630816057 0.5449527203064826 0.01953125 0.026041666666666668
0 0.7248741134652764 0.5394773720136504 0.01953125 0.026041666666666668
0 0.726780707960102 0.5195314603754764 0.01953125 0.026041666666666668
0 0.6559433894215867 0.5300910606545097 0.01953125 0.026041666666666668
0 0.6546234393867074 0.5402595646269122 0.01953125 0.026041666666666668
0 0.6651830396657409 0.53478421633408 0.01953125 0.026041666666666668
0 0.640690633462983 0.5648986319446566 0.01953125 0.026041666666666668
0 0.7313272025246857 0.5469082018396368 0.01953125 0.026041666666666668
0 0.7391002416189741 0.5359575052539727 0.01953125 0.026041666666666668
0 0.742913430608625 0.5353708607940263 0.01953125 0.026041666666666668
0 0.7445267028734773 0.5259845494348857 0.01953125 0.026041666666666668
0 0.7455533306783835 0.5189448159155301 0.01953125 0.026041666666666668
0 0.7445267028734773 0.5560989650454621 0.01953125 0.026041666666666668
0 0.7349937303993501 0.5850400917361461 0.01953125 0.026041666666666668
0 0.7825119316550001 0.5304821569611405 0.01953125 0.026041666666666668
0 0.7710723646860472 0.5250068086683084 0.01953125 0.026041666666666668
0 0.7681391423863158 0.5304821569611405 0.01953125 0.026041666666666668
0 0.7898449874043287 0.5316554458810332 0.01953125 0.026041666666666668
0 0.792191565244114 0.5054519933367653 0.01953125 0.026041666666666668
0 0.786325120644651 0.5398684683202813 0.01953125 0.026041666666666668
0 0.786618442874624 0.5449527203064826 0.01953125 0.026041666666666668
0 0.7901383096343019 0.5527746464390998 0.01953125 0.026041666666666668
0 0.7590461532571483 0.5617698614916097 0.01953125 0.026041666666666668
0 0.7478999085181686 0.5402595646269122 0.01953125 0.026041666666666668
0 0.7226741967404778 0.5574678021186702 0.01953125 0.026041666666666668
0 0.7311805414096991 0.557858898425301 0.01953125 0.026041666666666668
0 0.7024349628723306 0.5832801583563073 0.01953125 0.026041666666666668
0 0.6851289513039148 0.5516013575192072 0.01953125 0.026041666666666668
0 0.693341973743163 0.5555123205855158 0.01953125 0.026041666666666668
0 0.748388809655257 0.5794368277920908 0.01953125 0.026041666666666668
0 0.7458913071577545 0.6480348963901594 0.01953125 0.026041666666666668
0 0.3138233750898224 0.5667828151380782 0.01953125 0.026041666666666668
0 0.3617754230418704 0.5328167811720442 0.01953125 0.026041666666666668
0 0.3522849135513609 0.5141687625240255 0.01953125 0.026041666666666668
0 0.3128243740908214 0.4921907405460036 0.01953125 0.026041666666666668
0 0.36427292553937285 0.5121707605260236 0.01953125 0.026041666666666668
0 0.3938600817795964 0.6587091642198596 0.01953125 0.026041666666666668
0 0.2883535500000367 0.5003511295563117 0.01953125 0.026041666666666668
0 0.2986684343918931 0.49445690990382235 0.01953125 0.026041666666666668
0 0.21290753844817276 0.507424193139299 0.01953125 0.026041666666666668
0 0.19227776966445992 0.5109607249307926 0.01953125 0.026041666666666668
0 0.201119099143194 0.5105677769539599 0.01953125 0.026041666666666668
0 0.19758256735170038 0.5180337885137798 0.01953125 0.026041666666666668
0 0.21054985058717698 0.5879785283899871 0.01953125 0.026041666666666668
0 0.21850704711803765 0.5640087018031968 0.01953125 0.026041666666666668
0 0.22705366561414725 0.5565426902433771 0.01953125 0.026041666666666668
0 0.21821233613541316 0.5526132104750509 0.01953125 0.026041666666666668
0 0.23383201821451 0.5494696266603899 0.01953125 0.026041666666666668
0 0.25976658468546326 0.6241297422585885 0.01953125 0.026041666666666668
0 0.18726768295984397 0.6457418809843829 0.01953125 0.026041666666666668
0 0.3172352262972346 0.5809054648069999 0.01953125 0.026041666666666668
0 0.3414015268724411 0.5561497422665443 0.01953125 0.026041666666666668
0 0.38089279854411984 0.5113536729076252 0.01953125 0.026041666666666668
0 0.3039732320791335 0.5196055804211103 0.01953125 0.026041666666666668
0 0.3004367002876399 0.5129254648149557 0.01953125 0.026041666666666668
0 0.2892376829479101 0.5152831526759515 0.01953125 0.026041666666666668
0 0.285406440173792 0.5144972567222862 0.01953125 0.026041666666666668
0 0.30014198930501546 0.5404318231932395 0.01953125 0.026041666666666668
0 0.29277421473940374 0.537681187355411 0.01953125 0.026041666666666668
0 0.2969001684961463 0.5333587596102521 0.01953125 0.026041666666666668
0 0.3334443303415804 0.5970163318571374 0.01953125 0.026041666666666668
0 0.009294594274189582 0.5520510711115898 0.01953125 0.026041666666666668
0 0.0011545650558066499 0.5475288326569325 0.01953125 0.026041666666666668
0 0.0018329008240052355 0.5782800541486014 0.01953125 0.026041666666666668
0 0.175486857482841 0.5520510711115898 0.01953125 0.026041666666666668
0 0.07577149955765018 0.5294398788383038 0.01953125 0.026041666666666668
0 0.058813105352685725 0.5511466234206583 0.01953125 0.026041666666666668
0 0.018791295028969684 0.5990823510400244 0.01953125 0.026041666666666668
0 0.01743462349257251 0.5583822049481099 0.01953125 0.026041666666666668
0 0.09476490106721032 0.5574777572571784 0.01953125 0.026041666666666668
0 0.08594653608062883 0.5574777572571784 0.01953125 0.026041666666666668
0 0.09137322222621745 0.5484332803478641 0.01953125 0.026041666666666668
0 0.2473904489118902 0.6144579617858589 0.01953125 0.026041666666666668
0 0.5010880262181582 0.6696292709326764 0.01953125 0.026041666666666668
0 0.3640642010420455 0.5954645602762987 0.01953125 0.026041666666666668
0 0.4488561720668676 0.5276309834564409 0.01953125 0.026041666666666668
0 0.11647164564956476 0.535771012674824 0.01953125 0.026041666666666668
0 0.19990694513798976 0.5574777572571784 0.01953125 0.026041666666666668
0 0.29283894538119487 0.5601911003299728 0.01953125 0.026041666666666668
0 0.28469891616281195 0.5574777572571784 0.01953125 0.026041666666666668
0 0.27113220079884043 0.562904443402767 0.01953125 0.026041666666666668
0 0.2446771058390959 0.5638088910936984 0.01953125 0.026041666666666668
0 0.7900971013635486 0.5448047931600564 0.01953125 0.026041666666666668
0 0.8595276707941181 0.5428067911620544 0.01953125 0.026041666666666668
0 0.8672699285363759 0.5428067911620544 0.01953125 0.026041666666666668
0 0.870516681783129 0.5394767878320511 0.01953125 0.026041666666666668
0 0.8712659325323798 0.5551278034830667 0.01953125 0.026041666666666668
0 0.7696175808840282 0.5551278034830667 0.01953125 0.026041666666666668
0 0.7733638346302819 0.5517978001530633 0.01953125 0.026041666666666668
0 0.7763608376272849 0.5591238074790708 0.01953125 0.026041666666666668
0 0.7918453531118004 0.5567928051480683 0.01953125 0.026041666666666668
0 0.6677194789859263 0.5371457855010487 0.01953125 0.026041666666666668
0 0.6604767217431691 0.5491337974890608 0.01953125 0.026041666666666668
0 0.6642229754894228 0.547468795824059 0.01953125 0.026041666666666668
0 0.4786585399249873 0.5461367944920577 0.01953125 0.026041666666666668
0 0.5086285698950173 0.5394767878320509 0.01953125 0.026041666666666668
0 0.5228643341307815 0.5421407904960537 0.01953125 0.026041666666666668
0 0.4049822162486636 0.5368127851680483 0.01953125 0.026041666666666668
0 0.9197174809839285 0.5121707605260236 0.01953125 0.026041666666666668
